time,q1_healthy,q2_healthy,q3_healthy,q4_healthy,omega1_healthy,omega2_healthy,omega3_healthy,wheel1_i_healthy,wheel1_w_healthy,wheel2_i_healthy,wheel2_w_healthy,wheel3_i_healthy,wheel3_w_healthy,wheel4_i_healthy,wheel4_w_healthy,q1_faulty,q2_faulty,q3_faulty,q4_faulty,omega1_faulty,omega2_faulty,omega3_faulty,wheel1_i_faulty,wheel1_w_faulty,wheel2_i_faulty,wheel2_w_faulty,wheel3_i_faulty,wheel3_w_faulty,wheel4_i_faulty,wheel4_w_faulty,
0,0,0,0,0,0,0,0,0,0,0,0,0,0,0,0,0,0,0,0,0,0,0,0,0,0,0,0,0,0,0
0.1,-0.70525,0.010847,0.14704,-0.69466,1.4154e-05,-0.00013974,-0.0054851,0.64962,1.3864,-0.14933,0.71688,-1.1338,-0.64567,-0.49363,-0.78616,-0.71134,-0.026778,0.12102,-0.70799,-0.011839,-0.0048838,-0.0028066,3.9505,1.5188,1.4242,0.71836,-0.31192,0.17434,-1.9732,-2.4417
0.2,-0.69235,-0.019301,0.12022,-0.70637,0.0077519,0.0020677,-0.0055171,0.74978,-1.6364,1.6232,0.19872,-2.3655,-1.1606,-1.712,-0.34007,-0.70864,-0.00044513,0.12125,-0.70926,0.0039891,0.0023515,0.001979,-1.0582,1.9683,0.24698,-0.30941,-0.67834,0.10932,-2.9864,-0.81588
0.3,-0.71026,-0.010084,0.11499,-0.70875,0.0043859,-0.0015933,0.00041106,0.4352,1.2197,1.1402,-0.23176,-1.5706,-1.0399,-1.0318,-3.0651,-0.70211,-0.0080628,0.12419,-0.69004,-0.00012974,0.0025939,0.00062903,1.695,-2.0786,-0.77076,-0.32319,-2.1536,-1.1181,-0.57099,-1.9368
0.4,-0.70048,0.0030561,0.14194,-0.70428,-0.0036596,-0.0018305,0.0050086,2.6881,0.18532,0.4451,-0.58428,0.98441,0.46199,-1.3718,-0.4182,-0.69828,0.02278,0.12184,-0.69719,-0.01174,-0.00254,0.013979,-1.4684,-0.29875,0.48505,-1.2347,-0.73489,-0.47758,-1.2113,-0.84299
0.5,-0.6955,0.0049176,0.13839,-0.69961,-0.0015316,-0.0038341,0.011233,0.22162,0.41581,-0.44585,0.7231,-0.079511,-1.2424,-3.1544,-2.5747,-0.71825,-0.0060502,0.11177,-0.69717,-0.016202,0.0015969,0.018042,-1.1477,2.379,1.1651,-1.1963,-0.84812,-0.83164,-0.7608,-1.7211
0.6,-0.71196,0.0092274,0.13524,-0.70827,-0.0043314,0.00047422,0.010393,0.53825,3.4003,-0.1778,-0.5221,-1.0536,-1.8384,0.031092,-3.8822,-0.69697,0.0015993,0.11085,-0.69472,-0.003089,-0.0021556,0.0031935,-1.1926,0.99348,-0.96848,1.1407,-0.17942,-0.22863,-0.42373,-0.79855
0.7,-0.71146,0.009036,0.12279,-0.69502,-0.0090702,-0.0041277,-0.00018021,0.62912,1.9179,1.5536,-1.1167,0.71597,-0.66761,-1.2269,-2.3799,-0.71538,-0.015444,0.13672,-0.70187,-0.0049966,-0.0032759,0.0132,-0.038328,2.2563,-1.2715,1.0629,-1.4775,-1.7364,-0.59395,-2.3414
0.8,-0.70314,0.0057387,0.11972,-0.69193,-0.010843,-0.0076254,0.0064876,-0.25869,2.3953,0.81286,-1.3978,-2.2233,-1.608,-0.61379,-3.1443,-0.7012,-0.0035701,0.13102,-0.68446,-0.020841,-0.0079552,-0.0039576,1.1605,2.632,0.15741,0.25014,-1.5142,-1.1074,-0.42356,-3.0056
0.9,-0.71599,-0.0074831,0.12341,-0.7111,-0.0085601,0.0039423,0.017619,1.7868,0.46868,1.437,0.5073,0.6405,-1.2728,-0.92998,-2.0075,-0.70738,0.0024198,0.12216,-0.69062,-0.013503,-0.0078084,0.012508,2.0076,4.3805,-0.28068,0.052758,0.4741,-2.2041,0.47451,-2.6535
1,-0.70935,0.0029178,0.1213,-0.7057,-0.012714,-0.0071204,0.0099864,0.92502,1.5328,-1.1227,-0.78688,-1.1399,-1.203,0.086753,-3.3759,-0.70436,0.0037962,0.12052,-0.70181,-0.018441,0.001532,0.017363,1.4863,3.1957,0.55608,-1.6114,-0.45626,-4.0541,-2.913,-2.4644
1.1,-0.69524,-0.0031576,0.13882,-0.68988,-0.0076635,-0.0031336,0.015636,0.68269,3.8241,-0.47862,0.99969,-2.3628,-4.0633,-2.9227,-3.7661,-0.70002,-0.018485,0.11151,-0.70292,-0.0077874,-0.0081527,0.010429,1.8115,2.8015,0.26593,0.56179,-2.8645,-2.0042,-1.2757,-2.8267
1.2,-0.69551,0.015159,0.13053,-0.69188,-0.010727,-0.0064611,0.0066779,0.58823,1.3475,0.23566,0.43174,-0.65936,-5.9774,-0.068327,-4.692,-0.70184,0.0057869,0.12653,-0.69544,-0.010626,-0.0033117,0.015779,2.6386,3.5773,0.38459,-1.1818,-0.25379,-1.8734,0.4761,-3.289
1.3,-0.68851,-0.00027448,0.11803,-0.69168,-0.010851,-0.01004,0.017145,3.0973,3.4897,0.40616,0.3878,-1.1263,-2.6571,-2.0523,-4.9882,-0.70173,-0.013289,0.12738,-0.7066,-0.015224,-0.0076719,0.024938,1.8045,2.4716,-1.4926,-1.088,0.77533,-3.0156,-1.9335,-4.3285
1.4,-0.70007,0.0099287,0.10182,-0.72485,-0.023322,-0.0073221,0.015575,2.5986,4.0534,-1.4471,-0.11255,-0.39295,-3.7808,-1.25,-4.4234,-0.71115,0.0066319,0.12018,-0.70451,-0.026126,-0.01878,0.022295,0.91689,0.6589,-0.42188,-0.2498,-1.5468,-5.7948,-1.9192,-6.9359
1.5,-0.69339,0.0012463,0.12797,-0.70772,-0.017814,-0.01506,0.01913,0.076594,2.6047,0.55563,-1.1781,-1.1168,-5.0289,-3.993,-4.1486,-0.70556,-0.020065,0.13364,-0.70085,-0.029367,-0.013201,0.025454,0.37001,4.9861,-2.0706,-1.8528,-1.3977,-4.9738,-1.7613,-4.5486
1.6,-0.70293,-0.016282,0.1399,-0.71221,-0.02647,-0.012328,0.025765,1.267,5.2954,0.25913,0.11853,-0.42679,-4.4729,-0.61276,-4.4595,-0.70213,-0.0073315,0.10989,-0.73257,-0.02211,-0.0064951,0.022845,1.2671,3.7993,-0.00409,-2.2508,-2.0191,-4.3425,1.2809,-5.7054
1.7,-0.70512,0.02004,0.12041,-0.70222,-0.040964,-0.006272,0.025852,1.8007,4.9345,-0.56218,-0.27626,1.012,-5.9151,0.14142,-4.901,-0.69182,0.011094,0.13176,-0.69352,-0.027481,-0.0066847,0.025197,-1.0062,3.7176,0.24269,-0.58195,-1.0333,-6.3077,0.30782,-6.0921
1.8,-0.69937,0.013174,0.12058,-0.6987,-0.023464,-0.0069358,0.024553,0.98697,4.5058,0.3987,0.20043,-1.1385,-5.5912,-1.2616,-4.9591,-0.71451,-0.0026444,0.094714,-0.70614,-0.033592,-0.007638,0.025138,1.0998,4.8648,-2.2708,-1.0437,1.4845,-4.161,-2.0677,-7.3124
1.9,-0.70616,0.015109,0.12369,-0.71427,-0.029503,-0.0024319,0.033577,1.1543,7.2255,-1.6553,-0.1026,-1.2434,-4.069,-0.82207,-5.8823,-0.70115,0.014958,0.094006,-0.70761,-0.019598,-0.0082595,0.030342,-0.047878,4.9821,-0.22861,-1.345,0.0080691,-7.0618,-0.94321,-7.831
2,-0.70094,-0.0011743,0.1172,-0.71047,-0.026721,-0.0037512,0.033712,1.7868,5.0905,-0.34816,-1.5019,-0.60466,-8.1522,-0.88878,-8.0235,-0.67715,0.017621,0.12829,-0.70816,-0.03303,-0.010221,0.031139,-0.39509,4.8198,0.42708,-1.9958,-1.4359,-6.7717,0.88508,-7.5294
2.1,-0.69322,0.011767,0.10785,-0.6912,-0.028925,-0.012834,0.035687,1.0115,7.1531,-0.23956,-0.70537,-1.771,-8.9651,-0.37496,-5.352,-0.70798,0.011151,0.11388,-0.71407,-0.017874,-0.012258,0.035636,1.7823,6.3636,-0.83917,0.66749,-1.3409,-6.7412,0.41133,-7.7888
2.2,-0.68031,0.019079,0.11218,-0.6954,-0.026717,-0.013986,0.029881,-0.15217,5.2024,-1.0149,-0.010085,-2.2283,-9.6179,-2.3816,-8.1445,-0.68811,0.02381,0.11992,-0.72251,-0.027114,-0.005398,0.040099,2.0422,6.2493,-0.053557,-0.66695,-1.3161,-5.7449,0.063605,-6.6721
2.3,-0.70921,0.050208,0.10942,-0.71952,-0.032516,-0.0084352,0.037147,3.7907,5.9132,1.0569,-0.71428,-2.2081,-7.2279,-0.12532,-6.6616,-0.69222,0.010048,0.11788,-0.7221,-0.036957,-0.0055941,0.02823,1.5431,6.4821,-0.51177,-1.912,-1.326,-7.9759,-0.98726,-9.1808
2.4,-0.68996,0.019859,0.10008,-0.72259,-0.028627,-0.013819,0.02809,0.41155,5.5576,-1.4658,-1.8917,0.062735,-8.9149,-1.4506,-7.0721,-0.69101,0.026194,0.099881,-0.69042,-0.030184,-0.0056098,0.039092,2.1402,5.4925,2.0096,-0.69738,-1.9106,-6.6303,-0.77538,-6.8415
2.5,-0.67324,0.027293,0.093512,-0.71716,-0.04434,-0.016221,0.042822,1.1073,4.6282,-0.33398,-2.4625,-0.40516,-6.9774,-0.34549,-7.8747,-0.68594,0.021552,0.10474,-0.7134,-0.032751,-0.011686,0.034236,0.52608,7.7742,-2.1587,-2.5217,-0.63679,-9.0069,0.3515,-9.3914
2.6,-0.68174,0.011739,0.09436,-0.71762,-0.036888,-0.0059308,0.045328,1.1913,6.5862,-1.4147,-1.6645,-0.99087,-7.6566,-1.198,-9.0508,-0.72771,0.028492,0.11905,-0.71998,-0.037408,-0.0079154,0.033489,0.79372,8.943,-0.3606,-2.0503,-0.50173,-7.7877,-2.004,-6.501
2.7,-0.67553,0.03078,0.10928,-0.70739,-0.0433,-0.0086989,0.040083,0.96883,8.349,-1.3552,-2.4821,-1.0464,-9.587,-1.4393,-8.9115,-0.68508,0.017963,0.11283,-0.70786,-0.034832,-0.011959,0.042304,0.26557,5.8256,-0.49039,-0.85228,-1.9791,-10.083,-1.8984,-9.0739
2.8,-0.67628,0.0099456,0.1094,-0.72051,-0.040383,-0.007049,0.05149,1.6383,8.3976,-0.98282,-2.1852,-1.1698,-8.9089,-2.679,-11.019,-0.67474,0.029062,0.10271,-0.73294,-0.04328,-0.011589,0.044534,1.4786,8.0397,-0.41357,-0.85954,-1.4378,-10.372,-1.3808,-9.9711
2.9,-0.67416,0.024624,0.10834,-0.73201,-0.051513,-0.013902,0.042628,1.0159,7.1942,-0.42112,-2.4306,-0.48679,-8.669,0.015954,-8.3908,-0.67744,0.016731,0.129,-0.71883,-0.046378,-0.01503,0.046919,-0.3306,8.1282,-0.2625,-1.2078,-0.38129,-7.6708,-1.4932,-10.292
3,-0.69406,0.012069,0.12339,-0.72109,-0.049137,-0.017766,0.051423,1.663,9.361,-1.2972,-1.909,0.076397,-11.192,-1.4114,-10.387,-0.67975,0.027672,0.099148,-0.73266,-0.034844,-0.0088221,0.040456,1.8388,7.2155,-0.70047,-0.25191,-2.7581,-9.8865,-2.033,-11.618
3.1,-0.68416,0.031375,0.097266,-0.72222,-0.041633,-0.020583,0.053257,0.71096,7.5607,-1.0346,-1.8991,-1.7909,-11.887,-1.2551,-10.734,-0.66115,0.011409,0.10221,-0.72591,-0.052397,-0.01938,0.03703,1.0405,5.2173,-0.64786,-0.95701,-0.80205,-11.823,-0.31105,-10.624
3.2,-0.66966,0.036494,0.11128,-0.73472,-0.054462,-0.015778,0.04062,-0.30487,7.8436,-2.468,-2.4581,-0.22229,-11.51,-0.71881,-14.046,-0.68651,0.026619,0.10597,-0.71142,-0.043769,-0.019867,0.052176,2.627,8.0204,-1.4838,-2.137,-0.11773,-10.284,-2.491,-11.709
3.3,-0.67423,0.018558,0.10882,-0.74526,-0.047597,-0.011603,0.051529,0.52931,9.3499,-4.0365,-2.4217,-2.4823,-11.74,-1.0975,-10.593,-0.66865,0.03033,0.10104,-0.71946,-0.056455,-0.010275,0.044314,0.01886,10.766,-1.419,-1.4972,0.076657,-11.867,-1.746,-12.388
3.4,-0.68117,0.028316,0.090429,-0.71856,-0.05139,-0.018401,0.050785,0.67184,8.5993,-1.1701,-2.7025,-1.9805,-11.408,0.16626,-12.86,-0.6803,0.027332,0.1019,-0.7353,-0.051795,-0.014983,0.054952,0.6014,9.5968,0.037476,-4.2641,-1.8105,-12.859,-0.044676,-12.635
3.5,-0.67513,0.03408,0.094766,-0.73231,-0.052238,-0.0062702,0.050572,0.85651,8.7827,-0.61594,-1.219,-0.27654,-10.961,-3.4804,-12.977,-0.69493,0.037823,0.11487,-0.73451,-0.056173,-0.015541,0.049057,1.2771,9.2886,0.077442,-1.518,-1.7661,-11.499,-1.7238,-13.802
3.6,-0.66727,0.03945,0.094777,-0.73762,-0.054745,-0.013127,0.058435,1.0304,10.256,-1.7318,-2.4413,0.37121,-14.1,-1.4749,-14.088,-0.68737,0.027699,0.11255,-0.72115,-0.060073,-0.014128,0.056454,1.2249,10.178,1.0254,-3.0142,-2.2176,-11.414,-0.97096,-13.276
3.7,-0.67886,0.055746,0.11312,-0.73329,-0.064908,-0.016051,0.061806,0.58628,10.246,-0.047226,-3.1625,-0.72555,-12.023,-1.6153,-12.707,-0.6585,0.062642,0.096159,-0.7328,-0.053797,-0.014872,0.048571,0.84449,9.501,0.18825,-3.5189,1.1121,-11,-2.6387,-12.4
3.8,-0.68943,0.04628,0.08797,-0.74775,-0.06152,-0.014589,0.060762,-1.0501,9.4591,-1.6603,-2.3662,-0.45756,-12.275,-1.7132,-12.14,-0.68744,0.027292,0.095426,-0.73977,-0.054869,-0.0054418,0.061444,0.58509,10.327,-0.79962,-3.5128,-1.0418,-12.416,-2.8022,-13.832
3.9,-0.66318,0.047512,0.10439,-0.72344,-0.043529,-0.0066705,0.050215,-0.4296,10.644,-0.74287,-2.587,-0.47069,-13.568,-1.4439,-12.443,-0.66834,0.027204,0.086593,-0.73962,-0.051628,-0.016228,0.061375,-1.007,10.776,-1.5814,-4.7084,-1.3788,-12.197,-2.3925,-13.795
4,-0.6587,0.061115,0.088788,-0.75316,-0.063345,-0.012509,0.055928,2.4843,11.881,-0.76897,-3.9625,0.87437,-11.82,-0.80868,-15.403,-0.67722,0.04657,0.10437,-0.75271,-0.050314,-0.010356,0.053951,3.1647,9.46,-2.9965,-2.3676,0.84146,-11.318,-1.4808,-13.783
4.1,-0.65649,0.039128,0.095034,-0.74751,-0.054404,-0.011349,0.066612,1.7327,10.427,-0.91482,-3.5631,-2.8311,-11.355,-0.15555,-14.673,-0.65741,0.033508,0.1081,-0.73488,-0.061743,-0.014965,0.058328,0.52442,9.5028,-1.0933,-5.5063,-0.71777,-12.426,-2.3908,-13.832
4.2,-0.65686,0.043632,0.10921,-0.75378,-0.062975,-0.015593,0.064483,-0.30859,12.168,-0.97335,-6.456,-1.33,-12.105,-1.233,-15.143,-0.64879,0.059796,0.080291,-0.74623,-0.070652,-0.0054035,0.054466,-0.90954,11.293,-0.57108,-5.426,-0.89976,-13.948,-2.4316,-14.644
4.3,-0.64631,0.045063,0.10382,-0.72533,-0.054197,-0.011321,0.065441,-0.53279,12.826,-1.2607,-6.4612,-0.69539,-12.112,-2.6267,-15.699,-0.63947,0.028102,0.091916,-0.74516,-0.064337,-0.0064693,0.066131,0.20075,12.694,-0.67537,-6.3524,-1.033,-11.873,-2.3445,-16.15
4.4,-0.65342,0.062296,0.08626,-0.76191,-0.073681,-0.015723,0.067057,1.5939,11.803,-1.1274,-6.2831,0.026879,-12.027,-2.4095,-16.467,-0.64452,0.058021,0.09444,-0.76114,-0.068754,-0.0098628,0.06073,0.97586,11.831,-1.4349,-5.2467,-0.019351,-13.357,-0.86059,-13.751
4.5,-0.65852,0.042466,0.074533,-0.74761,-0.057591,-0.0098978,0.061351,0.63579,10.522,-0.95761,-5.1399,-0.56993,-12.436,0.13006,-18.191,-0.65598,0.072858,0.095591,-0.75825,-0.065814,-0.010738,0.057306,2.1857,10.84,-0.63891,-5.8189,-0.28236,-12.608,-0.93854,-17.332
4.6,-0.65004,0.058464,0.091065,-0.75356,-0.065723,-0.0083555,0.064931,-0.60579,11.275,-0.65187,-5.445,0.13154,-13.877,-0.37584,-16.77,-0.66306,0.058488,0.08736,-0.76031,-0.06863,-0.012747,0.065399,0.1521,13.594,-1.0216,-5.089,-0.54062,-13.62,0.067747,-17.491
4.7,-0.659,0.080844,0.078016,-0.76934,-0.069817,-0.011364,0.064837,1.2672,12.435,-0.97944,-5.2071,-0.5938,-15.457,-3.1398,-18.978,-0.65624,0.06467,0.078558,-0.7479,-0.070527,-0.0096462,0.062319,-0.43914,12.705,-0.020759,-6.4109,-0.095435,-14.118,-2.0287,-17.398
4.8,-0.63333,0.074703,0.075979,-0.7757,-0.070184,-0.010048,0.069187,1.5091,12.414,-0.0087933,-5.1145,-0.32452,-14.736,-1.1262,-21.08,-0.63335,0.066676,0.074843,-0.76884,-0.076893,-0.0068629,0.068729,1.4016,11.974,-2.2831,-5.21,-0.31645,-14.491,-0.80889,-17.658
4.9,-0.62914,0.065536,0.065509,-0.74454,-0.073709,-0.015151,0.066741,0.14454,13.419,-1.5796,-6.8899,-1.7378,-14.428,-0.86012,-17.755,-0.65164,0.082369,0.07458,-0.7605,-0.070657,-0.012984,0.071785,0.6299,12.543,0.074712,-6.3857,0.598,-15.439,-0.49934,-18.761
5,-0.63115,0.079518,0.080791,-0.75919,-0.068039,-0.018359,0.068552,1.6145,12.813,1.1261,-6.5558,-0.69882,-13.57,-1.4671,-18.144,-0.64447,0.065768,0.07131,-0.769,-0.065976,-0.013125,0.064979,0.66757,11.143,-1.0691,-6.3046,-0.54642,-15.467,-0.61994,-19.543
5.1,-0.62754,0.070954,0.091714,-0.77268,-0.077944,-0.015594,0.077597,-0.82017,13.504,-2.2295,-8.9729,0.016309,-14.765,-2.213,-19.775,-0.64722,0.071789,0.055324,-0.75928,-0.076225,-0.01383,0.064123,-0.3187,12.938,-2.93,-7.6101,1.3735,-15.198,-1.4643,-17.91
5.2,-0.64708,0.082652,0.062504,-0.79609,-0.077298,-0.02167,0.062109,-0.637,13.668,-1.286,-9.1267,0.79643,-13.838,-2.2474,-21.592,-0.61182,0.08644,0.079634,-0.75631,-0.086756,-0.016625,0.07361,-0.37266,14.263,1.1955,-8.0399,-0.602,-15.417,-1.2517,-18.641
5.3,-0.61844,0.086137,0.053037,-0.76606,-0.080163,-0.0085262,0.074717,-2.1526,12.39,-0.69571,-8.7291,-0.57331,-12.831,-0.48304,-20.596,-0.62129,0.081347,0.070599,-0.76524,-0.06969,-0.013901,0.069545,0.14393,14.133,-1.926,-8.2286,-0.33177,-12.614,-2.1868,-19.666
5.4,-0.61994,0.068444,0.065346,-0.76512,-0.074091,-0.016928,0.072178,1.9977,14.534,-0.095379,-8.3907,-0.20622,-13.72,-0.67958,-18.349,-0.63086,0.074474,0.072097,-0.76719,-0.074856,-0.0093795,0.072438,-1.4178,14.963,-1.7951,-7.8793,-2.406,-13.364,-1.6713,-20.283
5.5,-0.62898,0.09385,0.081835,-0.77487,-0.085019,-0.013639,0.071442,0.88644,14.522,-1.1292,-8.9863,0.1587,-12.736,-2.2278,-21.713,-0.62089,0.062408,0.062084,-0.76722,-0.077814,-0.010319,0.080792,-0.16721,13.746,-0.76494,-10.273,0.77046,-12.738,-2.2691,-19.909
5.6,-0.61706,0.084477,0.076369,-0.77756,-0.07155,-0.010496,0.065288,1.1385,13.811,0.97738,-7.878,0.56843,-13.479,-1.0926,-19.897,-0.62547,0.079492,0.042516,-0.78347,-0.075459,-0.01567,0.071761,1.8329,14.715,-0.92187,-10.035,-0.018408,-14.064,-1.2961,-19.897
5.7,-0.63047,0.082936,0.066223,-0.77378,-0.088284,-0.0026988,0.066382,1.1376,16.905,-2.2944,-11.229,0.81827,-15.967,-1.5869,-20.354,-0.61416,0.086872,0.053186,-0.78201,-0.088091,-0.0093771,0.068931,-0.13554,15.596,-1.2292,-9.8731,0.052173,-13.247,-0.057215,-21.649
5.8,-0.60203,0.077013,0.057649,-0.76873,-0.088913,-0.0078911,0.071645,1.422,17.021,-2.8557,-10.054,-0.28106,-14.448,-0.90882,-21.111,-0.60265,0.077132,0.054579,-0.77639,-0.080731,-0.0086877,0.075433,-0.75105,16.351,-1.1205,-12.317,-0.053774,-13.39,-1.9761,-20.559
5.9,-0.61021,0.098834,0.053886,-0.77476,-0.082542,-0.0090255,0.081184,-0.6366,15.895,-1.1763,-9.3384,0.73106,-13.864,-1.5191,-20.382,-0.59784,0.082536,0.058585,-0.78233,-0.086515,-0.0064506,0.077828,0.43296,17.115,-0.2564,-10.589,1.4018,-13.929,-1.112,-21.631
6,-0.59376,0.10022,0.06347,-0.76657,-0.084991,-0.0069529,0.078791,0.33754,13.499,-1.6994,-12.014,-0.074423,-14.085,-2.3161,-22.766,-0.60316,0.097548,0.056685,-0.77248,-0.083292,-0.014496,0.080986,-0.64599,15.008,-0.74225,-11.201,-1.0944,-13.587,-2.7897,-22.572
6.1,-0.59462,0.090827,0.062502,-0.81082,-0.095864,-0.0029015,0.066558,-0.65162,15.649,-3.6627,-12.524,1.2322,-14.404,0.32643,-23.775,-0.58103,0.087187,0.045649,-0.78641,-0.090331,-0.013049,0.072686,0.62117,15.754,-1.463,-12.537,0.035484,-14.251,0.15406,-21.413
6.2,-0.59121,0.090176,0.048133,-0.79934,-0.096249,-0.010115,0.067262,0.44292,17.613,-2.2332,-11.627,-0.001892,-13.529,-2.7979,-22.478,-0.58779,0.10988,0.0594,-0.80288,-0.090583,-0.0068437,0.079982,0.8965,16.544,-0.65728,-13.043,0.27959,-12.561,-0.82202,-21.89
6.3,-0.58696,0.092654,0.044004,-0.80691,-0.090278,-0.0081185,0.076272,1.9953,16.058,-0.78994,-12.514,-0.74342,-13.284,-1.6208,-23.185,-0.60421,0.097089,0.042448,-0.79658,-0.089483,-0.009094,0.091741,0.51452,15.507,-2.5803,-11.337,0.80612,-12.818,-2.3906,-24.743
6.4,-0.59213,0.094955,0.033161,-0.77351,-0.086163,-0.0094595,0.06534,0.97993,18.26,-2.4133,-10.627,1.0185,-12.691,-1.3715,-24.541,-0.57943,0.12277,0.046908,-0.81654,-0.088089,-0.013267,0.086814,0.93303,15.623,-2.5355,-12.194,-0.54138,-13.838,-1.9999,-24.121
6.5,-0.5832,0.12358,0.038477,-0.80821,-0.088461,-0.015098,0.079838,0.68209,17.755,0.5551,-12.563,1.5818,-14.313,-1.1714,-23.342,-0.57376,0.10613,0.033723,-0.80263,-0.10409,-0.017614,0.07829,1.2325,14.618,-0.049278,-13.5,0.47981,-13.76,-1.9527,-23.424
6.6,-0.582,0.10334,0.052252,-0.81307,-0.089758,-0.0074537,0.079447,1.0963,19.24,-1.6558,-13.182,2.3547,-15.127,-2.0019,-23.942,-0.57069,0.10198,0.042642,-0.81606,-0.099151,-0.011188,0.083142,0.042869,16.966,-2.4226,-12.489,0.74572,-13.1,-0.33979,-24.727
6.7,-0.56814,0.12316,0.033444,-0.79466,-0.097135,-0.0080644,0.078661,1.6448,14.982,-1.4231,-12.412,1.3977,-14.076,0.22904,-24.953,-0.57183,0.11523,0.035573,-0.81505,-0.096144,-0.010122,0.076721,-1.0059,16.211,-2.6462,-14.074,1.8004,-13.186,-0.84608,-25.729
6.8,-0.56349,0.10944,0.034067,-0.81733,-0.101,-0.0068271,0.077454,0.39138,18.232,-1.8139,-13.274,-0.33562,-12.733,-1.0214,-25.713,-0.54947,0.11288,0.031873,-0.81234,-0.10042,-0.0093253,0.079174,-0.74409,16.396,-2.4464,-12.634,0.82347,-12.983,0.039574,-24.468
6.9,-0.58013,0.12767,0.010971,-0.80552,-0.10591,-0.018933,0.082899,-0.33865,18.51,-0.4659,-15.166,-0.67167,-13.037,-1.0645,-25.741,-0.55327,0.11804,0.043576,-0.80964,-0.090839,-0.013109,0.074007,1.016,17.07,-1.5205,-13.351,-0.59274,-11.679,1.3914,-26.801
7,-0.5523,0.11271,0.039775,-0.79744,-0.096482,-0.0041123,0.080241,0.53505,17.405,-0.34839,-14.236,0.64135,-12.165,-1.1033,-25.24,-0.57269,0.12248,0.029053,-0.80524,-0.087421,-0.015831,0.080876,0.46438,18.681,-0.3066,-14.234,1.196,-11.637,-0.15989,-27.177
7.1,-0.57034,0.12453,0.03893,-0.78975,-0.10239,-0.010756,0.077886,1.4821,19.348,-0.5257,-14.64,1.3056,-12.995,-1.2874,-27.217,-0.54394,0.12359,0.048084,-0.81128,-0.098269,-0.002668,0.084331,1.0078,17.809,-2.0524,-14.963,-1.7674,-11.152,-1.4226,-26.289
7.2,-0.53795,0.11132,0.0021836,-0.81171,-0.10704,-0.011022,0.080507,1.0026,19.256,-0.11755,-13.828,0.85818,-10.527,-0.29108,-25.297,-0.54494,0.1268,0.027331,-0.83649,-0.10656,-0.011027,0.078291,-0.033807,18.048,0.60891,-14.872,0.01981,-13.463,-0.91202,-24.396
7.3,-0.54689,0.13222,0.021202,-0.81893,-0.10906,-0.0015124,0.085341,1.7884,18.459,-1.1485,-14.428,0.60053,-12.554,-0.85107,-26.02,-0.54677,0.1355,0.028724,-0.82788,-0.10691,-0.0085964,0.08169,0.65266,18.246,-1.0072,-15.87,2.4723,-12.079,-1.7535,-26.232
7.4,-0.53781,0.11871,0.024714,-0.8386,-0.11254,-0.0080929,0.07598,-0.62787,19.604,0.54388,-16.553,0.94214,-13.08,0.11407,-28.998,-0.5429,0.11319,0.023756,-0.83456,-0.10822,-0.0059445,0.07693,0.11414,16.769,-2.4364,-17.404,-0.21209,-13.333,-1.0419,-27.139
7.5,-0.53233,0.16078,0.0048075,-0.82186,-0.10471,-0.0050342,0.084061,0.31046,18.767,-2.1052,-17.812,2.8419,-12.184,-2.6718,-29.483,-0.54505,0.14183,0.017118,-0.81171,-0.10738,-0.0013211,0.069971,0.56243,19.309,-1.2778,-17.35,1.9405,-12.673,-2.6631,-27.761
7.6,-0.51997,0.12904,0.00088411,-0.86006,-0.10608,0.0085914,0.083622,2.8575,21.3,-0.04385,-16.844,-0.08637,-10.746,-0.76477,-25.17,-0.51554,0.1336,0.015961,-0.84834,-0.11552,-0.0062506,0.083038,0.83162,20.168,-2.5854,-17.216,1.0315,-11.705,-1.2771,-29.348
7.7,-0.52975,0.15705,0.0045658,-0.8203,-0.11496,-0.0067073,0.074281,-0.74103,19.32,-1.6716,-17.536,1.0011,-9.8177,-0.89612,-27.315,-0.53789,0.13388,0.0074921,-0.8494,-0.10673,-0.0060551,0.081415,-0.92839,20.861,-2.3612,-17.353,-1.3338,-11.815,0.076347,-28.625
7.8,-0.52314,0.13907,0.0072627,-0.84422,-0.11541,-0.012712,0.092242,-0.071605,18.691,-0.018802,-17.387,1.8435,-10.864,-2.0196,-27.197,-0.51259,0.14286,0.018196,-0.83256,-0.10948,-0.0080795,0.074061,1.0613,20.625,-2.8873,-17.545,0.92441,-11.142,-0.086913,-29.302
7.9,-0.50371,0.14126,0.0034039,-0.86248,-0.119,-0.0061662,0.076683,2.1551,20.568,-1.9308,-18.583,0.55215,-11.108,-0.33827,-29.563,-0.52065,0.13913,0.01722,-0.84031,-0.1119,-0.010917,0.078149,0.70313,21.828,-2.4371,-18.883,1.924,-10.389,-2.8185,-29.466
8,-0.51118,0.13824,-0.013919,-0.82503,-0.1137,-0.0037528,0.071692,0.86095,18.74,0.058093,-20.166,-0.76209,-9.1906,-0.016463,-30.458,-0.50138,0.14593,0.011802,-0.84338,-0.10852,0.0034936,0.085723,1.5381,21.198,-2.2106,-18.819,1.2719,-10.536,-0.59939,-30.142
8.1,-0.49225,0.1537,-0.0055169,-0.8489,-0.11561,-0.0093002,0.075173,-0.044074,19.538,-3.1398,-19.169,2.3184,-9.5264,-1.8385,-30.997,-0.49154,0.14807,0.019579,-0.84374,-0.11117,-0.0067267,0.076998,0.47316,20.702,0.20477,-19.592,-0.014626,-8.1982,-1.3585,-31.32
8.2,-0.47913,0.1439,0.0020238,-0.87664,-0.11745,-0.0072873,0.084158,0.52866,21.129,-2.115,-19.092,2.3064,-9.356,-1.2354,-30.769,-0.51356,0.1296,0.0094816,-0.87287,-0.11528,-0.0028008,0.07909,0.88517,20.615,-1.9742,-17.993,0.3371,-8.9867,-0.088809,-32.623
8.3,-0.48842,0.13502,-0.0087944,-0.85103,-0.12031,-0.0068958,0.075651,1.9546,20.528,-1.4181,-19.581,-0.12621,-8.6905,0.041913,-31.1,-0.51214,0.15343,7.9296e-05,-0.85227,-0.12221,-0.0017316,0.076723,0.39856,20.342,-2.0389,-19.266,1.5545,-9.2829,-0.9618,-31.576
8.4,-0.49555,0.1514,0.0029674,-0.86627,-0.1186,-0.0035448,0.07391,0.81651,23.054,-0.56143,-19.346,-0.31572,-7.0113,-1.5684,-30.733,-0.46509,0.14525,0.00022805,-0.86484,-0.11904,-0.0023935,0.07324,1.4059,21.011,0.22748,-20.986,2.1196,-9.9717,-1.475,-32.606
8.5,-0.49039,0.16272,-0.00029606,-0.86632,-0.12683,-0.0083616,0.08191,-0.27674,20.269,-0.41757,-23.414,1.8183,-8.3466,-1.9329,-32.421,-0.48983,0.14246,-0.0077629,-0.86376,-0.1227,-0.0024172,0.076599,1.6379,21.164,-0.032398,-20.266,0.35622,-7.3553,-1.3838,-31.463
8.6,-0.46239,0.13454,-0.0090648,-0.87239,-0.13663,-0.008467,0.084872,0.54717,22.699,-0.53442,-21.703,-0.41438,-9.5506,0.38431,-30.452,-0.47985,0.16445,-0.0083998,-0.85137,-0.12044,-0.0049921,0.070664,2.0817,21.168,-3.4376,-21.173,0.08141,-7.3765,-1.5533,-31.553
8.7,-0.4662,0.14719,-0.020295,-0.87185,-0.12732,-0.00014672,0.083452,0.8876,22.131,-2.0718,-21.677,0.5425,-7.1135,-2.0273,-33.478,-0.44451,0.14544,-0.0085678,-0.88972,-0.12087,0.001745,0.079427,1.6164,23.716,-1.278,-19.024,1.346,-8.4995,-2.1741,-31.921
8.8,-0.45407,0.14747,-0.021153,-0.87724,-0.12331,-0.00092079,0.068825,0.5887,21.107,-2.5082,-23.438,2.6743,-7.7549,-0.44862,-33.073,-0.44898,0.13804,-0.016926,-0.88647,-0.12839,-0.0025429,0.076182,-0.58203,21.285,-1.4661,-22.383,0.79001,-6.2276,-0.10692,-32.997
8.9,-0.43916,0.13768,0.018841,-0.88005,-0.12913,-0.0028116,0.070859,2.4434,23.938,-1.9676,-23.004,1.7815,-7.9399,-0.91492,-33.609,-0.44105,0.17396,-0.011296,-0.86572,-0.11852,-0.0006252,0.071065,0.053763,21.621,-2.6052,-21.723,1.6415,-7.7267,-2.298,-34.334
9,-0.45255,0.17055,-0.014083,-0.90107,-0.12967,-0.0017099,0.082833,-0.063782,23.391,0.60642,-23.053,1.0082,-6.7944,1.8004,-34.193,-0.46388,0.17089,-0.022481,-0.87512,-0.12643,-0.0093156,0.077483,-0.20484,23.035,-4.5122,-21.108,1.0276,-7.8303,-1.271,-33.941
9.1,-0.46682,0.17203,-0.010608,-0.88753,-0.12779,2.7926e-05,0.07869,1.4472,22.965,-1.0496,-23.419,-1.2475,-8.1406,0.73948,-34.511,-0.44211,0.14291,-0.018944,-0.87536,-0.14024,-0.0032295,0.075549,-1.0508,22.913,0.85033,-24.137,1.6605,-6.2842,-0.27522,-32.059
9.2,-0.43213,0.15077,-0.024782,-0.87547,-0.13668,-0.0020604,0.073302,0.65629,23.655,-1.8675,-23.238,0.7689,-5.6026,-0.90575,-33.696,-0.44359,0.16942,-0.017247,-0.89769,-0.13807,-0.0049369,0.080656,1.3556,23.1,0.26948,-23.705,0.095217,-7.1448,-0.25648,-33.756
9.3,-0.43867,0.16047,-0.030426,-0.88922,-0.13496,0.0051921,0.071444,1.8499,24.498,-0.97163,-25.852,0.3526,-6.4964,-1.4,-34.713,-0.41034,0.1757,-0.02582,-0.8818,-0.14039,-0.0017406,0.080639,0.10882,22.506,-1.4384,-25.132,1.6083,-6.4804,1.566,-35.078
9.4,-0.42636,0.16253,-0.022612,-0.87463,-0.13279,0.005979,0.066218,0.071296,22.985,-1.5308,-23.077,0.82161,-4.4773,-0.041519,-34.401,-0.4154,0.18242,-0.026598,-0.88453,-0.1297,0.005953,0.084714,1.3543,23.696,-0.23461,-24.08,-0.07666,-5.6902,-1.1585,-34.868
9.5,-0.4218,0.17293,-0.034902,-0.88438,-0.13591,0.0031797,0.07865,1.7746,21.77,0.054803,-22.261,-0.098435,-4.0565,0.77113,-33.549,-0.43726,0.16641,-0.02737,-0.88914,-0.13982,-0.0022307,0.072365,0.94695,22.987,-0.65341,-23.75,-0.87711,-4.726,0.33035,-33.544
9.6,-0.42341,0.1616,-0.022514,-0.90704,-0.12615,0.0056263,0.073325,0.79891,24.963,-0.58321,-26.179,2.1674,-6.1735,0.6542,-34.154,-0.41494,0.16697,-0.010208,-0.90181,-0.13182,0.0054001,0.073096,1.8445,25.857,-1.3974,-23.022,0.43353,-4.5132,1.2741,-32.791
9.7,-0.39766,0.1743,-0.030975,-0.89768,-0.13552,0.0045336,0.071437,1.6191,24.865,-0.80083,-24.434,0.33973,-3.9854,0.12409,-32.878,-0.4246,0.17584,-0.031592,-0.90748,-0.12531,0.00065393,0.081819,-0.31956,25.111,-0.84804,-25.666,1.2321,-5.6628,-0.058089,-32.197
9.8,-0.38717,0.18515,-0.041151,-0.89465,-0.13061,0.0013402,0.069796,0.318,23.485,-2.3829,-24.992,2.1433,-4.1335,1.3545,-34.418,-0.3928,0.18926,-0.037252,-0.88113,-0.13453,0.0026017,0.080453,-0.85281,23.949,-0.75752,-24.79,0.85994,-6.1388,-0.49513,-33.564
9.9,-0.39621,0.15624,-0.043937,-0.87157,-0.14011,0.0031816,0.072104,1.6071,25.025,-1.3838,-27.642,0.69757,-4.3117,-0.34092,-33.656,-0.39455,0.18149,-0.049085,-0.9011,-0.13961,0.0019278,0.074843,0.094728,24.923,-2.9338,-23.615,2.1016,-3.7312,-0.74652,-34.364
10,-0.38966,0.15945,-0.026066,-0.91091,-0.13535,-0.0018592,0.06852,0.54997,25.734,-1.3612,-26.533,1.2749,-3.7798,-1.5122,-32.475,-0.3803,0.19017,-0.03457,-0.90831,-0.14234,-0.0011002,0.060892,0.28131,25.929,-0.30198,-24.747,1.1839,-3.6047,-0.81504,-33.164
10.1,-0.37215,0.19454,-0.031647,-0.92238,-0.14588,0.0078135,0.069816,0.33913,25.98,0.049279,-25.517,-0.31457,-3.2872,0.41822,-34.683,-0.35897,0.17787,-0.035823,-0.90167,-0.13628,0.0035646,0.061709,-1.6184,24.304,-1.043,-24.942,-1.1665,-3.1265,0.82262,-32.829
10.2,-0.35949,0.17101,-0.044557,-0.90994,-0.14345,0.0062408,0.062466,-0.8045,26.92,0.25079,-25.792,0.2174,-3.4636,0.5935,-31.997,-0.37407,0.17091,-0.045331,-0.89935,-0.13825,0.0069121,0.072046,0.58951,26.854,-1.1355,-25.674,-0.30312,-2.4346,-0.80666,-31.725
10.3,-0.36431,0.17633,-0.039293,-0.92045,-0.14484,0.010382,0.067008,1.4323,24.308,-1.1357,-30.472,0.25539,-2.9501,0.90863,-31.094,-0.35545,0.1731,-0.06094,-0.92701,-0.13712,0.0077932,0.073659,-1.343,25.729,0.64917,-27.82,0.39733,-0.97168,0.34307,-30.682
10.4,-0.35697,0.18095,-0.049118,-0.92348,-0.13156,0.011978,0.068765,0.44283,26.737,-0.48174,-28.882,1.7442,-2.0021,-0.84689,-32.767,-0.35116,0.18118,-0.043472,-0.92083,-0.13555,0.0056348,0.064583,-0.74633,27.574,-2.5027,-25.452,0.020515,-3.1087,0.23422,-31.649
10.5,-0.35603,0.17662,-0.037404,-0.91501,-0.14007,0.013981,0.05993,0.76089,27.719,-2.5665,-27.598,0.24008,-2.8507,1.9006,-31.029,-0.35124,0.19487,-0.058502,-0.92178,-0.1266,0.012405,0.063773,0.18154,26.152,-0.028105,-27.238,0.27184,-1.3864,1.324,-33.141
10.6,-0.34412,0.17985,-0.061002,-0.91477,-0.14582,0.0035731,0.057675,1.3013,24.987,0.30319,-28.609,1.2315,-3.3855,0.067452,-31.84,-0.33282,0.1773,-0.045183,-0.91595,-0.14081,0.0097105,0.061371,1.2507,26.459,-1.3313,-30.213,-0.24534,-2.7362,2.8349,-30.191
10.7,-0.35017,0.19281,-0.044392,-0.92633,-0.14192,0.018652,0.060831,1.6079,25.936,-2.4679,-30.54,1.2821,-2.4188,1.608,-31.673,-0.33165,0.18001,-0.067016,-0.92206,-0.1338,0.020321,0.057411,-1.157,28.102,-3.3002,-29.835,-1.0816,-2.5414,2.5871,-32.082
10.8,-0.33308,0.17307,-0.052318,-0.91416,-0.14379,0.020647,0.060966,2.9456,25.524,-0.39705,-27.968,0.34652,-2.0312,-0.10757,-32.153,-0.33589,0.1834,-0.07574,-0.93139,-0.13923,0.017757,0.062218,2.1596,26.309,-0.70218,-29.711,0.69406,-2.8248,1.4969,-31.936
10.9,-0.32019,0.16487,-0.043257,-0.92745,-0.15249,0.017045,0.046474,1.0468,26.67,-0.95975,-30.035,0.47042,-0.038699,1.0153,-29.806,-0.30627,0.17428,-0.051241,-0.93033,-0.14581,0.015447,0.067299,-1.2957,28.405,-1.7543,-31.214,2.8117,-2.17,0.92896,-31.31
11,-0.32369,0.1774,-0.057166,-0.92664,-0.1408,0.013416,0.065165,-0.016972,27.563,-0.62558,-31.91,0.65056,-0.049088,-0.18606,-31.098,-0.32341,0.1925,-0.054438,-0.91429,-0.145,0.010153,0.054147,0.2892,29.083,-0.78042,-32.242,-1.2731,0.25094,0.002618,-30.445
11.1,-0.3137,0.18026,-0.066082,-0.92624,-0.14377,0.022746,0.057671,0.74234,26.626,-1.3148,-30.817,2.8675,-0.086525,-1.0171,-29.003,-0.29358,0.17742,-0.055934,-0.93029,-0.14106,0.019323,0.059481,0.57229,28.241,-1.9484,-30.228,2.3424,-1.0921,0.94628,-30.382
11.2,-0.2871,0.18066,-0.052492,-0.93637,-0.14353,0.024987,0.044653,0.74258,29.406,-1.7034,-30.913,1.7771,0.64043,-0.35939,-29.395,-0.30992,0.19133,-0.036404,-0.94393,-0.14545,0.010648,0.056879,0.9774,27.374,-1.7082,-31.102,1.5262,-0.32032,-0.16914,-29.659
11.3,-0.27418,0.19466,-0.052428,-0.92774,-0.1438,0.017897,0.046741,1.0377,29.104,-1.8682,-30.339,-0.30922,-0.24101,1.1599,-29.171,-0.27866,0.19037,-0.056471,-0.94044,-0.14044,0.01366,0.062207,-0.65321,27.941,-0.99595,-30.324,0.11688,0.53602,0.64941,-29.32
11.4,-0.26426,0.19531,-0.070164,-0.9517,-0.13955,0.025021,0.048955,0.50866,27.433,-1.1386,-31.104,-0.59119,1.5873,1.5383,-28.449,-0.278,0.19945,-0.092259,-0.93932,-0.1509,0.021777,0.048392,2.5675,27.971,-2.2838,-30.051,1.7003,0.48384,0.31398,-29.097
11.5,-0.28638,0.18733,-0.047401,-0.93258,-0.14148,0.015616,0.05292,2.2727,30.4,-0.35224,-31.888,0.99814,2.0013,2.7914,-28.091,-0.28872,0.17533,-0.078621,-0.93055,-0.14163,0.02109,0.048091,2.0077,29.648,-1.9516,-30.497,1.8562,1.5031,1.167,-28.698
11.6,-0.27836,0.17893,-0.070746,-0.96023,-0.13632,0.025856,0.048817,2.4722,28.765,-2.4321,-32.791,0.78074,1.2024,0.67243,-28.833,-0.26651,0.19723,-0.079338,-0.93393,-0.13892,0.022897,0.053158,1.8291,28.504,0.306,-33.903,0.67083,2.2544,-1.2768,-27.349
11.7,-0.26417,0.18036,-0.079821,-0.93253,-0.14452,0.0305,0.048085,0.47422,29.163,-1.0215,-33.482,1.6139,1.2821,2.1974,-27.896,-0.25181,0.19381,-0.062256,-0.94103,-0.1314,0.024495,0.047598,0.48096,28.6,-0.47262,-30.658,1.7602,0.94695,2.3542,-27.611
11.8,-0.25521,0.17736,-0.050051,-0.92705,-0.13583,0.029241,0.049195,2.2368,29.649,-3.7703,-31.583,1.3824,1.5241,1.3571,-26.698,-0.24999,0.20101,-0.085007,-0.95578,-0.14205,0.028496,0.056137,0.70709,30.466,-1.0658,-35.241,-1.2899,1.6006,1.6811,-25.757
11.9,-0.24288,0.17986,-0.052893,-0.968,-0.14234,0.034449,0.04162,0.92438,28.496,-0.47327,-33.365,2.5019,2.2754,0.95929,-26.968,-0.25531,0.18734,-0.07236,-0.94854,-0.15139,0.030527,0.054063,0.7699,29.313,-1.0094,-36.2,1.53,1.1836,0.93176,-28.281
12,-0.24092,0.18052,-0.051487,-0.95364,-0.14481,0.033321,0.04369,-0.8959,29.101,-1.427,-35.102,-0.39029,0.83357,1.0786,-28.601,-0.24248,0.18133,-0.058278,-0.92733,-0.14532,0.0322,0.051788,0.92823,30.241,-1.1568,-35.445,0.82813,1.4098,0.48166,-28.499
12.1,-0.22853,0.1976,-0.058564,-0.93839,-0.14129,0.029335,0.04415,1.4718,28.91,1.1752,-37.361,2.3463,0.76954,1.5664,-27.113,-0.23178,0.18716,-0.06266,-0.96034,-0.14126,0.035414,0.045377,0.082582,29.289,-2.2501,-36.553,1.2244,2.3187,2.0997,-27.629
12.2,-0.21522,0.17275,-0.080993,-0.95713,-0.13557,0.044919,0.043147,-0.015222,30.104,-1.8766,-34.722,1.2714,2.2735,0.35035,-25.647,-0.23407,0.17639,-0.066448,-0.97884,-0.15056,0.029841,0.03895,0.60335,30.391,-1.0807,-36.847,1.6837,3.4797,0.25044,-27.743
12.3,-0.21275,0.19474,-0.086498,-0.95464,-0.14511,0.039101,0.038667,0.23949,30.91,-0.19072,-33.948,1.1841,3.7042,0.36337,-27.596,-0.22319,0.18788,-0.053994,-0.95401,-0.15103,0.038345,0.044526,-0.2583,28.726,-0.85445,-36.41,2.3111,3.9035,0.87758,-24.407
12.4,-0.20826,0.19012,-0.073383,-0.97391,-0.14358,0.031275,0.033237,4.4764,29.291,-2.5169,-38.074,1.6578,3.9367,-0.10748,-27.048,-0.1981,0.17971,-0.068939,-0.94693,-0.14018,0.040574,0.043144,1.6806,32.315,-2.1443,-34.082,1.9325,3.4833,1.3953,-26.626
12.5,-0.21244,0.18016,-0.059008,-0.95331,-0.14793,0.033378,0.030542,0.15028,32.049,-2.3708,-34.564,0.57274,5.2568,1.4239,-24.75,-0.21822,0.18245,-0.076616,-0.9566,-0.1439,0.042738,0.034479,0.25393,30.294,-2.849,-36.063,1.0711,5.3455,0.31097,-24.821
12.6,-0.20612,0.1787,-0.084604,-0.96032,-0.14274,0.036471,0.03879,0.87189,31.523,-0.35972,-37.252,1.9213,3.3353,0.54371,-25.081,-0.20796,0.17459,-0.072736,-0.96875,-0.1454,0.043096,0.033602,-1.0058,30.001,-1.8349,-37.321,0.97995,3.1697,1.9947,-25.768
12.7,-0.19917,0.19405,-0.082705,-0.9608,-0.1501,0.038563,0.034221,2.4563,30.712,-1.4249,-37.552,1.0437,5.2351,-1.1735,-22.827,-0.19439,0.17878,-0.080892,-0.96193,-0.15799,0.037366,0.035142,2.3911,31.798,-2.0398,-37.369,2.4262,3.657,1.7577,-24.985
12.8,-0.20767,0.17638,-0.079336,-0.96748,-0.14907,0.038959,0.025539,0.28893,33.123,-1.5817,-35.677,0.34824,4.6372,0.70786,-23.771,-0.18849,0.19212,-0.077756,-0.96478,-0.14722,0.054504,0.039381,1.133,31.945,-1.1584,-38.069,1.3898,5.4724,0.57326,-25.507
12.9,-0.17449,0.17457,-0.099069,-0.97534,-0.15221,0.047481,0.038398,-0.60113,32.849,-0.10379,-36.244,2.2971,6.1224,0.78723,-25.273,-0.17228,0.17346,-0.093108,-0.94247,-0.1474,0.044881,0.032606,1.5849,30.813,-0.49344,-36.456,0.74119,5.525,0.21994,-24.74
13,-0.15691,0.16868,-0.087881,-0.96101,-0.14481,0.040469,0.030309,0.20668,31.732,0.9273,-36.689,1.2558,3.5673,1.627,-24.144,-0.16298,0.17731,-0.068334,-0.97715,-0.14364,0.044671,0.033717,1.2735,31.482,-2.3166,-36.804,0.28076,4.4265,-0.83198,-23.067
13.1,-0.14442,0.16785,-0.064021,-0.97562,-0.14922,0.045733,0.028946,0.67736,30.749,-0.12566,-39.576,0.32299,4.69,2.6472,-21.455,-0.16183,0.17155,-0.086057,-0.96469,-0.14302,0.042554,0.02732,0.43023,31.035,-0.80585,-38.4,2.4257,5.3014,-1.2925,-23.494
13.2,-0.15401,0.1739,-0.079177,-0.96687,-0.13755,0.048169,0.028968,0.31283,33.74,-2.2666,-41.239,-0.25932,5.0481,0.89283,-22.312,-0.14994,0.17242,-0.076757,-0.99406,-0.14643,0.046309,0.031089,0.052185,31.385,-1.9528,-39.01,-0.25824,6.6589,0.85023,-24.104
13.3,-0.14401,0.17277,-0.077604,-0.95977,-0.13679,0.051865,0.030428,-0.86688,33.869,-0.48791,-39.05,-0.72507,4.6108,0.72027,-22.911,-0.13604,0.16667,-0.072315,-0.98062,-0.14281,0.050654,0.031821,1.5541,32.319,-0.92504,-39.348,0.03594,6.7727,-0.020725,-21.88
13.4,-0.12784,0.16493,-0.076492,-0.97187,-0.1488,0.048982,0.023709,-0.35326,33.246,-1.1728,-38.224,-0.6332,5.244,-1.5019,-21.367,-0.1432,0.17714,-0.070452,-0.96172,-0.14497,0.050715,0.023666,0.54269,32.133,-0.064588,-40.326,2.177,5.422,0.63633,-25.098
13.5,-0.1195,0.17684,-0.056168,-0.97511,-0.13693,0.050558,0.031983,0.24546,33.426,-1.7766,-41.39,0.93155,7.2063,-0.49794,-21.98,-0.13236,0.17199,-0.091652,-0.97343,-0.14692,0.056146,0.02203,-0.18091,33.34,-1.3982,-40.062,0.9195,6.6385,0.45202,-20.861
13.6,-0.1257,0.15957,-0.089954,-0.97228,-0.14792,0.048458,0.019078,-3.0814,33.249,-3.6842,-41.124,1.6847,7.4673,-0.038188,-21.661,-0.13117,0.1628,-0.082874,-0.96609,-0.14746,0.050999,0.022818,0.075803,32.517,-0.33378,-41.248,2.4923,5.0059,2.543,-23.52
13.7,-0.10636,0.17323,-0.089897,-0.97279,-0.13786,0.054207,0.020947,-0.15038,32.096,-0.87925,-41.844,1.6133,6.0047,-0.6579,-22.376,-0.1015,0.17427,-0.074473,-0.9701,-0.14221,0.057125,0.024643,-0.24632,31.726,-1.4546,-40.435,0.09745,6.3927,0.94878,-22.877
13.8,-0.10779,0.16641,-0.097109,-0.97663,-0.14168,0.055844,0.014028,-0.89964,32.175,-2.6749,-41.029,1.7028,5.33,1.4984,-20.411,-0.10779,0.16725,-0.092177,-0.97565,-0.14454,0.049918,0.024506,-0.60494,31.461,-1.8075,-40.445,0.9147,6.4708,1.9792,-21.297
13.9,-0.1134,0.14406,-0.08396,-0.99218,-0.13726,0.061889,0.023569,-2.0877,31.229,-1.5499,-42.658,0.33539,7.5781,1.9408,-21.182,-0.10091,0.16306,-0.10198,-0.97409,-0.13309,0.054838,0.024858,-1.8416,32.523,-0.33759,-41.225,1.3074,6.9346,1.597,-18.974
14,-0.10185,0.16947,-0.076484,-1.0008,-0.12919,0.06288,0.017837,-2.4824,29.86,-0.43112,-42.91,1.715,7.0756,2.4367,-21.519,-0.076278,0.15099,-0.10486,-0.98815,-0.12959,0.060538,0.009895,-1.2175,30.697,-2.9782,-41.96,-0.18235,8.7805,1.7368,-19.845
14.1,-0.084688,0.16427,-0.064792,-0.97111,-0.12959,0.06454,0.020018,-3.4203,29.998,-3.1652,-43.49,0.04842,7.0836,0.82016,-20.449,-0.083757,0.15381,-0.079974,-0.9624,-0.13338,0.058897,0.016629,-0.15333,29.726,-1.7509,-43.236,-0.87896,8.8467,0.31044,-19.402
14.2,-0.094818,0.16754,-0.08759,-0.98209,-0.13462,0.063064,0.018005,-2.1058,28.06,-1.1029,-43.594,0.4394,9.2896,1.0968,-18.682,-0.067055,0.15533,-0.088859,-0.97604,-0.13109,0.069161,0.01479,-0.28841,29.705,0.25707,-43.097,1.2747,8.8086,1.4902,-20.419
14.3,-0.082209,0.1423,-0.087119,-0.97201,-0.11853,0.070118,0.013977,-0.9687,29.797,-0.87903,-43.582,1.1588,8.2444,1.256,-18.665,-0.083461,0.15647,-0.071008,-0.98454,-0.12775,0.064403,0.014883,-1.096,28.885,-1.3756,-43.838,0.17386,9.5583,1.9905,-19.593
14.4,-0.077882,0.13375,-0.09611,-0.96618,-0.13752,0.0706,0.019691,-1.4803,29.092,-1.6531,-44.574,0.73348,9.6085,0.0075617,-20.601,-0.069193,0.1494,-0.099751,-0.9911,-0.12992,0.062491,0.011789,-0.78891,27.488,-1.7335,-42.468,-0.2214,9.484,1.6918,-20.932
14.5,-0.063645,0.14913,-0.097555,-0.97846,-0.12904,0.058971,0.01351,-0.20074,27.662,-0.53685,-44.658,0.32501,6.2012,0.88445,-19.515,-0.068175,0.14368,-0.074082,-0.98567,-0.13294,0.067428,0.019157,-0.36477,27.338,-0.93817,-44.994,-0.6268,8.2552,0.47429,-18.67
14.6,-0.050472,0.14735,-0.099414,-0.97183,-0.12346,0.070699,0.019824,-1.236,26.328,-0.59762,-44.386,1.1898,8.6901,-0.15724,-20.182,-0.062694,0.12384,-0.089239,-0.98801,-0.12172,0.063956,0.012164,-0.9686,25.251,-1.4821,-43.839,0.83672,8.6504,2.0676,-20.224
14.7,-0.032215,0.14282,-0.076989,-0.99381,-0.12268,0.079631,0.013069,-0.63694,27.061,-0.88253,-45.902,0.40161,9.5195,0.17204,-19.462,-0.048769,0.14363,-0.10158,-0.98152,-0.12166,0.071042,0.019497,-1.3625,26.701,-3.1249,-44.101,0.17371,10.117,2.82,-18.308
14.8,-0.032341,0.13899,-0.08665,-0.97324,-0.12114,0.075592,0.012393,-1.1411,25.423,0.19609,-46.668,-1.2723,9.9761,0.086526,-17.122,-0.026629,0.13019,-0.085692,-0.9964,-0.11362,0.06116,0.003936,0.28631,26.414,-2.1958,-44.77,3.3873,11.081,0.54268,-18.458
14.9,-0.049083,0.14427,-0.1191,-0.97184,-0.13236,0.076265,0.015529,-2.6225,26.636,-0.34899,-47.031,2.0261,10.362,0.34661,-17.197,-0.026795,0.13597,-0.084721,-0.99771,-0.11879,0.076984,0.012671,-3.5343,26.441,-0.91699,-44.848,1.0838,9.1985,1.1416,-17.876
15,-0.046608,0.15095,-0.08992,-0.98547,-0.10515,0.074828,0.014646,-1.5209,25.724,-1.9058,-45.178,-0.15683,10.984,0.7655,-18.917,-0.022897,0.13018,-0.079292,-0.98572,-0.1178,0.070289,0.0046445,0.3843,25.949,-0.71421,-47.514,0.70745,9.1684,1.1158,-16.394
15.1,-0.017045,0.10952,-0.069328,-0.99273,-0.11713,0.075259,0.0047004,-0.29408,24.344,-0.25618,-46.247,1.5816,11.989,0.98491,-17.334,-0.019894,0.13771,-0.078464,-1.0086,-0.11479,0.077924,-0.0030688,-0.066879,25.859,-1.4141,-48.03,-1.9767,9.5118,-0.23403,-18.586
15.2,-0.032734,0.11347,-0.076418,-0.98555,-0.10465,0.081499,-0.00069876,-1.8922,25.284,0.18574,-46.536,1.5165,11.89,1.7487,-18.34,-0.010056,0.13,-0.07181,-0.98544,-0.11421,0.081345,0.0087565,-0.63188,26.171,-0.042227,-46.7,-0.2037,11.93,0.93454,-17.545
15.3,-0.0089288,0.13523,-0.084419,-0.9823,-0.10554,0.087568,0.016206,-2.0792,25.146,-1.5962,-48.191,0.61666,11.285,1.94,-16.175,-0.0057065,0.12204,-0.089095,-0.9664,-0.10073,0.080202,-0.0005441,-2.4126,26.495,0.031075,-47.267,0.4151,11.888,0.51829,-17.92
15.4,-0.016404,0.11879,-0.088757,-0.98905,-0.10801,0.084168,0.0037832,-0.78707,23.307,-0.28679,-48.644,0.22703,11.104,2.058,-16.375,-0.018197,0.091704,-0.090252,-0.99119,-0.10667,0.090461,-0.0016204,-1.1561,25.221,-0.32405,-48.062,0.35069,11.917,0.32461,-15.211
15.5,0.024783,0.11809,-0.085086,-0.99982,-0.10366,0.096758,-0.00038406,-3.4166,23.202,-1.0534,-49.009,0.55925,11.183,0.46301,-16.441,-0.00012445,0.12391,-0.075417,-0.99426,-0.10519,0.080411,0.0036952,-1.8816,21.776,-1.7803,-48.948,1.5567,11.992,0.6999,-15.741
15.6,0.024684,0.10531,-0.083629,-1.0009,-0.097451,0.079097,0.0046099,-0.8767,22.845,-0.64663,-48.766,0.45399,11.183,1.6244,-16.685,0.0097419,0.1312,-0.082391,-0.98107,-0.094584,0.092702,0.0049447,-1.0581,23.194,-1.8148,-48.188,1.7938,11.104,-0.6252,-16.005
15.7,0.029285,0.10085,-0.08109,-0.98807,-0.10097,0.093547,-0.00090909,-1.5397,22.985,-0.82291,-48.716,1.2713,12.022,-0.45637,-17.476,0.01013,0.10039,-0.07033,-0.98776,-0.097024,0.08635,0.0018459,-0.62989,23.045,-1.9878,-47.175,0.83264,12.261,0.48708,-16.068
15.8,0.0046744,0.10865,-0.085506,-0.99865,-0.093684,0.093894,0.0035644,-0.072051,20.312,-2.3989,-49.247,1.2285,11.929,-0.45069,-14.785,0.018878,0.090272,-0.093657,-0.98463,-0.098442,0.087821,-0.0019826,0.052314,23.45,0.68872,-48.922,1.2096,10.559,2.2661,-15.364
15.9,0.015242,0.10906,-0.061832,-0.97324,-0.097952,0.088367,-0.0035733,-1.2013,22.457,-0.32405,-49.422,2.4374,12.172,1.4371,-13.429,0.023388,0.099075,-0.063146,-0.99784,-0.092804,0.082324,-0.0052545,-1.1174,19.834,-0.37101,-50.366,0.72289,12.562,0.27503,-16.031
16,0.013444,0.077091,-0.09724,-0.99503,-0.09402,0.088769,-0.0015032,0.18857,21.609,-1.1247,-50.459,1.4045,12.98,1.9006,-14.296,0.025228,0.093941,-0.079458,-0.98894,-0.092529,0.082915,-0.0021632,-0.41089,20.954,-1.847,-51.503,0.32525,13.746,0.73468,-14.243
16.1,0.040478,0.075357,-0.081377,-0.99958,-0.089466,0.093646,-0.0073649,-2.3018,21.312,-1.5493,-52.166,-0.37929,14.663,0.7587,-14.638,0.051147,0.078629,-0.08868,-1.0109,-0.084221,0.088945,-0.0036878,-0.66551,22.51,1.5603,-51.672,1.4614,13.716,0.083873,-14.436
16.2,0.055177,0.081708,-0.081857,-0.98219,-0.096398,0.091707,-0.0091522,-1.2743,20.944,0.69189,-50.205,1.604,14.127,0.60549,-13.554,0.048275,0.092008,-0.086983,-0.99449,-0.080149,0.097489,-0.010639,-0.18192,19.871,-1.935,-51.516,1.878,14.596,-0.71741,-14.167
16.3,0.046198,0.068315,-0.053994,-0.9995,-0.087885,0.085684,-0.00020093,-1.6061,19.9,-0.095341,-51.938,-0.097612,14.566,1.2524,-13.426,0.041903,0.097875,-0.083322,-1.0142,-0.088164,0.095012,-0.0055255,-0.272,19.155,0.40994,-52.209,1.6541,13.426,1.4058,-12.515
16.4,0.05014,0.056198,-0.06657,-1.0088,-0.094688,0.092091,-0.0019618,-1.2043,21.088,0.69152,-49.9,-0.85899,16.58,0.20922,-12.493,0.032753,0.072942,-0.074053,-0.98778,-0.079383,0.08965,-0.011279,-0.003988,18.973,-0.6272,-51.111,2.1772,16.505,0.16624,-13.695
16.5,0.02447,0.073256,-0.071266,-0.98361,-0.082025,0.093429,-0.0089321,-0.71586,18.266,-0.82234,-49.411,2.5082,13.199,0.12419,-13.063,0.055291,0.089584,-0.076507,-1.0021,-0.07952,0.084933,-0.014955,-2.9826,18.237,-0.68081,-48.972,-0.87501,15.768,2.3152,-11.087
16.6,0.046985,0.059697,-0.069028,-0.99408,-0.075521,0.08839,-0.0031319,-1.6267,18.399,0.018952,-49.495,1.3299,14.679,0.3397,-13.652,0.046556,0.056131,-0.07417,-0.99072,-0.081473,0.0952,-0.014037,-0.33563,17.693,-0.29433,-49.74,2.5193,14.203,0.80343,-11.66
16.7,0.052985,0.075747,-0.061841,-0.97082,-0.080555,0.088648,-0.020636,-1.5933,18.098,0.69647,-50.303,0.27529,15.858,0.82475,-12.305,0.046348,0.062302,-0.077394,-0.98276,-0.079441,0.094358,-0.017374,-2.6448,16.463,0.41935,-49.514,0.95184,14.766,0.66083,-13.165
16.8,0.073872,0.047789,-0.076832,-1.0004,-0.08344,0.090741,-0.014007,-0.51581,18.293,1.0129,-50.247,1.3629,15.105,1.2434,-11.639,0.070491,0.055655,-0.063552,-0.98782,-0.077493,0.091924,-0.012657,-0.87239,18.051,2.4534,-50.46,1.3337,15.157,1.6379,-10.492
16.9,0.092233,0.045163,-0.069779,-0.99449,-0.077151,0.08537,-0.021228,-1.4542,16.958,-0.070169,-49.598,0.23185,15.58,1.8969,-12.219,0.076664,0.04411,-0.069459,-0.98716,-0.075954,0.093473,-0.012046,-3.1245,18.247,-0.22354,-47.548,-1.8869,14.671,-1.1256,-12.601
17,0.086126,0.047881,-0.063882,-1.0035,-0.077137,0.094902,-0.01283,-0.90419,16.873,-0.86778,-47.838,-0.82708,16.79,-0.38295,-10.891,0.067228,0.016222,-0.068719,-0.99996,-0.069094,0.090662,-0.0022982,-0.52414,15.736,-1.428,-50.243,2.3668,15.734,0.21271,-10.924
17.1,0.085638,0.042395,-0.07107,-0.99527,-0.064085,0.088779,-0.022781,-0.41789,16.902,1.3395,-48.241,-1.9385,14.552,1.3212,-9.933,0.078703,0.012823,-0.073675,-0.99601,-0.067599,0.084122,-0.016998,-1.4606,15.165,1.0981,-49.527,1.4421,14.539,1.8323,-10.908
17.2,0.082796,0.038155,-0.081812,-0.99499,-0.079845,0.097098,-0.024057,-1.2073,15.716,0.035374,-46.762,1.2288,15.57,0.54919,-11.826,0.080253,0.021088,-0.054114,-0.99359,-0.075817,0.093904,-0.01644,-1.3341,15.125,0.43324,-46.722,1.4407,16.256,2.0394,-10.57
17.3,0.07952,0.02741,-0.074874,-0.99496,-0.05704,0.08778,-0.021483,0.22438,12.798,1.7797,-47.477,0.099994,16.095,-0.99838,-11.258,0.09097,0.035086,-0.052489,-0.97997,-0.069991,0.090804,-0.02292,-0.97126,15.848,1.2033,-47.656,1.8266,15.291,1.4382,-12.227
17.4,0.072788,0.024308,-0.063193,-1.0005,-0.070974,0.09233,-0.022858,-0.93903,13.929,1.3389,-47.949,1.8571,15.975,0.66144,-12.126,0.084279,0.031534,-0.066785,-0.99496,-0.057252,0.08932,-0.025275,-1.8925,16.014,0.02231,-47.824,0.8986,16.662,0.45056,-10.113
17.5,0.092742,0.025807,-0.052815,-1.0186,-0.061046,0.078457,-0.014126,-2.3667,15.82,1.2402,-46.14,3.2535,15.8,0.029191,-9.8436,0.10299,0.030018,-0.047425,-1.0061,-0.053001,0.082713,-0.02723,-1.8117,14.503,1.282,-47.151,-0.21187,17.503,1.6715,-8.9465
17.6,0.098129,0.033015,-0.049248,-0.9983,-0.063663,0.092937,-0.019597,-1.3999,13.282,0.80405,-48.886,-0.43395,19.63,1.0942,-8.3815,0.094015,0.024712,-0.045077,-0.99489,-0.067358,0.092178,-0.020513,-0.39738,13.998,0.33965,-48.035,-0.47642,17.172,-0.0306,-8.7862
17.7,0.089618,0.027367,-0.039219,-0.99867,-0.059118,0.092494,-0.025022,-1.4061,12.755,0.94188,-46.838,-0.5025,16.772,0.51884,-10.728,0.094506,0.025333,-0.042427,-1.0067,-0.05652,0.096487,-0.024903,-0.71013,13.428,-0.25768,-47.976,-0.013726,16.353,-0.4225,-8.0578
17.8,0.10838,0.022401,-0.044885,-0.99494,-0.044643,0.087174,-0.025603,-0.21923,10.88,1.2977,-46.902,0.35254,19.24,1.7644,-9.7305,0.091348,0.018888,-0.05596,-0.99597,-0.05619,0.085236,-0.028461,-1.6214,12.128,0.85739,-46.642,-0.55158,16.132,-1.5824,-9.4125
17.9,0.1038,0.011464,-0.061543,-0.98297,-0.049203,0.082582,-0.030712,-1.9129,12.94,0.23502,-47.04,1.8841,16.467,-0.066405,-7.85,0.09938,0.017455,-0.046865,-0.99702,-0.053458,0.090906,-0.029529,0.35255,13.447,2.2063,-46.497,1.96,18.342,0.1653,-8.305
18,0.10536,0.025437,-0.048143,-0.98172,-0.057819,0.086497,-0.027039,-0.21834,11.45,0.87588,-46.018,0.47498,17.112,0.52964,-8.9071,0.1034,0.011235,-0.056477,-1.0009,-0.052762,0.08538,-0.031074,-3.8636,11.971,0.31369,-46.596,0.78307,19.013,1.0382,-8.5139
18.1,0.095001,0.0090551,-0.050548,-0.98655,-0.053607,0.080044,-0.025364,0.0073811,12.26,1.0145,-45.56,0.095784,19.042,1.1054,-9.2309,0.074342,0.012679,-0.041737,-0.97691,-0.045334,0.084623,-0.02036,-1.3367,11.339,1.8937,-46.662,2.1071,17.525,0.048954,-8.4118
18.2,0.1076,-0.0086969,-0.051108,-1.0203,-0.04587,0.083687,-0.029225,0.79215,9.4905,1.0335,-44.906,-0.069067,16.464,2.057,-6.1885,0.10617,0.0085696,-0.049089,-0.9976,-0.048816,0.086218,-0.030523,0.53557,10.644,2.8123,-45.128,-0.42551,19.103,-0.27224,-7.2293
18.3,0.10375,0.00238,-0.045142,-1.0014,-0.047178,0.084342,-0.026547,-1.9555,10.573,0.93687,-43.57,-1.0344,17.1,0.24505,-7.5183,0.10226,-0.012743,-0.043053,-0.99201,-0.046717,0.088479,-0.025187,-0.18932,9.0188,0.76107,-43.925,-0.039281,19.228,0.5918,-6.9009
18.4,0.11155,-0.0073297,-0.053804,-1.0037,-0.041931,0.075324,-0.034165,-1.4716,11.476,2.7633,-44.401,1.4198,17.08,-0.43547,-8.1989,0.12087,0.010471,-0.029363,-0.9833,-0.043776,0.078301,-0.026859,-0.88259,10.859,-0.86762,-45.879,2.7736,18.614,1.1117,-6.4119
18.5,0.10804,-0.005674,-0.043111,-0.98689,-0.040529,0.085022,-0.0211,-0.44119,10.651,-0.93882,-44.905,1.0535,18.038,0.35728,-5.8531,0.12372,-0.017413,-0.048259,-0.99191,-0.039394,0.079703,-0.031031,-1.5324,10.602,0.41934,-45.242,0.12338,17.036,0.63899,-6.3097
18.6,0.11178,-0.018313,-0.05173,-0.98699,-0.044385,0.082182,-0.028794,-0.81968,9.3125,-0.07149,-43.114,-0.2995,20.179,0.22313,-5.4681,0.10334,-0.02166,-0.039392,-1.0056,-0.047479,0.075301,-0.028624,-1.1303,8.297,1.839,-44.481,0.92446,19.767,-0.35651,-4.9553
18.7,0.12675,-0.025262,-0.051972,-0.98659,-0.03956,0.07547,-0.028568,-0.93011,7.7584,1.2361,-43.328,1.6701,18.146,-0.34133,-6.7228,0.12617,-0.0059357,-0.043735,-0.99934,-0.042456,0.080896,-0.035208,-0.83838,10.657,0.67755,-42.707,1.6496,19.139,1.7362,-6.4329
18.8,0.11299,-0.031587,-0.040937,-0.98465,-0.033858,0.082355,-0.031861,-1.0587,10.716,-0.8449,-42.906,-0.89871,17.458,-0.016034,-7.018,0.13133,-0.015944,-0.020121,-0.99214,-0.03569,0.0851,-0.039827,-0.73306,7.6404,-0.21249,-44.386,0.22741,18.107,0.82552,-4.4487
18.9,0.13615,-0.017897,-0.037363,-1.0221,-0.030933,0.075325,-0.035353,1.1097,8.1953,-0.020577,-42.302,0.42791,18.271,0.70705,-6.6985,0.125,-0.040277,-0.020218,-1.016,-0.035451,0.076082,-0.043651,-1.2551,8.6656,0.62796,-43.109,0.35208,18.213,0.47394,-5.9736
19,0.12854,-0.045215,-0.032643,-0.99146,-0.030513,0.074782,-0.024644,-1.3199,7.8247,0.1799,-42.692,0.07638,16.224,-1.0607,-3.3852,0.1201,-0.030156,-0.04334,-0.99061,-0.038268,0.082168,-0.036981,-2.0203,7.5328,2.3759,-43.159,-0.99604,19.214,1.8651,-4.514
19.1,0.12883,-0.034572,-0.02414,-0.98582,-0.027077,0.076976,-0.026603,-0.79269,7.2294,0.69919,-41.78,-1.0855,19.195,1.4793,-5.0219,0.12053,-0.029113,-0.035197,-0.99137,-0.024753,0.075795,-0.036844,-0.4129,7.0952,1.0724,-42.562,0.32573,17.511,0.70131,-4.7514
19.2,0.11753,-0.032479,-0.03946,-0.99399,-0.025781,0.082765,-0.027035,-1.868,5.9522,1.6709,-40.46,-0.41069,19.294,1.7717,-5.0974,0.13488,-0.053757,-0.033791,-0.98385,-0.032425,0.070978,-0.026157,-0.68315,4.7072,2.1934,-41.7,0.11104,18.815,0.61881,-5.2832
19.3,0.14017,-0.045836,-0.023359,-0.99874,-0.02667,0.081754,-0.035275,-0.7423,5.4792,2.655,-41.926,0.14522,18.776,2.0245,-3.5735,0.14393,-0.025626,-0.041398,-0.97661,-0.020835,0.081344,-0.02513,1.1679,5.5599,0.43119,-42.076,0.023549,16.487,-0.58341,-4.6205
19.4,0.11757,-0.029205,-0.010243,-0.99546,-0.022151,0.075582,-0.031163,-1.5986,6.0924,0.48406,-41.69,-0.81752,17.655,-0.57755,-5.1474,0.14607,-0.053129,-0.020824,-0.97623,-0.019462,0.075521,-0.03819,0.73211,5.1045,-0.2216,-43.412,0.043034,17.967,-0.33884,-5.1704
19.5,0.13628,-0.051534,-0.022886,-0.98741,-0.0208,0.078912,-0.037023,-0.020416,6.2501,1.2589,-43.063,-1.486,17.884,-0.21319,-4.4263,0.14148,-0.054324,-0.0057253,-0.99353,-0.009123,0.077375,-0.030297,-2.3187,4.3334,1.2225,-40.981,0.92687,18.112,0.55017,-3.1888
19.6,0.14725,-0.059546,-0.01417,-0.97239,-0.022146,0.074799,-0.034759,-2.4189,3.5648,2.1815,-41.13,0.67061,18.263,0.16643,-2.9878,0.13136,-0.074685,-0.032651,-0.98349,-0.018635,0.074358,-0.030929,-1.733,4.4809,-0.073738,-39.546,0.16372,18.348,-0.94164,-4.9385
19.7,0.12541,-0.049431,-0.015409,-0.98976,-0.022466,0.07647,-0.022065,-1.7888,6.396,-1.2183,-42.251,-0.5266,18.264,0.37498,-4.4918,0.12465,-0.062396,-0.021266,-0.98488,-0.015897,0.082634,-0.026711,-2.2535,4.589,0.35322,-41.391,-0.73338,17.213,1.1627,-4.2015
19.8,0.14517,-0.072322,-0.021085,-1.0007,-0.022758,0.071069,-0.029871,-0.76853,3.4644,1.5857,-39.655,-0.87546,15.294,-2.2433,-3.8997,0.14126,-0.048823,-0.006133,-1,-0.020607,0.075505,-0.026656,-1.7275,4.8512,-1.1959,-39.181,-0.5752,15.898,-0.18279,-4.9021
19.9,0.14316,-0.078579,-0.005183,-0.97544,-0.014931,0.068055,-0.037403,-0.39838,3.7344,1.0353,-39.074,0.44884,19.424,-1.0489,-5.34,0.1235,-0.060617,-0.00063265,-0.98817,-0.018596,0.065653,-0.034874,-0.5006,4.3968,0.23163,-39.98,-1.128,16.058,0.57962,-3.5755
20,0.14494,-0.062782,-0.018152,-0.99343,-0.014801,0.06986,-0.02296,-0.30072,2.6982,0.82494,-38.713,-1.733,16.291,0.95639,-3.0187,0.12871,-0.064556,0.0024841,-1.0019,-0.013117,0.071727,-0.027008,-1.5952,2.9463,0.81535,-40.893,0.85843,17.156,0.66986,-4.049
20.1,0.12528,-0.078411,-0.011777,-1.0118,-0.017856,0.063398,-0.023405,-1.8708,2.9137,0.47414,-39.38,-1.8691,17.272,-0.31835,-4.3816,0.13608,-0.061821,-0.012158,-0.99519,-0.015393,0.078723,-0.027707,-1.0287,3.1453,0.80887,-40.74,-0.7393,17.133,-0.50865,-2.8637
20.2,0.1397,-0.057589,-0.011811,-0.99763,-0.0029622,0.070729,-0.022812,-1.0678,2.4404,2.0386,-39.994,0.067685,16.225,-0.51378,-4.055,0.1309,-0.078179,-0.011815,-0.99452,-0.0088682,0.059055,-0.031621,-1.8255,3.2983,0.0022894,-40.294,0.47557,17.86,-0.8914,-5.0982
20.3,0.13878,-0.083605,-0.033101,-0.98142,-0.00048275,0.069565,-0.024418,-0.76734,1.6817,1.2617,-38.454,-0.39468,17.515,0.20145,-3.7883,0.13059,-0.082423,0.0026517,-1.001,-0.0050706,0.06363,-0.043705,0.77814,2.7398,2.0141,-38.395,-2.0138,14.404,1.7576,-4.3311
20.4,0.12704,-0.060407,-0.014931,-0.96982,-0.014588,0.068689,-0.027755,-1.8629,2.8774,-0.32788,-38.153,-2.5619,16.568,-2.0629,-3.2068,0.13621,-0.10162,0.00010493,-0.99248,-0.0095518,0.067586,-0.026792,-2.5291,1.124,1.3285,-36.847,-1.72,15.478,0.4196,-4.705
20.5,0.15514,-0.095738,-0.0057278,-0.97654,-0.009536,0.062544,-0.033122,-1.4449,1.0064,-1.2196,-38.604,-0.67226,16.02,0.09452,-4.1563,0.13058,-0.086478,-0.017645,-0.98356,-0.0081508,0.070279,-0.025877,-2.5687,1.1955,0.53269,-37.527,1.0234,16.109,-1.1468,-4.3723
20.6,0.1483,-0.089683,-0.016265,-0.98261,-0.012311,0.065666,-0.020635,-0.60898,0.091745,0.74766,-38.072,-0.62198,19.265,0.31592,-4.3278,0.1454,-0.082582,-0.002215,-0.99057,0.0051129,0.062161,-0.01615,-0.018264,0.10922,1.5486,-37.929,-0.76793,15.876,-0.48403,-5.1963
20.7,0.13458,-0.090285,0.0060289,-0.97265,0.0036193,0.064706,-0.027968,-0.827,-0.97189,2.209,-38.195,-0.93902,14.268,-2.2112,-4.5242,0.1374,-0.10009,-0.0066335,-0.967,-0.0049964,0.068212,-0.029387,0.29608,0.22894,1.3126,-38.338,-2.2234,15.913,-1.3087,-7.8859
20.8,0.14539,-0.096755,0.0089716,-0.99467,0.0071895,0.062648,-0.019092,-2.5035,0.16082,1.4561,-36.499,-2.8947,15.957,-0.78394,-6.6751,0.1298,-0.095764,0.0039,-0.97893,-0.0076405,0.054837,-0.018854,-1.0973,0.63725,-1.7055,-39.106,-0.68038,16.084,-0.18711,-5.5019
20.9,0.13938,-0.082389,-0.0014039,-0.97721,0.0051137,0.057283,-0.030291,-2.6686,-1.2831,-0.67943,-35.826,-1.078,15.339,0.50104,-4.9188,0.15599,-0.08588,-0.0022077,-0.97119,0.0030494,0.059578,-0.026159,-2.4133,1.2055,0.38319,-36.523,0.31374,14.645,-1.337,-4.4467
21,0.14016,-0.10954,-0.00166,-0.98177,-0.0067592,0.053281,-0.027236,-1.4893,-1.337,-0.6077,-39.014,0.48377,13.916,-0.84077,-6.0853,0.13351,-0.1014,-6.9037e-05,-0.97849,0.0052609,0.056745,-0.028835,-2.0138,-1.772,0.3141,-36.614,-0.75644,14.391,-1.015,-6.0084
21.1,0.12857,-0.087076,-0.0062775,-0.97373,0.0038004,0.063708,-0.020813,-1.9325,-0.98738,-0.53828,-37.562,-0.1724,12.656,-1.0823,-5.6168,0.13734,-0.093149,0.014949,-0.96427,-0.0016848,0.055085,-0.026604,-0.56118,-0.11085,0.57577,-36.579,-1.4074,14.11,-1.1076,-6.3358
21.2,0.1483,-0.089007,0.005797,-1.018,-0.0030762,0.061845,-0.018253,-0.43089,-0.38709,1.0646,-36.126,-0.8934,12.839,-1.7361,-5.6647,0.14904,-0.089229,0.023238,-0.97843,0.0019251,0.04934,-0.019481,-1.3788,-1.4211,1.3502,-35.333,-0.58315,13.778,-1.7673,-7.6291
21.3,0.15562,-0.11155,0.0078569,-0.97882,0.0091701,0.061052,-0.015122,-0.71569,-3.4058,1.988,-34.879,-1.6414,14.393,-1.6305,-5.645,0.14736,-0.11397,-0.0013575,-0.98061,0.0032059,0.060321,-0.014657,-1.0773,-0.10597,1.4929,-35.184,-1.2552,11.908,-1.3437,-5.7806
21.4,0.13656,-0.10836,0.019093,-0.97578,0.0013395,0.044904,-0.019454,-1.6958,-1.1084,-0.54567,-35.667,0.84304,12.589,-2.3767,-7.3219,0.14314,-0.10226,-0.0012938,-0.99296,0.01228,0.055016,-0.018422,-1.4179,-1.2575,2.1447,-37.683,0.52466,14.28,-0.94654,-5.9153
21.5,0.1382,-0.1007,0.012217,-0.98935,0.00015768,0.052677,-0.016525,-1.4709,-1.4307,0.61256,-34.608,0.34954,12.307,-0.44013,-7.8026,0.12252,-0.1422,0.007367,-0.97799,0.0015067,0.05768,-0.0089398,-0.50996,-1.9644,1.2357,-37.518,-0.93961,12.939,0.38713,-6.5029
21.6,0.13912,-0.11498,0.011626,-0.99073,0.012076,0.04713,-0.015217,-0.33017,-3.5444,1.4304,-34.167,0.069219,12.975,-2.525,-6.4388,0.12656,-0.11071,0.0017746,-0.98183,0.0093893,0.051579,-0.016193,-2.2381,-2.3929,0.66624,-34.574,-2.0369,11.818,-1.0697,-6.2015
21.7,0.14685,-0.11006,0.010863,-0.97819,0.0083744,0.057892,-0.0029796,-0.19546,-3.2722,1.4003,-36.115,-0.50643,11.563,-1.688,-9.3005,0.14742,-0.11231,0.019143,-0.99499,0.0083426,0.050521,-0.0085437,-2.1665,-2.7183,1.4504,-34.283,-0.79782,13.224,-2.7405,-7.5698
21.8,0.14082,-0.12532,0.019968,-0.99175,0.0021587,0.044549,-0.009348,-1.5593,-3.0642,1.0204,-34.673,0.73701,11.889,0.39929,-5.958,0.14136,-0.13793,0.016616,-0.98857,0.0041444,0.054051,-0.0020652,0.20448,-3.2465,2.7693,-34.345,-1.4345,12.194,0.56297,-8.9378
21.9,0.14017,-0.13835,0.0028028,-0.95933,0.0079369,0.053345,-0.016301,-1.5912,-4.5038,1.9166,-33.098,0.29023,11.191,-0.45333,-7.4642,0.1517,-0.094955,0.010351,-0.99242,0.017616,0.0459,-0.0096274,0.10095,-3.4602,0.57542,-34.212,0.0961,11.847,-0.61057,-8.2095
22,0.13344,-0.13361,0.017103,-0.99108,0.0026291,0.044915,-0.011627,-1.3658,-4.6939,0.89475,-33.937,-1.2208,10.74,-0.22227,-7.6549,0.13117,-0.11669,0.020066,-0.98122,0.0031466,0.043588,-0.0064209,-0.18246,-5.7548,1.2584,-34.642,-2.0215,11.941,0.067371,-7.6832
22.1,0.1406,-0.1219,0.010444,-0.98335,0.010812,0.044984,-0.0072868,-1.1137,-5.4199,-0.31157,-31.988,0.15155,10.384,-1.0576,-9.7438,0.13936,-0.11449,0.018504,-0.99609,0.010825,0.048674,-0.0098346,-0.60368,-4.5704,-0.0075026,-31.851,0.30905,11.025,-0.32889,-7.1183
22.2,0.16665,-0.12024,0.023946,-0.97635,0.013743,0.04734,0.00081547,-1.1965,-6.069,2.5129,-33.246,-1.5995,10.203,-1.0748,-7.7278,0.14007,-0.12037,-0.014478,-0.97788,0.019415,0.037629,-0.0088705,-1.1344,-5.4555,2.1477,-33.085,-1.6513,9.6282,-0.50798,-8.3845
22.3,0.13697,-0.12723,0.017242,-0.98314,0.019757,0.045338,-0.00019487,0.40734,-6.9697,0.83891,-31.368,-0.89326,8.7872,-1.3282,-7.2615,0.13181,-0.12048,0.026009,-0.98366,0.01859,0.044545,-0.008156,-2.4376,-7.0463,0.77096,-32.994,-1.4945,11.207,-0.25607,-8.2097
22.4,0.13176,-0.12116,0.039912,-0.99845,0.0037703,0.025808,-0.0042421,-1.8227,-5.7459,2.0355,-31.964,1.0611,9.5181,-0.78615,-8.3996,0.14965,-0.14029,0.01478,-0.98169,0.0124,0.041527,-0.008591,-1.7505,-6.2409,0.31879,-32.5,-0.72566,10.34,-2.2359,-8.9988
22.5,0.13719,-0.12095,0.021642,-0.98662,0.011285,0.03849,-0.0039752,-2.4768,-6.1148,0.2751,-31.402,-0.79679,8.9206,1.2569,-9.6521,0.1535,-0.13019,0.028099,-0.97953,0.011381,0.029418,0.0053252,-0.40797,-5.5496,3.674,-32.316,-2.1419,8.9754,-0.056389,-10.291
22.6,0.13935,-0.12594,0.015962,-0.98578,0.0073993,0.027649,0.0018834,-1.7714,-7.3805,1.6274,-30.774,-0.4509,9.4448,-1.1926,-8.9177,0.14432,-0.13917,0.018096,-0.98278,0.022358,0.03722,-0.0051063,-1.4387,-7.0928,0.022693,-31.894,-1.0677,9.3341,-0.99231,-9.6602
22.7,0.14046,-0.12319,0.021541,-0.98135,0.015122,0.037325,0.0080858,-0.31831,-7.0207,2.0328,-30.007,-0.35676,9.9156,-3.2313,-10.177,0.14372,-0.14039,0.030167,-0.97916,0.0089073,0.037795,0.0069181,-2.1621,-6.3884,1.3396,-32.423,1.2058,8.0268,-0.87188,-10.969
22.8,0.14444,-0.13889,0.024494,-0.97794,0.0085129,0.031671,0.0035202,-0.44729,-6.4533,3.6328,-30.514,0.28758,7.0173,-0.88413,-11.44,0.13791,-0.1494,0.031234,-0.99514,0.0091219,0.03918,0.00030985,-1.4866,-5.0028,1.5852,-29.984,0.88244,9.2974,-2.4643,-10.347
22.9,0.12427,-0.14207,0.020488,-0.98417,0.0067944,0.025907,0.0073023,-1.2597,-7.7399,0.046814,-30.085,-0.63905,9.3053,-1.6368,-9.1285,0.14184,-0.13704,0.0096848,-0.99094,0.0074333,0.028302,0.0063457,-0.14067,-6.3808,0.29716,-28.971,0.53948,9.3734,-2.0355,-12.043
23,0.12935,-0.14871,0.021622,-0.99098,0.005851,0.022157,0.0049919,-1.6872,-7.5714,-0.42365,-29.983,-0.36435,8.8534,-1.8043,-12.36,0.14479,-0.14651,0.0084966,-0.98614,0.019732,0.028549,0.0044088,-1.3438,-8.1841,0.26527,-32.706,0.17089,9.0531,-1.2241,-10.922
23.1,0.12231,-0.13462,0.012098,-0.99727,0.0207,0.032137,-0.0013959,-0.92762,-7.8216,0.4618,-30.3,-1.2877,7.1439,-0.20735,-10.51,0.11854,-0.13853,0.035794,-0.98737,0.013023,0.025329,0.0045361,0.93271,-5.9551,2.0539,-29.626,0.81487,7.4607,0.98802,-13.813
23.2,0.14276,-0.14614,0.027562,-0.98555,0.015603,0.023386,0.0076898,-1.8796,-8.9824,0.57344,-29.999,-0.94311,7.5502,-1.0357,-12.724,0.13544,-0.13325,0.031476,-0.97728,0.019371,0.017631,0.0088488,-2.1482,-7.8841,3.6384,-29.008,0.71239,6.9782,-1.4387,-11.926
23.3,0.15189,-0.153,0.02578,-0.95997,0.010138,0.032153,0.014186,-0.66155,-9.624,0.097993,-30.13,-1.5411,9.3022,-0.84715,-10.702,0.13301,-0.16276,0.01725,-0.97704,0.010753,0.025402,0.012842,-1.2044,-9.1496,0.46249,-29.698,0.93344,8.3972,-1.9098,-11.601
23.4,0.13391,-0.15816,0.01955,-0.98577,0.023264,0.025712,0.016559,-0.91105,-10.628,0.53611,-27.949,-0.043503,7.1419,0.46386,-10.504,0.12827,-0.14642,0.010957,-0.97358,0.019124,0.034108,0.0097758,-0.047895,-9.2147,1.8187,-28.665,-0.55404,6.654,-1.2693,-12.306
23.5,0.10848,-0.139,0.010441,-0.98324,0.028629,0.017017,0.014925,-1.7115,-11.146,0.54751,-27.788,-0.010385,8.4904,-1.1756,-15.512,0.1269,-0.15044,0.021428,-0.97703,0.017031,0.021876,0.0069091,-0.98515,-9.7663,0.53726,-27.939,-2.2167,6.9332,0.5098,-13.257
23.6,0.10389,-0.1392,0.0012357,-0.97398,0.026559,0.021912,0.0080347,-0.65581,-10.125,0.8769,-29.234,-1.2684,8.6617,-3.2191,-12.466,0.1553,-0.14401,0.021942,-0.99349,0.025595,0.021979,0.012708,-2.3793,-12.505,0.96919,-28.012,-0.072939,7.3993,-2.647,-11.233
23.7,0.13797,-0.16,0.029149,-0.98752,0.018441,0.021613,0.018241,0.6537,-11.417,0.64127,-30.358,-1.5707,4.5972,-1.0919,-11.417,0.15244,-0.14589,0.012366,-0.96996,0.014517,0.015453,0.017965,-1.5053,-11.709,0.10202,-26.196,0.5345,7.4888,-2.4633,-12.805
23.8,0.12102,-0.14942,0.0091853,-0.97238,0.017926,0.024714,0.017348,-2.2389,-11.144,2.3064,-28.028,-0.90056,5.9674,-0.90884,-13.808,0.13292,-0.14069,0.0138,-0.97129,0.024863,0.018826,0.018965,0.14029,-13.016,0.81321,-27.47,-2.4197,5.5486,-2.2764,-14.39
23.9,0.12461,-0.13631,0.0046437,-0.98596,0.017406,0.0051499,0.020575,1.9037,-11.526,-0.32196,-28.388,1.2092,6.6186,-0.46269,-14.507,0.13028,-0.15871,0.02159,-0.98249,0.018022,0.017237,0.012144,-1.1356,-12.502,1.3737,-26.172,0.48862,5.1488,-1.038,-14.332
24,0.13037,-0.15547,0.017791,-0.97219,0.025635,0.01032,0.01565,-0.95357,-10.858,-0.13253,-26.145,0.89687,6.4452,-1.1005,-13.979,0.13033,-0.12547,0.019353,-0.98966,0.026677,0.017837,0.011489,-2.0897,-13.716,-0.77432,-26.616,1.3247,6.0745,-1.9883,-15.08
24.1,0.11573,-0.14457,0.030016,-0.97872,0.029803,0.0058936,0.018975,-2.2188,-13.197,1.6285,-29.199,-0.14513,7.1241,0.69347,-12.976,0.12757,-0.15631,0.016528,-0.98398,0.021691,0.014646,0.0097411,-0.60419,-11.972,0.2666,-26.448,-1.5263,4.0302,-0.83317,-15.313
24.2,0.1092,-0.17146,0.0074047,-0.98172,0.018809,0.016772,0.018913,0.57525,-12.274,1.6565,-27.509,-1.1632,5.6541,0.35427,-16.013,0.13392,-0.16051,0.026393,-0.97809,0.026746,0.010725,0.011559,-0.48183,-11.28,0.44489,-25.775,-0.54821,6.3282,-3.9121,-14.134
24.3,0.11719,-0.13122,0.00090854,-0.97271,0.021775,0.0011889,0.011277,-0.67313,-13.423,1.6309,-25.427,0.057652,6.1774,-1.2744,-14.57,0.12157,-0.15782,0.0090015,-0.97408,0.022164,0.013656,0.023555,0.62703,-14.845,1.5428,-25.662,0.19066,5.1832,-0.4334,-16.609
24.4,0.1163,-0.17239,0.0070328,-0.97009,0.026799,0.012844,0.016872,0.51252,-11.594,1.4467,-25.234,1.4361,5.4599,-1.2611,-15.446,0.11467,-0.15997,0.031626,-0.99191,0.026411,0.010338,0.014424,-1.5849,-13.699,2.4134,-26.438,-0.2766,6.5649,-1.7638,-16.27
24.5,0.12988,-0.15421,0.018065,-0.9765,0.026519,0.0037605,0.017116,-3.0438,-12.698,0.57032,-25.578,-0.34365,6.1154,-0.17741,-16.544,0.13713,-0.16269,0.015544,-0.99016,0.034622,0.0028468,0.015932,0.73387,-14.468,-1.468,-27.243,-0.3668,4.4469,-1.3551,-15.12
24.6,0.13972,-0.15493,-0.0057196,-0.98002,0.027344,0.0069122,0.027469,-1.7199,-13.43,1.8237,-25.16,0.024209,4.1848,-0.37576,-16.937,0.10762,-0.14753,0.024282,-0.98831,0.029315,0.0039692,0.022698,-0.58915,-13.184,0.90225,-24.819,0.94871,5.0015,-0.74424,-15.93
24.7,0.11447,-0.15185,0.0077861,-0.98721,0.02765,0.0091308,0.015682,-0.49523,-13.545,-0.90116,-24.655,-1.2337,7.2857,-0.44675,-18.193,0.12391,-0.15094,0.0076996,-0.97581,0.020994,0.0048018,0.025168,-0.66936,-14.807,1.1048,-22.612,-0.088431,6.062,-1.5739,-16.038
24.8,0.1138,-0.154,0.018966,-0.97489,0.023836,-0.0014345,0.018657,-2.6903,-16.427,1.5851,-25.381,-0.93649,5.3554,0.65757,-16.274,0.1194,-0.16358,0.010056,-0.98573,0.031939,0.0042241,0.028947,-1.3072,-15.137,0.41768,-23.977,-1.3706,5.4336,-0.81854,-16.237
24.9,0.10421,-0.17502,-0.010492,-0.95612,0.028073,0.0080484,0.025159,-0.80648,-16.245,0.58636,-25.45,0.73699,5.5846,-0.99893,-18.531,0.11138,-0.15657,-0.00031129,-0.97575,0.023737,0.0023456,0.020765,-2.2061,-14.205,-0.041502,-25.61,-0.62785,5.6121,-1.1851,-16.661
25,0.10225,-0.17177,0.0093047,-0.96659,0.033962,0.0036772,0.01816,-0.60812,-15.992,0.6041,-23.606,-1.9536,2.5378,-1.0054,-18.17,0.12804,-0.1627,0.0070288,-0.97337,0.035138,-0.0011824,0.032247,-1.4679,-15.443,-0.311,-25.63,-1.6859,7.344,-1.069,-17.101
25.1,0.088806,-0.15341,0.0134,-0.98272,0.025936,0.0018033,0.025696,0.061142,-17.337,0.037145,-25.008,-1.9135,6.0287,-0.57102,-19.446,0.095641,-0.1574,-0.00093107,-0.99085,0.025858,-0.0035942,0.019617,-2.3145,-14.562,0.18525,-25.13,0.18959,5.9186,-2.5386,-18.485
25.2,0.1034,-0.15767,0.0076763,-0.98795,0.032327,0.00070832,0.023501,-1.4802,-16.716,0.76452,-24.443,-0.51214,5.9566,-1.1084,-19.229,0.098529,-0.15657,0.0086454,-0.98263,0.028227,0.0026435,0.025836,-2.918,-17.364,0.3413,-22.668,1.0507,4.9157,-1.9902,-18.235
25.3,0.098116,-0.16677,0.0064304,-0.97873,0.03863,-0.013236,0.02742,-2.3395,-17.815,1.4057,-24.335,-0.36477,4.2327,-1.8901,-20.652,0.12478,-0.13148,0.0076944,-0.97769,0.026656,-0.0028799,0.03039,-2.7222,-17.526,2.1899,-24.707,-0.093862,5.3575,1.1298,-18.056
25.4,0.10592,-0.16835,0.0049004,-0.98536,0.033533,0.00011031,0.025982,0.77978,-15.09,0.89278,-23.137,0.46076,5.2354,-0.82283,-18.824,0.12929,-0.15521,0.012227,-0.98819,0.032882,0.00032038,0.025674,-1.5447,-17.516,1.2715,-23.392,0.0012458,6.7742,-1.868,-18.007
25.5,0.1093,-0.14496,0.019363,-0.98462,0.038758,-0.0096811,0.021052,-0.029361,-18.907,0.6505,-22.868,-0.27845,6.1732,-0.85634,-18.593,0.098801,-0.1528,0.0082537,-0.97789,0.031356,-0.0030803,0.034103,-1.6779,-16.405,2.1419,-25.023,0.60758,6.4546,0.087422,-20.885
25.6,0.10745,-0.14955,0.012905,-0.97471,0.038954,-0.0061318,0.026452,-3.9072,-19.141,0.68709,-20.855,-0.049941,6.4758,-2.8528,-19.628,0.10187,-0.15553,0.0037184,-0.9883,0.029856,-0.0069677,0.022505,-1.0928,-18.225,0.50545,-21.652,0.63133,5.8471,-2.8579,-18.576
25.7,0.093028,-0.15878,-0.0055186,-0.98748,0.029923,-0.0032796,0.025291,0.14246,-18.644,0.06474,-21.17,2.1282,6.6667,-0.74715,-19.114,0.11087,-0.1774,-0.0039129,-0.99125,0.037812,-0.011646,0.032037,-1.598,-19.734,0.41716,-23.577,0.59722,6.0719,-1.4356,-20.271
25.8,0.090528,-0.14014,0.014418,-0.9885,0.046607,-0.0105,0.026116,-0.52217,-19.983,-0.036035,-20.657,-0.2682,7.0977,0.41509,-17.983,0.10594,-0.17129,-0.002271,-0.99566,0.04313,-0.015089,0.030772,-2.4758,-19.572,-0.50482,-20.878,-1.2609,7.3901,-0.42168,-20.579
25.9,0.097401,-0.14697,0.0084156,-0.95949,0.041174,-0.0079987,0.028306,-0.97958,-17.649,0.61886,-21.741,0.67903,6.4536,-0.11048,-22.06,0.090331,-0.14355,0.013482,-0.99297,0.038699,-0.013622,0.023419,-2.4497,-20.419,-0.76405,-21.014,2.8237,4.2197,-0.10012,-19.334
26,0.080469,-0.15126,0.0045313,-0.97721,0.031473,-0.014617,0.026163,-2.8463,-18.879,1.2403,-21.216,1.6233,6.333,0.30285,-21.488,0.097908,-0.14779,0.013556,-0.98378,0.047329,-0.013884,0.026782,0.26081,-20.197,-1.4259,-21.877,0.5248,5.2555,0.67666,-20.871
26.1,0.08929,-0.13979,-0.014017,-0.99048,0.029788,-0.014824,0.033645,-1.196,-19.008,0.23873,-20.516,1.2132,5.3179,-1.0526,-20.76,0.084805,-0.13707,0.0031384,-1.0045,0.035068,-0.0039662,0.025316,-1.5247,-19.913,3.1766,-21.505,0.14404,6.4142,-1.0525,-21.129
26.2,0.078039,-0.15877,-0.012664,-0.98655,0.041032,-0.011166,0.024253,-2.9429,-20.605,0.26772,-20.597,-0.11481,6.0164,-2.9577,-20.206,0.096139,-0.15463,0.0071846,-0.97812,0.033843,-0.032312,0.024043,-1.4337,-18.477,-0.38934,-20.251,1.6629,6.6482,-1.7712,-20.066
26.3,0.087186,-0.15552,-0.010437,-0.98697,0.034473,-0.02026,0.021546,-2.4565,-19.977,2.1486,-19.75,1.4467,7.0358,-2.4371,-23.274,0.084846,-0.14566,-0.01729,-0.98413,0.044737,-0.023789,0.019878,-1.9667,-21.086,-0.72532,-21.094,-0.31296,7.4023,0.41865,-20.593
26.4,0.083831,-0.14587,-0.0080389,-0.98778,0.034694,-0.016046,0.036828,-1.6815,-22.154,2.0512,-19.657,1.0583,6.8549,-0.14335,-24.707,0.082941,-0.16693,-0.0020292,-0.96275,0.036413,-0.02149,0.026097,-0.49387,-22.013,0.43813,-18.672,1.7582,7.7477,-0.90701,-23.276
26.5,0.064323,-0.13879,-0.0036438,-0.97159,0.045951,-0.032993,0.028632,-1.6123,-21.16,1.0375,-20.637,1.2683,8.1781,-0.45888,-21.214,0.084989,-0.14965,-0.0030368,-0.97632,0.040318,-0.013857,0.024268,-2.8113,-22.756,2.8402,-19.115,-0.32823,6.9417,-2.0131,-22.538
26.6,0.097011,-0.15816,-0.010816,-0.99453,0.039938,-0.014542,0.027577,0.022205,-24.05,1.9879,-18.631,2.5068,8.5321,0.52354,-22.356,0.062506,-0.13736,-0.017055,-0.9765,0.035909,-0.032308,0.034692,0.19462,-22.318,0.51576,-17.881,-0.4656,9.2549,-1.3097,-22.899
26.7,0.077373,-0.13184,0.0082955,-0.99503,0.041609,-0.02141,0.023267,0.90497,-23.835,1.7416,-19.131,1.4069,7.6902,1.6152,-22.417,0.076772,-0.16278,-0.015177,-0.97795,0.035925,-0.023802,0.017413,-0.71395,-23.573,-1.4647,-18.065,-0.84544,9.9106,-1.0316,-23.993
26.8,0.070535,-0.133,0.0014405,-1.0066,0.04327,-0.032329,0.027064,-2.0131,-23.042,1.059,-18.888,0.55794,10.053,0.08247,-22.969,0.062966,-0.14061,-0.016734,-0.98786,0.043647,-0.024002,0.02109,-0.22588,-23.155,-0.38023,-19.268,-0.037668,9.0648,-2.3344,-24.05
26.9,0.07993,-0.14288,-0.0044993,-0.99302,0.041192,-0.022171,0.02316,-1.6943,-21.74,1.5984,-17.981,0.99049,8.8724,-0.43987,-23.651,0.09377,-0.15634,-0.012913,-0.98733,0.046254,-0.033408,0.026473,-1.9051,-23.417,0.75675,-18.445,1.0352,9.3493,0.20521,-23.866
27,0.081077,-0.12656,-0.0027171,-0.99185,0.051473,-0.027091,0.027373,-1.8843,-23.826,1.8512,-18.067,1.8707,10.574,-1.3486,-24.506,0.076819,-0.13894,-0.013899,-0.98584,0.05363,-0.033131,0.019433,0.85233,-22.436,0.50972,-17.551,1.9815,9.3693,-0.29359,-24
27.1,0.061771,-0.15782,-0.016554,-0.98228,0.034787,-0.027155,0.027195,0.92756,-24.797,1.0778,-17.689,-0.41419,9.1261,0.16415,-24.148,0.063599,-0.1348,-0.0080484,-0.98273,0.047169,-0.018472,0.034057,-3.0673,-25.335,1.6225,-18.051,0.162,10.586,-2.2609,-24.286
27.2,0.056589,-0.14844,-0.0026191,-0.99078,0.048996,-0.033331,0.025722,-1.6628,-23.522,2.079,-17.949,-0.020189,8.2339,-0.39515,-23.35,0.077129,-0.13443,-0.0094657,-0.9865,0.046168,-0.030395,0.019304,-2.1318,-24.458,-0.69123,-16.807,-0.089919,9.5891,-0.9739,-23.272
27.3,0.064428,-0.13754,-0.021917,-0.99177,0.054375,-0.038941,0.023161,-1.2547,-23.029,4.2032,-16.017,0.73447,8.4819,-0.65546,-25.879,0.077806,-0.1322,-0.019359,-0.99643,0.038806,-0.024227,0.027102,-0.043953,-24.212,1.2367,-15.224,1.0684,9.509,0.83306,-25.122
27.4,0.060047,-0.13244,-0.0072311,-0.99183,0.045835,-0.023416,0.03014,-1.4383,-25.208,0.27973,-15.188,1.875,10.467,-1.229,-25.996,0.072254,-0.13415,-0.016448,-0.97546,0.049104,-0.038332,0.026404,-2.0011,-25.085,0.23107,-16.708,0.5669,9.2932,-0.40791,-23.303
27.5,0.074383,-0.12924,-0.014852,-0.99834,0.058013,-0.031232,0.022296,-0.11644,-23.523,2.5041,-16.047,0.95792,10.76,-1.1279,-25.134,0.066632,-0.13111,-0.011427,-0.99645,0.045602,-0.036654,0.022696,-2.0318,-26.251,0.68847,-16.442,1.0055,10.927,-0.64064,-24.309
27.6,0.057774,-0.12794,-0.02244,-0.99345,0.045183,-0.032997,0.023063,-1.1841,-26.376,-0.39189,-17.205,1.9909,10.448,-0.65556,-23.932,0.061248,-0.10759,-0.0043853,-0.99755,0.040806,-0.033057,0.026662,-1.0218,-25.711,0.88604,-16.42,1.2984,11.838,-1.2319,-25.987
27.7,0.070008,-0.14782,-0.021409,-0.98311,0.060094,-0.047423,0.024852,0.004119,-26.244,0.58828,-16.434,-0.57652,10.746,-0.23889,-25.006,0.047494,-0.13732,-0.023044,-0.9957,0.054233,-0.034967,0.026173,-1.5638,-26.313,-0.080459,-16.598,-1.1773,9.4548,-1.4151,-24.372
27.8,0.041452,-0.14621,-0.015012,-0.98359,0.050219,-0.04082,0.024633,-1.7902,-24.759,0.84265,-14.461,0.36084,11.543,-0.48511,-25.34,0.025222,-0.13794,-0.01541,-1.0064,0.052453,-0.044243,0.027196,-0.38823,-26.014,0.58366,-14.989,1.0296,11.025,-1.5914,-26.507
27.9,0.057809,-0.1283,-0.024313,-0.97375,0.056635,-0.043467,0.031061,-1.1925,-24.374,1.6637,-15.536,0.46924,13.154,-1.1455,-27.139,0.039513,-0.11138,-0.013807,-1.0035,0.04483,-0.039218,0.031868,0.078924,-27.04,1.1688,-13.715,-0.95791,10.37,-1.8802,-27.989
28,0.055268,-0.1025,-0.013184,-0.97435,0.054368,-0.045191,0.026644,-2.1406,-24.646,1.8573,-16.163,-0.52575,12.116,-0.65665,-26.658,0.058462,-0.13426,-0.011354,-1.0072,0.056771,-0.041784,0.021559,-0.18592,-24.581,1.4538,-15.091,2.8629,11.875,-0.41578,-27.74
28.1,0.045054,-0.12739,-0.014946,-0.99065,0.049895,-0.052217,0.025571,0.1786,-27.026,0.21996,-13.12,0.39494,11.9,-1.8179,-27.32,0.047818,-0.12977,-0.016672,-0.98489,0.043566,-0.03967,0.022264,-1.9706,-25.549,0.37657,-14.119,0.37242,10.932,-0.094468,-27.572
28.2,0.026554,-0.11797,-0.023689,-0.97995,0.044781,-0.05006,0.036245,-0.31636,-25.737,1.5044,-13.934,-0.37147,11.287,0.06441,-26.9,0.054118,-0.107,-0.014947,-0.98655,0.051279,-0.033328,0.029856,1.8858,-26.913,0.91762,-13.554,1.9044,11.504,-0.7044,-26.461
28.3,0.046126,-0.13564,-0.021065,-1.0072,0.051905,-0.046799,0.03207,-0.28968,-24.488,-0.13537,-13.407,0.36228,12.884,-1.0286,-26.141,0.029909,-0.14114,-0.013906,-0.97579,0.052557,-0.046108,0.024655,-0.032657,-26.276,0.24651,-13.73,0.21698,12.637,-0.74953,-26.947
28.4,0.034423,-0.10994,-0.051384,-1.0004,0.047362,-0.053143,0.024828,-0.50358,-25.9,1.324,-12.055,0.2048,13.496,-1.3029,-28.343,0.039322,-0.10846,-0.034952,-0.98154,0.042658,-0.049053,0.022845,-1.5276,-25.48,0.89585,-11.921,2.1082,12.682,-0.64335,-26.987
28.5,0.0342,-0.10902,-0.0084029,-0.9867,0.043128,-0.042922,0.026047,0.75863,-26.122,1.1413,-11.994,1.0387,13.383,0.43358,-27.156,0.049715,-0.11906,-0.025683,-0.97625,0.042832,-0.048369,0.02367,1.0976,-25.486,0.51181,-12.755,0.65918,13.205,-0.23337,-25.774
28.6,0.022972,-0.11702,-0.011033,-1.0142,0.046466,-0.046142,0.02687,2.5043,-25.727,1.4466,-13.389,1.2812,13.475,-0.90057,-28.311,0.030921,-0.12258,-0.039415,-0.98818,0.041707,-0.045676,0.015022,-0.13508,-24.36,0.19819,-12.859,0.94534,13.778,-0.1276,-29.015
28.7,0.042942,-0.13056,-0.027294,-0.96823,0.042882,-0.051007,0.022726,-0.10423,-26.52,-0.25331,-13.598,0.47739,14.039,-0.052326,-29.958,0.059103,-0.1054,-0.027962,-1.0012,0.055032,-0.053633,0.011163,0.67471,-24.22,-0.22886,-11.387,-0.44212,13.057,1.2725,-27.976
28.8,0.053714,-0.097406,-0.02555,-1.0018,0.041511,-0.057873,0.02193,1.2117,-24.472,1.4949,-13.152,-1.0308,14.464,1.0564,-29.609,0.027209,-0.11092,-0.030377,-0.9874,0.045792,-0.052239,0.031523,0.91106,-25.362,1.6165,-12.206,-0.40493,13.716,-1.1718,-27.584
28.9,0.032262,-0.12557,-0.01926,-0.98491,0.034285,-0.058905,0.020801,-0.10385,-25.059,-1.6802,-12.145,-1.134,12.035,-0.49195,-27.736,0.030932,-0.12146,-0.04043,-0.99807,0.038669,-0.051697,0.020812,-0.34948,-27.218,1.5163,-12.147,1.5811,12.648,2.2272,-29.195
29,0.0064935,-0.093977,-0.021845,-1.0052,0.036638,-0.053445,0.020071,0.83064,-24.036,2.1497,-12.649,1.3909,15.57,2.0244,-30.239,0.0061799,-0.11297,-0.016975,-0.98126,0.038111,-0.062259,0.020268,0.38362,-24.972,1.3822,-11.276,-1.4245,13.78,-0.41067,-29.268
29.1,0.011939,-0.11082,-0.029617,-0.99299,0.040377,-0.05801,0.033333,0.20862,-24.567,1.6133,-11.676,0.79343,13.085,1.2924,-28.799,0.007704,-0.08942,-0.023336,-0.98869,0.051865,-0.058838,0.021638,0.3027,-25.21,1.8982,-10.275,1.5089,15.522,-0.30296,-29.622
29.2,0.024483,-0.070899,-0.024736,-0.99328,0.04088,-0.046713,0.030406,1.1465,-24.459,0.31205,-10.032,1.8418,15.132,0.94118,-27.726,0.02087,-0.085469,-0.030646,-0.99053,0.046309,-0.066667,0.020574,-0.40025,-26.952,2.2402,-10.273,0.72025,13.667,-0.16308,-27.053
29.3,0.01167,-0.099028,-0.03009,-1.0028,0.039895,-0.058891,0.030448,0.7081,-25.267,1.2164,-9.4458,1.4482,15.684,-0.79642,-29.252,0.025225,-0.092457,-0.061531,-0.99597,0.036692,-0.057545,0.019052,0.11239,-23.845,1.5934,-11.993,-0.66139,13.743,0.85172,-26.254
29.4,0.017776,-0.097877,-0.048109,-1.0212,0.032872,-0.059822,0.018992,1.2507,-24.591,1.4082,-9.5823,0.26712,15.571,1.1174,-27.447,0.026624,-0.1031,-0.03814,-0.99675,0.038116,-0.059321,0.02517,2.1018,-25.341,-0.1534,-9.1643,0.38597,17.361,0.43111,-29.117
29.5,0.02443,-0.082802,-0.02761,-1.0007,0.032016,-0.061599,0.0086171,1.6065,-22.217,0.43423,-10.414,1.9243,14.96,0.24528,-29.049,0.010776,-0.086663,-0.019013,-1.0122,0.034351,-0.058663,0.017285,3.3765,-23.59,0.13141,-9.175,-0.97446,16.355,-0.8503,-27.946
29.6,-0.0021479,-0.078466,-0.051372,-1.0022,0.041399,-0.060063,0.025939,1.4655,-20.381,1.3161,-7.5553,1.0444,13.444,0.6201,-27.63,-0.001509,-0.085163,-0.024578,-0.9834,0.036483,-0.065099,0.024104,0.46269,-22.509,0.66299,-9.4754,0.079057,15.368,1.69,-26.614
29.7,-0.00011676,-0.096937,-0.027596,-0.99494,0.032699,-0.057705,0.014262,-1.7226,-24.304,1.1713,-9.4631,-1.0585,14.549,1.4828,-27.246,0.0069753,-0.07984,-0.043172,-0.98737,0.034247,-0.057037,0.019224,-0.91261,-22.303,0.15444,-8.4881,-0.12229,15.376,2.2215,-26.186
29.8,-0.0029068,-0.067906,-0.041442,-1.0147,0.042799,-0.067039,0.024141,-0.84065,-20.768,1.4602,-7.715,1.5483,15.956,0.38644,-25.969,0.0070011,-0.06685,-0.012947,-1.0117,0.034481,-0.059288,0.021196,-0.1929,-22.802,0.047544,-8.1414,2.069,16.699,0.29934,-28.909
29.9,-0.012949,-0.066564,-0.024461,-1.003,0.033136,-0.059268,0.011416,-1.072,-22.752,1.5494,-6.9663,0.22422,16.304,0.61776,-27.161,0.0098656,-0.078126,-0.033419,-1.0005,0.029533,-0.07159,0.017315,2.8365,-21.489,0.57838,-9.0527,-0.72501,17.265,-0.59588,-27.211
30,0.005023,-0.071819,-0.052843,-1.0207,0.042908,-0.063385,0.0088448,-1.1812,-19.993,1.0622,-6.0485,0.92512,15.904,1.5754,-26.484,0.0089209,-0.065623,-0.030659,-0.98136,0.034277,-0.059681,0.01848,1.2918,-21.778,0.25568,-6.2981,1.8668,18.226,-1.1969,-26.151
30.1,0.0087323,-0.06616,-0.049875,-1.0091,0.028439,-0.058288,0.019497,-0.6332,-21.46,0.94843,-8.9575,1.7534,17.733,1.5983,-25.924,-0.0019416,-0.085719,-0.051112,-1.0063,0.03712,-0.052246,0.01645,-1.1713,-23.128,-0.10386,-7.2798,0.25013,17.963,1.6998,-25.332
30.2,-0.010806,-0.061883,-0.02399,-1.0191,0.033921,-0.06935,0.020995,-1.3831,-18.716,0.77174,-8.7551,0.40215,16.033,1.0233,-24.101,0.0058727,-0.070905,-0.04149,-1.0031,0.031931,-0.063171,0.011015,0.612,-20.835,1.2719,-8.3402,2.4044,18.587,0.67045,-25.487
30.3,-0.0027286,-0.074568,-0.038723,-0.9998,0.029642,-0.058592,0.013853,0.51372,-18.402,-2.0697,-8.1285,-0.196,16.59,2.1203,-27.344,-0.016211,-0.054489,-0.029938,-0.99218,0.040687,-0.058899,0.012907,1.4372,-20.64,0.68511,-7.624,2.4565,17.62,1.2738,-24.634
30.4,-0.0073316,-0.070422,-0.038495,-1.0045,0.029126,-0.062998,0.013135,0.82752,-21.436,0.69886,-5.4858,0.037921,15.943,0.97094,-22.291,0.0009789,-0.056867,-0.04493,-1.0004,0.032565,-0.067916,0.010215,-0.079835,-19.665,0.11604,-9.7384,1.2029,19.338,0.1827,-24.688
30.5,0.0016562,-0.067512,-0.0084887,-0.99096,0.035631,-0.066133,0.013799,-0.10983,-19.024,-0.19579,-7.4652,1.5668,17.579,-0.13273,-25.751,0.0028602,-0.065486,-0.039015,-1.0124,0.029202,-0.064221,0.015413,1.2752,-20.256,-0.87644,-6.7921,1.1901,18.675,1.952,-24.902
30.6,-0.012248,-0.058259,-0.04686,-1.0012,0.036511,-0.069743,0.016594,0.058526,-20.231,0.85265,-7.4985,3.4029,17.498,1.582,-23.899,-0.010484,-0.047471,-0.032995,-0.9916,0.030114,-0.067323,0.0059909,0.87522,-18.388,0.12494,-5.1875,2.2705,18.86,0.88594,-24.807
30.7,-0.01779,-0.04002,-0.041501,-0.99872,0.027565,-0.062424,0.0095551,0.7059,-19.34,-0.0483,-7.518,-1.5239,20.774,-1.1384,-24.445,-0.014384,-0.056935,-0.036027,-0.99859,0.034874,-0.05345,0.00017869,-0.14298,-19.224,-1.3652,-5.695,-0.9635,18,1.6377,-23.766
30.8,-0.024976,-0.026761,-0.050016,-1.0034,0.028983,-0.059441,0.0051406,1.4985,-18.838,1.1197,-6.5235,3.04,15.92,0.44871,-25.246,0.00071185,-0.052374,-0.055507,-0.99168,0.028478,-0.069488,0.0060861,-1.1851,-18.616,-1.1874,-7.6915,-0.25819,18.786,1.8492,-23.731
30.9,-0.010959,-0.055809,-0.045592,-1.0091,0.028036,-0.064418,-0.0023262,0.82241,-21.027,-0.11908,-9.3881,0.29543,20.526,0.039095,-24.7,-0.029045,-0.063395,-0.034098,-0.98823,0.029521,-0.063687,0.012484,3.2004,-18.161,0.17857,-6.9796,0.11788,18.755,1.0969,-23.409
31,-0.021406,-0.035423,-0.052351,-0.99315,0.026855,-0.064647,-0.0030414,2.4229,-18.418,-0.79226,-8.2094,1.9127,17.259,-0.022764,-24.03,-0.0069184,-0.047344,-0.043409,-0.99594,0.032512,-0.060235,-0.0026076,1.8959,-19.358,-0.32286,-6.7589,-0.59011,19.313,-0.31555,-24.151
31.1,0.0032565,-0.029482,-0.037594,-0.98201,0.025059,-0.069238,-0.0026221,-0.095488,-19.221,-1.3912,-6.486,0.21765,19.746,1.6535,-21.544,-0.035441,-0.053643,-0.047699,-1.0021,0.029408,-0.051542,-0.0010856,1.8871,-18.341,-1.4551,-8.8259,-0.23632,19.265,0.18775,-24.244
31.2,-0.024481,-0.024862,-0.025927,-0.99201,0.025304,-0.054655,-0.0029585,1.2236,-17.965,0.30338,-8.575,1.2628,18.659,1.003,-23.522,-0.035824,-0.03794,-0.043405,-0.99924,0.021806,-0.064676,0.00042805,-0.42173,-18.82,-0.96534,-9.4758,0.97111,20.025,0.36801,-21.964
31.3,-0.011485,-0.043589,-0.047763,-0.99898,0.022855,-0.052443,0.0033949,2.3696,-17.683,-1.209,-9.0902,2.8147,20.548,1.4457,-23.81,-0.013609,-0.028162,-0.044336,-0.9992,0.031058,-0.057346,-0.0076808,0.8767,-17.379,-0.97419,-9.7488,1.0446,19.759,1.9786,-23.171
31.4,-0.0081694,-0.046564,-0.029541,-1.0079,0.027704,-0.050596,-0.00073627,-0.35126,-19.544,1.3991,-7.591,1.2417,20.956,0.26246,-22.794,-0.012164,-0.015003,-0.037657,-0.97629,0.034878,-0.0529,-0.0033893,2.2599,-16.637,-1.2052,-9.9176,1.2133,20.92,0.69165,-22.927
31.5,-0.032944,-0.024112,-0.049042,-0.99143,0.019178,-0.053454,-0.0057721,0.045098,-17.39,-0.77899,-11.307,2.6884,22.048,0.66733,-21.628,-0.046041,-0.0076991,-0.025761,-0.99946,0.032277,-0.057491,0.0022581,0.92228,-18.057,-0.94597,-10.862,-0.31016,20.353,1.3782,-22.793
31.6,-0.019351,-0.030634,-0.04086,-1.0151,0.026397,-0.059489,-0.0046939,0.58092,-16.192,-2.5352,-10.236,-0.019059,19.634,0.60752,-20.312,-0.010133,-0.043422,-0.036377,-0.99353,0.0236,-0.060799,-0.00041697,2.6174,-16.831,-2.7932,-9.4893,0.16086,21.737,-0.34722,-21.656
31.7,-0.027572,-0.040997,-0.048812,-0.99555,0.022324,-0.053099,-0.0017568,0.074775,-18.205,-2.3904,-10.133,0.67765,22.821,0.94196,-20.333,-0.031164,-0.026978,-0.049347,-0.99707,0.029901,-0.052502,-0.00016684,1.2907,-15.762,-1.2438,-11.278,0.3431,22.596,3.0422,-21.81
31.8,-0.028827,-0.029104,-0.034188,-1.0263,0.024037,-0.049459,-0.01548,0.74699,-16.411,-1.7246,-10.386,2.1824,20.259,-0.78624,-18.832,-0.017419,-0.032666,-0.055549,-0.9959,0.022686,-0.046976,-0.0062121,0.24528,-15.91,-0.70755,-10.191,0.17945,22.437,0.61413,-21.208
31.9,-0.032801,-0.027674,-0.047877,-1.0043,0.022743,-0.046802,-0.0021305,0.81311,-15.247,-0.38177,-11.038,0.97547,20.804,2.0548,-20.53,-0.029085,-0.018291,-0.034972,-0.9981,0.031849,-0.04855,-0.0055249,0.78269,-16.463,-1.5465,-12.614,0.38329,20.477,1.1187,-19.686
32,-0.036904,-0.010568,-0.027501,-0.98524,0.021641,-0.03614,0.00053188,0.74726,-15.098,-0.28448,-12.323,-1.0413,22.419,1.2098,-18.964,-0.023135,-0.019441,-0.049101,-1.0124,0.024349,-0.033109,-0.0076217,1.5006,-14.284,-0.94539,-11.151,1.0693,21.501,-0.50213,-19.666
32.1,-0.041906,-0.021592,-0.039146,-0.98698,0.025432,-0.041465,-0.0084242,1.3842,-15.6,-0.1936,-12.682,0.89842,19.543,0.88416,-20.209,-0.050411,-0.039479,-0.050227,-1.002,0.020685,-0.041806,-0.008835,1.071,-16.108,-3.2659,-12.19,-1.0446,21.942,-0.7384,-19.639
32.2,-0.034033,-0.0092111,-0.030486,-1.011,0.026366,-0.041695,-0.0097592,0.9144,-13.739,0.25024,-11.532,-0.9302,22.483,0.69935,-21.476,-0.023081,-0.021194,-0.027938,-0.98235,0.025041,-0.035928,-0.0080984,0.033289,-14,-2.1631,-14.385,0.26674,21.683,0.80464,-19.795
32.3,-0.034599,-0.0080848,-0.03638,-0.98794,0.023503,-0.033307,-0.0080041,0.544,-13.967,-0.53023,-11.114,0.86176,21.651,-0.19639,-19.316,-0.058561,-0.021707,-0.061508,-1.0023,0.014015,-0.050496,-0.0097762,1.6068,-14.139,-1.7176,-13.432,1.5742,21.202,-0.76602,-19.841
32.4,-0.01324,-0.00086608,-0.06077,-0.99807,0.021605,-0.046531,-0.0084163,2.4236,-14.887,-0.73514,-14.313,-0.35617,21.396,0.044756,-20.231,-0.042665,-0.02705,-0.038088,-1.0079,0.014877,-0.044347,-0.013049,-0.44072,-14.509,-2.3364,-13.84,-1.2823,23.214,-0.063081,-21.697
32.5,-0.026303,0.00041028,-0.029367,-1.0037,0.020247,-0.043313,-0.0072035,1.535,-12.834,-1.1225,-14.048,1.8281,21.865,0.79632,-18.832,-0.032064,0.0049262,-0.05149,-0.9949,0.011444,-0.031873,-0.016598,-0.12272,-14.229,-2.2353,-13.479,0.24939,22.909,-0.12163,-19.129
32.6,-0.036881,-0.0062962,-0.045915,-1.0008,0.014869,-0.031499,-0.014678,-0.29204,-13.424,-3.1181,-15.147,-0.6065,21.592,0.90351,-19.031,-0.04039,-0.010222,-0.037235,-0.99958,0.022239,-0.046048,-0.0085173,0.57569,-14.29,-0.51236,-15.148,0.019265,21.231,0.44936,-19.39
32.7,-0.03769,-0.0049204,-0.054956,-0.99476,0.025352,-0.027595,-0.016542,-0.86959,-12.652,-1.7174,-15.917,2.3737,22.599,-0.37513,-18.921,-0.031282,-0.019864,-0.033648,-0.98331,0.027587,-0.047844,-0.013785,1.0445,-13.297,-1.7335,-14.445,1.4023,21.722,0.95374,-18.794
32.8,-0.056178,-0.0083687,-0.039238,-0.99828,0.020831,-0.037342,-0.012877,0.48398,-13.24,-1.8707,-16.309,1.1708,23.396,-2.0508,-18.491,-0.051885,-0.0056708,-0.042421,-0.99096,0.011916,-0.029272,-0.0059949,0.39916,-12.937,-2.5269,-13.86,1.1595,25.209,0.31979,-19.55
32.9,-0.041603,-0.0053169,-0.02922,-0.99759,0.017236,-0.033006,-0.017478,0.59719,-10.92,1.1772,-13.898,-0.031097,25.499,0.06843,-20.814,-0.057128,-0.01779,-0.033393,-1.0122,0.01473,-0.031063,-0.0078821,1.1537,-12.34,-0.3074,-13.873,0.23762,23.501,-0.37408,-19.971
33,-0.041496,-0.00099536,-0.024847,-1.0078,0.020017,-0.026298,-0.010535,-0.28675,-13.644,-0.63402,-13.399,0.164,24.63,-0.43181,-18.3,-0.036555,0.011788,-0.039202,-1.0108,0.016095,-0.03227,-0.018827,2.8405,-12.671,-1.4176,-16.389,0.96356,24.186,1.3114,-19.659
33.1,-0.044171,0.0058686,-0.032982,-0.98311,0.015775,-0.029169,-0.017958,1.447,-10.562,-0.21732,-16.553,2.0379,23.883,0.8142,-19.656,-0.036696,-0.0059915,-0.029722,-0.99612,0.012177,-0.031585,-0.0077566,0.8187,-12.916,-1.3445,-15.923,-0.27964,24.252,0.049796,-20.151
33.2,-0.038899,-0.0094503,-0.042407,-0.99444,0.015511,-0.043627,-0.018903,0.2932,-10.208,-1.7024,-16.731,1.5509,25.152,-0.20443,-20.2,-0.053677,0.0011746,-0.020405,-1.0002,0.0094634,-0.030473,-0.025211,0.17294,-10.111,-2.1753,-17.43,2.1961,21.963,-0.58018,-18.668
33.3,-0.05929,0.014297,-0.035739,-0.99993,0.014866,-0.033432,-0.027838,2.0199,-11.054,-0.83883,-17.506,1.1809,25.096,0.3963,-16.584,-0.047986,0.003046,-0.042959,-1.0129,0.0073946,-0.02716,-0.014404,0.54905,-11.78,-0.94422,-18.06,1.2266,24.43,-1.6459,-20.686
33.4,-0.0511,0.0035507,-0.026267,-1.0103,0.0082802,-0.025943,-0.019063,2.1341,-11.733,-1.3893,-16.558,-0.26017,25.477,-0.90234,-20.246,-0.056762,0.0039211,-0.027791,-0.99808,0.01259,-0.027064,-0.0094913,1.7151,-10.397,0.2642,-18.096,2.5074,25.327,1.084,-19.033
33.5,-0.042906,0.014906,-0.024012,-0.99699,0.0055706,-0.014276,-0.016544,2.1187,-10.219,-0.51228,-17.227,-0.1252,25.677,-0.51297,-18.964,-0.041304,0.014706,-0.034456,-1.0019,0.014871,-0.033512,-0.016207,-0.3184,-8.6782,-1.7017,-17.187,0.47469,24.103,1.7452,-20.426
33.6,-0.045807,0.0098084,-0.018603,-0.99148,0.0028641,-0.03782,-0.022034,0.022191,-11.125,-2.9551,-18.66,2.5262,23.713,-0.72606,-19.268,-0.053046,0.020766,-0.038935,-0.99926,0.02112,-0.025855,-0.01135,-1.0366,-9.5372,-1.3315,-19.119,1.3113,23.849,1.4946,-19.252
33.7,-0.042039,-0.0033366,-0.027861,-1.0079,0.0092421,-0.023659,-0.025447,0.63108,-11.275,-0.70444,-18.704,0.97605,24.318,-0.96628,-19.439,-0.058621,-0.011562,-0.010811,-0.97797,0.0065601,-0.030972,-0.017571,1.513,-8.9443,-1.4069,-18.458,-1.003,27.195,0.014791,-19.953
33.8,-0.043698,0.023019,-0.033075,-1.0118,0.0073303,-0.025607,-0.012916,2.5474,-8.3631,-2.421,-18.327,-0.44753,25.928,-0.48971,-18.977,-0.037874,0.020889,0.0030268,-0.99155,0.008095,-0.022727,-0.022591,1.3869,-8.9241,-1.4608,-19.126,2.1385,25.73,-0.030299,-19.801
33.9,-0.035905,-0.0054407,-0.023522,-0.99806,0.0019303,-0.019078,-0.019906,2.1892,-9.9353,-0.27253,-18.942,0.56389,26.986,-0.56827,-19.004,-0.040908,0.021166,-0.038952,-0.98626,-0.0015818,-0.01629,-0.012655,0.18667,-8.883,1.8503,-19.865,2.5501,26.33,-0.066516,-20.636
34,-0.050454,0.021967,-0.030878,-0.99862,-0.0015021,-0.028194,-0.02302,0.144,-8.9918,-1.0019,-19.94,-0.55932,26.496,-0.67285,-19.28,-0.042003,0.0034942,-0.045265,-0.99775,0.000463,-0.033211,-0.018425,1.4245,-9.9143,-0.37586,-20.306,-0.75861,26.738,0.053896,-18.539
34.1,-0.06109,0.0116,-0.035832,-0.9725,0.0027368,-0.021047,-0.012719,-0.4625,-7.7924,-3.2731,-21.783,0.013397,24.637,-0.04086,-20.14,-0.034644,0.0085454,-0.024523,-1.0081,0.0041772,-0.023507,-0.013142,0.59682,-8.1653,-3.117,-19.138,0.053844,26.91,-1.2051,-18.037
34.2,-0.034166,0.013928,-0.029429,-0.99734,0.014661,-0.028057,-0.02094,-0.16074,-7.85,-2.1792,-17.82,0.59241,27.323,-2.1407,-19.934,-0.056919,0.03148,-0.034037,-0.98592,0.0035754,-0.016644,-0.027602,1.654,-7.7956,-1.3899,-19.046,-0.064641,25.567,-0.097805,-19.905
34.3,-0.051453,-8.2152e-05,-0.022064,-0.99923,-0.010255,-0.023255,-0.017449,2.7384,-6.4814,-0.091774,-21.927,-0.80127,25.373,-1.8591,-16.726,-0.054425,0.0037554,-0.016424,-0.99994,0.0011433,-0.029859,-0.016244,2.9044,-8.4633,-1.1957,-20.117,0.20977,25.572,-0.43258,-19.797
34.4,-0.051638,0.010715,-0.016677,-1.0042,0.0037661,-0.020319,-0.014114,0.79828,-6.6666,-1.594,-20.829,-0.96127,28.932,-1.1981,-19.127,-0.054036,0.020563,-0.022185,-1.0076,0.01064,-0.010067,-0.0096122,2.1599,-8.1098,-0.5101,-20.574,-2.9586,25.757,1.5689,-20.083
34.5,-0.04429,0.024906,-0.028977,-0.99185,0.0013855,-0.028501,-0.023277,0.13928,-7.1582,-1.0381,-22.337,-0.39531,25.584,-0.023346,-20.46,-0.051832,0.025152,-0.040533,-1.0108,0.0016538,-0.019014,-0.017949,1.9098,-8.4516,-1.6344,-22.173,-0.47898,28.334,0.50764,-20.986
34.6,-0.052991,0.010756,-0.038674,-1.0068,-0.0059806,-0.01786,-0.013261,2.4364,-6.582,-2.1779,-22.009,0.26892,26.428,-0.47313,-19.439,-0.0454,0.032047,-0.0049155,-1.0046,-0.0072978,-0.0078847,-0.019415,-0.91157,-6.6564,-1.6078,-20.993,-0.78528,27.079,-0.56681,-21.379
34.7,-0.052786,0.026546,-0.021856,-0.99182,-0.0022723,-0.015379,-0.01369,1.2909,-7.5705,-1.4706,-24.16,0.35977,25.122,-0.28058,-20.093,-0.050252,0.017529,-0.01754,-0.99525,-0.0036882,-0.017228,-0.012572,0.39169,-5.8938,0.41356,-23.162,0.59348,26.13,0.30649,-21.063
34.8,-0.056667,0.019693,-0.0038905,-0.97996,0.0038862,-0.0075577,-0.0083638,0.33411,-6.3731,-2.1334,-23.133,-1.8598,24.974,-1.6107,-20.616,-0.039649,0.015493,-0.018009,-0.99907,0.0033985,-0.022841,-0.015621,1.0493,-5.9746,-1.3571,-22.342,-1.1391,25.548,0.48224,-20.632
34.9,-0.051124,0.015379,-0.031058,-1.0245,-0.0031726,-0.0086528,-0.016882,0.1836,-7.7794,-1.2214,-22.19,0.14391,25.19,0.13246,-20.989,-0.042508,0.0067214,-0.015979,-0.99172,-0.0083429,-0.020863,-0.016397,2.1531,-7.6997,-1.6286,-23.709,0.080464,26.522,0.4818,-20.806
35,-0.041571,0.040696,-0.0055625,-1.0127,-0.0092966,-0.01095,-0.011529,0.9679,-6.8773,-2.799,-23.6,1.3991,26.235,-0.58874,-19.257,-0.048168,0.0092246,-0.024342,-0.99474,-0.011824,-0.013214,-0.025039,2.2677,-5.8892,-1.267,-24.302,1.351,24.427,0.39038,-21.451
35.1,-0.03051,0.014064,-0.01781,-0.99546,-0.006262,-0.015808,-0.012455,0.74759,-5.2552,-1.5779,-25.421,0.055423,25.266,-0.72143,-17.871,-0.039449,0.0092225,-0.010855,-0.98428,-0.0058575,-0.022079,-0.009942,0.57343,-4.2816,0.070548,-24.527,-1.4848,25.663,0.54933,-21.868
35.2,-0.03486,0.016366,-0.014092,-1.0029,-0.0077483,-0.0084272,-0.0082364,1.5645,-6.0951,-1.1277,-23.275,0.026463,26.111,1.328,-19.618,-0.058815,0.032589,-0.012027,-1.0065,-0.012247,-0.012603,-0.020404,1.2916,-4.6329,-0.19879,-25.173,-0.3029,25.463,0.83837,-23.206
35.3,-0.047457,0.027637,-0.017917,-1.0009,-0.012131,-0.012249,-0.017252,0.13134,-4.3562,-1.3964,-23.789,0.68449,25.541,0.82068,-21.588,-0.056962,0.018242,-0.019146,-0.99148,-0.012322,-0.012481,-0.021438,0.40862,-5.1585,-0.93069,-25.33,0.86235,26.266,-0.67095,-20.724
35.4,-0.021324,0.026946,-0.00047843,-0.98955,-0.010741,-0.011217,-0.01755,2.5185,-4.9571,-0.60819,-24.792,-0.29018,24.269,-1.0496,-22.448,-0.063543,0.014974,-0.02833,-0.98175,-0.012975,-0.0114,-0.016203,-0.04163,-5.1704,-3.3237,-25.31,-1.2419,25.365,-0.72002,-21.22
35.5,-0.037395,0.023805,-0.0068476,-0.9976,-0.0077967,-0.015349,-0.0139,0.13814,-2.7053,-2.7161,-26.026,0.13879,27.51,-0.93723,-20.643,-0.057823,0.0074613,-0.0043401,-0.98661,-0.014934,-0.011081,-0.021717,2.1197,-4.4518,-1.8095,-26.987,0.11111,25.164,0.14941,-20.821
35.6,-0.044642,0.031209,0.0028576,-0.99968,-0.021545,-0.014111,-0.015381,-0.094062,-2.7446,-0.72652,-24.236,-0.52316,25.285,1.457,-22.688,-0.016893,0.03783,-0.0053928,-1.0171,-0.02049,-0.0061124,-0.007501,1.6151,-5.8825,-2.6458,-26.234,2.1411,24.438,-1.9165,-20.631
35.7,-0.049544,0.037874,-0.0091895,-0.98396,-0.021098,-0.0069057,0.00043948,1.4157,-3.3771,-0.54293,-26.222,-1.157,23.103,-0.78184,-22.498,-0.050517,0.033672,-0.022086,-1.0011,-0.021421,-0.0087874,-0.0049288,2.3159,-3.2603,-2.6854,-24.469,0.42571,23.71,0.57528,-22.479
35.8,-0.036847,0.035263,-0.01294,-0.97321,-0.02622,-0.0049481,-0.010351,1.1862,-1.7758,-2.2682,-27.106,0.37813,22.869,-0.56236,-20.739,-0.047754,0.031901,-0.029705,-1.0089,-0.015484,-0.019509,-0.011353,-1.1971,-2.4065,-0.54713,-27.715,0.050554,23.605,-0.10485,-21.369
35.9,-0.048098,0.040857,-0.010572,-1.0083,-0.023183,-0.0033015,-0.01501,1.4303,-3.0213,-1.8226,-25.71,-0.18431,24.606,0.78952,-21.001,-0.047696,0.016286,-0.01125,-0.99963,-0.022364,-0.0051636,-0.0094057,1.0131,-4.2686,0.43608,-26.314,1.1432,24.348,0.3153,-21.946
36,-0.055493,0.032406,-0.015995,-1.015,-0.023167,-0.0059737,-0.0060997,0.023435,-3.6882,0.25239,-27.07,-1.5944,24.121,-0.35273,-20.067,-0.052955,0.03338,0.0044718,-1.0065,-0.019222,-0.0045691,-0.016023,0.29809,-1.9512,-2.8791,-25.697,-1.3222,24.696,-0.53595,-18.767
36.1,-0.051738,0.02896,0.0076279,-0.99874,-0.023183,-0.0058513,-0.0088956,0.60422,-1.419,0.55906,-27.489,-0.38195,24.025,-0.058162,-19.831,-0.032621,0.044582,0.0021839,-0.99373,-0.023259,-0.0034424,-0.0070895,0.92306,-1.1213,-2.2892,-27.68,-0.70192,24.087,1.0349,-20.324
36.2,-0.054365,0.025977,0.00687,-0.98658,-0.01003,0.0072514,-0.012516,-0.33753,-2.9214,-2.2563,-28.741,-0.15587,23.478,-0.18225,-21.139,-0.047281,0.036676,-0.015986,-0.99768,-0.011985,-0.010295,-0.0091028,0.58616,-3.9915,-0.45761,-26.346,0.94429,23.25,0.52878,-22.105
36.3,-0.036317,0.021563,0.0073978,-1.0196,-0.016366,-0.0004699,-0.018009,1.0022,-1.6566,-0.72274,-28.895,-0.8654,24.515,-1.3017,-19.163,-0.035172,0.015983,-0.016321,-1.0067,-0.018075,-0.0048563,-0.0037201,2.2347,-0.80332,-1.552,-28.656,-3.2573,26.339,-0.35849,-19.838
36.4,-0.042465,0.037324,-0.011886,-0.97995,-0.02766,0.0045215,0.0018441,0.58724,-1.7933,-1.729,-28.52,-1.8686,23.235,-1.7052,-20.116,-0.04523,0.034558,-0.00093827,-0.98849,-0.024978,-0.0013715,-0.015623,-0.10667,-1.3229,-1.8023,-29.425,1.1446,23.06,0.53652,-20.244
36.5,-0.045022,0.010095,0.0038919,-0.99877,-0.026084,0.001866,-0.0098854,1.8122,-3.5353,-2.8236,-28.592,-1.6196,23.355,-0.51744,-20.386,-0.029548,0.0093358,3.9615e-05,-1.0034,-0.0082877,0.0059677,-0.0048802,0.97046,-0.16797,-0.73507,-29.909,-0.25421,22.949,0.66343,-20.883
36.6,-0.033144,0.031628,-0.00073221,-0.99333,-0.016795,-0.0034369,-0.017903,0.13703,-1.6078,-3.1668,-30.537,-0.20308,20.063,-0.14476,-20.147,-0.04398,0.048284,-0.0030014,-1.0095,-0.02462,0.0038066,-0.0026016,0.75772,-0.41132,-0.50922,-30.289,-0.624,22.363,1.5905,-21.827
36.7,-0.047283,0.040237,-0.013983,-1.0021,-0.022733,-0.00075644,-0.013263,0.89278,0.041274,-0.56936,-30.804,-1.7995,21.713,1.6127,-20.647,-0.027924,0.04076,-0.015453,-0.97828,-0.0301,-0.0044392,-0.008693,1.2509,-0.20609,-1.4513,-29.241,-1.761,23.403,-1.0093,-20.663
36.8,-0.038067,0.017427,0.0078932,-1.0114,-0.024435,-7.3021e-05,-0.0038376,2.0984,-0.10454,-0.10922,-30.469,-2.1116,21.933,0.42569,-18.679,-0.021204,0.038463,-0.01265,-1.0006,-0.012206,0.001817,-0.011557,0.17426,2.3496,-1.8815,-30.791,-0.82681,21.05,-0.43944,-20.021
36.9,-0.037707,0.040113,0.0014608,-0.99099,-0.0356,0.0052582,-0.017151,-0.43004,-0.97797,-0.62897,-30.81,-0.63064,21.061,-0.61243,-17.418,-0.035416,0.026252,-0.00062707,-1.0147,-0.019908,0.0062006,-0.007074,0.74147,0.64706,-0.38156,-29.654,-1.4275,22.394,-0.61914,-21.409
37,-0.034535,0.034289,-0.0060524,-0.99914,-0.030787,0.00737,0.0021759,0.51574,1.5486,-1.4337,-30.782,-1.14,23.362,2.0304,-19.406,-0.017907,0.017028,0.0014286,-0.99224,-0.031622,-0.001758,-0.010575,1.6942,1.0538,-1.8311,-31.904,0.5807,21.929,-0.75751,-19.59
37.1,-0.029054,0.032712,-0.0029695,-0.99413,-0.022433,0.0092632,-0.0031131,0.67288,0.075339,-0.59601,-31.162,0.30027,22.037,0.57888,-18.884,-0.043848,0.02564,0.0010262,-1.0104,-0.032011,0.015205,-0.0055932,0.64398,1.015,-0.05189,-30.567,0.20746,20.614,1.2696,-19.812
37.2,-0.022062,0.021749,0.0027793,-0.99137,-0.023906,0.001648,-0.0013533,-0.28054,1.429,-0.43343,-33.448,-1.0231,20.98,0.62547,-19.945,-0.049321,0.016156,-0.0058388,-1.0048,-0.034888,0.0093434,0.0015734,1.3824,1.4505,-0.24406,-33.051,0.1922,21.147,1.4753,-18.688
37.3,-0.024035,0.040435,-0.021949,-0.98816,-0.027738,0.01397,-0.0064606,1.8899,2.4802,-1.433,-32.157,-0.29073,20.447,0.31062,-17.521,-0.033931,0.026953,-0.0025747,-0.98933,-0.021608,0.0046403,-0.014669,-0.48626,2.6984,-1.2618,-32.404,-1.0695,21.823,-0.38457,-19.989
37.4,-0.031417,0.023776,0.002455,-0.98514,-0.034498,0.017157,-0.0090233,-0.89551,1.8566,-2.2869,-33.641,0.28109,19.943,0.75045,-17.511,-0.016683,0.03657,0.0019581,-0.99443,-0.026417,0.012341,-0.0007992,1.2274,1.0808,-0.39444,-32.406,1.0208,22.213,0.38013,-18.8
37.5,-0.0012803,0.042354,0.0090873,-0.99695,-0.021096,0.0096313,-0.0055121,0.79458,1.8706,-1.6819,-33.13,-1.4142,21.985,1.0602,-17.292,-0.009399,0.015612,-0.010184,-1.014,-0.025977,0.01333,-0.0028298,-0.50393,1.976,-1.6698,-34.845,-1.4426,19.546,1.0504,-19.719
37.6,-0.015833,0.048535,-0.0092734,-1.0033,-0.022194,0.012243,-0.013915,-0.73271,0.73335,-3.072,-34.638,-0.34044,18.996,0.49931,-19.516,-0.010838,0.0089844,0.0011893,-1.0023,-0.016746,0.0028015,-0.0064439,0.32544,1.4135,-0.81876,-35.077,0.63779,19.609,0.020862,-18.074
37.7,-0.02776,0.0078264,-0.024925,-1.0087,-0.023576,0.025572,-0.0027766,-0.49423,-0.87653,-1.358,-35.558,-0.88122,16.695,0.82521,-19.576,-0.01946,0.031272,-0.0052388,-0.99399,-0.027594,0.018512,-0.011297,-0.61802,2.0679,-1.2255,-34.786,-2.1714,19.391,1.4639,-18.002
37.8,-0.028636,0.036671,-0.0095988,-1.0129,-0.022237,0.0078482,-0.0016399,-0.71203,0.23348,-2.6262,-34.168,-0.57216,19.261,1.3993,-19.299,-0.02309,0.038708,-0.015695,-0.99262,-0.024047,0.02414,9.8649e-06,-1.6891,0.54157,-0.45196,-33.365,-2.2219,17.043,2.4331,-18.042
37.9,-0.03593,0.020334,0.0022051,-1.0072,-0.016374,0.030928,-0.0038301,-0.90925,0.3969,-0.95221,-36.815,0.094185,17.472,0.93042,-17.931,-0.033858,0.014703,0.014129,-0.9882,-0.022025,0.022458,-0.0074338,-0.51673,1.2763,-1.3595,-36.08,-1.8268,18.214,0.76808,-18.195
38,-0.022387,0.024397,0.009872,-0.99443,-0.022933,0.023541,0.00061013,0.5933,0.36567,-1.2328,-34.922,-2.3974,18.099,-0.57251,-17.712,-0.025385,0.024262,-0.013773,-1.0126,-0.017243,0.016585,-0.0012486,0.93165,2.0724,-0.91396,-35.766,-0.67783,15.368,0.23943,-16.698
38.1,-0.013545,0.018125,0.0021006,-1.0098,-0.0098246,0.028115,0.003407,-1.1037,0.20485,0.21746,-36.959,0.035297,18.725,0.39227,-18.154,-0.0051025,0.030674,-0.016034,-0.99376,-0.022961,0.021024,0.0029956,1.3192,-0.28669,0.15638,-35.475,0.66341,16.383,-0.29442,-19.01
38.2,-0.016556,0.020004,0.0012674,-1.0118,-0.015335,0.018529,8.6711e-05,0.027428,1.8145,-0.23813,-37.168,1.5639,16.739,-0.32768,-16.939,-0.018262,0.014317,-0.00036516,-0.9941,-0.019531,0.016437,-0.00026626,-3.3119,-0.5437,-1.1499,-34.84,1.3176,18.062,0.39045,-15.068
38.3,-0.0068184,0.030705,-0.0043224,-1.0119,-0.018903,0.023537,-0.0053906,0.097212,1.0289,1.4236,-34.227,1.5827,16.144,2.0902,-15.818,-0.02216,0.0016218,-0.003211,-0.98908,-0.02185,0.0093953,0.004622,0.69376,0.49109,0.73866,-36.454,0.53844,15.993,-2.16,-20.587
38.4,-0.025745,0.007985,-0.00023961,-1.0005,-0.011393,0.023309,-0.0074474,-1.458,-1.2698,1.1959,-35.883,2.3439,17.534,-0.99799,-16.404,-0.017185,0.0077248,0.0096436,-1.0286,-0.024179,0.027335,0.0011041,-2.8722,-1.2794,0.23539,-34.304,-0.23708,20.018,1.2643,-18.474
38.5,-0.015437,0.019254,0.002902,-1.0148,-0.020171,0.027497,-0.00057482,-0.74657,1.1417,1.2911,-33.549,2.5517,18.133,-0.60807,-18.312,-0.0010478,0.029474,-0.0011485,-1.0033,-0.022802,0.025374,0.001583,-1.3103,1.3524,0.091326,-34.843,0.41928,16.71,-1.0599,-17.017
38.6,-0.029839,0.0060288,0.010612,-0.99514,-0.013463,0.015769,0.0032247,-1.5371,-1.7948,1.5804,-34.408,-1.1881,18.73,-1.6438,-18.16,0.0053682,0.018345,-0.0082301,-0.99431,-0.012368,0.022155,-0.00082093,1.2106,-0.48642,0.37061,-35.041,0.38252,19.875,-0.39816,-17.015
38.7,-3.8031e-05,0.017704,-0.00075186,-1.0101,-0.014606,0.022193,0.0003384,-1.8855,-2.2995,0.071063,-33.765,1.4731,18.284,-1.3128,-17.39,-0.010429,0.024873,-0.0071631,-1.0042,-0.01276,0.012007,0.0060052,-2.1569,-1.7098,0.82823,-33.822,2.0037,18.434,-1.2851,-18.793
38.8,-0.023408,0.0083874,-3.9847e-06,-1.0081,-0.017917,0.0051229,-0.0081951,-1.63,-1.0383,1.3057,-34.494,0.7966,17.924,0.85982,-20.654,-0.0048051,-0.0026762,0.0060426,-0.98622,-0.016686,0.006282,-0.0026216,0.84368,0.31458,0.21552,-33.975,0.3085,19.306,0.09371,-17.437
38.9,0.0060376,0.014903,-0.00099727,-1.0079,-0.01395,0.015963,-0.0065218,-1.6487,0.41672,-0.43114,-33.049,0.14404,17.675,-0.39261,-17.281,-0.021557,0.008736,0.00025466,-1.0077,-0.019638,0.0097243,-0.0050644,0.73546,-0.53452,1.6013,-32.035,-0.71448,19.508,-0.36628,-17.077
39,-0.010721,0.0017617,0.0058599,-0.99725,-0.0097451,0.013432,0.0026883,-1.6697,-2.0638,1.2668,-32.417,0.099471,18.97,-0.52648,-19.016,-0.0048101,0.031641,0.0073066,-0.99007,-0.014535,0.015025,0.0011523,-0.60452,-1.2814,1.0336,-32.005,-0.22418,17.495,-1.194,-16.935
39.1,-0.0026739,-0.0031387,-0.020491,-0.99587,-0.0075016,0.0083317,0.0084621,-0.38087,-2.9363,2.7642,-33.074,-0.67422,17.535,-1.2004,-18.389,-0.0010048,0.007843,-0.0023308,-0.99431,-0.014888,0.011673,-0.0035275,0.82663,0.19345,-0.043979,-31.978,-2.6748,19.018,-1.6208,-20.192
39.2,-0.021536,0.007372,-0.00034223,-1.0009,-0.0075752,0.011087,-0.002856,-2.0403,-2.4165,-2.1352,-31.261,0.31,19.618,0.91608,-18.328,-0.013291,0.014279,-0.0034699,-1.0028,-0.016479,0.0078298,-0.00094705,-1.8592,-3.8008,-0.40487,-30.698,0.71101,19.024,0.26836,-19.173
39.3,-0.0093623,0.015257,0.0088227,-0.99001,-0.0054037,0.0018936,0.0014683,-0.84342,-4.2017,-0.78311,-33.072,-0.95206,18.428,1.3244,-17.917,-0.029874,0.0093305,-0.0033841,-1.0057,-0.013147,0.015825,0.00039915,2.2726,-3.2486,-0.68361,-34.322,1.4415,19.564,0.43003,-17.437
39.4,0.0057666,0.019364,-0.013051,-0.99509,-0.0089054,0.016995,-3.9493e-05,-1.2491,-2.5341,0.23958,-31.318,0.53944,17.571,-1.2293,-18.856,-4.5521e-05,0.0040072,-0.013664,-1.0027,-0.0051274,0.018732,0.0041062,0.25165,-2.9071,1.7766,-32.882,-0.38518,19.228,-0.53643,-17.56
39.5,-0.020909,-0.010313,0.011375,-1.0032,-0.011582,0.01164,0.00011309,-0.57484,-2.2864,2.1553,-31.817,0.13984,17.251,-1.8731,-17.477,-0.0017248,0.0091391,-0.0059215,-0.98288,-0.0014318,0.010527,-0.003263,-0.052808,-3.7012,0.015581,-32.669,0.29089,17.458,-1.1537,-17.465
39.6,-0.015261,0.00145,0.00041271,-1.0109,-0.0099547,0.0091615,-0.0076586,-0.61559,-5.2472,1.3967,-31.037,0.75606,16.98,0.1815,-18.909,-0.01621,0.012887,-0.0067073,-0.99142,-0.015946,0.0074146,0.0050238,-1.0205,-3.5219,2.0784,-30.698,0.20346,17.277,0.4318,-18.536
39.7,-0.018378,0.025213,-0.0051393,-1.0033,-0.004335,0.011854,-0.0015553,-0.63069,-4.1656,0.69303,-30.758,-2.2967,18.668,-1.0742,-17.815,-0.012682,0.0052427,-0.0013672,-0.98864,-0.014314,0.0097525,-0.0048904,-2.5544,-4.2465,0.14514,-33.473,-0.16224,18.685,2.922,-19.146
39.8,-0.0097067,0.0061361,-0.0068239,-0.99947,-0.00511,0.013933,-0.0011346,1.0557,-2.9239,-0.58794,-31.905,-0.17541,18.908,1.6242,-19.628,-0.0098153,0.0079134,-0.004956,-1.0074,-0.004895,0.010571,-0.0095374,-2.571,-2.9891,0.22325,-28.844,-1.3265,19.145,-0.15924,-17.633
39.9,0.0028859,-0.0012549,0.0072961,-0.99735,-0.014927,0.0094427,-0.005698,-1.0913,-4.546,0.62369,-31.594,-0.11847,18.041,-0.059928,-16.396,-0.016488,0.0094316,-0.014342,-0.98721,-0.0066532,0.011735,-0.00027238,1.5659,-4.4471,0.044951,-31.068,-0.24728,18.274,-0.073929,-15.663
40,-0.01369,0.0045415,0.018606,-0.98868,-0.0079383,0.0025863,0.0090205,1.5344,-3.2153,1.1376,-31.428,-0.91877,17.746,0.096203,-20.753,-0.0064789,-0.012902,0.0093315,-0.99736,-0.0037256,0.0085828,-0.0056045,-0.46292,-2.9823,1.2267,-32.511,-2.2252,16.894,-3.4146,-16.948
40.1,-0.021582,-0.0077892,-0.02115,-0.99489,-0.016815,0.015631,0.0081848,1.0019,-4.971,-1.6746,-31.218,-1.8707,17.787,-1.6669,-18.521,-0.0052187,0.0076512,0.013746,-1.0146,-0.0026862,0.013801,0.0021539,0.061452,-2.4283,-0.071413,-31.875,0.93013,17.213,-0.43176,-19.129
40.2,-0.0086415,-0.0092666,0.0081179,-1.0126,-0.0074644,0.0075756,-0.00085978,-0.15026,-3.3244,-0.63614,-32.004,-2.0781,18.741,-0.33912,-16.714,0.0043586,-0.0024089,-0.004116,-1.0052,-0.0046929,0.021267,-0.0022455,-0.12836,-2.2878,-0.51887,-32.165,2.0559,16.301,1.4119,-18.315
40.3,0.0059151,-0.012513,-0.014518,-1.0012,0.0032577,0.002837,-0.0056414,-1.5608,-4.2674,0.54023,-31.101,1.6385,17.246,-1.4073,-17.277,-0.0077201,0.00023138,-0.003454,-1.0051,-0.0093796,0.0004144,0.0041414,-2.073,-2.7241,0.76771,-31.941,0.54844,17.18,0.48797,-17.692
40.4,-0.0033353,0.014404,0.012078,-1.0052,-0.0027797,0.0026492,-0.0036345,-0.21005,-2.6139,-0.34519,-32.836,-0.40107,17.78,-0.1822,-19.014,-0.010764,0.013356,-0.011511,-0.98349,0.00035033,0.0083076,-0.0074942,-0.25875,-5.7504,-0.50629,-32.996,-1.637,18.422,-3.171,-17.529
40.5,-0.0095206,0.0016864,-0.001071,-1.0041,-0.0052479,0.0043495,-0.0032603,1.5601,-5.6434,-0.086909,-31.776,-0.30798,16.076,-1.8584,-19.854,0.011207,0.018177,0.0092754,-1.0046,0.0039636,0.0037921,-0.0023448,-0.91775,-3.8642,2.3196,-32.74,-1.8305,18.774,0.38088,-18.926
40.6,-0.011547,0.0090122,-0.0018103,-1.0194,-0.0092299,0.0027374,-0.001124,-1.1149,-2.664,-0.59722,-30.501,1.2064,18.589,0.93505,-17.479,-0.0085194,0.010098,-0.0078346,-0.97708,-0.00041552,0.0018882,-0.00092903,0.37113,-4.8033,-0.33974,-31.51,-0.6196,17.465,-0.56188,-16.468
40.7,0.013854,0.017102,-0.015043,-1.0174,-0.011496,0.0092898,0.0035656,0.3814,-3.255,-1.1032,-31.428,1.4522,18.196,-0.080441,-19.84,-0.005776,-0.0040142,-0.0068528,-0.99882,0.0031399,0.006765,0.0016827,0.10606,-5.0981,-0.17828,-30.962,0.67566,17.029,-1.0779,-16.772
40.8,-0.011225,0.0068388,-0.017993,-0.99942,0.0021698,0.015013,-0.0029105,-0.34467,-4.4534,-1.8803,-31.158,1.7169,18.303,0.087635,-18.935,-0.00057833,-0.0010578,0.0023293,-0.996,-0.0047472,0.0079482,-0.0008694,-2.7562,-3.8413,-0.56573,-30.921,-0.36227,17.917,0.85758,-18.293
40.9,-0.015666,0.011999,0.01264,-0.99056,-0.0018043,0.0092142,-0.0024976,1.1201,-4.7705,-0.21077,-29.833,-1.1413,19.781,0.54798,-18.098,-0.0040099,0.0031421,0.0052127,-1.0042,-0.0041712,0.0068599,-0.00024644,0.63828,-3.9725,0.80514,-31.755,1.7501,20.013,0.46537,-17.858
41,-0.0078891,-0.0016667,-0.016651,-0.98624,0.0079374,-0.00034553,-0.0054833,-0.41038,-4.5247,0.59642,-30.662,-1.4431,17.214,-2.4587,-19.054,-0.0071816,0.018907,0.0089671,-1.0045,-0.005233,-0.0018718,-0.0045651,0.70732,-4.389,-1.5564,-31.473,-1.4428,17.006,-1.7707,-18.719
41.1,-0.0029647,0.012742,-0.0060966,-0.98244,0.0017321,0.0026406,-0.0038368,-1.6787,-2.9785,1.5407,-30.81,1.1289,15.98,0.34236,-17.631,-0.022663,0.017446,0.0026713,-1.0062,-0.0012911,0.008731,0.0064472,-0.73131,-3.5602,-0.64455,-30.359,0.64928,16.412,0.782,-17.698
41.2,-0.0050425,-0.0080606,-0.0044564,-1.0129,-0.004901,0.00089549,-0.0011982,0.60694,-5.2331,-1.4072,-30.097,0.91695,16.451,0.34329,-17.068,-0.001128,0.0096294,-0.0035384,-1.0129,0.00043058,0.0098066,0.005286,-2.7915,-6.2406,-0.41478,-31.542,1.229,17.213,1.4248,-17.59
41.3,-0.00022064,0.0097447,-0.0047356,-1.0034,-0.0005933,0.0080278,-0.0025919,-0.094787,-3.8033,-0.98064,-30.165,1.6843,19.179,-0.32356,-18.883,0.010317,0.0042659,-0.00022249,-0.98977,-0.00025132,0.0061478,-0.00058833,-0.19394,-4.2794,-1.6266,-31.337,0.52662,17.535,2.4361,-16.802
41.4,-0.0042664,0.01525,-0.014138,-1.0029,-0.0058071,-0.00037168,0.0032063,0.13771,-4.4464,-1.0448,-32.164,0.07139,19.256,0.44508,-18.219,-0.0070162,0.0052706,-0.0075699,-1.0146,-0.0014845,0.0063497,-0.0059202,1.1283,-4.1657,-0.94763,-29.567,-1.9811,19.876,-0.083346,-15.825
41.5,0.011904,0.003989,0.0016264,-0.99452,-0.01141,0.0063709,0.0037469,-0.22105,-5.0174,-0.22054,-30.446,-1.9752,19.641,-2.0332,-17.899,-0.003643,0.0080568,-0.0071182,-0.98907,-0.0017109,-0.0057591,-0.011875,0.70081,-4.2903,-0.94315,-30.127,-0.11012,17.028,0.7536,-18.745
41.6,-0.0087603,0.012139,-0.0064112,-1.0042,-0.0034426,-0.00010499,0.005527,-1.0015,-2.5801,-0.80542,-31.15,2.6701,18.132,-1.11,-17.748,-0.02792,0.00082623,0.0018571,-1.0032,0.0039295,-0.00096115,-0.0025525,-0.50282,-4.3074,0.86796,-32.259,0.64709,17.248,2.6654,-17.426
41.7,0.0072678,0.012132,0.0066462,-0.98076,-0.0017929,0.0053524,-0.00070469,0.016591,-4.2503,-0.33599,-31.685,1.5348e-05,19.218,1.0996,-18.109,-0.0044562,-0.013497,-0.009126,-1.0141,-0.0016208,0.0028922,-0.0018226,0.15718,-7.4025,-1.9856,-30.53,2.4171,17.932,-0.075812,-17.52
41.8,-0.020672,-0.0063281,0.0096746,-0.99066,-0.0026433,-0.0015181,-6.0469e-05,-0.51859,-5.8814,-1.029,-30.096,0.11638,15.148,1.5711,-17.119,-0.010674,0.002855,0.014547,-0.99612,0.0027877,8.4556e-05,0.0032828,0.036408,-3.5028,-0.52324,-31.644,-0.076218,20.302,0.84285,-17.168
41.9,0.0069416,0.017769,0.0022376,-1.0027,0.001762,-0.0028514,8.6125e-05,-0.79746,-4.0719,0.86333,-29.204,-0.091636,17.021,0.29722,-15.898,0.0082283,0.0080594,-0.0011614,-1.0263,-0.0097218,0.0011128,-0.0015222,1.0913,-3.8399,1.3751,-29.794,0.2392,18.071,-0.67169,-18.693
42,-0.0067049,0.0004341,-0.003328,-0.99882,0.0010416,0.001439,0.0053168,1.76,-4.044,-1.1528,-30.304,-1.011,19.008,0.13571,-16.433,-0.006588,-0.00066293,-0.026623,-0.99124,0.0019792,0.0046291,-0.0086952,2.5042,-6.358,1.1631,-28.091,-2.5713,15.454,-1.1293,-17.68
42.1,-0.006577,0.0034989,-0.0022537,-0.98663,-0.0081509,-0.0018212,-0.0044781,0.88918,-5.5488,0.78432,-29.185,0.66907,17.352,0.28052,-17.927,-0.0033654,0.0059047,-0.0013099,-0.99332,-0.0079958,0.0031432,0.0043425,-1.5976,-4.8363,-0.41309,-29.504,1.6613,18.786,-0.23483,-18.327
42.2,-0.0020103,0.013836,0.0039035,-1.0046,-0.0007339,0.0051896,0.013597,-2.6936,-4.7988,0.45047,-30.041,0.33887,19.363,0.18385,-18.604,4.9429e-05,-0.012705,-0.011153,-0.98084,-0.0018907,0.010722,-0.0045065,0.92095,-3.6319,-1.3633,-31.387,-0.29659,18.688,2.2144,-16.957
42.3,0.012659,0.01777,0.0024408,-1.0116,0.0023014,-0.0019947,0.0021599,0.23296,-6.1137,-0.78627,-31.034,1.7728,18.32,-1.7928,-17.416,0.011296,0.0022423,0.012978,-1.0005,0.0026628,0.00495,0.0046767,-0.18276,-3.8772,1.1896,-30.552,1.2178,17.26,-1.196,-16.421
42.4,-0.0012144,0.0019626,-0.0046205,-1.0011,-0.0010908,0.0073338,0.0024592,-0.40382,-4.965,0.40443,-29.52,-0.67143,17.293,1.4938,-16.803,-0.0087985,0.00029128,-0.013536,-1.0123,-0.0088716,-0.0024629,0.0057406,-0.31971,-4.4475,-0.024285,-30.673,-0.36766,17.543,-2.0234,-17.459
42.5,0.0044688,-0.012582,-0.011095,-1.0051,0.00045123,0.012006,0.0094309,1.0873,-5.2538,0.8465,-31.132,-1.5461,17.049,-0.90466,-17.024,0.021064,-0.00056767,-0.0158,-1.0029,-0.0095122,0.0026107,-0.0009774,1.1526,-4.2598,-0.24071,-31.094,-0.85046,17.013,-0.26307,-15.46
42.6,-0.01367,0.00052034,-0.012456,-0.98732,0.0013946,0.0024378,0.0014443,-0.68882,-4.196,-0.2836,-31.692,1.5498,16.208,-1.1941,-19.136,-0.0056478,0.007912,-0.00064027,-0.99667,0.00059376,0.00081801,0.0011898,-0.31368,-5.546,2.3038,-29.066,1.4271,16.721,0.62512,-16.775
42.7,0.0094862,0.006696,-0.0074429,-1.0193,0.0086729,-0.0069427,-0.0057202,-0.0018282,-3.7224,-0.89134,-32.093,-0.65253,18.663,0.21318,-18.561,-0.0029966,-0.019905,-0.0047645,-0.99316,0.0061677,0.0060574,0.0014817,0.059008,-5.7662,-0.76951,-30.457,1.1331,18.627,0.93395,-15.216
42.8,0.00033095,0.011589,0.0026645,-1.0003,-0.003131,-0.0026841,0.0025305,0.69907,-6.267,0.12961,-29.101,1.55,18.964,-0.13221,-17.765,0.0027969,-0.0011032,0.0072444,-0.9914,-0.0028362,0.00044564,0.0046025,2.4452,-6.2471,-1.412,-31.541,-0.36615,18.028,0.1517,-16.427
42.9,0.013257,-0.0075117,-0.0064858,-1.0073,0.0025325,0.0029769,-0.00022277,2.0041,-5.3229,-0.41849,-31.293,-0.22673,19.387,-0.74696,-16.746,0.013702,0.0063165,0.013514,-1.0092,0.0042366,0.0077986,-0.0055946,0.46085,-5.5002,-0.85242,-31.026,0.038387,19.047,-0.81165,-16.524
43,0.017973,0.0030975,-0.018805,-1.0053,0.00035176,-0.0020089,0.0010197,-0.28626,-3.6579,-0.48423,-31.426,0.13651,18.772,-1.5462,-17.213,-0.0033627,0.0024651,-0.0055478,-0.99123,-0.0082284,0.006438,0.0073624,0.99683,-5.6024,-0.74551,-30.952,-0.14886,17.161,0.32286,-16.965
43.1,-0.0047621,0.0014778,-0.0096233,-1.0005,-0.00014678,-0.0054414,0.0021166,-2.4803,-4.4015,-1.4456,-31.231,1.6587,16.508,-0.039687,-17.398,-0.0058943,-0.0079512,-0.0067703,-1.0044,-0.0017897,-0.0045758,-0.0058169,-1.7657,-4.5327,1.1527,-28.849,-0.51921,17.112,0.96336,-17.705
43.2,0.0024024,0.0087489,-0.006781,-0.9972,-0.0005672,0.0058033,-0.00018735,-1.5284,-2.9763,-1.2397,-29.065,-0.30624,18.984,1.1462,-18.286,-0.019526,0.0061563,-0.00644,-1.0016,-0.0021868,0.0041798,0.005428,-0.41293,-4.1157,0.55026,-28.746,-2.0663,16.853,0.55122,-17.209
43.3,0.0018778,-0.00075559,-0.0082601,-0.9959,-0.0062824,0.00085961,-0.0015192,-0.59795,-3.8344,-0.58051,-30.768,-0.91791,16.593,1.5635,-16.522,0.0050464,0.01184,-0.0042611,-1.0056,0.0034154,0.001037,0.0054379,-2.9702,-6.6359,-1.2233,-30.551,-0.71418,17.746,-0.27519,-17.668
43.4,-0.0007386,-0.001272,-0.0052875,-1.0074,-0.0064883,0.0020563,-0.0035418,0.6797,-3.9157,0.33694,-29.813,-1.3218,17.736,-0.31943,-16.319,0.011635,-0.0036211,0.00045989,-1.0112,-0.0033399,-0.00034152,-0.0011851,-0.78351,-5.8915,0.404,-29.845,1.3883,18.599,-0.5614,-15.53
43.5,-0.0092592,-0.013621,0.00023311,-0.97458,-0.00032206,-0.00074603,0.00033412,2.2743,-5.2983,1.9707,-32.212,-1.0961,17.839,-1.2391,-18.501,-0.010175,-0.0072786,0.0066365,-0.99623,0.0045596,-0.0010072,-0.0052331,-0.36475,-5.3798,0.6048,-30.235,-3.0604,16.751,-0.52762,-15.711
43.6,0.0036879,0.0099528,-0.0019315,-0.99763,-0.0037779,0.0036443,-0.00057483,1.3787,-4.5211,2.1422,-29.54,-0.72677,14.896,0.82369,-17.342,-0.016988,-0.0053894,-0.0093833,-0.98537,-0.0029858,-0.003254,0.0099107,0.79097,-4.9732,-0.97013,-29.428,-0.67297,17.216,0.38271,-17.436
43.7,0.017256,-0.0055945,0.012007,-0.98967,0.0020044,0.0005889,-0.0059441,-0.5942,-3.8484,-0.35093,-28.692,1.4309,17.676,1.0133,-17.816,-0.0016912,-0.0062696,-0.010093,-1.0062,-0.0010533,0.0059692,0.0015997,0.73584,-3.2867,0.014057,-31.129,0.68257,18.359,0.27584,-16.45
43.8,0.0034434,0.016757,-0.0029314,-1.0122,0.0024324,0.0096982,0.0044883,-1.4043,-4.8254,0.36547,-28.488,1.3262,16.84,0.5542,-18.43,-0.015108,-0.0022113,-0.001269,-0.99398,-0.0011754,0.0078345,0.003676,-1.245,-4.4761,-0.96161,-30.192,2.4556,18.571,-0.12047,-18.289
43.9,0.0083465,-0.002517,0.012563,-0.99119,-0.005564,0.0047016,0.0017246,1.6076,-5.4276,-0.72891,-30.984,0.025378,18.492,0.75082,-16.305,-0.0041788,0.003204,-0.0017048,-1.0038,0.0012201,0.0063095,-0.0011341,1.5396,-5.6509,0.12187,-29.413,0.06099,16.753,-0.14607,-16.703
44,0.00035647,0.022637,-0.01292,-0.99329,-0.0012263,-0.0022288,-0.0023256,2.0939,-4.7949,-1.6434,-30.617,0.76738,18.925,-0.28431,-17.109,-0.0011464,0.013777,-0.0020635,-0.99343,-0.0023377,0.00081242,-0.0029178,1.1988,-4.9325,-1.3501,-29.865,0.47704,17.421,-1.497,-16.693
44.1,-0.0067868,-0.001811,-0.014602,-1.0024,0.0059018,-0.0022152,8.7011e-05,1.578,-6.3616,0.10395,-31.122,-0.19804,16.762,-1.9178,-16.886,0.0091517,-0.0019062,0.016999,-0.9826,0.0013446,0.0057542,0.011152,2.0927,-5.6152,-0.19624,-30.24,1.7594,17.781,-1.1881,-16.767
44.2,-0.016586,0.012183,-0.0094049,-1.0094,-0.00025519,-0.0065469,0.0012484,-0.29705,-5.4452,0.88873,-31.46,-1.5834,16.268,-1.5603,-17.319,0.008872,-0.0091987,0.022105,-0.99817,0.002283,-0.0068482,-0.00034142,-1.1696,-5.9141,0.18279,-31.302,1.0739,16.256,-1.9636,-16.547
44.3,-0.0051741,-0.015307,0.0061362,-0.99936,0.0055942,0.00023917,0.003867,-1.0184,-4.7588,0.13227,-28.548,-1.8259,17.574,-0.027722,-17.554,0.0040188,0.0054713,-0.0028408,-0.9848,-0.0029772,0.002964,0.0028657,-1.6926,-3.3337,-1.6522,-29.476,-2.1853,17.171,-0.15789,-17.069
44.4,-0.012124,0.018471,-0.00853,-0.99306,0.007524,0.0014751,-0.0020722,-0.51935,-5.2721,0.18168,-28.95,0.83705,19.395,1.2179,-16.336,0.004984,-0.0083567,0.018974,-1.0017,0.0011378,-0.0011894,0.010445,-2.4435,-3.4154,0.5156,-28.892,1.3668,18.12,0.060336,-15.678
44.5,-0.019715,0.01339,0.018422,-0.98557,-0.0054213,0.00088286,-0.0067054,0.29944,-5.0074,-0.83056,-31.398,1.0228,17.057,0.61034,-15.909,0.00047533,0.0022233,0.0014325,-1.004,-0.0015942,0.00021801,-0.0054766,0.45299,-5.4874,1.0209,-30.165,1.5158,17.97,-0.17946,-16.138
44.6,-0.0016177,-0.0067989,0.020423,-0.99306,-0.0041761,0.0066299,-0.0043861,1.5507,-4.2816,-0.41041,-30.302,-0.91875,17.009,0.035458,-17.817,-0.0023207,-0.0033384,0.0057916,-1.003,0.00025367,-0.0017382,-0.0076687,1.0238,-6.8565,2.5469,-30.677,0.99046,17.685,-1.4125,-15.414
44.7,-0.013823,-0.012285,0.011743,-1.0114,-0.0048891,0.0010929,-0.0074697,1.4683,-4.4423,-0.30607,-29.262,0.19657,17.269,-0.034174,-16.483,0.0063615,0.0016427,0.0010427,-0.98378,0.0054551,-0.0044074,0.0060535,1.7228,-5.6936,-1.2592,-31.615,-0.17844,16.31,-1.3429,-18.193
44.8,-0.0025409,-0.013866,-0.0036825,-0.98363,0.0033145,-0.00079794,-0.0031646,0.072516,-3.9559,-1.1574,-31.918,-0.21887,18.03,0.63448,-15.419,0.020883,-0.018283,-0.0065479,-1.0085,0.0078202,-0.0042119,-2.9547e-06,0.58139,-4.687,-0.044813,-31.586,1.4348,16.362,1.6239,-16.397
44.9,-0.0018102,-0.0021689,-0.0032321,-1.0076,0.0018227,-0.0060775,0.00080603,-0.5272,-5.5918,-2.7522,-32.243,0.51862,17.466,0.34769,-16.889,-0.0094675,0.0061659,0.0092098,-0.99859,0.0014951,0.0082426,-0.006662,-2.6513,-4.2329,-2.0194,-29.208,0.20445,16.422,1.0073,-17.136
45,0.003514,-0.012075,0.012829,-1.0167,0.0033942,0.0032458,-0.0026643,-1.2201,-6.1997,-0.31608,-31.24,0.92135,18.489,0.34072,-17.576,0.01726,0.0064819,0.0088498,-0.98653,0.0042102,0.00096614,-0.0025768,-0.69783,-3.0909,0.6353,-31.685,0.51554,16.825,-1.1881,-18.066
45.1,0.0017841,3.8722e-05,0.017495,-0.98742,-0.0039657,0.0088364,0.0016556,0.51798,-5.3845,0.016493,-30.422,-0.64354,16.264,-1.2678,-16.608,0.0062091,0.011954,0.0044293,-1.0112,0.0019486,1.0253e-05,-0.0023517,1.7395,-4.9632,0.98303,-30.551,-1.8687,18.59,-0.57225,-17.603
45.2,0.013466,0.0035464,-0.0096388,-0.99529,-0.00079496,0.0079941,-0.0012062,0.90915,-3.4289,0.69364,-29.191,0.83118,18.779,2.5754,-17.152,-0.0086225,-0.0089652,0.020528,-1.0085,0.002654,-0.0027577,0.0070131,-0.33265,-4.6042,-1.5131,-28.946,0.04484,17.437,1.5408,-17.745
45.3,0.0024045,0.018071,-0.013185,-0.99239,0.0056548,0.0014229,0.0087098,0.027123,-4.3513,0.90919,-29.637,0.79865,18.95,-1.5806,-16.666,0.010981,0.018418,-0.0027621,-1.0034,0.0011901,-0.0031847,-0.0094962,-0.55945,-3.8892,0.35593,-30.207,-0.816,18.875,-0.0079138,-15.267
45.4,0.021008,0.0075224,0.0060627,-1.0007,0.010336,-0.0099863,-0.0054206,0.34379,-4.4838,-1.2025,-31.85,-1.3697,18.015,-0.50374,-16.969,0.014906,-0.010192,0.026287,-1.0002,0.0018245,0.0031345,0.0066018,-1.6677,-3.3265,-1.15,-30.092,-0.9937,16.882,-0.78916,-17.509
45.5,-0.0097827,-0.018228,0.0029337,-0.99807,-0.0030942,0.0019818,-0.0030624,-0.23445,-4.7466,-2.7107,-29.486,-1.1314,15.951,-2.4479,-17.682,-0.012081,0.013569,-0.0031784,-1.0137,-0.007247,-0.0047654,0.0026079,-0.29537,-6.1226,0.32451,-30.07,-0.91775,15.694,0.7645,-18.074
45.6,-0.011512,-0.0090533,0.0026728,-1.001,-0.0030721,-0.00087745,-0.0072739,0.61582,-5.5377,-0.2995,-31.229,0.48517,16.802,0.31041,-16.03,-0.0026675,0.01632,0.026721,-0.98865,-0.004339,0.0027274,0.006633,1.0893,-6.7095,-0.54164,-30.725,1.1478,17.91,0.70111,-17.892
45.7,-0.010574,-0.00063879,0.010196,-1.0023,-0.007195,0.0007522,0.0044842,-1.462,-5.3265,-0.66257,-31.08,-0.11219,18.214,-0.42418,-16.223,-0.0012493,0.013818,-0.014431,-0.99999,-0.0075379,0.00037462,-0.0036832,0.12548,-2.8943,-2.1137,-32.247,1.9889,15.293,-0.7865,-16.206
45.8,0.0081788,-0.012813,0.0022316,-1.0118,0.0091246,0.0062254,-0.0048617,0.091268,-5.2588,0.7206,-33.318,-0.40265,18.182,1.2147,-17.4,0.008788,0.0018446,0.0042774,-1.0077,0.00023617,-0.0059149,0.0034955,0.14916,-4.165,0.50884,-31.803,1.8406,17.99,-0.10475,-16.918
45.9,-0.0013534,0.0032073,0.00040562,-1.008,0.0077416,0.0053404,-0.0026246,1.2067,-5.8433,0.57809,-30.674,-1.16,17.141,-0.2464,-15.07,-0.0083054,0.0049246,-0.0047051,-0.97924,-0.00084206,-0.0063348,0.0059025,0.38725,-2.9943,0.69175,-29.272,-0.13849,17.249,-0.43038,-16.362
46,-0.012977,-0.0069498,-0.014285,-0.99686,-0.006874,-0.0006418,-0.0068064,1.3828,-2.925,-0.84351,-30.543,-0.20711,17.453,-2.0813,-15.99,0.0081387,0.015886,0.010969,-0.99154,0.0088708,0.00097211,-0.0031571,0.63879,-4.2521,-0.7421,-30.813,1.2706,18.237,-1.3851,-17.12
46.1,0.0069739,0.010521,-0.004287,-1.0005,0.004621,0.0065829,0.0049628,0.75486,-6.6117,-1.9548,-29.561,0.15488,17.748,0.92124,-17.173,0.0013752,-0.015243,0.012625,-0.99358,0.0014141,-0.0040747,0.010846,0.54218,-4.4919,-0.8161,-31.07,0.74513,19.419,-0.28948,-16.593
46.2,0.0016109,0.00804,0.0077739,-0.99758,-0.010482,-0.0097357,-0.0082764,0.4847,-6.981,0.16362,-31.094,1.8681,16.977,1.6439,-15.302,-0.019862,-0.00069858,0.0085855,-1.0174,-0.0015459,0.0071001,0.0015931,0.21313,-5.2935,-0.54596,-31.613,0.28946,18.295,0.57581,-16.234
46.3,0.0065771,-0.0055716,-0.0061801,-1.0065,0.0029147,0.00016678,-0.0012616,-1.793,-4.6195,0.77461,-32.249,-0.53704,17.839,-0.59147,-15.948,-0.0019846,0.017442,-0.00078044,-0.99414,0.002769,-0.0053502,-0.0042272,0.16012,-4.7023,-1.2824,-30.572,0.35205,18.103,0.50953,-17.109
46.4,0.0023974,-0.0081892,0.0061774,-0.99529,0.0010378,0.0049052,-0.0060202,0.28304,-3.7689,0.71655,-29.699,-0.957,18.185,0.60103,-17.977,-0.016209,-0.031616,0.0062692,-1.0013,0.0046516,0.012878,-0.004248,1.0517,-0.91519,0.73276,-32.659,-1.1278,17.035,-0.47028,-18.728
46.5,0.022617,-0.0055502,-0.013082,-0.99745,-0.0075943,0.00022135,0.0034638,-0.46975,-2.5079,0.78989,-30.258,-0.67556,17.162,-1.6605,-16.461,-0.012782,0.010189,0.0033272,-1.0078,-0.0034925,0.00079395,0.0060344,-0.54322,-5.0276,-0.93226,-29.824,-0.99927,17.762,-1.1661,-16.401
46.6,0.00052965,-0.0088974,0.00071588,-1.0028,0.002686,0.0020706,0.0032714,1.7499,-3.6035,-0.70487,-30.067,-0.98067,15.926,-0.87792,-16.237,-0.0096045,0.014974,0.032866,-1.0069,-0.005575,0.0020351,-0.0087253,0.65265,-4.9819,-1.1854,-30.957,2.2482,15.881,1.5413,-17.886
46.7,-0.010635,0.0090465,-0.0018367,-1.0071,-0.0030066,-0.0025515,0.010772,-0.47774,-5.5024,-1.2282,-31.883,-1.213,18.537,1.6258,-17.492,0.010889,-0.007213,0.00013021,-1.0126,-0.0026422,-0.00051393,0.0039201,0.90136,-3.5524,-1.5722,-29.538,-0.71291,17.064,0.16813,-17.472
46.8,-0.006854,0.011627,0.01317,-0.99835,-0.00078703,-0.0014214,0.0016826,1.5854,-4.2004,-0.91919,-32.509,0.49173,16.664,1.0626,-16.953,-0.0049711,0.005541,0.01139,-1.0033,0.0094468,0.010877,-0.00032019,-1.176,-3.1257,-2.8067,-30.014,0.59079,19.511,-0.43226,-17.072
46.9,0.016526,-0.0030734,0.016293,-0.99291,0.0012466,-0.012056,-0.00069228,-0.17139,-5.1333,0.54662,-30.36,-0.51078,18.467,-0.30517,-15.191,-0.024124,0.0051161,-0.0073217,-0.99557,-0.0044867,-0.0029086,-0.0065488,0.72944,-3.1581,-1.9097,-32.456,0.23703,19.604,-0.048806,-14.665
47,-0.0032252,0.0068168,-0.0084423,-0.9855,0.0022822,0.0040185,-0.001587,0.33569,-5.0035,-0.18203,-31.358,-1.7657,17.862,-1.0667,-16.203,0.0024882,0.0062913,-0.003766,-0.9948,0.0012517,-0.002946,0.0043317,1.4527,-5.818,-1.4197,-31.233,-1.4937,18.395,-2.2297,-14.984
47.1,0.00052121,0.014494,0.00094771,-0.99707,0.00069006,0.0023032,0.008399,0.033187,-6.2433,0.29028,-32.051,0.17662,17.743,-1.6809,-16.105,0.011547,0.0048532,-0.0062569,-0.99749,0.012243,0.0095482,0.0026478,0.15884,-3.9679,1.2819,-31.423,0.43241,16.778,-1.6328,-15.396
47.2,0.010807,0.0058594,0.004307,-0.98836,-0.00076519,0.0027507,0.0014596,-1.326,-5.022,-1.2647,-32.253,1.2628,18.007,1.3756,-15.609,-0.0056493,-0.013153,0.0077128,-1.0045,0.0022279,0.0006713,-0.0098794,1.2792,-4.7042,-0.62332,-31.605,1.2075,17.247,2.0016,-18.231
47.3,0.013827,0.0014522,-0.014266,-1.0111,-0.0049126,0.0085814,-0.0037572,0.061303,-3.138,-1.0628,-31.29,-0.30472,18.939,-0.14753,-18.677,0.005681,-0.013392,0.012784,-1.0028,-0.0058857,-0.0013825,-0.0027308,-0.60873,-4.7412,-1.2294,-32.989,-0.45039,17.704,0.4872,-17.351
47.4,-0.0016323,-0.011774,0.01004,-0.99735,0.0023922,0.0048746,-0.00067711,-0.58794,-4.1135,-0.76973,-29.913,0.22441,18.285,2.1547,-15.728,0.011274,-0.0010995,0.0018498,-0.99307,0.001423,0.0077798,-0.0082409,2.583,-3.9933,-0.43199,-32.577,1.8636,17.736,0.84003,-16.228
47.5,0.014472,-0.015382,0.0042955,-1.0011,-0.00088446,-0.0021175,0.0012122,0.40411,-4.0492,-0.38806,-29.489,-1.3585,17.569,-1.2458,-16.262,-0.0003983,-0.023014,-0.00052338,-1.0048,0.00034068,0.00097194,-0.0019488,-0.12822,-6.6074,-0.42106,-30.128,1.5221,18.228,1.717,-16.932
47.6,-0.0021002,-0.0050253,-0.0014176,-1.0025,-0.0017,-0.0079525,-0.0051812,-0.61857,-3.45,1.4809,-31.784,-0.39462,20.146,-0.081414,-17.686,-0.0041728,0.018556,-0.0028685,-0.99955,-0.0073432,-0.0059686,-0.0029242,-0.57023,-4.7985,0.13603,-31.685,0.21178,17.503,-1.128,-17.009
47.7,0.012556,-0.011433,-0.010922,-1.003,0.0026958,0.011777,-0.0011257,0.78023,-2.5477,-1.1819,-31.106,-1.0263,16.556,1.2589,-15.836,-0.00056771,-0.014537,-0.018058,-1.0068,0.002039,-0.002352,0.0036193,0.5589,-5.0099,-0.56397,-31.103,-0.38426,16.039,-0.58431,-14.827
47.8,0.01147,-0.0037566,0.0033402,-1.015,-0.0052837,0.00010103,-0.0030995,-1.1907,-4.2075,-2.301,-31.645,-1.1226,17.351,0.45795,-18.009,0.0017857,0.020611,0.0097961,-0.99292,-0.0068391,0.0039695,0.00014054,-0.38067,-4.0039,-1.0094,-32.05,2.4373,17.674,3.3582,-17.033
47.9,-0.00032162,-0.0081866,-0.015107,-1.0014,0.011565,0.0037067,0.0018102,0.079347,-4.4054,-0.17893,-32.351,0.41785,18.351,0.21762,-15.274,0.0018631,-0.012535,0.0055645,-0.99789,-0.0060762,-0.0014995,-0.0034394,-0.80748,-2.8949,-1.841,-31.817,-0.12415,17.615,-1.3158,-14.152
48,0.0074926,0.024635,-0.0020046,-0.98879,-0.004151,0.0097201,-0.0069112,1.0376,-5.593,-0.18679,-32.733,0.42869,19.421,-0.59496,-18.367,-0.0015586,0.0027975,0.0073268,-1.0035,-0.00052266,0.0040911,0.0049425,1.0704,-3.8916,0.88731,-32.655,0.39471,16.065,-0.77703,-15.67
48.1,0.0015417,-0.0031126,0.011128,-1.0012,-0.004139,-0.0015377,-0.00043646,0.83387,-3.0287,1.9106,-31.471,0.046459,17.462,1.4405,-17.022,-0.010403,0.0044861,0.0015097,-0.99146,-0.005364,-0.0015594,-8.7939e-05,0.58931,-6.6971,-0.37087,-31.656,-0.89924,18.571,-1.9876,-17.695
48.2,0.0080407,0.0095902,-0.0011673,-1.0011,3.5663e-05,-0.0080529,0.0073624,-1.5101,-4.33,0.8452,-31.914,-0.18645,18.122,2.1207,-18.064,-0.0059323,-0.010757,0.0061911,-1.0109,-0.010526,0.0055315,0.0087984,1.4005,-3.7375,-0.42071,-32.236,-0.25226,17.758,2.8774,-16.419
48.3,-0.0059373,-0.0055557,-0.014796,-1.0026,-0.0010858,-0.00017606,-0.0002922,0.6562,-4.1166,-1.6788,-33.431,0.14292,19.066,-0.84668,-14.136,0.00012381,-0.0080029,-0.0060108,-1.0054,0.0080173,-0.00089237,-0.00356,1.1888,-1.9018,-1.9106,-29.997,-1.6738,18.411,0.25849,-16.906
48.4,0.015693,0.00032077,-3.9027e-05,-0.99274,0.0032236,-0.0017158,-0.0061435,0.43813,-4.2331,-0.28348,-32.177,-0.16021,17.627,-0.49109,-14.667,-0.0089588,0.012249,-0.0012495,-1.0075,-0.0046237,0.0036342,-0.0055834,-0.61647,-3.9714,-1.3446,-31.816,-0.23689,16.947,-0.080348,-15.484
48.5,0.0041993,0.0017818,-0.018654,-0.99504,0.0030053,-0.0036006,0.0024042,0.93916,-4.8342,0.62793,-30.867,0.82903,19.004,-2.3599,-18.466,-0.012483,-0.008379,-0.0052351,-0.99808,-0.0010192,0.011237,-0.0004793,1.4229,-4.724,-0.73057,-30.576,-0.75499,18.284,0.58914,-15.622
48.6,0.0011744,-0.015547,0.0094979,-1.0119,-0.0028243,-0.00064376,-0.0019051,-0.4559,-3.2342,-0.88415,-32.022,-0.40054,17.763,1.7517,-17.326,0.023188,0.0067998,-0.014125,-1.0034,0.0065234,0.0097995,-0.004025,-0.88803,-3.4482,-0.53597,-33.033,-0.43008,17.543,-2.4298,-15.375
48.7,0.0033621,0.02264,0.015709,-1.0079,-0.0024719,-0.0043606,0.0034214,0.72934,-4.8154,-1.4506,-32.148,0.83083,17.213,0.74807,-16.58,0.0097757,0.014143,-0.014005,-0.998,-0.0032495,-0.0010683,0.0047525,-2.3651,-4.3214,0.52491,-30.381,-0.45302,18.369,0.58558,-15.153
48.8,-0.0041275,-0.014098,0.0031343,-1.0141,0.00057964,-0.0025268,0.0015689,-0.0016492,-5.388,0.5067,-32.563,0.20606,19.146,-1.5584,-17.675,0.011854,0.014518,-0.0058066,-1.0004,-0.0015947,-0.0036007,0.0080244,0.86204,-5.5624,-2.0355,-31.244,0.3579,16.636,1.8067,-16.546
48.9,-0.0045778,0.0004226,0.011344,-0.99806,-0.0090558,0.00034124,0.0021652,-0.52957,-4.0238,0.16507,-31.363,-0.37713,18.404,-2.9244,-15.923,-0.014936,-0.0063311,0.0037934,-0.99422,0.0079613,-0.0064685,-0.002334,1.3078,-4.0494,-2.1193,-31.63,-0.284,19.115,0.78136,-16.102
49,0.0034005,0.001272,-0.0071942,-1.0097,0.0018291,0.00018443,-0.00020716,0.55966,-4.8821,0.12549,-33.188,-0.63872,16.98,1.0973,-18.415,-0.0017482,0.00052264,-0.0093805,-0.97573,0.0048483,0.002714,-0.005252,-0.13697,-3.598,0.32654,-31.944,-1.3747,16.438,1.4452,-14.669
49.1,-0.021467,0.0098973,-0.00012607,-1.0001,-0.0066037,-0.00098988,0.0013119,-0.44761,-3.5493,-2.6636,-31.569,1.1599,16.435,2.5904,-18.569,0.00094389,0.005892,0.017908,-0.99994,0.00038071,-0.00087826,0.012198,1.7212,-5.0797,-0.62251,-33.647,-2.5641,19.186,-0.27354,-14.325
49.2,-0.00061098,0.002828,-0.00045677,-0.98905,-0.00076126,0.0036315,-0.0062136,-1.7811,-3.4487,-1.6909,-33.694,-0.19937,19.098,0.70105,-17.114,0.00062746,0.015371,-0.0027809,-0.99071,-0.0021061,0.0017989,0.0024362,-0.32344,-2.5042,-0.4684,-31.368,1.0152,17.975,-0.5409,-16.049
49.3,0.017541,0.027082,-0.0028493,-0.99454,0.0066143,0.0053878,0.0044817,0.9651,-5.9481,1.6407,-32.836,0.74414,20.011,-0.408,-16.821,0.00091884,-0.0021719,0.002963,-0.98784,-0.0020751,-0.0081348,0.0018133,-0.64351,-4.264,-0.60489,-32.778,0.49786,16.679,2.0884,-16.923
49.4,-0.0018777,0.01732,-0.0093108,-1.0093,-0.0017418,-0.00013845,0.0027199,1.3419,-3.5098,0.92938,-33.604,-0.87657,17.574,-0.22203,-16.567,-0.006648,0.00451,-0.0034622,-1.0218,-0.002549,0.0054506,0.0017275,-0.81203,-3.6765,0.83142,-32.226,0.96166,18.648,0.072998,-16.182
49.5,-0.009826,-0.019482,0.00084424,-1.0059,-0.000674,0.0030205,0.0011515,3.0048,-3.4582,2.1891,-30.621,-0.71463,17.962,-1.3423,-16.898,0.013563,-0.0098229,-0.0034858,-1.0057,0.00013398,-0.0010047,-0.0091591,0.32458,-3.3801,0.52374,-31.461,1.2157,14.709,-0.54956,-16.679
49.6,0.012826,-0.0014294,-0.0091471,-0.99838,-0.004012,0.0019654,0.00065305,-0.7524,-2.3455,-0.21089,-32.817,0.43614,18.415,1.2965,-16.911,0.0078475,0.0083903,0.0068635,-1.0217,0.00015018,0.0025962,-0.0014559,0.90436,-3.2417,1.3882,-31.336,-0.7822,16.934,-1.3369,-14.68
49.7,0.0015065,-0.0010699,-0.012674,-0.99419,0.0053925,-0.0014328,-0.0024464,0.60351,-3.5586,-0.55091,-32.06,0.77964,19.322,1.0444,-14.794,-0.0026809,0.0028389,-0.017577,-1.0113,0.0033582,0.0015156,-0.002557,-0.58799,-3.6394,-1.1953,-32.392,-0.14764,16.836,-0.81601,-15.798
49.8,0.0079897,0.0011218,-0.01639,-1.0029,0.0050503,-0.019345,0.0056333,0.94879,-2.9692,1.2898,-31.239,-1.093,17.871,1.2109,-15.682,-0.0011777,0.011963,-0.0022922,-0.98285,-0.01179,-0.001179,0.00067368,-0.29957,-3.4776,0.63115,-31.911,-0.7402,18.291,0.60404,-15.411
49.9,0.0053088,-0.0015013,-0.0010513,-0.99042,-0.0034204,0.006244,-0.0033374,0.28328,-3.1065,2.6145,-31.905,-2.8727,18.11,-0.51884,-15.263,-0.01639,0.0095952,-0.022887,-1.015,0.0048123,0.0016322,-0.005553,1.1337,-5.0681,0.31409,-30.352,-0.12669,16.948,0.65147,-17.6
50,0.013864,0.017279,0.0082044,-1.0049,-0.0084116,0.00031725,0.0015224,0.36864,-5.6521,-0.25509,-31.286,0.51544,17.475,0.86514,-17.705,0.0070837,0.0032524,0.0068891,-0.9924,0.0055978,0.0018082,-0.0036938,0.3865,-3.574,0.89661,-31.712,0.93411,17.498,-0.71713,-14.28
50.1,0.019472,-0.011668,-0.0068934,-0.99635,3.1844e-05,0.0089917,0.0053644,-1.5258,-4.6865,0.010933,-32.171,0.59769,17.474,1.5848,-16.347,-0.0025884,-0.014067,0.0048452,-0.99571,0.00205,0.00052703,0.0021354,0.22728,-2.9082,1.2754,-28.536,0.54387,19.095,-0.41497,-15.805
50.2,0.011237,-0.0014962,0.00065451,-1.0033,-0.010941,-0.0036196,-0.0010765,-1.0096,-2.4073,0.040023,-30.462,-0.60093,17.404,0.11412,-17.023,0.001806,-0.028386,-0.00011448,-0.99797,0.0028663,-0.00077769,0.00019248,0.35673,-2.4997,-1.2188,-30.971,1.7932,17.69,-0.83984,-15.605
50.3,0.01233,0.0073604,-0.011238,-0.99323,0.0016153,-0.00071359,0.0070521,0.35238,-4.2687,1.1597,-32.655,1.0823,17.076,-0.013471,-15.002,0.0098237,0.0042301,-0.011551,-1.0055,0.0027867,0.0012507,-0.0062325,1.3433,-2.5757,-1.5881,-31.199,-1.1814,17.272,1.1332,-14.894
50.4,-0.0032756,0.0029703,0.011848,-0.99946,0.00018402,0.0072421,0.0023198,2.2701,-3.7542,1.2475,-32.579,0.6449,18.522,-0.94336,-16.231,0.0029502,-0.0059686,-0.0062637,-1.0023,0.0060459,-0.0063826,-0.006821,-1.4196,-5.1029,-2.1683,-32.513,1.9,16.794,0.3847,-16.255
50.5,-0.024327,-0.0009095,0.010209,-0.99365,-0.00057182,-0.0075514,0.0019005,-1.1436,-3.6352,1.4578,-32.724,-1.0477,18.104,0.56754,-17.101,0.0061343,0.0088286,0.0011784,-0.99032,-0.0045494,0.0058283,0.0033067,0.053966,-5.5095,-0.33322,-31.768,-0.26911,17.671,-0.4966,-16.659
50.6,-0.0011002,-0.0072442,-0.0103,-1.0112,0.0052036,-0.0051296,-0.0017689,-0.33661,-4.8148,-1.2575,-31.752,-0.02814,18.018,2.1304,-16.267,0.012659,-0.0071284,-0.0036195,-0.99366,-0.0039869,0.0026783,0.00028296,0.29755,-3.6628,0.13968,-31.379,0.47708,17.554,-1.4719,-14.571
50.7,0.020562,0.013482,-0.011651,-0.99932,-0.0051354,-0.00051222,-0.0079878,-0.061556,-3.2373,-1.16,-32.196,-0.40204,17.856,-0.10094,-15.86,-0.0030235,0.0079788,0.0044601,-0.98966,-0.0036027,-0.0012811,0.0032264,1.1024,-2.033,2.0583,-30.972,0.016142,16.873,1.3257,-17.544
50.8,0.014971,0.0067085,0.0076276,-0.97541,0.0050414,-0.00556,0.0040494,-0.09999,-5.0378,-0.43346,-32.64,0.92607,17.05,-1.5511,-16.127,-0.0054939,0.0050679,0.007414,-0.99506,0.0027245,0.00073392,-0.0013329,-1.4002,-5.3352,-2.7654,-32.814,0.043212,16.394,0.72814,-15.124
50.9,0.00484,0.010903,-0.0098179,-0.98879,0.0022258,-0.00014979,-0.0033297,-0.33389,-2.2803,0.52555,-32.877,1.765,16.856,-1.3957,-15.615,0.013624,-0.015947,0.0095313,-1.0111,0.0060617,0.0040059,0.012173,0.27234,-2.2207,-2.9394,-30.61,1.5468,17.045,1.0291,-15.285
51,0.012385,0.011729,-0.0033952,-0.99476,-0.0048153,0.00055424,-0.0057877,2.385,-5.3889,0.73901,-31.842,0.34534,18.111,-1.7387,-17.483,0.014659,-0.011206,-0.0036611,-1.0035,0.0042075,-0.0017944,0.0071289,1.0652,-6.0564,-1.4657,-33.06,-0.34905,19.133,0.25929,-15.255
51.1,0.020045,0.01333,0.0082935,-0.99481,0.0095616,0.00030144,0.00095475,-0.66915,-2.5277,-0.71221,-31.676,0.032038,20.29,2.0891,-18.656,-0.0038421,0.0010901,-0.0090745,-1.0123,-0.0070849,-0.0028885,-0.0051463,-0.13129,-2.938,0.51676,-31.654,-0.65865,18.359,-0.46061,-16.057
51.2,-0.004836,0.0027042,-0.0059787,-1.0002,-0.0029236,-0.0020879,0.0058252,0.6174,-5.7769,0.35634,-31.832,0.41698,18.204,0.0061204,-15.852,-0.00025634,-0.011369,0.0019558,-0.99807,-0.00033444,-0.00094702,0.0073403,-1.049,-4.2247,-1.6735,-32.983,0.15809,17.156,-0.12709,-16.995
51.3,0.0042731,-0.0020768,-0.0021129,-0.99351,0.0066414,-0.0012914,-0.0031895,-0.15443,-5.4741,-1.2011,-33.958,0.13961,16.576,3.0051,-18.301,-0.011692,-0.00020038,-0.0048879,-1.0131,-0.0051835,-0.0062588,-0.010951,0.97014,-2.8278,0.12794,-32.246,-0.4065,19.284,0.11287,-15.268
51.4,0.0061466,0.01565,-1.5037e-06,-0.99609,-0.00035937,-0.00048285,-0.0099966,-1.2304,-6.0804,-1.0264,-33.33,0.69252,19.173,0.41348,-15.687,-0.0047768,0.016733,-0.010723,-0.98821,0.0013204,0.00054116,0.0061999,-0.3877,-3.2171,-0.14895,-31.894,0.6074,15.787,1.5059,-14.717
51.5,-0.00059001,-0.015221,-0.020805,-0.99776,-0.0025703,-0.0029886,0.0053498,0.66613,-3.573,-0.41071,-32.603,-0.53842,17.197,2.5996,-17.825,0.00046158,-0.018179,-0.0070667,-0.99777,0.0029311,0.0015873,-0.0077489,1.0409,-2.3977,-0.93894,-33.501,1.5982,16.746,0.23118,-13.863
51.6,0.0061904,0.0042325,0.0041983,-1.0044,-0.0017926,-0.010576,-0.0068196,0.30605,-4.5209,2.4596,-30.956,-1.0673,17.855,-0.22474,-17.553,0.0064045,0.0092126,0.0090665,-0.98501,-0.0050884,0.0091814,-0.0022417,1.3138,-3.734,-0.95804,-31.49,-0.81041,16.512,0.57877,-15.496
51.7,-0.011112,0.0052883,-0.01623,-1.0007,0.0053699,-0.0019906,-0.00067129,0.79384,-3.9394,-0.51327,-33.831,1.2695,18.068,-0.34548,-19.106,-0.0079327,0.0089859,0.014307,-1.0261,-0.01076,0.00045356,-0.0031632,1.4061,-2.3508,0.61136,-32.604,1.6046,16.085,-0.2906,-14.519
51.8,0.0095485,0.00091044,0.0038047,-0.99905,-0.00067625,-0.0013633,0.0039307,-0.7917,-4.4901,-0.6754,-33.713,0.30502,19.168,-1.8274,-16.826,-0.0011677,-0.00024853,0.014521,-1.0081,-0.0054815,0.012269,0.0030193,-0.72952,-2.3195,0.18272,-30.665,-0.10034,16.046,-0.84421,-15.971
51.9,-0.0032527,-0.0048774,0.0024998,-1.0016,0.0038093,0.0045002,-0.01356,-0.86389,-4.3801,-0.33216,-32.907,-0.32082,19.112,0.95731,-16.268,0.0061644,-0.0056412,0.0072216,-0.99834,0.003783,-0.0021832,-0.0024195,-1.6551,-3.4073,-1.3661,-33.811,1.8166,17.804,0.30073,-13.683
52,-0.010329,-0.0086169,0.026458,-0.99521,0.012655,-0.001044,2.6495e-05,0.86809,-3.9725,-1.0687,-32.559,-0.84935,18.048,-0.18322,-17.173,-0.0040955,-0.011048,-0.033248,-0.98013,0.0084518,0.00018909,0.0037055,-0.71557,-2.4868,-1.6581,-32.185,1.2362,19.101,1.7434,-14.456
52.1,-0.0012511,0.0027723,-0.0070644,-0.98361,0.0018705,-0.0028711,-0.0028523,0.3693,-4.3958,0.64393,-34.572,-0.59144,19.366,-1.6758,-16.875,-0.0029094,-0.0080094,0.00081846,-1.013,-0.0023486,0.0027446,-0.0031987,0.93048,-3.6666,-0.21078,-32.798,0.15444,17.29,1.2406,-14.687
52.2,0.0007298,-0.0044522,0.012845,-0.9959,0.0030754,0.0028779,0.0034368,0.50994,-4.0145,0.76322,-32.705,0.69592,19.874,-1.3503,-17.127,0.015279,-0.010626,0.0040722,-0.99049,-0.0020506,-0.0037677,0.0053793,0.98667,-2.6756,0.53085,-32.471,-0.62856,15.191,-0.10672,-14.093
52.3,0.007112,0.0090214,-0.0016821,-0.98833,-0.00015218,-0.0034902,-0.0014503,-0.29917,-5.8091,-0.022749,-33.868,1.6237,17.589,-0.62725,-17.138,0.00042078,-0.0057221,0.0056674,-0.99275,0.00014983,-0.0023979,0.0043129,-0.25581,-2.5047,-0.025344,-32.669,0.68286,17.489,1.5074,-14.782
52.4,-0.011595,-0.00015279,-0.0013317,-0.99921,-0.0021493,-0.0090442,-0.0018149,-3.0549,-4.63,0.44578,-33.541,2.0851,17.228,0.66337,-15.743,4.1434e-05,0.0043858,0.0017254,-0.99043,-0.0022149,-0.0041645,0.0042973,-0.39867,-5.6965,0.23881,-34.155,0.18147,17.175,-0.013101,-13.885
52.5,0.00075622,-0.022675,-0.0087218,-1.0198,0.0029835,0.00098204,0.0062303,-0.11869,-4.043,-1.8684,-34.466,0.5182,19.498,-0.51362,-16.337,0.0091041,-0.010537,-0.010347,-0.98667,0.0018354,0.00048603,-0.0027311,-0.74068,-5.1247,-0.24336,-33.149,-0.84096,16.071,-1.5128,-13.121
52.6,-0.0027609,0.010173,-0.0064981,-1.0062,0.0086788,0.0037844,-0.0036283,-0.75913,-4.0989,1.3192,-33.189,-1.7865,16.514,0.66061,-16.33,0.0051867,-0.0044445,0.0035998,-0.98625,0.0004161,-0.0026381,0.0043333,0.11511,-1.9355,0.10439,-31.716,-1.1913,15.858,-1.1262,-14.875
52.7,0.022367,0.0075732,-0.0083325,-1.0168,-0.0030994,-0.0033752,0.0061513,-1.7228,-5.4212,-1.0876,-31.586,-1.0152,19.648,0.91557,-17.406,-0.011827,-0.0041599,0.01161,-1.0192,-0.0016198,-0.0011393,-0.0072261,0.61817,-2.2492,-1.509,-32.44,1.312,16.09,0.39572,-14.315
52.8,0.0097428,-0.028843,0.01887,-1.0054,0.0036684,0.002558,-0.0048161,1.4677,-4.7645,1.19,-32.518,2.0679,16.573,0.25795,-18.162,-0.0068444,-0.0074039,0.012977,-1.0032,0.0027482,0.0054873,0.0052632,-0.45887,-2.867,-0.47295,-32.685,1.6572,16.725,1.8788,-14.37
52.9,0.018132,0.0173,0.0076425,-1.0024,-0.0053823,0.0030572,0.0017946,0.52274,-6.0698,1.0155,-33.999,2.8296,17.943,0.29392,-19.169,0.01442,-0.0046534,-0.0057685,-0.99053,0.010905,0.01091,-0.0048215,0.4514,-2.4007,0.48023,-32.208,1.8893,15.873,0.47898,-16.038
53,-0.0009331,-0.011817,-0.0029867,-0.99097,0.0014888,0.0032734,-0.0057599,-0.75555,-2.2254,-1.3884,-33.047,0.52856,18.372,0.98901,-16.252,-0.00017194,-0.0089875,-0.014732,-1.0122,0.00077957,0.0012413,-0.0041008,-0.33329,-4.8011,-0.57881,-33.614,0.8255,16.523,1.4905,-13.734
53.1,0.008752,-0.004574,0.013825,-0.99845,-0.0060051,-0.0021723,0.00048963,1.7477,-5.5142,-0.76495,-34.453,1.5069,17.978,0.2701,-17.879,-0.007735,-0.00097838,0.01071,-0.99566,-0.0010423,0.0039957,0.0035297,-1.0617,-2.4539,0.4441,-32.29,-0.74695,17.078,-2.383,-14.51
53.2,-0.012111,0.00090779,0.018456,-1.0098,0.0039069,-0.0091798,-0.01282,1.8074,-3.9008,-0.5469,-33.122,0.77994,17.88,-0.46118,-15.849,-0.027813,-0.00022984,-0.017022,-0.99697,-0.00042839,-0.013527,-0.0064275,-0.92843,-1.6278,1.992,-34.351,0.48725,16.406,1.5713,-13.378
53.3,-0.0041416,0.0063069,0.0024812,-1.0146,-0.0053082,-0.0016645,-0.0049647,-0.61379,-3.5745,0.81354,-35.395,-0.18272,19.43,-2.1515,-16.982,-0.006388,0.0063678,0.013855,-0.99051,0.0028006,-0.0033777,0.00087501,0.29356,-3.4756,-0.83324,-29.947,1.2647,17.021,0.54417,-13.999
53.4,0.021147,0.003817,-0.0050637,-0.99694,-0.011316,-0.0089512,-0.013586,-0.65379,-5.7297,-0.10342,-33.613,0.20654,19.048,1.2447,-18.965,0.0094748,-0.013763,-0.00086442,-1.0038,-0.0048401,-0.011116,0.0017493,-2.205,-3.2813,-0.98563,-32.091,1.1812,16.195,0.47614,-15.622
53.5,-0.0070703,0.00054122,-0.00096257,-1.006,-0.0031234,-0.0017707,-0.0044448,-1.055,-3.866,0.0028785,-34.373,1.3249,16.861,0.93538,-17.203,-0.0039742,-0.0038097,0.0032561,-1.0015,-0.0061123,-0.0033033,-0.0027327,1.0764,-2.5484,-1.0666,-31.261,1.1387,15.918,-1.5867,-13.787
53.6,-0.00137,0.0006057,-0.0020428,-1.0165,0.0018381,-0.0010804,-0.0081518,-0.17069,-5.6673,-1.2437,-32.654,-1.2555,19.532,1.4974,-16.317,-0.001673,-0.00037053,-0.0062879,-1.0046,-0.0090317,0.00082623,0.0032615,1.5875,-2.8141,0.033064,-34.176,-0.32551,16.679,-2.7139,-14.678
53.7,-0.021012,0.0010065,0.014537,-0.99707,-0.0069609,0.0069561,-0.0072827,1.3453,-3.3198,-1.4934,-32.503,-2.2124,18.95,0.0015503,-18.728,-0.012944,-0.010161,0.01213,-0.99404,0.0052683,-0.0027036,-0.0046915,0.47109,-2.9004,1.7102,-32.352,-0.25669,18.178,-2.7226,-13.203
53.8,0.0033426,0.0056725,0.00097665,-0.99639,0.0038472,-0.0084099,0.00018815,1.0773,-3.1109,1.0121,-34.649,-0.92483,16.702,-3.0435,-16.287,0.003043,0.0018961,0.00062836,-0.99624,-0.0011821,-0.00074475,-0.0028575,0.91114,-4.3952,-0.38335,-34.034,-0.71279,16.165,-0.44061,-14.625
53.9,0.008244,-0.0014606,-0.0048144,-0.99385,0.0037493,0.00098978,0.0010878,0.16915,-3.3269,2.2561,-33.801,-0.12497,19.847,-1.4419,-16.004,-0.0049116,0.00071338,-0.014464,-1.0027,-0.0010045,-0.00071543,-0.00089692,-1.3837,-2.6605,0.97801,-35.569,0.61253,18.784,0.48999,-16.39
54,-0.0045213,-0.011862,-0.0024451,-1.01,-0.0062312,-0.0018805,-0.001372,-0.3944,-4.0444,-1.0309,-33.079,1.3535,20.085,-1.5808,-17.425,-0.0010337,0.011623,-0.010241,-0.99223,0.001204,-0.0023913,0.0044447,0.57034,-2.42,0.27052,-32.964,-0.531,17.625,2.2736,-14.523
54.1,-0.0033155,0.00839,0.0049048,-0.99758,-0.0079639,0.0036251,0.0044386,-0.90909,-2.9391,-1.5455,-35.457,0.0073582,18.493,1.0154,-16.658,-0.011911,0.010277,-0.013071,-0.98805,-0.0013864,-0.0039555,-0.0088763,-0.17456,-4.1552,-0.58144,-33.712,-1.1795,16.302,0.66858,-15.026
54.2,-0.0068038,0.011029,0.0082667,-0.99859,0.0082261,0.0049543,0.005497,-0.88856,-5.2954,0.30252,-32.939,2.324,18.191,-1.4172,-18.37,0.0026203,0.0045127,0.00027808,-1.004,-0.00044084,0.0074376,0.00025047,1.5952,-5.057,0.3201,-32.38,-0.45586,15.778,-0.64327,-13.808
54.3,-0.00406,-0.014895,0.0037232,-1.0025,0.0056559,0.0034606,-0.0038208,1.8845,-3.8753,1.0135,-34.555,1.0472,17.38,0.57123,-17.442,0.0016473,0.0088039,0.0067836,-1.0045,-0.0044852,0.0047562,0.0025084,2.7958,-1.9257,-0.20179,-34.038,0.55669,16.542,-1.5207,-13.349
54.4,-0.0054803,-0.015411,0.0065193,-1.0061,-0.004781,-0.0017851,-0.0036676,0.57782,-4.9128,1.0956,-34.015,0.93044,20.271,-0.96581,-16.403,0.014921,-0.015178,0.0047617,-0.98547,-0.0041416,0.0033958,0.0042229,0.94596,-2.4466,-0.51663,-32.495,1.2569,17.242,1.1497,-15.146
54.5,0.011682,0.0071201,-0.00051154,-0.99757,0.0027769,0.0015889,-0.0031635,-0.66632,-5.1907,-0.8474,-33.78,1.1785,20.667,-0.14494,-16.323,-0.0045402,-0.00015192,-0.01519,-0.99318,0.0011994,-0.0035102,-0.0016635,0.15453,-4.7083,-1.6261,-34.069,3.7186,16.501,0.63582,-14.031
54.6,0.01928,0.0041158,0.0073702,-1.0005,0.0097322,0.00094828,0.0090602,0.8283,-3.9553,-2.6037,-34.631,0.14904,17.956,0.40457,-17.681,-0.0091101,0.018286,0.006046,-0.99637,0.003427,-0.00055513,0.0022578,-0.69156,-2.8811,-0.83806,-34.642,0.28825,17.915,0.55209,-11.795
54.7,0.019469,0.015941,-0.017827,-1.0019,0.00017494,0.0056877,-0.0030099,0.43559,-3.6582,-2.8323,-34.262,1.6977,19.77,1.4621,-16.969,-0.0082468,-0.013923,-0.0056978,-1.0051,0.0015765,0.0058263,0.012236,0.61164,-0.95744,1.2584,-33.619,0.13508,18.366,0.057368,-14.411
54.8,-0.0018551,-0.021613,0.0065621,-1.0017,0.0013354,-0.0025917,0.00043582,0.23741,-2.523,0.40701,-32.889,-0.9577,17.649,-2.163,-16.261,0.0066864,0.0045225,-0.0068957,-0.99468,0.0026942,-0.002928,0.007118,-1.4799,-4.0459,1.2721,-33.179,-1.5071,17.253,0.51482,-14.53
54.9,0.0024398,-0.0075384,-0.0065574,-1.017,0.0036348,-0.009189,-0.001359,-0.76353,-3.3425,0.50651,-34.305,0.47595,18.693,2.6427,-16.733,0.0042381,-0.014821,0.0056352,-0.98959,0.0016887,-0.0083449,0.0014804,-1.3287,-2.8054,-0.93976,-32.294,1.5075,17.848,1.7796,-15.446
55,-0.00061499,-0.0077634,0.0032543,-1.0065,-0.005598,-0.00044281,-0.0027228,-0.80355,-3.7193,-0.431,-35.207,1.6181,18.949,1.8844,-17.196,-0.0018715,0.0052825,0.0037883,-1.0029,0.0061245,-9.6706e-05,-0.0018308,-0.44798,-1.7415,-0.29986,-32.633,1.2089,18.288,-0.18828,-13.105
55.1,-0.013969,-0.010446,-0.00017313,-1.0093,-0.0041709,-0.0096458,0.0018072,1.8967,-4.032,-1.491,-34.061,1.9263,18.972,0.75258,-15.858,-0.0065139,0.0035069,0.0086199,-1.0214,-0.0057781,-0.0022196,-0.0019847,0.67146,-2.4033,0.21033,-32.767,0.79127,17.993,-0.38202,-12.667
55.2,0.004534,0.025016,-0.015928,-0.98725,0.00775,0.0019095,0.0074024,-0.4737,-4.8511,-2.928,-35.158,2.1827,19.027,0.12588,-16.471,0.0018306,0.018816,0.00026459,-0.99537,-0.0017269,-0.0060665,-0.0047673,1.3442,-3.1277,1.9543,-32.921,-1.2042,16.949,-3.5457,-14.384
55.3,0.0026267,-0.011043,0.013232,-1.0162,-0.0038912,0.004584,-0.00055257,-0.25576,-5.7813,-0.38671,-35.627,-1.6722,19.51,-1.7552,-17.725,0.012861,-0.0022502,-0.0004259,-1.0067,0.0013355,-0.00088976,-0.0011489,-0.9888,-3.2847,-1.0376,-32.761,-0.20849,15.804,-0.99255,-14.927
55.4,0.010764,0.0021023,-0.0056099,-0.99984,-0.0030891,-0.0090161,-0.0090375,2.1692,-5.7791,2.0382,-34.316,1.9017,20.078,-0.25252,-16.382,0.0078343,-0.007357,0.0037131,-1.0006,-0.0036986,-0.0013843,0.0032184,0.042918,-0.1229,-1.2497,-33.254,0.29429,15.23,0.83254,-14.59
55.5,-0.00020123,0.0037366,-0.0018751,-1.0084,0.00021093,-0.0020832,0.0046648,-0.66963,-2.819,0.16652,-34.975,0.32454,20.286,-0.21262,-17.154,0.0071677,-0.0084988,-0.005279,-1.0194,-0.00086105,-0.006368,-0.0036025,-0.75851,-2.9826,-1.3216,-33.338,0.18309,16.258,0.46279,-12.981
55.6,0.00054792,-0.012786,0.010847,-1.0028,-0.00037122,0.0016813,-0.0044764,-1.2713,-2.0267,-0.054844,-34.572,0.1022,19.421,0.85901,-16.012,-5.9814e-05,-0.014165,-0.0089859,-1.0094,-0.0033892,0.0028265,-0.0097953,-0.44533,-2.3147,-0.30551,-34.234,0.47864,14.748,-0.82344,-12.048
55.7,0.0067163,0.00018816,0.0088647,-1.0095,0.0058313,0.00042982,-0.0054077,-0.066947,-4.8634,0.44933,-34.345,0.065128,19.287,-0.81697,-15.264,0.0059293,-0.0002057,0.0071474,-0.98514,-0.00028904,-0.0012771,-0.0019132,0.015675,-2.2597,-0.87567,-32.466,-0.78282,16.267,-0.2474,-14.49
55.8,0.0089853,0.0087516,-0.0033216,-1.0018,-0.010464,0.0046758,-0.00071812,-0.33562,-3.6187,0.43627,-35.377,-0.065699,18.106,1.7074,-16.66,0.0065295,-0.010131,0.0042369,-1.0054,-0.0052465,-0.0094231,0.0037763,1.9642,-2.9811,0.10985,-31.662,-1.0192,16.705,-0.68513,-13.891
55.9,0.0064195,-0.0034767,0.01207,-0.98983,0.0038684,0.00016579,-0.0022344,1.1277,-5.9149,0.033388,-35.041,-0.7206,18.997,-1.4307,-16.98,-0.0041775,-0.0042144,0.003679,-0.99026,-0.0025658,0.0031289,0.00022966,0.05278,-3.1582,-2.1556,-33.005,1.0492,17.294,-1.1179,-13.145
56,0.015413,-0.01673,-0.0065312,-0.98885,0.0083357,0.0050827,0.0061382,2.0746,-4.0786,-0.27833,-35.479,0.08219,17.071,-1.1227,-16.42,0.015342,-0.0029998,0.00087597,-0.99405,-0.0064218,-0.0001185,-0.00031652,-0.073484,-1.741,-0.44136,-31.517,2.3878,16.183,0.10573,-13.306
56.1,-0.0015869,-0.0093459,0.011904,-0.98044,-0.0028025,0.00026032,0.0036999,-0.057354,-3.4096,-1.4899,-34.079,0.67263,20.401,1.7586,-17.205,0.0045464,0.013648,-0.0089341,-1.0015,0.0041107,0.0063247,-9.4333e-06,-1.3085,-1.7858,-2.6516,-32.882,-1.7209,19.171,1.4061,-13.3
56.2,0.0022619,-0.0127,0.020906,-1.0132,0.011913,6.3726e-05,-0.0076474,-1.4994,-5.1094,0.40474,-35.177,-0.029802,20.646,0.12204,-15.707,0.013442,-0.0037104,-0.0014273,-1.0089,0.0062876,-0.0042363,-0.0047852,0.87634,-3.5006,-0.46021,-33.562,-0.011985,17.642,-0.91335,-12.928
56.3,-0.019171,0.013448,0.00081276,-1.0138,0.00059862,0.0077707,0.0003567,1.1058,-4.0113,-0.16256,-33.565,-0.91444,19.214,0.25224,-16.182,-0.0044327,0.0051537,-0.0075803,-0.98975,-0.0089082,0.0081428,-0.0055313,-0.22846,-1.8649,-0.43062,-33.569,-1.247,15.27,-0.14138,-14.269
56.4,-0.0076533,0.011271,-0.018073,-0.98901,0.0014028,0.0013339,-0.0033441,0.44299,-5.6423,-0.059429,-36.726,-0.62233,18.287,0.17854,-16.089,-0.0094949,-0.016234,4.4348e-05,-1.0243,-0.010146,0.0024421,-0.0032983,-0.55088,-2.8422,2.5432,-32.783,-1.1916,16.98,-1.1923,-13.453
56.5,-0.00020962,-0.00342,0.0087097,-1.0056,-0.00066798,0.00060915,-0.0043086,-0.072712,-5.061,-1.4558,-36.887,-0.21882,17.783,-0.72555,-18.182,-0.0090221,0.010712,-0.0094229,-1.0189,-0.010098,-0.014718,0.0075429,-0.75514,-2.5834,0.88757,-33.23,1.5566,17.76,-2.4673,-14.983
56.6,-0.0053519,-0.012776,0.0071751,-1.0085,0.00097681,0.008251,0.0035092,-1.7829,-2.822,-2.3348,-36.157,2.0254,19.518,1.9501,-16.673,0.0065255,-0.0065599,-0.018536,-1.0015,0.0067952,0.012526,-0.0043287,-0.07334,-3.8529,-1.4057,-35.524,0.053058,14.989,0.91268,-13.629
56.7,0.0045266,-0.006284,-0.013803,-1.0056,0.0031903,-0.0027306,-0.0080471,-0.18707,-4.6532,-1.2467,-36.203,1.7631,20.551,-0.93982,-18.883,0.0026766,0.00070681,-0.012999,-0.99812,0.0065221,0.0067721,-0.0054947,-0.25731,-3.2179,-0.70919,-35.41,0.68547,17.13,0.0094897,-13.693
56.8,0.00054574,0.0050744,0.0084228,-1.0004,0.0010179,-0.0050614,-0.00046646,0.63714,-2.4219,1.4105,-35.185,-1.3073,20.13,-2.2366,-18.472,-0.013539,0.0079386,0.006325,-0.98838,-0.0037875,-0.0013721,0.0031324,0.56955,-3.1595,1.9445,-33.421,-1.7605,19.283,0.69002,-15.462
56.9,0.00018099,-0.0070353,-0.0058244,-1.0049,-0.0062056,-0.0068682,-0.0096908,2.2245,-3.0739,-0.37358,-35.486,-0.20773,18.699,-1.4245,-14.282,-0.001421,-0.0091293,0.010759,-0.98251,-0.0011722,0.0068458,-0.0080181,0.69822,-2.9528,0.044158,-34.208,-0.76441,18.117,-1.0523,-13.98
57,-0.0032709,-0.012356,-0.0085534,-0.99502,-0.0087757,-0.0026197,-0.00042574,0.66763,-3.6543,-2.1416,-35.689,2.9173,17.88,-1.2478,-17.219,0.0099598,-0.0019088,-0.025023,-1.0042,0.0015926,0.0013099,0.0043182,0.37529,-0.61005,0.95225,-32.389,0.26194,16.316,-0.59474,-14.982
57.1,0.0051043,-0.01019,-0.0094456,-1.008,-0.0076549,-0.00044446,-0.005746,1.0597,-3.9588,0.66323,-34.687,0.86772,18.877,0.69059,-18.337,-0.018254,0.0032625,0.014008,-0.96222,0.0015691,-0.0073592,0.0075702,-0.74366,-1.5198,-0.89562,-32.374,0.45286,18.859,0.54333,-12.906
57.2,-0.0084507,0.011878,-0.0021932,-0.98361,-0.0048728,0.0043596,0.0025485,0.023999,-3.6545,0.07822,-34.258,-2.7653,20.229,-2.4407,-16.739,-0.0032945,0.00983,-0.0085452,-0.99472,-0.002079,-0.0034388,0.0014947,-1.1936,-2.7925,-0.90468,-35.137,0.46667,18.372,0.14385,-13.181
57.3,-0.00014846,-0.0044438,-0.0012177,-1.0038,-0.0027115,-0.0061821,0.0040768,0.74278,-3.2318,-0.063796,-33.582,1.0536,19.856,0.042671,-17.925,-0.008474,-0.0056951,0.0085779,-1.0131,0.00098603,-0.00078566,-0.00045423,-0.895,0.66733,-1.5152,-35.257,0.29612,17.265,0.061677,-14.685
57.4,-0.011277,0.0053059,0.0099052,-0.99767,-0.0019055,-0.0095261,0.0019625,-0.085355,-3.8634,-1.5269,-36.887,0.16884,19.999,0.2584,-17.773,0.0018977,0.0079327,-0.0014528,-0.99299,0.00561,-0.0019733,0.013914,-0.59774,-1.0407,1.0882,-33.585,0.91839,14.779,-0.050492,-13.369
57.5,0.012288,-0.0056517,-0.0091866,-0.99833,-0.0015317,-0.0096508,0.0013839,0.25707,-5.1339,-1.6751,-35.225,-0.13154,17.698,1.2062,-17.442,0.0052574,0.0041218,-0.0045694,-1.0086,0.0010979,0.0017309,-0.0016502,0.39151,-3.2328,2.0541,-33.671,-1.9548,17.886,0.26446,-14.883
57.6,0.00692,0.0091831,-0.0049958,-0.99426,0.0069823,-0.0043588,-0.0092569,0.57036,-4.3845,-0.14259,-36.475,0.52137,17.871,-0.0081471,-17.297,0.009486,0.015969,-0.0074333,-0.98616,-0.0049178,0.0012662,0.00092995,-0.030883,-2.5669,0.85973,-34.038,-1.3145,17.404,-0.76715,-14.404
57.7,-0.015965,-0.013501,-0.0031488,-0.99209,-0.0035378,0.0063089,0.0013913,-0.4114,-3.481,0.76038,-37.34,-1.3354,17.357,-1.5065,-17.189,-0.0062626,-0.0089815,0.0063829,-1.0071,-0.0096658,0.00093553,0.0080658,0.13018,-3.5434,-0.30949,-34.376,-0.6089,15.854,-1.7636,-14.1
57.8,-0.003396,0.0048248,-0.013398,-1.0185,-0.0048496,0.0011657,-0.0047161,1.4633,-5.2447,0.92043,-35.358,-2.6895,18.847,-2.2041,-16.213,0.0030851,0.0043533,-0.018992,-1.0089,0.0039405,0.0037858,0.0064778,0.056249,-2.1175,-2.285,-33.077,-1.3641,19.158,2.3704,-15.751
57.9,0.005577,0.0076389,0.0020661,-1.0034,-0.0012699,0.00083366,-0.0011028,0.86897,-5.5433,0.022063,-34.255,2.3454,17.902,-0.63274,-17.478,-0.0063147,0.00735,-0.0074391,-1.0065,-0.003177,0.00017271,0.010476,-0.44535,-2.3607,-1.4795,-34.748,0.63403,17.063,1.5001,-15.268
58,-0.0030293,-0.0012942,0.011525,-1.0097,0.0029363,-0.0022804,0.0029698,-1.1173,-3.6749,-1.6034,-34.446,2.3467,20.333,-0.30953,-15.943,-0.0023251,-0.00091714,-0.0061755,-0.99662,0.0026332,0.0019603,-0.0063092,-0.48745,-1.508,0.87567,-34.148,-0.94776,16.985,0.47492,-13.661
58.1,0.0074224,0.0064877,0.0087906,-1.0108,-5.6255e-05,-0.0037523,0.0020551,-1.4093,-4.2782,0.1553,-36.016,1.2814,19.186,0.24793,-17.208,0.015427,-0.0071548,0.0078895,-0.97991,-0.0057607,-0.0050746,0.0027922,0.26017,-3.8097,1.1159,-33.857,-0.50664,18.822,-1.6564,-14.957
58.2,0.0039678,-0.01181,0.012657,-1.0063,-0.0037878,-0.010269,0.00043262,1.6559,-3.8294,0.82016,-36.006,0.20406,19.17,-1.5271,-15.336,-0.0077442,-0.0029002,-0.0057189,-0.99933,0.00096697,-0.0025294,-0.0052777,0.70282,-2.8314,-0.71856,-34.759,-0.23142,17.904,-1.5038,-13.802
58.3,-0.010744,-0.010306,0.0069521,-0.99175,-0.00083043,-0.011285,-0.0010619,0.60705,-3.145,0.92208,-35.776,-0.59218,18.104,0.1545,-16.169,-0.017444,-0.0062186,-0.0031703,-0.98348,0.00068787,-0.0059221,0.0043508,-0.71892,-1.1534,-0.24223,-33.828,-1.6011,17.78,-0.070152,-14.403
58.4,0.011834,-0.002204,-0.015919,-1.0175,0.0065623,0.0010774,0.0072793,0.4339,-3.5587,-0.66226,-35.409,-0.70806,18.117,0.20384,-19.145,-0.010856,-0.0081446,-0.0012949,-1.0171,-0.011027,-0.0078672,-0.0036685,-0.89119,-2.3268,-3.0769,-34.048,1.5199,17.682,0.19631,-15.572
58.5,0.012666,0.012774,0.0071703,-0.99474,0.0022466,-0.0066837,-0.00091247,-0.99438,-3.9615,-2.737,-34.203,0.1575,19.577,0.23749,-16.358,-0.013256,0.0077613,0.025809,-0.9917,-0.0043107,-0.0044966,0.0017613,0.098405,-1.7674,-1.2131,-35.258,0.85433,18.568,-0.64816,-14.213
58.6,0.016614,-0.011342,-0.0044423,-0.98813,0.0062963,-0.00079101,0.0018353,-1.3456,-2.3129,-1.7645,-34.468,0.56365,19.806,1.698,-16.054,-0.011256,0.0042801,-0.0060626,-1.0056,-0.00014742,0.0051396,-0.0033834,1.1146,-3.0504,-0.74876,-33.56,0.33937,17.627,-0.39241,-14.911
58.7,0.0072571,0.012997,-0.0058668,-1.0078,-0.00038765,0.001293,-0.0039173,-0.92198,-4.325,0.91553,-35.434,-1.0797,18.183,-2.1832,-16.902,0.0036653,-0.0039807,0.011771,-1.0091,-0.00055589,0.0010846,-0.00035634,-0.28016,-2.1938,0.80331,-35.272,-1.2148,17.861,-0.96722,-15.556
58.8,0.0014069,0.011654,0.028873,-1.0055,-0.0092749,0.0031517,0.0083855,1.1331,-4.9755,-0.98816,-34.526,-1.3863,18.605,-0.47078,-19.576,-0.011188,0.0025771,-0.0081332,-1.0058,0.00063494,-0.0066155,0.00069569,-1.616,-3.657,-1.6052,-35.441,-0.21528,17.857,-0.1069,-14.263
58.9,0.010157,0.0031492,0.0023387,-0.98929,-0.0071055,-0.0014019,-0.0043986,0.14474,-4.1599,0.14835,-35.522,0.027962,19.427,1.1008,-16.495,0.011836,-0.0064099,-0.008252,-0.98839,-0.0075269,0.0022601,0.0070724,-0.20723,-1.0802,-0.23121,-34.92,-0.83428,17.306,-0.0126,-15.475
59,0.0082705,-0.0078349,0.019596,-1.0054,0.0038635,0.0067151,0.0044417,-2.3163,-4.3482,-2.205,-37.188,0.39954,19.21,0.38006,-15.973,0.0027214,-0.00052331,0.0028996,-1.02,-0.0042632,-0.0026412,0.0013538,-0.33445,-2.8762,-0.53914,-34.547,1.0955,16.714,1.1776,-15.924
59.1,0.022489,-0.0026237,0.00045663,-1.0104,-0.0076647,-0.001982,0.0004092,-2.4063,-4.8783,0.36726,-34.833,1.9233,20.237,1.265,-16.848,-0.0091086,0.0010872,-0.00091097,-0.99475,0.0037911,0.0045887,-0.0063352,1.4132,-3.3116,0.64781,-36.976,1.2008,19.08,0.080781,-15.479
59.2,0.0081261,-0.010825,0.0056078,-0.9895,0.0087444,0.0010227,-0.0050467,-0.42264,-4.9412,0.24593,-36.365,-0.50585,18.497,0.16379,-16.461,-0.0052487,-0.017555,0.020499,-0.98889,-0.0013571,-0.0088999,-0.0065777,0.18481,-2.2859,-0.57757,-33.253,-0.40729,16.605,-0.56239,-15.943
59.3,0.0081227,0.0054667,-0.0081631,-1.0188,-0.0061416,0.0022872,-0.0035015,1.5813,-4.5009,0.94104,-35.773,-0.14439,19.816,0.84406,-14.919,0.012821,0.0046651,0.0083647,-0.99559,-0.004622,-0.00085231,0.0032264,0.5147,-2.5429,0.58299,-36.22,0.11617,17.845,0.487,-15.687
59.4,0.0082373,-0.018203,-0.027445,-0.98356,0.0022132,-0.0058749,0.0013166,-0.3714,-1.7454,0.63707,-35.089,-0.78919,19.339,-0.58671,-17.126,0.0057655,0.007071,-0.00065463,-1.0136,-0.0065028,0.0042387,-0.0011625,-1.4589,-3.2401,1.0077,-35.878,0.24584,19.19,0.96442,-14.205
59.5,0.0040169,-0.0068287,0.012521,-0.99363,0.0037585,0.00038959,-0.0010364,-1.0516,-4.9827,-0.12318,-34.965,-0.97235,19.602,2.329,-15.694,0.0064775,0.0032051,-0.0014767,-0.99843,0.0070272,-0.00039998,0.0035887,-1.1601,-3.3296,-2.5583,-35.304,0.63842,19.309,1.918,-14.266
59.6,-0.0032546,0.0012398,0.012004,-1.0005,0.00030088,-0.0032849,-0.0092661,0.23615,-6.5066,-0.99427,-36.728,0.50279,19.243,0.41384,-15.827,0.00060476,-0.0062696,0.012615,-1.0141,-0.004315,0.004438,0.0027254,0.37412,-2.0754,0.69458,-35.024,-0.82102,18.761,0.27163,-15.529
59.7,-0.0052997,-0.013093,0.010158,-1.0168,0.012155,-0.0018148,-0.00081215,1.8844,-2.9652,0.14876,-34.93,0.32398,19.828,-0.29276,-14.517,-0.013654,-0.0058206,-0.0025377,-1.0151,-0.0078399,-0.0018184,0.00038952,0.21144,-4.2674,0.40074,-36.952,-2.6363,19.45,-0.83254,-14.459
59.8,-0.012322,0.0098671,-0.0038592,-0.99855,0.0075206,-0.0059573,0.0027926,1.352,-4.8323,-0.2389,-37.95,-1.4182,18.545,-0.65349,-16.559,-0.021705,-0.0067825,0.0069828,-0.98971,0.00036438,0.0080836,-0.0054225,-0.23506,-2.1466,-0.79537,-34.438,0.15826,18.44,-0.43214,-14.875
59.9,-0.0028693,0.0075629,0.00027073,-1.0052,-0.0027616,-0.0025358,0.0027928,0.83734,-2.4595,-1.6947,-35.113,0.68072,19.811,0.37982,-15.594,0.0059441,0.018582,-0.018103,-1.0098,0.0014701,0.0023824,0.0013126,-1.2213,-1.4856,-2.1747,-34.695,1.5423,17.096,-0.13926,-17.13
60,-0.0098746,-0.010687,-0.0084061,-1.0056,0.0015817,0.0033868,0.00025185,0.82758,-2.9204,-1.2165,-36.073,0.8411,20.356,2.0115,-16.627,0.0025574,0.0081031,-0.0032732,-0.97696,-0.0056629,0.0035625,0.0020274,-1.2757,-2.7405,-0.64943,-36.446,1.1952,18.336,2.1559,-14.744
