time,q1_healthy,q2_healthy,q3_healthy,q4_healthy,omega1_healthy,omega2_healthy,omega3_healthy,wheel1_i_healthy,wheel1_w_healthy,wheel2_i_healthy,wheel2_w_healthy,wheel3_i_healthy,wheel3_w_healthy,wheel4_i_healthy,wheel4_w_healthy,q1_faulty,q2_faulty,q3_faulty,q4_faulty,omega1_faulty,omega2_faulty,omega3_faulty,wheel1_i_faulty,wheel1_w_faulty,wheel2_i_faulty,wheel2_w_faulty,wheel3_i_faulty,wheel3_w_faulty,wheel4_i_faulty,wheel4_w_faulty,
0,0,0,0,0,0,0,0,0,0,0,0,0,0,0,0,0,0,0,0,0,0,0,0,0,0,0,0,0,0,0
0.1,-0.71371,-0.0057077,0.10844,-0.6914,-0.0017391,-0.0051849,-0.0085683,0.80988,0.99079,0.18172,-0.56662,-0.24841,0.74889,-1.0014,2.1316,-0.70461,-0.004535,0.11037,-0.69938,-0.0034793,-0.0025969,0.0065356,0.99587,0.30195,-1.0705,-0.3471,-1.2884,-1.8358,-2.1873,-1.7201
0.2,-0.69257,-0.016228,0.12099,-0.70763,-0.0017385,-0.0026225,0.0032342,0.78393,-0.88799,-0.60491,0.5492,0.57942,-2.2028,-0.7418,-0.59922,-0.70937,-0.0069542,0.13066,-0.70467,8.7338e-05,-0.0034834,-0.0015086,1.1694,2.3021,0.51215,0.53453,-0.31944,-1.8943,-2.2676,-1.1864
0.3,-0.70835,0.019095,0.12389,-0.69843,-0.0083446,-0.0058459,0.0044234,-1.3724,-0.23206,-0.47158,-0.85598,0.0078324,0.039366,1.4775,-1.3464,-0.70068,0.0060825,0.11017,-0.68971,-0.010184,-0.0036246,0.0090708,2.1136,-0.73521,1.2642,-0.94243,-1.9572,-0.2712,-2.4108,1.6076
0.4,-0.68803,0.0042191,0.12666,-0.71271,-0.0032562,-0.0019335,0.0021914,2.2561,0.20589,-0.84959,-0.72113,-0.38283,-0.87666,-0.94413,-0.3974,-0.70886,0.00060663,0.12797,-0.68849,0.00084062,0.0006945,-0.001876,-0.12841,-0.68115,-0.91076,2.5099,-0.15056,-3.5551,-1.6963,-0.66077
0.5,-0.70887,0.0099185,0.1415,-0.68419,-0.017186,-0.01233,0.003145,1.6875,1.5503,1.4272,0.88798,-1.1401,-0.4847,-0.61636,-0.92622,-0.70865,-0.0024143,0.11951,-0.70069,-0.012317,-0.00028115,0.019278,-1.4326,-0.8018,-0.82596,0.85924,-2.2456,-0.83881,-0.77836,-1.9953
0.6,-0.70661,-0.014691,0.12938,-0.70297,-0.011132,-9.0016e-05,-0.0033986,0.12917,2.3987,0.49396,2.2241,-1.0849,-0.84114,-2.819,-1.0547,-0.69294,0.0059115,0.12434,-0.68841,-0.016698,-0.0019662,-0.0067005,0.19245,2.8608,1.4228,0.93958,-2.6521,0.18304,-1.6144,-2.235
0.7,-0.71483,0.013028,0.11673,-0.70411,-0.0036204,0.0069918,0.0044321,0.23472,3.602,-0.42788,-0.078216,-1.0958,-3.4438,-0.88244,-0.13891,-0.70512,-2.536e-05,0.13587,-0.70466,-0.0051882,-0.0010938,0.0031017,1.2136,2.8014,0.34714,-2.4484,-0.61032,-1.5424,-0.15201,-2.402
0.8,-0.70201,0.0062048,0.1127,-0.69664,-0.0046226,-0.0065675,0.0050889,-0.62521,1.3938,0.29896,-1.2092,-0.17329,-1.4315,-0.73814,-2.7355,-0.69747,0.0052988,0.1145,-0.70215,-0.0033871,-0.0033829,0.0070974,1.6863,2.485,0.68079,0.14948,-0.87657,-2.4241,-1.7058,-2.9103
0.9,-0.69422,0.0010914,0.12066,-0.68562,-0.010923,-0.0083048,-0.0015957,0.35518,2.5449,-1.753,0.77562,-0.29428,-3.6202,-0.791,-2.952,-0.69831,0.010764,0.11547,-0.69717,-0.0097641,-0.0039301,0.016212,-0.53312,1.2907,-1.6267,-1.5387,-0.92341,-0.50228,0.23229,-0.96416
1,-0.7018,0.0035589,0.14011,-0.70478,-0.0095954,-0.010687,0.019052,-1.2382,2.774,1.9592,-1.9958,-1.7722,-1.6339,-0.23751,-2.3477,-0.69673,-0.009766,0.10655,-0.71439,-0.021165,-0.0065255,0.013897,0.22069,2.9505,0.71493,-0.3635,-1.6698,-3.8164,-3.0907,-3.3668
1.1,-0.71022,-0.0039636,0.096398,-0.71111,-0.017151,-0.0076422,0.015925,1.5129,4.4227,-0.68457,-0.26962,-2.4105,-2.3423,-1.5498,-5.245,-0.705,0.01336,0.12404,-0.70798,-0.022503,-0.010416,0.015977,0.16845,2.5216,-0.21925,-0.7013,0.18337,-4.1897,-2.0049,-2.423
1.2,-0.72147,0.0053561,0.11667,-0.69616,-0.011069,-0.0071878,0.018703,0.49858,1.8996,0.31615,1.1604,-0.67722,-5.7845,-3.6238,-4.5383,-0.6845,0.0044623,0.11424,-0.6996,-0.01438,-0.012771,0.018858,0.25709,5.0318,-0.37629,-1.1274,-2.2279,-2.647,-2.4637,-3.9785
1.3,-0.71219,0.0042124,0.12625,-0.69765,-0.016048,-0.0087913,0.021239,1.6367,5.349,0.19696,-1.853,-0.3204,-3.8169,0.074834,-3.4466,-0.70483,-0.0015988,0.11806,-0.709,-0.015284,-0.010285,0.018116,1.212,5.3747,-1.0072,-2.353,-2.0814,-3.3448,-0.076448,-3.4385
1.4,-0.70107,0.010437,0.12799,-0.70715,-0.022161,-0.0093169,0.016865,0.58078,4.0007,0.70817,-0.019339,-1.1399,-3.1372,-1.6314,-5.4997,-0.71413,0.0072579,0.13254,-0.68218,-0.017531,-0.0054609,0.02059,-0.36095,2.0858,-0.83137,-2.094,1.6779,-3.1545,-0.50798,-4.2197
1.5,-0.69551,0.006008,0.099094,-0.69293,-0.018467,-0.0074252,0.024222,0.54725,4.6543,0.17854,-1.2461,-0.068179,-6.5696,-0.80634,-5.4514,-0.69442,0.0036641,0.13525,-0.71513,-0.018308,-0.0093101,0.027767,2.4113,4.9344,-1.1266,0.19715,-0.43578,-4.9242,-2.1804,-5.1784
1.6,-0.70362,0.010205,0.12935,-0.70456,-0.024496,-0.0048609,0.032973,0.97764,5.4775,0.94789,-0.37826,-0.48714,-5.7599,-0.64774,-6.4739,-0.69902,0.011912,0.11748,-0.7334,-0.024085,-0.00040397,0.022399,-1.1535,4.3147,-0.35342,-1.0513,-2.567,-6.5219,-1.1898,-6.4279
1.7,-0.69125,-0.0037138,0.13298,-0.71723,-0.025554,-0.0099511,0.027036,1.8013,3.9077,-1.2184,-0.38777,-1.1794,-5.2647,-2.3788,-5.7153,-0.69626,0.010862,0.1113,-0.70034,-0.023094,-0.011147,0.016788,-0.00095741,3.0624,0.37401,-0.35956,-1.6935,-4.556,-0.90416,-8.8421
1.8,-0.70504,0.0085522,0.10975,-0.68365,-0.023728,-0.0074395,0.030154,1.739,4.7959,0.33724,-0.76519,-1.5427,-6.9297,-1.6006,-4.3244,-0.69739,0.01837,0.12022,-0.69608,-0.017076,-0.0044354,0.016192,-1.3222,2.928,-1.449,-1.8574,-0.51166,-7.9107,0.14181,-5.4801
1.9,-0.69933,0.012272,0.12343,-0.69733,-0.03234,-0.011212,0.020813,2.1368,5.8687,-1.4701,1.0867,1.0808,-7.0042,0.25479,-5.5384,-0.69213,-0.00068092,0.11686,-0.69815,-0.02232,-0.0043244,0.02408,1.2112,5.0506,1.2671,1.0789,-2.1943,-5.9449,-1.8371,-6.2153
2,-0.68146,0.014031,0.12619,-0.72437,-0.031523,-0.0095971,0.034864,-2.2854,4.532,0.86213,-1.9503,-0.98786,-8.5393,-0.45811,-6.5584,-0.69692,0.013683,0.11485,-0.70496,-0.025427,-0.0049765,0.036566,-0.63189,5.7178,-0.34485,-0.073086,-1.2444,-7.5477,-0.7416,-6.4437
2.1,-0.70638,0.012266,0.11902,-0.70691,-0.03367,-0.012832,0.019424,0.14208,4.9661,0.64323,-0.95893,-1.1105,-6.1651,-0.57541,-6.7647,-0.7044,0.015306,0.106,-0.69916,-0.030227,-0.01258,0.027929,-1.6451,5.3252,-0.012523,-0.35426,-0.84237,-6.0614,0.66856,-6.4503
2.2,-0.69622,0.010273,0.11089,-0.70969,-0.027904,-0.014509,0.030386,1.0595,6.9698,-0.32549,-0.77653,-0.94705,-6.4273,-0.14087,-7.8595,-0.72085,0.029653,0.11878,-0.71553,-0.030572,-0.014145,0.035617,2.01,5.6158,-0.74712,-1.0818,-1.9449,-6.8682,-2.6225,-8.7788
2.3,-0.67345,0.023326,0.11553,-0.72367,-0.031751,-0.012156,0.030507,1.3248,5.4524,0.59241,-2.3451,0.058604,-7.2261,-1.8453,-7.2317,-0.68999,-0.0010808,0.12678,-0.7017,-0.039355,-0.0062642,0.029841,1.6294,6.1277,-0.028342,-0.095744,-0.40083,-8.0308,-1.3082,-6.3123
2.4,-0.68946,0.023124,0.13772,-0.72275,-0.03488,-0.0098203,0.043399,-0.091107,5.8856,-1.4032,-0.049648,-2.4027,-9.1775,-0.37686,-8.9454,-0.69527,0.033742,0.099706,-0.69562,-0.028645,-0.0085044,0.032109,2.3721,5.1253,-0.72903,-1.1153,1.3529,-7.5208,-1.5423,-8.591
2.5,-0.69673,0.0031618,0.1138,-0.71603,-0.030491,-0.0088211,0.035942,1.0969,6.0368,-0.87939,-1.1676,-0.75726,-7.9791,-1.6656,-9.2175,-0.67419,0.022225,0.11385,-0.7196,-0.038564,-0.0076842,0.027551,0.80246,8.972,-0.60566,-0.27755,-1.5675,-9.9375,-1.525,-8.8141
2.6,-0.68836,0.020699,0.12209,-0.71615,-0.038771,-0.0089015,0.038819,0.47378,5.6446,-0.27437,-1.3018,-0.92679,-8.2837,-1.483,-8.7287,-0.69289,0.012704,0.1143,-0.70564,-0.030983,-0.019353,0.027779,2.0299,5.4524,0.87887,-2.8722,-0.60763,-9.685,-0.82614,-8.0472
2.7,-0.70463,0.019459,0.089599,-0.70939,-0.042101,-0.012727,0.037716,0.29447,6.5313,0.28846,0.56683,-0.69765,-9.6986,-1.3293,-9.3019,-0.70286,0.01802,0.11478,-0.73042,-0.04416,-0.014138,0.041944,1.8844,7.2957,-0.88516,-1.3861,-0.29873,-10.823,-0.74718,-9.4709
2.8,-0.67179,0.037486,0.11375,-0.72684,-0.041321,-0.011125,0.043761,0.032614,7.6894,-2.8526,0.65061,1.0691,-7.9097,-0.66576,-10.006,-0.68033,0.02234,0.1014,-0.7351,-0.041971,-0.0033884,0.040755,0.6727,7.0333,1.1746,-2.7445,-1.0335,-10.607,-1.8709,-11.181
2.9,-0.67376,0.024513,0.095572,-0.739,-0.043733,-0.02179,0.042574,0.085267,5.3786,-0.8311,-3.1678,-0.65375,-8.9825,-2.7104,-9.9635,-0.66851,0.024181,0.1092,-0.71708,-0.039297,-0.013505,0.042411,0.4753,7.0136,-1.4499,-3.318,-0.0022529,-9.4971,-2.2215,-10.052
3,-0.6831,0.017752,0.10406,-0.72459,-0.042122,-0.0097497,0.045042,2.2929,8.1303,-0.92499,-2.0223,-2.184,-8.473,-0.51157,-10.99,-0.67832,0.031038,0.11227,-0.72938,-0.044942,-0.019589,0.051679,0.78522,8.7126,1.0486,-0.903,-0.53517,-11.308,-0.038513,-12.778
3.1,-0.67459,0.015787,0.11792,-0.73097,-0.037999,-0.018498,0.040273,1.2029,8.574,-0.23864,-1.2832,-1.0759,-9.1499,-1.0843,-10.34,-0.68139,0.011089,0.11109,-0.71136,-0.053426,-0.016857,0.039745,2.004,7.9496,0.0010346,-2.0417,-1.3644,-11.489,-2.3373,-10.911
3.2,-0.66979,0.026645,0.1008,-0.72199,-0.043708,-0.013487,0.050167,1.2014,8.7788,-1.7142,-2.6706,-0.88441,-12.978,0.41548,-11.372,-0.7026,0.046734,0.10801,-0.72697,-0.050483,-0.017827,0.048773,2.2314,8.0936,-0.23407,-2.3232,-2.2154,-9.4601,-0.82404,-11.567
3.3,-0.69088,0.034851,0.11454,-0.73459,-0.047351,-0.012093,0.051118,0.096623,10.02,-0.78318,-2.7785,0.74144,-10.687,-1.2708,-12.147,-0.66329,0.020324,0.091653,-0.72414,-0.041539,-0.016872,0.056557,0.82483,8.5458,-0.94663,-3.6287,-1.6302,-12.193,-1.7119,-12.889
3.4,-0.66682,0.013437,0.077218,-0.7429,-0.036766,-0.013284,0.045633,1.1497,9.8161,-0.60722,-1.647,-1.825,-11.199,0.40223,-10.702,-0.67705,0.041303,0.10829,-0.72691,-0.0477,-0.024748,0.047227,0.50798,8.9837,-1.3711,-3.7376,-0.91972,-12.176,-1.4388,-12.056
3.5,-0.64174,0.029433,0.093673,-0.74631,-0.050214,-0.012223,0.054888,0.18665,9.222,-2.099,-4.3257,-0.3665,-11.666,-3.0524,-13.624,-0.68229,0.051766,0.096107,-0.71325,-0.050297,-0.02169,0.053636,0.53208,10.14,-0.62396,-4.0948,0.51528,-10.145,-2.1991,-13.884
3.6,-0.66999,0.048266,0.10816,-0.73004,-0.04918,-0.013205,0.052408,0.091813,9.5143,-1.8745,-3.967,-1.7711,-13.212,-2.0325,-14.834,-0.67862,0.041247,0.10236,-0.73277,-0.052529,-0.023469,0.051825,-0.55689,10.207,-0.79843,-2.7098,-2.4949,-10.968,-1.7574,-13.405
3.7,-0.68383,0.040016,0.091195,-0.74364,-0.057704,-0.017032,0.056531,1.1984,11.102,-0.34515,-2.3011,0.21284,-13.209,-1.2551,-13.06,-0.65755,0.031908,0.09454,-0.73881,-0.052463,-0.010542,0.046681,-0.28358,8.122,0.2097,-3.3553,-1.8274,-15.005,-2.0962,-13.48
3.8,-0.66298,0.045533,0.12248,-0.728,-0.046692,-0.013922,0.054985,-0.4514,8.1922,-1.7958,-4.2747,1.0654,-12.995,-2.1241,-13.185,-0.66453,0.041707,0.087271,-0.73875,-0.057936,-0.014751,0.062161,1.0418,8.6304,0.055121,-3.0716,-2.278,-12.066,-2.4555,-12.582
3.9,-0.67127,0.050821,0.10091,-0.74219,-0.052138,-0.015575,0.055715,2.2537,10.591,-1.1651,-3.382,2.0101,-12.562,-0.29134,-14.014,-0.65222,0.042398,0.086884,-0.74196,-0.053568,-0.012889,0.056518,-0.3567,10.239,-2.8609,-3.3047,0.90461,-12.066,-1.5729,-12.655
4,-0.66423,0.043785,0.10173,-0.72722,-0.052914,-0.014155,0.054728,0.1401,10.09,-1.085,-3.6914,1.1625,-12.145,-2.7474,-14.834,-0.66998,0.045515,0.1042,-0.73198,-0.058726,-0.016141,0.064488,2.1005,11.488,-2.8213,-3.5516,0.58314,-10.759,-0.95407,-12.927
4.1,-0.66393,0.043558,0.10864,-0.75262,-0.047227,-0.020328,0.055845,-0.05034,9.6484,0.61792,-6.6567,-1.144,-13.645,-0.59687,-13.24,-0.65692,0.041346,0.10261,-0.73647,-0.061456,-0.017206,0.066249,1.3148,11.193,-0.2905,-4.8843,-0.51627,-13.637,-1.603,-15.392
4.2,-0.6472,0.054764,0.091019,-0.75256,-0.06391,-0.021008,0.062094,1.7833,10.09,-1.2244,-4.5051,-2.3621,-13.337,-0.74805,-14.554,-0.64948,0.073385,0.098406,-0.75957,-0.060281,-0.010821,0.060035,1.1036,11.881,-0.78826,-4.4545,-0.91706,-12.189,-1.1725,-15.974
4.3,-0.65424,0.056408,0.092271,-0.74253,-0.064559,-0.013628,0.055829,0.74247,10.293,1.4819,-6.4333,-2.0904,-13.959,-2.2796,-16.518,-0.63428,0.047827,0.103,-0.76313,-0.065374,-0.0036272,0.059682,2.6059,10.396,-0.90097,-5.5261,-0.3431,-13.303,-2.2688,-15.509
4.4,-0.668,0.055234,0.0827,-0.76134,-0.068177,-0.011142,0.066923,0.19298,12.593,-1.1424,-6.3469,-0.30161,-14.142,-1.2096,-16.388,-0.64499,0.046128,0.076213,-0.76581,-0.053171,-0.0052815,0.066231,1.1991,12.697,-0.13953,-6.8141,-0.79053,-13.812,-1.9796,-15.387
4.5,-0.65338,0.051011,0.10415,-0.75575,-0.065568,-0.0069345,0.064071,0.96131,11.642,-0.93204,-6.6148,-1.7335,-12.721,-1.6122,-15.866,-0.65672,0.04632,0.091195,-0.74081,-0.064647,-0.0067415,0.055586,1.3343,13.584,-1.5686,-4.882,-1.1033,-13.727,-1.5931,-14.999
4.6,-0.65267,0.053454,0.080752,-0.75442,-0.062291,-0.01684,0.066876,0.59489,12.193,0.017292,-7.2914,-2.1312,-11.921,-1.778,-18.523,-0.63981,0.073173,0.090077,-0.77221,-0.071712,-0.015902,0.057917,0.79151,12.912,-1.0957,-6.9589,-1.2899,-13.386,-0.9285,-18.609
4.7,-0.63362,0.053884,0.086389,-0.76746,-0.063772,-0.010473,0.06844,2.0676,11.104,-0.093984,-7.3967,0.58648,-14.801,-2.3226,-19.042,-0.65406,0.056546,0.085414,-0.74988,-0.072499,-0.017134,0.066868,-0.46187,11.725,-2.5682,-5.5403,-0.35006,-13.529,-0.67622,-15.55
4.8,-0.64166,0.055444,0.078733,-0.75921,-0.069391,-0.011812,0.06956,1.3685,12.07,-1.0121,-5.9991,0.32147,-13.397,-2.1533,-17.827,-0.65853,0.054472,0.092744,-0.74685,-0.0706,-0.015261,0.060738,0.84743,10.091,-1.3481,-5.9297,-0.79444,-12.896,-1.2341,-18.116
4.9,-0.62356,0.069194,0.072724,-0.76409,-0.079765,-0.0083205,0.065132,1.5635,12.966,-1.2884,-4.8462,-0.042482,-11.996,-1.0336,-16.646,-0.63278,0.063265,0.068638,-0.76272,-0.067724,-0.024002,0.064177,1.7707,12.589,-2.5027,-7.0548,-0.80916,-12.391,-3.4799,-19.423
5,-0.63146,0.050512,0.092302,-0.75085,-0.068756,-0.013549,0.065829,2.9454,13.038,-0.35763,-6.0501,-1.1347,-14.48,-1.9094,-18.36,-0.64164,0.060578,0.079277,-0.77726,-0.077207,-0.0043266,0.070833,0.55468,13.04,-2.4561,-6.9582,0.5731,-14.774,-1.5228,-18.681
5.1,-0.6264,0.054477,0.080061,-0.78957,-0.075037,-0.0069709,0.070243,0.89475,12.21,0.36039,-7.612,1.7675,-13.976,-1.4383,-18.134,-0.62873,0.082617,0.097511,-0.77359,-0.072375,-0.012744,0.066591,0.38956,14.233,-0.12408,-7.0024,-0.7997,-11.988,1.2493,-18.617
5.2,-0.64155,0.072618,0.083797,-0.77297,-0.077665,-0.016309,0.072137,0.84596,14.218,-1.7528,-7.4279,-0.37591,-14.043,-2.0915,-19.972,-0.61506,0.080073,0.077191,-0.75002,-0.085099,-0.012191,0.065627,1.1568,13.632,-0.94285,-7.8509,-1.3379,-13.575,-1.3458,-19.554
5.3,-0.63471,0.10712,0.069082,-0.78157,-0.072774,-0.013922,0.072777,0.32485,13.194,-2.1595,-8.9883,-0.281,-15.624,-1.7009,-20.042,-0.63116,0.071848,0.066017,-0.76588,-0.074205,-0.020469,0.064013,1.1394,12.988,-1.0192,-8.4003,1.1291,-14.562,-0.51298,-19.009
5.4,-0.61174,0.081183,0.067811,-0.78347,-0.079249,-0.015012,0.077059,0.66598,14.604,-1.954,-9.4564,0.05686,-14.916,-0.58195,-20.158,-0.63549,0.083207,0.05652,-0.77236,-0.082367,-0.018263,0.072609,-0.60983,14.236,-3.5557,-9.9897,0.41853,-14.701,1.0601,-20.097
5.5,-0.61389,0.088254,0.063601,-0.78264,-0.080657,-0.012905,0.071221,1.1497,13.88,0.40947,-9.7914,0.58907,-11.941,-1.5421,-19.948,-0.62748,0.079571,0.068181,-0.78369,-0.078244,-0.0096514,0.069335,0.77399,16.283,-1.0723,-9.0294,-1.0731,-13.264,-1.3052,-19.577
5.6,-0.626,0.079422,0.064604,-0.77898,-0.079879,-0.013147,0.067157,-0.67322,14.782,-1.0989,-6.7426,-1.0185,-13.849,-1.188,-20.616,-0.61348,0.080914,0.072534,-0.79096,-0.087948,-0.0047839,0.078901,0.69582,15.73,-0.67626,-10.075,-2.7816,-13.69,-0.89039,-18.174
5.7,-0.63879,0.08116,0.059796,-0.76608,-0.085454,-0.011026,0.070823,-0.21409,13.804,-1.0562,-10.897,-0.46367,-11.964,-1.259,-20.192,-0.60875,0.069991,0.059097,-0.78627,-0.082167,-0.0069332,0.082778,0.20306,12.62,-0.89483,-11.149,-0.43513,-15.512,-0.75857,-20.168
5.8,-0.61074,0.086801,0.056406,-0.7784,-0.083767,-0.0079263,0.073395,0.62309,14.539,-1.2507,-9.6581,0.3765,-14.027,-1.6104,-20.865,-0.60834,0.091641,0.06758,-0.7694,-0.08647,-0.014615,0.068848,1.3242,15.748,-0.42368,-10.571,-0.43231,-14.256,1.0207,-20.53
5.9,-0.59052,0.099066,0.063423,-0.80389,-0.080005,-0.015869,0.082571,2.3369,14.802,1.0569,-8.5871,0.93024,-15.042,-1.0663,-20.322,-0.60536,0.066708,0.063161,-0.79108,-0.088011,-0.012738,0.075813,1.0108,15.917,-1.3963,-9.3232,-0.6351,-15.252,-0.87888,-22.955
6,-0.59881,0.092802,0.065253,-0.79174,-0.08924,-0.012501,0.07369,0.69196,14.653,-0.95961,-11.544,1.064,-14.78,-0.94273,-22.122,-0.60705,0.10325,0.042024,-0.78993,-0.081739,-0.0040485,0.07301,-0.41127,16.522,-0.40903,-10.586,-1.6982,-13.563,-1.4741,-22.02
6.1,-0.58653,0.10938,0.058805,-0.79604,-0.092242,0.0023167,0.071282,1.1063,17.14,-3.2932,-11.792,0.8146,-13.901,-1.39,-22.288,-0.58892,0.095573,0.042751,-0.79603,-0.084242,-0.0098981,0.074776,0.26678,16.736,-0.21564,-11.06,-0.74308,-13.664,0.33478,-23.465
6.2,-0.60942,0.082069,0.052311,-0.78389,-0.09294,-0.0081936,0.077944,0.18359,17.514,-1.828,-10.912,-0.82335,-14.796,-2.1456,-23.928,-0.59844,0.099703,0.059408,-0.80057,-0.093151,-0.0092192,0.078405,1.1769,15.243,-0.49047,-14.112,-0.70713,-13.728,-0.082939,-22.296
6.3,-0.5833,0.10125,0.061068,-0.79928,-0.082126,-0.011266,0.079894,0.041653,16.043,-1.2494,-13.012,0.028323,-14.033,-1.3454,-22.793,-0.57683,0.097092,0.037298,-0.79238,-0.090423,0.0011982,0.076515,2.1063,16.779,-0.38856,-13.628,0.91656,-13.184,0.76719,-24.305
6.4,-0.59277,0.090501,0.058618,-0.79593,-0.094706,-0.0072635,0.079603,1.9648,15.562,-1.7154,-11.043,0.91394,-14.368,-0.5001,-23.847,-0.58702,0.10784,0.037827,-0.79754,-0.099588,-0.00035958,0.071328,3.4273,15.382,0.11796,-12.887,1.1054,-12.929,1.486,-23.678
6.5,-0.5722,0.11386,0.03795,-0.81204,-0.099442,-0.0064822,0.08749,0.72953,15.468,0.66648,-13.007,0.37228,-14.222,-2.7153,-26.079,-0.59143,0.10442,0.036289,-0.81111,-0.096471,-0.0050508,0.083282,3.5594,15.578,-2.3254,-12.58,-0.21784,-12.317,-0.448,-24.082
6.6,-0.59934,0.12153,0.052822,-0.81445,-0.094125,-0.014363,0.067781,-0.42057,18.174,-1.6682,-13.472,1.5726,-10.946,-1.9237,-25.398,-0.58171,0.10482,0.039289,-0.80104,-0.10087,-0.0032698,0.074649,2.1969,15.362,-2.1016,-13.569,-1.1677,-13.667,-1.3872,-25.383
6.7,-0.56955,0.11084,0.039796,-0.812,-0.097566,-0.0028894,0.081752,-0.21942,16.663,-2.3027,-15.595,-1.2525,-14.29,-0.417,-23.72,-0.56747,0.091967,0.050438,-0.81472,-0.10069,-0.0039389,0.081763,3.0152,16.943,-0.38735,-12.417,-0.92079,-12.427,-0.19193,-24.001
6.8,-0.56702,0.11879,0.060104,-0.80687,-0.092798,-0.018088,0.079651,0.64734,18.327,-1.644,-13.456,1.0362,-14.016,-0.20094,-24.892,-0.56998,0.10764,0.043245,-0.81483,-0.10241,-0.013292,0.07825,0.42888,14.061,-0.1087,-12.449,0.004764,-11.715,-1.1605,-24.82
6.9,-0.55372,0.12615,0.041401,-0.80714,-0.090454,-0.012065,0.082385,-0.50478,16.882,-1.2743,-15.225,0.27292,-13.957,-1.4281,-24.54,-0.56474,0.10327,0.052845,-0.81341,-0.099758,-0.014435,0.080962,-0.88232,19.203,-1.6161,-14.433,0.54856,-13.141,-2.0888,-23.9
7,-0.55668,0.11927,0.038948,-0.8112,-0.10067,-0.0056473,0.077062,0.38412,16.921,-1.4161,-15.489,0.92236,-11.701,-0.26773,-27.379,-0.56264,0.12778,0.027441,-0.81641,-0.10178,-0.016994,0.078286,1.4565,16.36,-3.531,-15.292,0.74824,-14.091,-1.8437,-26.124
7.1,-0.542,0.12443,0.024365,-0.83072,-0.11036,-0.0047739,0.09103,0.093153,17.805,-0.71222,-17.284,0.90363,-12.922,-1.6394,-26.527,-0.54915,0.12221,0.014425,-0.81972,-0.10199,0.0031275,0.078382,0.055767,19.623,0.37675,-14.147,0.94787,-14.999,-1.8548,-25.466
7.2,-0.55659,0.14178,0.022333,-0.82735,-0.1063,-0.013223,0.084803,0.17199,17.583,0.28833,-16.796,-1.0806,-15.105,-0.21217,-24.926,-0.56239,0.12605,0.018384,-0.82459,-0.10416,-0.0068039,0.082094,0.67208,17.312,-2.1643,-16.972,0.83083,-13.731,-2.987,-27.1
7.3,-0.53095,0.11901,0.025643,-0.8373,-0.10913,-0.0050293,0.071325,1.4479,19.47,-2.6772,-16.03,-0.16513,-11.92,-1.413,-27.737,-0.54918,0.12885,0.013527,-0.8252,-0.11224,-0.010214,0.079304,0.97616,19.277,-0.81309,-15.471,0.38861,-13.014,-2.7605,-27.056
7.4,-0.52884,0.12572,0.024037,-0.82671,-0.10481,-0.0038619,0.077755,1.0925,20.105,-2.0081,-16.4,-1.9825,-14.591,-2.1897,-28.633,-0.54754,0.12518,0.0031925,-0.83957,-0.10738,-0.0038108,0.092136,0.67596,18.8,-0.32925,-15.991,1.6088,-11.221,-1.2043,-27.184
7.5,-0.52492,0.11977,0.0080808,-0.84833,-0.11658,-0.0082176,0.080784,-0.61232,19.564,-1.1014,-17.427,0.16545,-11.715,-1.5367,-27.701,-0.51507,0.12233,0.021295,-0.84556,-0.11147,-0.0038249,0.080403,1.6553,19.503,-1.6952,-16.586,-2.1573,-12.561,-2.208,-29.109
7.6,-0.53786,0.11489,0.023771,-0.84269,-0.11196,-0.0092858,0.075467,1.5552,20.261,0.33606,-17.602,-0.42525,-12.866,-3.1175,-27.512,-0.52594,0.12598,0.021193,-0.85901,-0.11806,0.0013,0.079221,1.3132,19.817,-2.5459,-16.708,2.2603,-12.986,-1.7061,-27.799
7.7,-0.50965,0.13432,0.0071181,-0.84621,-0.10954,-0.0051928,0.077935,1.4306,18.815,-1.9665,-18.92,1.6831,-11.729,-1.1103,-28.718,-0.52601,0.13254,0.010647,-0.83384,-0.11358,0.0019442,0.077484,1.8661,20.079,-1.8383,-17.484,0.95257,-12.978,-1.0803,-29.019
7.8,-0.51485,0.15044,0.021126,-0.84044,-0.11817,0.00074513,0.074939,1.4687,20.532,-2.3442,-19.021,1.4781,-11.437,-1.9444,-26.161,-0.51302,0.12912,0.014731,-0.84812,-0.10665,-0.0041739,0.07724,2.3326,18.584,-0.24276,-16.679,1.5029,-11.961,-2.0762,-27.939
7.9,-0.51984,0.13456,0.014667,-0.83824,-0.11544,-0.006675,0.075678,1.5136,18.164,-2.3136,-18.285,-0.44681,-8.9889,-1.0586,-28.409,-0.52021,0.13485,0.020175,-0.84893,-0.12682,-0.0087148,0.083409,1.991,19.37,-0.31372,-16.998,0.68454,-9.5328,-0.64837,-29.328
8,-0.50694,0.14097,0.0095231,-0.86612,-0.1164,0.0018568,0.072727,0.84673,19.401,0.0082301,-20.02,0.18913,-12.038,-2.4121,-30.077,-0.50819,0.15009,0.0090463,-0.84855,-0.11251,-0.0076707,0.080595,1.7115,19.677,-2.3636,-19.905,1.3653,-8.5766,-1.2894,-31.593
8.1,-0.51444,0.14576,0.016694,-0.83405,-0.12278,-0.011694,0.092252,1.8286,18.616,-1.9099,-20.957,-0.23456,-9.7067,-1.3311,-29.507,-0.50566,0.14141,0.0041228,-0.85389,-0.10971,-0.0025306,0.086065,1.576,21.945,-2.4207,-19.535,-0.44361,-9.0526,-0.685,-30.622
8.2,-0.49756,0.14206,-0.00053474,-0.86782,-0.11548,-0.007778,0.076004,3.1972,22.426,1.9399,-18.657,1.0768,-9.5283,-1.1718,-31.204,-0.50882,0.14195,0.029108,-0.84757,-0.1213,-0.0029721,0.080145,0.31193,19.426,-0.68085,-17.458,2.7437,-8.0233,-1.9447,-30.731
8.3,-0.48435,0.14836,0.020458,-0.86728,-0.11941,-0.0043037,0.086117,-0.45037,23.22,-1.1176,-19.329,1.3664,-8.0689,-2.1801,-31.323,-0.46852,0.1349,0.00071735,-0.85722,-0.12096,-0.0054519,0.080445,0.7682,20.434,0.90206,-20.13,0.71791,-10.054,-1.092,-30.305
8.4,-0.48202,0.15021,-0.0071585,-0.86031,-0.12353,-0.0022193,0.073748,1.5996,21.53,-0.3486,-20.235,0.42049,-9.7475,-1.0159,-32.057,-0.48238,0.14675,-0.011016,-0.83119,-0.12499,-0.013337,0.081719,-0.72703,21.694,0.61427,-19.925,-0.52618,-8.1377,-1.1157,-30.192
8.5,-0.48047,0.17064,0.0045915,-0.87517,-0.14152,-0.0049949,0.081894,1.4136,22.187,-1.7769,-19.295,0.64507,-9.7812,-0.88676,-32.019,-0.47965,0.15073,-0.0056022,-0.85704,-0.12573,0.0063074,0.072102,0.96488,21.928,-0.2544,-20.952,-0.52143,-6.5668,-1.7885,-30.738
8.6,-0.47235,0.153,-0.0071374,-0.86165,-0.12718,-0.0042446,0.088187,1.8224,20.958,-0.5947,-20.819,0.098782,-8.1269,-0.35931,-33.756,-0.46501,0.15412,-0.012737,-0.86885,-0.11859,-0.0016849,0.08532,3.0397,22.076,-2.6725,-21.958,1.9634,-8.5309,-1.335,-31.244
8.7,-0.47569,0.15962,-0.014952,-0.88218,-0.11621,0.0054744,0.08298,1.3037,22.029,-1.4133,-19.151,1.139,-8.3051,0.37476,-32.775,-0.45699,0.16184,0.0025458,-0.88261,-0.1247,-0.0055465,0.078815,2.1053,21.827,-2.9702,-20.946,-1.1346,-8.8913,-1.5915,-32.204
8.8,-0.45609,0.15829,-0.011651,-0.88152,-0.1344,0.0010528,0.074663,1.1395,22.147,-1.9879,-21.568,0.57589,-6.5867,-1.5201,-33.703,-0.46874,0.14237,-0.025206,-0.8801,-0.12363,-0.0017263,0.076532,1.3077,22.474,0.13753,-22.634,2.8064,-8.0588,1.031,-32.693
8.9,-0.45258,0.15829,-0.0077109,-0.88457,-0.12455,-0.00010637,0.074778,1.4008,21.556,-0.54786,-19.912,1.3337,-7.629,-0.40497,-30.654,-0.45065,0.15181,-0.0018501,-0.86527,-0.12044,-0.014016,0.074521,0.45562,22.489,0.06839,-23.149,1.4432,-7.0593,-0.83062,-32.181
9,-0.46931,0.14545,-0.019698,-0.86578,-0.13078,0.0064808,0.073711,0.60708,22.414,0.043499,-22.861,1.9233,-7.3836,1.1948,-34.181,-0.44954,0.15813,-0.024201,-0.89275,-0.1317,0.0078703,0.073946,-0.28484,24.131,-2.3779,-22.335,1.5287,-7.1712,-0.21914,-33.554
9.1,-0.45089,0.16831,-0.0056754,-0.90076,-0.13028,0.0080842,0.072387,2.5497,23.647,-1.6636,-22.259,0.94624,-6.9644,-0.54363,-33.103,-0.43834,0.14565,-0.030398,-0.89643,-0.12542,0.0012393,0.080616,1.8698,22.776,-3.1748,-23.515,2.0801,-7.0598,-1.4057,-32.317
9.2,-0.44576,0.1824,-0.02842,-0.8709,-0.13061,-0.0014312,0.085358,1.4005,23.625,-1.4397,-25.24,0.2728,-6.3493,0.75636,-31.285,-0.44914,0.1755,-0.034168,-0.87865,-0.12526,0.0070984,0.075544,1.3107,23.888,-0.87044,-23.91,1.0727,-6.548,-0.44739,-33.291
9.3,-0.431,0.16378,-0.031688,-0.88485,-0.12479,-0.0025791,0.076929,0.29633,23.047,-1.4907,-25.824,-0.35239,-5.0811,0.12562,-32.795,-0.4292,0.17791,-0.037079,-0.8866,-0.14014,0.0077449,0.075607,1.1692,22.119,-1.3293,-22.069,1.2542,-6.7112,-0.1593,-33.969
9.4,-0.42607,0.18325,-0.03079,-0.90776,-0.13692,0.0002424,0.071627,0.08071,22.931,-0.86897,-23.099,0.80264,-3.2002,0.0037835,-33.493,-0.41849,0.1509,-0.022479,-0.90008,-0.13081,-0.0055168,0.083221,1.0288,22.579,-2.8803,-22.821,2.4303,-4.9855,1.7325,-33.009
9.5,-0.42161,0.16236,-0.027957,-0.8994,-0.14062,-1.4715e-05,0.079616,0.29912,22.787,-1.1121,-25.586,-0.064102,-6.3808,-1.1941,-33.357,-0.42165,0.17136,-0.05489,-0.89105,-0.13717,0.0077747,0.067601,-0.6517,24.193,-1.1078,-24.37,0.017071,-5.139,0.70259,-33.251
9.6,-0.41647,0.171,-0.030777,-0.89648,-0.13613,0.0011425,0.067909,0.22674,22.076,-2.1482,-25.438,0.95326,-4.2286,-0.60482,-33.947,-0.38962,0.17527,-0.030749,-0.8861,-0.13416,0.012333,0.078682,1.0441,24.957,0.318,-25.83,3.596,-3.5597,-0.7285,-34.436
9.7,-0.4086,0.19027,-0.044293,-0.89383,-0.13439,-8.3247e-05,0.075878,1.4387,27.387,-1.1369,-25.383,-0.080762,-4.0554,-1.273,-31.318,-0.39521,0.17157,-0.020854,-0.89176,-0.13202,-0.0008492,0.065791,0.00066177,24.165,-1.4376,-24.509,-1.051,-6.3179,-1.066,-34.493
9.8,-0.40768,0.16533,-0.015026,-0.91143,-0.13765,-1.9823e-05,0.061697,1.2137,25.749,-1.0524,-25.825,0.83714,-4.0349,0.87963,-31.886,-0.40098,0.1831,-0.05494,-0.89414,-0.13878,0.0046081,0.073254,0.85122,25.118,-0.13331,-23.612,0.45632,-4.253,2.2993,-32.469
9.9,-0.40532,0.17452,-0.024761,-0.90946,-0.13504,0.0072078,0.068443,1.0979,27.457,-0.58727,-26.034,0.39933,-5.3993,0.31031,-33.12,-0.37076,0.17809,-0.058056,-0.89958,-0.13915,0.0056477,0.070888,1.1423,24.726,-1.1796,-25.616,-1.0657,-5.8929,1.8551,-32.491
10,-0.37431,0.1731,-0.02035,-0.90131,-0.14268,0.0011756,0.068953,-0.39606,24.156,-0.7916,-26.076,1.5959,-4.1197,-0.36412,-34.562,-0.4012,0.19586,-0.047455,-0.89343,-0.14637,0.002276,0.063591,1.9405,25.644,-0.67138,-27.81,-1.6553,-4.5812,1.2009,-32.313
10.1,-0.36241,0.18056,-0.030627,-0.92655,-0.14011,0.0014875,0.070224,2.0432,22.212,-1.1701,-25.896,0.87367,-3.3155,0.33034,-32.685,-0.37907,0.1761,-0.04234,-0.91448,-0.14288,0.012072,0.058822,0.64946,26.141,-1.3883,-26.715,0.22253,-4.1083,0.34818,-32.465
10.2,-0.38039,0.19378,-0.04323,-0.91873,-0.13609,-0.0026346,0.068649,2.7507,24.793,-1.6813,-26.771,-0.53596,-2.6151,1.4424,-33.033,-0.36389,0.18106,-0.025089,-0.91224,-0.13775,0.0074299,0.064919,0.49197,26.332,-1.2875,-27.025,2.6097,-3.4306,0.98276,-32.746
10.3,-0.3533,0.19243,-0.034053,-0.91264,-0.13352,0.0041978,0.071307,1.5014,25.925,-0.99407,-27.326,0.88451,-1.4306,-0.2179,-32.406,-0.34769,0.17466,-0.047347,-0.90155,-0.13519,0.010933,0.071171,1.2481,26.537,0.74237,-27.554,2.2659,-2.9429,1.1442,-32.45
10.4,-0.34394,0.15791,-0.052111,-0.92182,-0.14437,0.007769,0.067907,2.9018,25.638,-1.7449,-28.015,-1.3474,-0.74823,1.0436,-32.16,-0.34804,0.19147,-0.05586,-0.93103,-0.14286,0.017512,0.063214,1.7428,26.865,0.38573,-29.181,1.7386,-1.5773,-0.26709,-32.245
10.5,-0.36128,0.17757,-0.04325,-0.93071,-0.14216,0.010616,0.06727,1.2462,25.838,-2.8224,-26.653,-0.40617,-0.9537,0.22925,-31.769,-0.34781,0.17594,-0.036074,-0.91641,-0.1364,0.012422,0.067438,-0.052049,26.766,-1.5931,-29.326,0.23977,-1.9785,0.34167,-33.678
10.6,-0.36101,0.18035,-0.03155,-0.90625,-0.1416,0.017761,0.060413,-0.37257,27.287,0.25997,-29.389,3.0518,-3.3074,2.1622,-30.813,-0.34101,0.16864,-0.070424,-0.92939,-0.14453,0.015549,0.05679,-0.25606,28.118,-1.6245,-28.368,1.9279,-2.8364,0.34819,-30.395
10.7,-0.35129,0.18172,-0.032289,-0.89784,-0.13809,0.016523,0.057566,1.1539,28.955,-3.0579,-27.476,1.358,-2.0423,-0.29586,-30.521,-0.34097,0.18681,-0.047085,-0.95204,-0.13869,0.0095444,0.060403,0.62696,27.179,-2.0567,-28.457,1.2149,-1.0401,-0.19273,-30.562
10.8,-0.35026,0.20503,-0.046475,-0.91413,-0.14166,0.0096006,0.058773,1.8411,28.137,-1.5632,-28.946,2.514,-0.68028,0.044873,-30.697,-0.32633,0.19767,-0.044833,-0.93776,-0.14206,0.016537,0.059714,1.5564,25.55,-1.3052,-30.46,2.1622,-1.8643,2.8766,-31.517
10.9,-0.32237,0.18033,-0.073068,-0.93089,-0.13648,0.016637,0.049059,-0.5678,28.157,-1.4325,-31.549,0.67381,-1.7346,-1.2468,-31.051,-0.32148,0.18978,-0.059351,-0.93598,-0.14785,0.026623,0.059479,0.86838,27.622,-1.699,-30.335,0.70957,-2.1979,0.98036,-30.458
11,-0.31,0.18989,-0.058525,-0.9098,-0.13726,0.022122,0.056925,-0.50424,27.614,-1.5727,-31.452,1.7994,-1.6592,0.18998,-29.524,-0.31924,0.19197,-0.051512,-0.93222,-0.14798,0.024657,0.060512,2.0455,28.109,-0.29801,-29.864,-0.46127,0.64985,-0.49085,-29.681
11.1,-0.31029,0.20074,-0.04949,-0.94379,-0.15141,0.030456,0.053376,0.30725,26.052,-1.3682,-30.311,1.1342,-0.025094,1.9386,-28.966,-0.28693,0.18522,-0.05994,-0.92368,-0.13395,0.015562,0.044849,1.5442,27.196,-1.6575,-29.617,-0.058782,-0.37386,-1.074,-29.187
11.2,-0.29664,0.18399,-0.075914,-0.92888,-0.14559,0.0096509,0.048515,-0.57635,27.424,-2.7318,-32.245,1.6974,-0.55672,-0.33563,-30.203,-0.29141,0.16598,-0.071801,-0.93678,-0.14081,0.024986,0.052153,0.039173,28.587,-0.22929,-30.038,0.45854,-0.4366,0.48181,-30.396
11.3,-0.29433,0.19116,-0.060582,-0.93474,-0.1472,0.031355,0.056568,1.7085,27.621,-0.30592,-31.199,0.18988,1.4787,-1.0001,-29.122,-0.28236,0.17083,-0.063294,-0.93633,-0.14383,0.025215,0.051604,0.56119,29.046,-4.2689,-31.844,-0.30393,0.31391,1.0361,-29.151
11.4,-0.26452,0.19444,-0.068401,-0.92945,-0.13784,0.024968,0.049999,0.23194,27.844,0.26481,-32.372,-0.049218,-1.5857,0.53971,-28.37,-0.27397,0.18857,-0.061992,-0.93367,-0.14434,0.019577,0.046304,-0.0018139,26.914,-0.34139,-32.306,1.3133,0.35128,2.2811,-30.921
11.5,-0.28337,0.19046,-0.073845,-0.95495,-0.14155,0.021976,0.051866,0.20075,29.587,-2.596,-30.263,2.7139,2.4564,-1.411,-28.731,-0.28056,0.17924,-0.05594,-0.93281,-0.1389,0.029393,0.060404,0.77491,30.123,-0.39851,-31.693,-1.1068,0.89931,-0.29389,-28.838
11.6,-0.26507,0.17426,-0.080273,-0.95012,-0.14693,0.024674,0.049027,2.0507,28.452,-2.4639,-32.201,1.9495,1.3879,1.8854,-28.717,-0.28584,0.18397,-0.071943,-0.94087,-0.13442,0.024403,0.046965,0.62973,29.706,-4.1892,-32.128,-0.46019,1.677,1.1088,-26.675
11.7,-0.25278,0.17676,-0.049277,-0.92505,-0.13281,0.025574,0.049087,2.275,27.984,-0.75208,-32.609,1.8402,2.3661,-0.56581,-27.819,-0.27837,0.18386,-0.068628,-0.92911,-0.14482,0.02889,0.04747,1.4238,29.67,1.5497,-32.156,1.1897,-0.22369,0.92691,-27.627
11.8,-0.25285,0.18462,-0.086908,-0.94124,-0.13548,0.029439,0.044556,1.2884,29.627,0.10754,-34.899,-1.3712,0.63496,-0.095254,-28.11,-0.26137,0.18535,-0.059893,-0.92747,-0.14486,0.023548,0.042186,-0.12131,30.547,-0.22997,-33.931,2.2529,1.2712,3.1573,-26.665
11.9,-0.26444,0.18454,-0.077291,-0.94653,-0.14253,0.024561,0.032407,-0.9884,29.925,-0.92183,-34.392,0.54345,3.4554,0.96536,-27.47,-0.25167,0.18271,-0.066868,-0.9464,-0.14148,0.030289,0.047269,0.87506,29.977,-2.4714,-34.966,1.3659,3.947,0.78728,-26.502
12,-0.23225,0.17001,-0.087623,-0.95469,-0.14557,0.029963,0.032972,1.6674,29.27,-1.8794,-34.766,0.67375,1.2458,-0.69156,-27.657,-0.26522,0.18709,-0.080595,-0.93614,-0.13785,0.029455,0.04652,1.6077,30.402,-2.8355,-34.472,0.96287,1.6137,0.60202,-26.239
12.1,-0.25172,0.18388,-0.063371,-0.96575,-0.13218,0.035507,0.041437,-0.10775,30.182,-1.7004,-35.637,0.67981,2.4312,-0.14978,-26.574,-0.22689,0.18946,-0.052871,-0.94413,-0.13656,0.027527,0.052545,1.218,29.537,-1.4676,-34.155,0.81887,1.7519,-0.34843,-26.617
12.2,-0.22091,0.20353,-0.085675,-0.95293,-0.14195,0.039348,0.049902,0.95202,29.93,0.23167,-34.463,0.8971,2.6144,2.152,-24.298,-0.23295,0.16566,-0.086189,-0.95419,-0.14472,0.037948,0.038045,1.6928,31.181,-1.2445,-35.954,1.4732,3.053,-0.44647,-26.39
12.3,-0.20158,0.19451,-0.082717,-0.95722,-0.14624,0.039149,0.037033,0.22853,30.128,-2.2326,-36.134,-0.059035,2.7159,1.1345,-26.729,-0.22309,0.18406,-0.078988,-0.95999,-0.14041,0.034719,0.028519,-0.75183,30.404,-2.4284,-35.845,-0.59505,3.0899,1.5518,-26.729
12.4,-0.18862,0.18608,-0.060306,-0.96781,-0.13801,0.048654,0.043895,1.1566,28.955,0.80086,-35.205,2.3446,4.1348,-0.73645,-26.458,-0.20571,0.1809,-0.069084,-0.95953,-0.1459,0.033575,0.043967,0.76365,32.142,-0.0078938,-35.972,2.0029,4.1029,-0.85907,-25.876
12.5,-0.21319,0.18743,-0.067894,-0.95999,-0.1457,0.041202,0.038352,-0.316,30.488,-0.21536,-35.131,1.6349,4.3074,1.6357,-25.518,-0.19884,0.18539,-0.078264,-0.95748,-0.14136,0.039573,0.033483,1.7074,31.838,-0.27506,-36.794,0.27787,4.5255,-0.016423,-26.786
12.6,-0.20581,0.18408,-0.090339,-0.95811,-0.14533,0.042394,0.035744,0.97753,30.339,-0.61385,-34.677,-1.2192,2.613,0.80476,-24.668,-0.2003,0.16199,-0.075985,-0.94676,-0.15335,0.045331,0.0356,-0.60577,28.788,-1.8118,-36.297,0.22168,4.1159,1.9757,-24.777
12.7,-0.18163,0.17395,-0.066799,-0.95587,-0.15052,0.044274,0.03425,1.0928,31.46,-2.8492,-37.542,1.334,5.4749,-0.67034,-25.215,-0.20046,0.18263,-0.076215,-0.96622,-0.13439,0.038984,0.034599,-0.24916,32.185,0.12131,-37.224,1.6313,2.4456,1.5018,-25.986
12.8,-0.17977,0.16663,-0.082569,-0.96668,-0.14304,0.03869,0.036002,-0.67722,30.777,-0.42184,-38.13,-0.74298,4.2517,0.6587,-24.478,-0.17115,0.17565,-0.078767,-0.99154,-0.15318,0.045573,0.025356,-0.47789,32.528,-1.2921,-36.917,0.4585,3.9659,-0.7037,-25.178
12.9,-0.18048,0.17799,-0.076003,-0.95101,-0.14537,0.044693,0.027342,0.40332,32.035,0.0042062,-38.071,-0.074809,4.4723,-0.022336,-24.24,-0.17641,0.17523,-0.094552,-0.94882,-0.14423,0.033094,0.040838,2.4295,33.184,-0.31152,-38.484,1.4544,3.5435,-0.1651,-25.472
13,-0.19397,0.18914,-0.091603,-0.96803,-0.14592,0.041961,0.039304,1.403,31.327,-1.7322,-35.934,-0.66017,4.4089,-1.048,-23.93,-0.17314,0.18932,-0.082351,-0.97524,-0.14992,0.039422,0.028994,0.045045,32.169,0.53254,-39.013,0.69736,4.7051,-0.6416,-24.361
13.1,-0.18566,0.18478,-0.090142,-0.95953,-0.14687,0.049194,0.029436,-0.55638,32.566,-0.83188,-37.297,2.3815,6.7739,-0.14604,-24.377,-0.15652,0.1781,-0.087011,-0.96875,-0.14878,0.046528,0.034744,0.7909,32.426,-1.016,-36.78,0.09705,5.0385,2.2381,-22.37
13.2,-0.1633,0.17735,-0.09052,-0.96859,-0.14344,0.049833,0.027014,0.62912,31.301,-1.9649,-38.943,0.066379,5.6261,0.29997,-23.287,-0.12829,0.17184,-0.078872,-0.97492,-0.14844,0.04161,0.030599,2.1284,32.302,-0.8985,-39.299,0.41138,5.8561,1.7859,-23.072
13.3,-0.14376,0.18129,-0.086025,-0.96748,-0.14299,0.051117,0.020846,0.19668,31.957,-1.7593,-39.588,1.5131,6.9074,0.97698,-22.811,-0.14633,0.17492,-0.083248,-0.97128,-0.14823,0.058635,0.032457,0.14443,31.271,-1.1437,-40.942,-0.0026569,5.8957,0.53109,-22.262
13.4,-0.14181,0.17954,-0.06658,-0.97218,-0.14009,0.058042,0.035137,-0.9434,31.559,-1.0327,-39.452,0.21828,5.2972,1.3682,-24.208,-0.15131,0.1475,-0.073273,-0.97359,-0.15213,0.05811,0.026084,-0.77267,31.813,1.2584,-40.693,0.29814,7.5356,1.2326,-23.356
13.5,-0.13298,0.15979,-0.083106,-0.9492,-0.14862,0.054129,0.021876,1.0065,31.676,-0.70434,-39.415,0.91675,6.2625,0.63789,-21.451,-0.1373,0.15131,-0.093715,-0.96235,-0.14198,0.063993,0.022862,0.044919,31.703,-2.3071,-41.051,-0.13493,6.6446,0.83074,-22.042
13.6,-0.1019,0.14841,-0.065989,-0.9734,-0.1397,0.057315,0.029227,1.4484,31.968,-0.5692,-40.418,0.66249,7.0952,0.37147,-21.491,-0.12325,0.17304,-0.074999,-0.97835,-0.14351,0.059375,0.026335,-1.6356,32.15,0.14537,-42.092,2.1911,6.8072,1.31,-22.544
13.7,-0.11065,0.17298,-0.087263,-0.98397,-0.14008,0.060065,0.019709,-0.72411,32.549,-1.6234,-43.195,1.2745,7.1099,1.423,-20.714,-0.10131,0.18769,-0.07317,-0.96562,-0.13742,0.062299,0.021213,-2.4387,30.652,-1.0474,-42.415,0.39788,7.4821,0.64418,-21.736
13.8,-0.11028,0.15781,-0.076464,-0.99331,-0.14904,0.055672,0.026037,-0.72113,31.045,-1.2871,-41.184,0.83396,8.3267,2.1941,-21.134,-0.095514,0.15769,-0.082018,-0.9724,-0.13614,0.060431,0.016863,-2.3881,31.125,-0.22311,-41.921,2.6844,8.676,0.79673,-21.741
13.9,-0.10371,0.15549,-0.082278,-0.97,-0.1369,0.065971,0.010603,0.95042,30.347,0.017494,-41.803,0.58763,7.19,0.84054,-20.755,-0.10092,0.14827,-0.091039,-0.99045,-0.1343,0.060081,0.017131,-2.5785,30.746,-2.1991,-41.588,0.32809,7.0399,1.2985,-22.6
14,-0.088759,0.15414,-0.08696,-0.9678,-0.12886,0.065455,0.013987,0.72449,28.873,-0.68407,-42.976,0.59513,7.6667,0.14063,-22.029,-0.087995,0.15818,-0.080069,-0.96955,-0.13215,0.059289,0.01396,0.34918,30.347,-0.95868,-43.017,2.5154,8.3214,0.94654,-20.259
14.1,-0.10207,0.15752,-0.084025,-0.9693,-0.13253,0.056785,0.018844,-2.4229,29.317,-1.7587,-41.679,1.5899,9.0491,1.3274,-21.054,-0.082002,0.14029,-0.055138,-0.98114,-0.13304,0.064389,0.016393,0.10717,29.583,-1.3282,-41.001,0.82211,6.2488,0.921,-18.88
14.2,-0.08539,0.13607,-0.082203,-0.99266,-0.13111,0.069766,0.020414,1.2102,28.196,-0.29221,-42.853,0.47176,7.7537,1.2335,-20.783,-0.065321,0.15348,-0.091084,-0.98162,-0.11922,0.06753,0.024605,0.40833,26.956,-2.4438,-40.472,1.2025,9.2423,0.48775,-20.594
14.3,-0.097092,0.16528,-0.088867,-0.97032,-0.12811,0.061863,0.016893,-1.7882,28.984,-0.76994,-43.008,0.24119,8.6341,1.0451,-20.861,-0.060984,0.13304,-0.077223,-0.98213,-0.12795,0.065662,0.011347,-1.6875,30.586,-1.457,-42.974,0.066145,9.9791,0.62362,-19.833
14.4,-0.070035,0.13802,-0.090266,-0.96315,-0.13224,0.065769,0.0026855,-1.4657,28.206,-1.5031,-42.719,-0.14955,9.6486,0.89219,-19.96,-0.07126,0.13074,-0.097559,-0.98669,-0.12287,0.069855,0.016137,-2.1675,28.596,-0.51631,-45.287,1.1907,10.285,-0.64358,-20.481
14.5,-0.047806,0.14121,-0.089269,-0.97725,-0.12568,0.065997,0.015653,0.14226,28.356,-1.3779,-42.433,0.04191,8.8471,-0.30335,-18.847,-0.043179,0.15034,-0.080052,-0.97048,-0.12057,0.076611,0.010614,-1.0769,28.725,-0.10593,-43.926,0.25825,8.3836,1.7084,-20.524
14.6,-0.043911,0.12147,-0.084013,-0.9733,-0.11984,0.074841,0.0024586,-1.5413,26.333,-1.1594,-45.739,1.0553,8.8414,1.1157,-20.526,-0.046886,0.14821,-0.087506,-1.0062,-0.12504,0.07468,0.011919,-0.47117,27.113,-2.098,-45.335,1.175,9.1964,-1.6318,-20.084
14.7,-0.059022,0.12565,-0.063946,-0.96542,-0.12439,0.063446,0.013843,-0.013373,26.269,-1.2728,-45.265,2.4236,10.748,1.5974,-18.111,-0.065613,0.13894,-0.077329,-0.9736,-0.12248,0.069446,0.0073439,-1.5169,28.557,-0.45076,-44.481,0.7215,8.7987,0.99667,-18.433
14.8,-0.033078,0.13608,-0.089018,-0.97148,-0.12495,0.074262,0.013687,-1.6632,27.042,-3.5898,-48.371,1.2019,10.053,1.8581,-18.445,-0.034062,0.13992,-0.070884,-0.98608,-0.11931,0.071579,0.0066608,-4.0272,27.544,0.86522,-46.825,0.46902,9.5848,0.51648,-17.284
14.9,-0.037278,0.14018,-0.078876,-0.9824,-0.11504,0.079695,0.0071453,-2.6496,26.594,0.047603,-45.683,0.32408,9.1651,-0.020187,-19.166,-0.033775,0.1215,-0.081285,-0.98244,-0.11858,0.07498,0.013691,-0.56517,27.211,-1.2422,-45.219,0.91073,10.437,-0.14747,-16.13
15,-0.012948,0.11712,-0.080226,-0.99424,-0.1079,0.08026,0.010234,0.035429,27.783,-1.4226,-46.443,2.095,11.35,1.3512,-19.376,-0.030118,0.13536,-0.077197,-0.98735,-0.11359,0.075872,0.0093722,-0.60107,25.361,-1.2206,-46.861,-1.0075,9.7713,-0.5372,-16.812
15.1,-0.0064244,0.11504,-0.09116,-0.9839,-0.11058,0.076207,0.0015718,-0.38725,26.625,1.3429,-47.237,0.4033,10.988,0.51347,-17.25,-0.022445,0.15455,-0.093421,-0.97922,-0.10488,0.076279,0.0075212,-1.3384,26.713,-0.84985,-46.981,1.0735,9.5294,2.0227,-18.581
15.2,-4.6473e-05,0.11676,-0.079072,-0.98478,-0.10348,0.082478,0.003016,0.51849,25.831,-0.66402,-46.796,1.6248,8.86,0.60664,-17.709,-0.0091386,0.12632,-0.092946,-1.0019,-0.11671,0.07506,0.0044279,-1.064,24.651,-0.089151,-47.442,1.4575,10.312,0.27686,-18.896
15.3,-0.014954,0.11031,-0.092718,-0.97758,-0.10994,0.075457,0.0076463,-0.54924,23.631,0.20091,-47.421,1.2846,11.952,0.34004,-18.174,-0.0066635,0.11253,-0.080655,-0.98264,-0.11471,0.074021,-0.0036319,-1.964,24.532,1.1222,-47.241,-0.062054,9.7016,-0.2723,-16.094
15.4,0.0030622,0.097319,-0.062769,-0.99585,-0.10798,0.081916,0.0025219,-2.0443,24.119,-0.06323,-47.834,-0.61344,11.537,-0.36498,-20.069,-0.012211,0.12302,-0.09056,-0.97761,-0.10933,0.079833,0.0034917,-1.0131,24.298,-0.88977,-48.157,2.0082,11.101,2.6269,-16.803
15.5,-0.0079187,0.11139,-0.072009,-0.98595,-0.097073,0.086624,-0.0035757,-0.57862,22.605,-1.4382,-49.176,1.5942,11.963,0.67121,-15.985,-0.013828,0.12785,-0.072349,-0.97616,-0.10836,0.089615,0.0083894,-1.3449,21.707,-0.29071,-47.994,1.5567,10.532,-0.0099612,-14.196
15.6,0.022712,0.11432,-0.10951,-1.0033,-0.099903,0.093837,0.0019187,-1.3305,24.444,-3.6161,-49.072,1.379,10.801,-0.29153,-15.545,0.0067431,0.097014,-0.07432,-0.97538,-0.09426,0.086463,-0.0033814,-1.3401,24.617,0.46776,-48.66,1.4933,10.318,0.70787,-14.417
15.7,0.013221,0.10563,-0.10079,-0.99422,-0.10168,0.082029,0.0027813,-1.9345,21.23,-1.4929,-47.83,1.6081,13.227,0.38381,-15.231,0.011859,0.11163,-0.10197,-0.98846,-0.099087,0.085066,0.0096241,0.50564,21.983,0.60795,-50.133,-0.31637,12.694,-1.2212,-14.625
15.8,0.019423,0.096713,-0.08719,-0.9941,-0.09436,0.090021,-0.0069736,-0.85125,21.253,-1.2118,-49.413,1.764,12.846,0.11479,-14.188,0.0011155,0.11095,-0.072033,-0.99183,-0.090543,0.082931,-3.0368e-05,0.36987,21.199,-1.7991,-50.612,1.7397,13.385,3.2515,-16.452
15.9,0.0085282,0.090518,-0.080876,-0.9849,-0.094993,0.089752,-0.010441,-0.1078,21.62,-2.2311,-51.17,0.50244,14.155,0.2559,-15.904,0.032851,0.10162,-0.091278,-0.98783,-0.09734,0.088464,-0.0045407,-0.88024,21.973,-1.4755,-49.538,1.3732,14.647,1.9176,-16.013
16,0.029758,0.1014,-0.079803,-0.99755,-0.086679,0.093948,-0.003803,-1.8938,21.282,1.3699,-49.295,1.2833,12.659,-0.68121,-13.206,0.039079,0.087741,-0.079164,-0.99154,-0.096689,0.086682,-0.0032489,-1.9092,22.912,-1.7183,-50.53,1.9216,11.976,1.6235,-13.597
16.1,0.014852,0.09296,-0.079048,-1.0013,-0.090851,0.091889,-0.0081254,-2.804,19.919,-0.11408,-49.679,0.43907,10.888,1.579,-14.934,0.027333,0.074424,-0.057058,-1.0075,-0.090914,0.089394,-0.0062255,-2.0566,21.387,-1.3032,-51.101,0.46759,13.101,0.090626,-13.347
16.2,0.034317,0.077121,-0.089672,-0.98513,-0.092705,0.088381,-0.0045674,-2.4027,20.108,-0.41924,-49.768,-0.04134,12.253,2.0597,-15.21,0.015565,0.087237,-0.10105,-1.0088,-0.077686,0.087216,-0.011606,-1.833,21.019,0.17345,-48.123,1.683,13.869,2.0157,-14.152
16.3,0.034011,0.064382,-0.073775,-0.99756,-0.081153,0.09227,-0.0063595,0.034331,19.707,0.17007,-50.083,0.53807,14.572,0.42509,-14.364,0.050187,0.0831,-0.072928,-0.99264,-0.083589,0.10301,-0.011998,0.57211,20.551,0.86323,-49.71,1.5416,15.112,-0.081987,-15.094
16.4,0.056347,0.077442,-0.076506,-0.98631,-0.0831,0.086426,-0.0069602,-2.6213,19.073,1.2688,-48.504,0.65064,15.788,2.0881,-11.878,0.031199,0.082685,-0.085839,-1.0026,-0.084909,0.097418,-0.0094914,-1.5435,20.19,0.045253,-50.836,-1.2565,13.679,1.3303,-12.931
16.5,0.048474,0.063385,-0.077773,-0.99559,-0.081268,0.088676,-0.011228,-2.4515,18.622,0.89282,-50.022,1.8831,14.823,0.76016,-14.27,0.039053,0.073682,-0.063094,-0.98294,-0.082243,0.083295,-0.013493,0.22587,19.603,1.1068,-49.421,1.14,14.995,0.83327,-10.451
16.6,0.05265,0.061957,-0.080887,-0.98589,-0.083206,0.084521,-0.013471,-1.1471,18.382,1.3545,-48.707,0.93004,13.318,1.3884,-12.982,0.053594,0.063014,-0.071899,-0.99263,-0.078302,0.09039,0.00052133,-1.762,17.565,0.22017,-48.138,0.051256,15.169,-0.52935,-12.083
16.7,0.066165,0.072381,-0.058893,-1.0052,-0.075706,0.09868,-0.01686,-1.8355,17.669,2.4826,-50.281,-0.53178,16.29,1.3228,-12.148,0.06599,0.06941,-0.077208,-0.99305,-0.084349,0.092006,-0.0052313,-1.6394,17.368,0.44198,-49.56,-0.71986,13.907,3.5348,-10.243
16.8,0.053616,0.049038,-0.073871,-0.99806,-0.070947,0.089099,-0.021602,-0.083762,15.935,-0.52055,-49.374,2.6222,14.696,2.1894,-12.414,0.067517,0.054691,-0.060085,-0.9937,-0.082105,0.088433,-0.010864,-1.7129,17.48,1.4361,-49.614,1.6479,16.11,-0.27345,-13.277
16.9,0.068429,0.051635,-0.062455,-0.99799,-0.075962,0.095981,-0.019827,-1.0936,16.245,0.44264,-50.554,-0.26307,16.163,0.72511,-11.617,0.064956,0.055224,-0.074696,-0.99748,-0.074886,0.091854,-0.013884,-2.1475,18.404,0.97121,-49.498,-0.075744,17.276,0.5203,-11.74
17,0.056218,0.060286,-0.063313,-0.98894,-0.073805,0.089532,-0.015466,-1.7611,15.806,0.72743,-47.951,1.3066,14.636,2.4848,-11.331,0.068284,0.066636,-0.07054,-0.99271,-0.073803,0.090996,-0.015234,-1.2969,16.465,1.0691,-50.179,0.3764,15.268,0.282,-10.901
17.1,0.064462,0.056231,-0.074033,-0.98744,-0.065636,0.087275,-0.025646,-0.84557,16.8,0.76842,-49.787,0.87756,15.334,1.1468,-11.441,0.080295,0.055975,-0.063492,-0.99738,-0.070403,0.097144,-0.013507,-1.9423,14.24,0.010341,-47.567,-0.084468,16.493,0.32717,-11.41
17.2,0.082967,0.036915,-0.081803,-0.99314,-0.062924,0.0926,-0.016098,-0.92346,14.869,0.3852,-47.348,-0.28289,14.597,1.1205,-9.8873,0.091201,0.057121,-0.066279,-1.0048,-0.07017,0.096621,-0.009315,-2.9387,14.701,0.55544,-47.329,0.54673,15.207,1.9411,-10.007
17.3,0.084809,0.036483,-0.071926,-0.98131,-0.057849,0.089795,-0.015979,-1.8747,14.971,1.8805,-46.882,1.9166,17.103,0.69269,-9.6358,0.062461,0.044074,-0.08292,-0.98525,-0.076559,0.092407,-0.021635,-0.81537,15.877,-2.0302,-46.572,-0.075336,15.019,0.55839,-10.712
17.4,0.088639,0.029438,-0.069202,-1.0003,-0.066887,0.09212,-0.014915,-0.3828,14.164,0.53174,-47.765,2.3948,16.337,-1.2156,-9.4679,0.078369,0.002587,-0.059976,-1.0152,-0.062364,0.089445,-0.027734,-1.3307,14.21,0.5717,-46.963,1.199,17.876,0.78502,-7.1673
17.5,0.093243,0.028744,-0.07017,-0.97426,-0.059263,0.086512,-0.022848,-0.25348,15,0.18814,-48.322,0.24795,17.284,2.2783,-9.2787,0.097225,0.02395,-0.073316,-0.99301,-0.063151,0.090572,-0.026048,-0.15554,13.122,1.1327,-47.192,1.4922,15.818,2.7835,-9.6646
17.6,0.089601,0.023951,-0.040011,-0.99065,-0.068291,0.087319,-0.02267,-0.34546,12.701,3.6841,-48.217,1.6569,16.628,1.534,-10.416,0.10908,0.026611,-0.064076,-0.99436,-0.057119,0.095963,-0.025122,-2.5304,12.378,1.4343,-47.678,1.1579,16.999,0.72376,-8.6417
17.7,0.097053,0.036656,-0.057252,-0.97089,-0.052371,0.096728,-0.030686,-0.15208,14.182,1.3223,-47.425,-1.6902,16.558,0.88079,-10.719,0.099569,0.018587,-0.070369,-1.0099,-0.062135,0.090958,-0.026427,0.27106,13.154,2.678,-46.48,0.68891,17.223,0.66606,-9.109
17.8,0.11045,0.024981,-0.059871,-0.99501,-0.055981,0.084448,-0.020513,-1.1066,12.871,-0.24154,-45.857,1.2104,16.201,1.3187,-7.4833,0.087058,0.027991,-0.049622,-0.99661,-0.057799,0.075292,-0.023423,-1.5217,12.947,1.1889,-46.118,1.4475,15.957,2.0843,-5.4222
17.9,0.091622,0.026763,-0.029414,-1.0047,-0.054567,0.079554,-0.028024,-0.89447,13.42,-0.06387,-44.866,-0.14832,17.171,0.034676,-8.0069,0.079367,0.011234,-0.06394,-0.99985,-0.051776,0.083355,-0.019697,-2.1002,13.69,1.6043,-45.734,0.51681,16.975,0.91427,-8.8492
18,0.11102,0.0069194,-0.037584,-0.9968,-0.051426,0.084637,-0.023184,-2.1891,13.053,1.4231,-45.544,-0.23547,17.384,1.1126,-8.0231,0.11782,0.0033576,-0.062157,-0.98641,-0.052228,0.085823,-0.023011,-1.4282,12.644,1.7298,-44.859,-0.1422,18.866,0.092272,-7.027
18.1,0.099064,-0.0060079,-0.059577,-0.99578,-0.052816,0.081185,-0.028253,0.58241,12.12,1.1903,-45.425,2.6945,16.951,-0.18306,-6.7069,0.13364,0.0041471,-0.055145,-0.97899,-0.050959,0.085353,-0.021538,-0.67056,10.781,0.017326,-46.801,0.97529,17.933,1.8696,-7.0128
18.2,0.11196,0.0034428,-0.071382,-0.99233,-0.03801,0.088138,-0.02712,-1.4463,11.727,0.13468,-44.314,-0.53007,16.448,-0.15502,-6.5069,0.14242,0.0013076,-0.054791,-0.99786,-0.049522,0.078107,-0.021081,-0.73844,11.821,1.2743,-45.553,0.75153,18.258,1.3252,-6.7912
18.3,0.11761,-0.019182,-0.054681,-0.98128,-0.034378,0.082143,-0.022154,-0.2858,9.5058,1.2525,-45.965,-0.55874,18.415,1.6299,-6.3709,0.11299,-0.00086092,-0.048013,-0.97957,-0.052526,0.094996,-0.030364,-1.3687,12.226,-0.062972,-44.122,0.44807,17.356,0.31331,-7.7355
18.4,0.11515,-0.0040076,-0.027709,-0.99773,-0.045362,0.088693,-0.023535,-1.4924,8.3282,1.3999,-45.618,0.017543,18.407,0.4052,-6.5537,0.11065,0.011987,-0.036202,-0.97242,-0.046104,0.088464,-0.036752,-1.149,11.078,2.09,-45.702,2.202,17.787,-0.12471,-7.0569
18.5,0.10313,-0.0057253,-0.050782,-1.0088,-0.037011,0.078408,-0.032781,-0.73244,9.2156,0.92494,-44.036,1.594,17.495,0.92963,-4.8616,0.11869,-0.016467,-0.049092,-0.98906,-0.042955,0.088871,-0.033859,-2.6906,9.7233,1.6805,-44.531,-0.0037155,18.521,-0.19083,-7.2442
18.6,0.1216,-0.028052,-0.024981,-0.99048,-0.04554,0.084828,-0.034199,-1.6111,11.323,-0.39352,-43.359,0.73359,17.52,-0.061483,-5.5005,0.10551,-0.025307,-0.043219,-0.9914,-0.0419,0.080808,-0.030696,-1.6124,9.438,0.62569,-44.332,0.10673,18.825,0.73716,-7.8089
18.7,0.12866,-0.023819,-0.029998,-0.98966,-0.039774,0.080433,-0.024419,-1.5248,8.8029,2.2887,-43.779,0.18855,19.371,-1.2365,-6.3966,0.1159,-0.01408,-0.03803,-1,-0.03812,0.088949,-0.03363,1.6681,9.2864,0.1618,-43.328,-0.36068,19.727,0.87423,-7.4238
18.8,0.11614,-0.011415,-0.042961,-0.9959,-0.040886,0.078927,-0.033391,-0.73995,7.9743,-0.26805,-44.116,-0.016319,18.806,-0.71853,-3.4807,0.12245,-0.026898,-0.042103,-0.98289,-0.035903,0.074051,-0.035482,-0.58956,8.6285,1.4649,-43.468,-0.5906,18.946,-0.4871,-5.244
18.9,0.12201,-0.035045,-0.047195,-0.9814,-0.033446,0.07563,-0.038431,-1.0149,7.7229,-0.73182,-43.873,0.43411,19.552,2.541,-5.5121,0.12387,-0.025275,-0.020474,-0.987,-0.035897,0.078453,-0.033061,-1.1914,7.0351,0.076422,-43.721,0.76824,18.191,-0.49817,-6.781
19,0.13088,-0.02326,-0.032261,-0.98618,-0.032132,0.086344,-0.035176,-2.0897,7.4098,0.18022,-41.33,1.0853,18.519,-1.9231,-6.2322,0.11948,-0.022435,-0.014357,-0.98613,-0.030437,0.084098,-0.035377,-1.7893,8.2301,1.1657,-42.665,1.0728,16.171,1.6752,-4.6446
19.1,0.13482,-0.043373,-0.0041285,-0.97608,-0.034696,0.080765,-0.03247,-2.3515,5.5852,0.72758,-43.799,1.1781,18.379,0.089897,-5.6692,0.12136,-0.033728,-0.013031,-0.99897,-0.032237,0.078774,-0.037359,-0.68127,8.5206,-0.96721,-43.124,-0.5872,19.29,1.4452,-4.7275
19.2,0.11858,-0.051826,-0.025066,-0.98355,-0.025554,0.079356,-0.034323,-2.1188,7.032,-0.39472,-43.622,0.23361,17.303,0.05909,-4.0956,0.12709,-0.035574,-0.019275,-0.99084,-0.0311,0.084691,-0.04116,-1.2872,6.7802,0.48781,-41.008,-0.54087,18.908,-0.0637,-6.1436
19.3,0.11561,-0.050279,-0.045016,-0.97839,-0.032152,0.070226,-0.034339,0.021613,5.4719,-0.63127,-42.736,-0.81785,17.924,-0.22539,-3.3188,0.12254,-0.037979,-0.039283,-0.98553,-0.028058,0.07769,-0.043097,-0.72462,6.7796,1.7939,-41.81,-0.40153,19.179,1.3552,-4.8956
19.4,0.14579,-0.033765,-0.034009,-0.98183,-0.026407,0.07363,-0.03562,-1.2869,6.0156,0.13081,-42.949,-0.86524,18.566,1.6632,-1.7601,0.12814,-0.043083,-0.011696,-0.98497,-0.022242,0.071123,-0.025065,-0.49774,4.954,1.5278,-41.786,-0.2469,18.514,1.9379,-4.9866
19.5,0.13628,-0.020012,-0.026011,-0.97716,-0.017243,0.08191,-0.036287,-0.57239,4.2355,0.67979,-42.608,1.193,18.616,0.49529,-4.9952,0.12249,-0.045725,-0.03897,-0.97606,-0.020323,0.073384,-0.045031,-2.0264,6.1004,0.3475,-43.976,-1.5831,20.2,0.95697,-3.5345
19.6,0.13122,-0.059002,-0.03345,-0.99848,-0.016811,0.080579,-0.038393,-0.69349,5.2732,2.2923,-43.059,1.0807,17.741,-1.6824,-5.0877,0.11042,-0.05568,-0.010536,-1.016,-0.024858,0.081488,-0.035683,-2.1012,5.1408,-0.85894,-43.122,0.40792,15.458,-0.12825,-3.0281
19.7,0.14358,-0.051715,-0.027023,-0.98733,-0.013247,0.070616,-0.030786,0.54877,3.8344,1.5518,-39.625,-0.2036,18.881,-0.044408,-4.0681,0.13905,-0.050107,-0.017568,-0.9754,-0.020344,0.066947,-0.032729,0.41762,4.7922,0.90012,-41.588,-1.1236,16.14,-2.2475,-4.2207
19.8,0.16246,-0.055669,-0.020207,-0.98549,-0.027729,0.080068,-0.039757,-1.1169,5.0648,1.1832,-39.878,0.51535,18.064,-0.21661,-3.9832,0.15123,-0.056543,-0.021426,-0.99282,-0.019475,0.079087,-0.035577,-0.31574,4.8149,0.66426,-41.027,-0.66662,17.158,1.3737,-6.8306
19.9,0.12987,-0.046617,-0.024642,-0.98253,-0.011056,0.070115,-0.029234,0.15934,3.8714,0.27183,-39.972,0.85705,16.069,0.18367,-3.8011,0.14589,-0.086007,-0.018408,-0.99915,-0.01666,0.07251,-0.037246,-2.8168,3.4306,1.3056,-38.144,-0.53064,16.403,0.074448,-4.4374
20,0.13888,-0.071711,0.0010583,-0.97625,-0.017799,0.068562,-0.032532,-1.6751,5.0936,-0.20832,-39.31,-1.8477,17.866,0.84271,-5.3008,0.13658,-0.052282,-0.022274,-0.9904,-0.015739,0.06971,-0.037162,-0.81794,2.831,0.062491,-39.124,-1.6625,17.967,1.298,-5.9989
20.1,0.15108,-0.049577,-0.013073,-0.97885,-0.017921,0.076238,-0.017358,-1.3497,3.4396,1.2462,-38.65,-1.4845,15.988,-1.2581,-6.5174,0.13238,-0.041815,-0.0077422,-1.0003,-0.013557,0.064094,-0.034135,-2.0905,1.59,1.6198,-39.9,-0.58962,16.437,-0.83705,-4.7158
20.2,0.12859,-0.071509,-0.0037452,-0.98267,-0.018413,0.062047,-0.036928,-1.333,2.6324,1.6943,-38.983,-0.7492,16.091,-1.0803,-3.1656,0.14292,-0.074301,0.0036741,-0.99903,-0.0086951,0.076092,-0.033478,-2.2633,3.2077,0.56634,-39.354,-1.9338,18.344,-0.092753,-4.1412
20.3,0.13026,-0.084819,-0.0059804,-1.0017,-0.0089901,0.067306,-0.025221,-1.2943,2.8101,0.35238,-37.817,-1.2852,16.753,0.5472,-3.0617,0.13722,-0.082033,-0.00082688,-0.98181,-0.012774,0.076403,-0.03143,0.29137,2.691,0.66599,-38.395,-0.8757,15.835,0.18156,-4.9606
20.4,0.12282,-0.08078,-0.01847,-0.98568,-0.0011235,0.059509,-0.024397,-0.30019,1.7974,0.06823,-36.295,0.40172,15.514,1.3608,-3.9255,0.14221,-0.085631,-0.010362,-1.0118,-0.014907,0.078072,-0.021662,-0.7644,2.252,-0.51381,-40.33,1.1702,17.966,-1.2253,-3.7417
20.5,0.15132,-0.094221,-0.0095706,-0.98766,-0.0092588,0.067039,-0.024613,-1.0071,1.3342,-0.16694,-36.215,-0.94287,16.326,-1.4029,-6.1609,0.13962,-0.076462,-0.00076079,-0.97856,-0.0083936,0.064871,-0.025473,-2.5461,-0.44539,1.637,-38.3,0.88023,15.254,0.99596,-4.8245
20.6,0.14034,-0.086945,-0.0020007,-0.97718,-0.014509,0.074992,-0.024419,-0.59602,-0.84379,-0.35361,-37.365,-1.3012,17.23,-0.15798,-4.3343,0.16362,-0.084962,0.0202,-0.97657,-0.0037302,0.070503,-0.021134,-0.0047526,0.81752,0.15391,-36.632,-2.1507,13.931,-2.3247,-4.0576
20.7,0.14461,-0.090306,0.011924,-0.98452,-0.0015487,0.061977,-0.020387,0.4957,0.088871,2.6731,-38.421,-0.10227,15.597,-0.20507,-6.0931,0.14688,-0.086188,-0.0048982,-0.98489,-0.0054394,0.067536,-0.022717,0.34894,1.2114,0.16781,-36.679,0.36759,15.844,-0.32357,-4.6826
20.8,0.14686,-0.09265,0.019365,-0.97509,-0.0026021,0.057307,-0.026863,-1.9674,0.12192,0.83924,-36.156,-1.2071,15.887,-0.082258,-4.3257,0.15575,-0.069734,0.0076332,-0.98371,0.0052647,0.059775,-0.028172,-1.5121,1.4138,-0.65336,-35.841,-0.44709,15.693,-1.069,-4.3984
20.9,0.13816,-0.079248,0.013643,-0.98487,-0.0026157,0.054295,-0.019363,-0.89677,-0.032163,1.2574,-36.582,1.2348,12.936,0.10926,-6.6281,0.15422,-0.11054,-0.0077555,-0.99009,0.0062154,0.05506,-0.0078189,-2.4254,-0.93419,-0.11475,-36.355,-1.7958,16.605,-2.7573,-4.3864
21,0.1349,-0.083047,-0.0057822,-0.98869,-0.0010394,0.056248,-0.01349,-1.4576,0.88572,0.59914,-36.039,-1.543,14.202,-1.646,-6.1729,0.1517,-0.073998,-0.0083377,-0.99153,-0.0045628,0.058809,-0.01539,-1.1622,-0.0087013,-0.30964,-36.586,-0.96044,14.838,-2.1269,-5.6345
21.1,0.12615,-0.11062,0.0072195,-0.96753,-0.0022363,0.062227,-0.010051,-0.71821,-0.95967,0.59717,-37.468,-1.5353,12.831,0.66712,-6.9851,0.15257,-0.08981,-0.015927,-0.99558,-0.008637,0.058877,-0.020625,-0.39163,-0.12929,-0.74878,-37.997,-0.52491,15.637,0.76459,-7.3978
21.2,0.16308,-0.10953,0.0012497,-0.95832,0.0085465,0.060038,-0.023907,-0.7471,-0.30498,1.2854,-35.906,-1.801,15.207,-1.977,-5.6256,0.1341,-0.10239,0.019136,-0.98447,0.0057163,0.056048,-0.013814,-1.689,-1.064,1.3911,-37.3,1.3116,14.245,-0.66675,-6.5221
21.3,0.14495,-0.1033,0.006406,-0.99669,0.0053292,0.058275,-0.017025,-2.01,-2.8767,0.65396,-37.524,-1.6563,14.593,0.3215,-5.3831,0.14144,-0.10077,-0.004796,-0.98763,-0.0088586,0.053695,-0.018711,-1.0545,-0.83688,1.8113,-35.086,-2.3727,13.202,-0.71162,-6.206
21.4,0.15564,-0.13835,0.0048498,-0.97797,-0.0074935,0.047163,-0.016142,-1.5971,-2.2808,0.16121,-35.245,-1.6253,12.513,-0.015444,-5.9439,0.14378,-0.11144,-0.0018865,-0.98906,0.00057693,0.060377,-0.011113,-0.60984,-1.0675,0.6771,-35.859,-0.46977,11.113,-0.36385,-6.7855
21.5,0.13274,-0.098859,-0.00014401,-0.98282,-0.0011077,0.048963,-0.016503,-0.32097,-1.5106,-0.2884,-35.918,-2.0149,14.606,-1.4205,-8.0176,0.15445,-0.11777,-0.0015867,-0.98904,0.0076451,0.055841,-0.015733,-0.15026,-1.6426,-0.25242,-35.902,-1.2393,10.057,0.032191,-6.5266
21.6,0.16415,-0.13193,0.022685,-0.9683,0.0017683,0.054251,-0.0078129,-1.1634,-1.8851,1.4551,-34.428,-0.85301,11.293,0.89402,-7.3542,0.14953,-0.11211,0.0087725,-0.96214,0.00097475,0.055428,-0.0034774,-1.2911,-2.7448,0.58943,-35.577,-1.2904,13.26,0.20657,-6.5438
21.7,0.12882,-0.11634,0.019759,-0.97329,0.0091316,0.052154,-0.023358,-1.1103,-1.4526,-1.4807,-35.454,-0.5232,10.792,-0.65824,-7.3762,0.15561,-0.10954,0.021482,-0.98572,-0.0045706,0.053187,-0.017012,0.64922,-1.9447,-0.77428,-33.244,-0.72368,11.183,-1.1611,-5.3413
21.8,0.14092,-0.093327,0.031104,-0.9898,0.0073251,0.049061,-0.0056181,-2.0871,-1.6135,3.2176,-34.33,-0.13582,9.7968,-1.1908,-7.2983,0.14318,-0.11025,0.02161,-0.99577,0.0092814,0.05202,-0.0022984,-2.1534,-1.3809,1.4592,-33.578,0.22646,10.738,-0.20897,-6.7652
21.9,0.14217,-0.11708,0.014691,-0.96107,0.0029813,0.039549,-0.0063316,-0.34551,-5.5959,-1.0854,-34.647,-1.4417,11.052,-1.9884,-6.0546,0.13895,-0.11726,0.015368,-0.97384,0.0079079,0.047342,-0.012514,-1.6785,-4.5176,0.27291,-33.529,-0.64776,9.6254,0.11346,-6.2168
22,0.12722,-0.11948,0.0077342,-0.96482,0.0088123,0.042228,-0.011906,0.027107,-4.0692,0.94381,-34.95,-1.2231,10.64,1.3081,-6.9511,0.14037,-0.13487,0.010767,-0.9861,-0.0050469,0.047772,-0.011063,-2.0387,-2.4751,0.93974,-33.068,-2.543,10.448,-1.1726,-8.8585
22.1,0.16612,-0.12341,0.023537,-0.98827,0.011962,0.041485,-0.0067082,-1.2409,-4.9592,1.7715,-33.8,-1.4969,11.176,-1.5659,-7.6968,0.16065,-0.12156,0.0064374,-0.96412,0.0050476,0.040815,-0.015479,-1.4263,-5.3106,1.1982,-30.989,-0.58419,10.134,-1.2711,-6.5508
22.2,0.14632,-0.137,0.021413,-0.98717,0.018128,0.050624,-0.011084,0.52626,-4.716,-1.0863,-34.766,-0.98722,9.5245,-1.5945,-7.4063,0.13864,-0.14134,0.01121,-0.99283,0.01292,0.042708,-0.0040618,-0.86447,-4.9205,1.9747,-33.696,-3.2683,11.075,-2.2435,-8.2957
22.3,0.14502,-0.14028,0.015663,-0.98215,0.0026499,0.040107,8.9657e-05,0.5888,-6.0993,0.86377,-31.943,0.13823,11.601,-0.70041,-9.1686,0.15666,-0.1424,0.029232,-0.97325,0.0048808,0.040546,-0.019589,-0.70459,-2.862,1.1053,-31.998,-1.1383,10.857,-1.9932,-8.7698
22.4,0.1409,-0.12884,0.016756,-0.97888,0.014108,0.039755,-0.0072223,-0.73903,-7.992,0.76531,-32.787,0.29638,9.6193,-1.1367,-7.5926,0.14415,-0.1403,0.030897,-0.98203,0.00050577,0.033519,-0.0081545,-2.6837,-4.1178,1.8329,-32.129,-1.8641,9.0327,-1.273,-9.6811
22.5,0.14433,-0.12929,0.029599,-0.99082,0.011413,0.037854,0.0045839,-1.3461,-4.9986,-0.14641,-32.09,0.19385,9.7967,-1.5341,-7.7984,0.13304,-0.11834,0.0084152,-0.98444,0.012904,0.031685,-0.0036291,-1.9661,-4.3201,-1.1927,-33.082,-0.40123,11.13,-1.1462,-9.0788
22.6,0.13746,-0.1397,0.012832,-0.95962,0.013597,0.039826,-0.0015859,-2.1952,-7.1375,-0.7205,-30.319,-0.88611,9.5518,-0.65804,-9.2147,0.14933,-0.11983,0.035221,-0.98135,0.015987,0.031483,-0.00084905,1.3303,-6.7064,1.5138,-29.981,-1.4889,9.5261,0.10956,-8.43
22.7,0.13993,-0.15652,0.01545,-0.97441,0.013675,0.037815,0.0078992,-1.107,-7.9603,0.18921,-32.194,-0.33205,7.6778,-1.6215,-11.6,0.16261,-0.1324,0.041503,-0.98647,0.0091239,0.033281,-0.0072718,-1.6463,-7.7121,0.82645,-29.019,-0.48874,8.0983,-1.2413,-9.7332
22.8,0.14158,-0.12145,0.018912,-0.9781,0.016094,0.031575,0.00049088,-0.62275,-7.5969,2.2492,-31.794,0.065868,9.3653,-1.8783,-10.383,0.14821,-0.14867,0.014611,-0.99112,0.013358,0.028396,0.0065153,0.48371,-5.2281,0.32509,-30.703,-1.7057,8.9371,-0.95256,-10.452
22.9,0.14693,-0.12817,0.015497,-0.97791,0.0048494,0.027226,0.0061847,-0.43063,-7.852,0.33387,-32.119,-0.8566,9.5734,-1.0177,-10.93,0.14383,-0.13334,0.022045,-0.97525,0.013137,0.036918,0.0016557,-0.74542,-8.0006,0.57212,-30.964,1.224,7.8889,-0.32847,-10.494
23,0.15506,-0.12622,0.030255,-0.98445,0.01071,0.032422,0.0086781,-0.78829,-8.1111,0.96374,-28.786,-1.2037,7.2875,-1.8883,-11.336,0.13962,-0.14719,0.0062608,-0.96819,0.020628,0.018323,0.0040402,-0.83117,-6.2907,1.7572,-29.321,-0.83732,7.7908,0.14844,-10.588
23.1,0.13955,-0.14754,0.020224,-0.96618,0.017308,0.02764,0.012596,0.77429,-9.2499,0.86812,-30.392,-0.67008,8.1703,-0.46298,-11.842,0.16167,-0.15417,0.024766,-0.99374,0.019564,0.023863,0.020249,-2.8256,-7.0775,1.551,-30.712,-0.49051,8.1314,-1.7798,-9.1541
23.2,0.13489,-0.149,0.02831,-0.9863,0.014331,0.030307,0.014022,-1.5903,-9.7536,0.76286,-30.237,-0.25157,7.9905,0.70751,-11.523,0.13534,-0.13587,0.0059505,-0.98529,0.020168,0.023481,-0.00045303,-0.90633,-6.5663,0.16221,-31.756,0.29303,7.9132,-1.185,-10.952
23.3,0.11686,-0.14536,0.0086946,-0.98313,0.023614,0.030144,0.011917,-3.4502,-8.3034,0.53682,-29.846,-1.5947,9.4947,-0.78813,-12.019,0.13793,-0.14616,0.018364,-0.99452,-3.0589e-06,0.029533,0.0060383,-0.61108,-8.3848,0.70326,-29.19,0.84494,7.729,-1.9382,-11.616
23.4,0.12612,-0.14903,0.015266,-0.98103,0.019535,0.030172,0.011748,1.8433,-9.0472,1.4562,-29.505,-0.0025245,6.7696,-0.94887,-12.958,0.13441,-0.14332,0.010039,-0.98952,0.014048,0.034531,0.0019901,-2.9505,-7.4006,0.9409,-28.995,1.7043,6.7544,-0.16093,-12.906
23.5,0.14231,-0.14562,0.01699,-0.97519,0.016893,0.028455,0.0096693,-1.784,-9.239,1.7805,-29.768,-0.30015,5.9562,-1.0981,-13.555,0.14742,-0.14356,0.010885,-0.97017,0.017577,0.035289,-0.00078418,-0.97663,-8.0608,-0.52365,-30.518,1.4258,7.0209,0.61809,-12.044
23.6,0.11591,-0.14955,0.038098,-0.98261,0.0061301,0.032275,0.010847,1.2454,-10.008,0.1479,-28.964,-2.0722,8.5257,0.37825,-15.24,0.12388,-0.15119,0.037702,-0.97602,0.016156,0.017882,0.015741,-2.1692,-8.9452,0.7733,-27.086,-1.65,6.2262,-1.1723,-13.004
23.7,0.1303,-0.13637,0.012547,-0.97856,0.011968,0.023198,0.0087442,-1.6417,-10.73,0.19793,-28.811,-1.2344,5.3704,-0.48783,-14.048,0.16646,-0.15066,0.019798,-0.97109,0.018419,0.021952,0.0099507,-0.52005,-9.8809,-1.7928,-26.697,-0.48398,5.2944,-1.4725,-13.413
23.8,0.12062,-0.14181,0.025887,-0.98907,0.018516,0.015805,0.0070265,0.19437,-10.98,-0.72477,-28.075,-1.9488,7.2069,-1.5526,-14.435,0.14332,-0.15977,0.0076834,-0.96992,0.017477,0.025882,0.013869,-2.8926,-8.8732,-1.1858,-25.996,-1.224,5.8246,-0.57848,-12.415
23.9,0.11812,-0.12732,0.020083,-0.97747,0.02737,0.021916,0.015137,-0.023858,-12.982,0.19543,-27.606,0.16375,8.7106,-0.50497,-15.547,0.14435,-0.15553,0.015501,-0.98271,0.010791,0.020013,0.0099146,-0.56246,-9.6616,-0.44642,-27.434,-0.48956,5.6198,-1.3207,-12.364
24,0.11894,-0.13814,0.018167,-0.96219,0.019133,0.010982,0.016272,-1.2129,-12.244,2.816,-26.655,1.6609,5.1921,-0.01886,-14.262,0.13151,-0.15702,0.025928,-0.9803,0.021615,0.020732,0.016045,-0.31165,-12.209,1.3012,-28.101,-0.131,4.9468,0.51271,-12.356
24.1,0.12631,-0.15163,0.0041476,-0.98119,0.016286,0.012449,0.020299,-1.0796,-12.409,-0.10966,-25.347,-0.88902,5.1038,-0.40383,-15.419,0.13329,-0.15833,0.022394,-0.97588,0.021792,0.0051978,0.01687,2.1116,-9.7653,-0.7322,-26.386,0.32792,5.5648,-1.7405,-14.94
24.2,0.12087,-0.13403,0.012137,-1.0117,0.019145,0.0040417,0.020559,-1.4463,-13.047,0.51247,-28.848,-0.76479,2.9347,-2.6653,-16.224,0.13348,-0.15918,0.012807,-0.97734,0.0030667,0.014339,0.021779,-1.7402,-11.068,0.6622,-24.257,-0.54607,6.4071,-1.0199,-14.195
24.3,0.11613,-0.15049,0.018274,-0.96477,0.024456,0.012356,0.025151,-1.4292,-14.004,0.052723,-26.143,-1.2599,4.9945,-1.7424,-15.916,0.13224,-0.16038,0.020199,-0.97448,0.018734,0.011403,0.024513,-0.82414,-11.445,0.33707,-26.958,-1.6258,6.1749,0.0062006,-14.953
24.4,0.1328,-0.14595,0.018338,-0.98264,0.02022,0.0076635,0.019892,0.32013,-12.495,1.2432,-25.488,-2.3054,5.5898,-0.44661,-15.968,0.12703,-0.16439,0.035014,-0.98524,0.01535,0.0068723,0.022958,1.2607,-11.057,-1.2755,-24.592,-1.3408,3.5654,0.23511,-13.856
24.5,0.10962,-0.13391,0.022088,-0.95247,0.025861,-0.0029426,0.021016,0.65056,-13.659,0.65688,-24.807,-0.24569,5.6336,-0.85941,-16.606,0.11572,-0.16605,0.025784,-0.97836,0.028036,0.0074298,0.010278,-0.66635,-12.146,-0.19252,-25.773,0.68421,5.4738,0.83682,-16.354
24.6,0.10507,-0.13235,0.012075,-0.97842,0.017358,0.0036214,0.030398,-0.38414,-13.444,0.3302,-25.123,1.2163,5.6554,-2.7324,-16.964,0.097013,-0.15032,0.016601,-0.97751,0.03014,0.0026121,0.008166,-0.85499,-13.861,-0.24147,-25.128,1.1248,4.4145,0.79714,-15.104
24.7,0.11952,-0.14814,0.014177,-0.98773,0.022628,0.0056454,0.031216,-0.84346,-16.616,2.4596,-25.119,-0.6897,4.4067,-1.8129,-16.388,0.12171,-0.159,0.013396,-0.9675,0.029763,0.0018991,0.024438,-2.6529,-12.352,-1.3503,-25.787,-1.5366,6.0718,-1.2142,-15.134
24.8,0.098212,-0.15909,0.013859,-0.97681,0.013845,-0.0009234,0.02451,-0.54124,-13.072,0.6067,-23.23,1.1162,7.0019,-0.87083,-17.251,0.11927,-0.1513,0.012109,-0.95628,0.017717,0.0089671,0.012428,-2.9345,-13.417,1.0464,-25.754,0.34708,5.7055,0.32829,-16.388
24.9,0.13607,-0.16614,-0.0010922,-0.98687,0.029631,0.0027349,0.030301,-0.75746,-13.909,0.053718,-25.103,0.23427,4.4334,-0.76947,-17.475,0.12842,-0.16571,0.013671,-0.97215,0.01849,0.0029708,0.022763,-0.61755,-12.992,0.10108,-25.118,-0.28133,7.4871,0.26707,-16.732
25,0.10173,-0.15537,0.020938,-0.9896,0.022453,0.0024268,0.024688,-1.8822,-14.36,2.5716,-26.589,-0.17931,4.3674,-0.25533,-17.641,0.13323,-0.16506,0.023697,-0.98926,0.017798,-0.00068026,0.020745,-1.0384,-15.52,1.2511,-25.633,-0.070828,4.5215,0.72272,-16.472
25.1,0.10706,-0.16011,0.0053215,-0.96948,0.030487,-0.0033669,0.018488,-1.5178,-16.767,-1.125,-25.22,-0.091883,5.2403,0.30644,-17.431,0.12138,-0.16002,0.012369,-0.96536,0.03319,-4.7768e-05,0.017785,-0.69275,-14.56,0.28387,-24.196,0.87743,5.6469,-1.8792,-16.916
25.2,0.11236,-0.14835,-0.0057052,-0.9754,0.03978,0.0010782,0.027002,-2.2686,-16.07,0.52118,-24.505,-1.2196,5.4474,-0.75529,-18.503,0.13419,-0.16204,0.0055949,-0.97394,0.030523,-0.0048957,0.025368,-0.48319,-15.565,1.0008,-24.025,2.1734,5.8297,-1.5684,-18.4
25.3,0.085361,-0.16129,0.0049972,-0.98712,0.032987,-0.0043476,0.020657,-1.021,-17.81,1.6577,-24.997,0.35134,5.6117,-1.5393,-19.065,0.12651,-0.14903,0.015071,-0.9789,0.027532,0.0092738,0.020642,-1.8317,-16.027,1.7118,-24.424,0.17406,5.4744,0.21791,-17.119
25.4,0.11774,-0.16887,0.013557,-0.98898,0.025596,-0.0094675,0.017544,0.74324,-15.127,0.6271,-23.203,0.89163,4.7842,-0.93051,-18.62,0.1215,-0.16331,-0.0114,-1.011,0.031348,-0.0014073,0.029535,-2.0558,-14.64,-0.52506,-21.936,-1.0958,5.3482,-1.0649,-19.11
25.5,0.1143,-0.15217,0.019095,-0.98275,0.030882,-0.0088611,0.022027,-2.8756,-17.601,2.4444,-21.037,1.0078,7.4883,-2.4116,-21.102,0.12027,-0.15817,0.012422,-0.99535,0.033685,0.00055274,0.030275,-0.44737,-16.21,-0.8785,-24.423,1.0362,4.8381,-0.87328,-19.095
25.6,0.11349,-0.15706,-0.0038116,-0.98276,0.041858,-0.0010463,0.025404,-2.6156,-16.027,1.0176,-22.309,0.90338,7.4226,-1.7358,-18.443,0.11959,-0.16759,0.015697,-0.99296,0.031453,-0.0070455,0.028941,-1.1671,-17.154,1.6921,-21.672,2.0798,5.5452,-2.6151,-18.085
25.7,0.097059,-0.15642,0.014919,-0.99485,0.036654,-0.0099749,0.019158,-1.2364,-18.279,1.2696,-22.873,0.25651,7.3985,-1.649,-19.673,0.10951,-0.15682,0.0071925,-1.0029,0.029613,-0.0096777,0.024695,-2.2137,-17.036,2.1169,-23.84,2.0943,5.2172,-2.004,-18.152
25.8,0.096816,-0.17725,0.0054927,-0.98144,0.03533,-0.013328,0.023129,-0.60329,-19.363,0.41078,-22.239,2.2356,6.0035,0.84771,-20.11,0.11727,-0.16715,0.011661,-0.97104,0.03386,-0.00011767,0.037806,-1.5456,-18.86,0.79789,-21.339,0.10206,6.8268,-0.85386,-17.74
25.9,0.099789,-0.15254,0.01136,-0.97988,0.034538,-0.0072115,0.029376,-0.93675,-18.406,0.24711,-20.695,0.22837,5.5058,-2.6887,-19.826,0.0909,-0.17213,0.011969,-0.98748,0.028829,-0.012046,0.023153,-1.4319,-17.861,0.24145,-20.532,-1.0027,5.5563,-1.0043,-20.78
26,0.099084,-0.13313,0.010575,-0.99193,0.044877,-0.016625,0.016406,-0.8024,-20.824,0.54556,-20.894,0.18637,6.968,0.31649,-19.518,0.095505,-0.16435,-0.012101,-0.97577,0.034149,-0.010111,0.032007,-2.1167,-17.141,-0.63833,-19.998,-0.86479,5.0334,0.31127,-18.619
26.1,0.09979,-0.15192,-0.0023042,-0.98206,0.042309,-0.012279,0.030575,-2.1465,-22.342,-1.39,-21.224,3.3759,5.2848,-0.05114,-21.602,0.088627,-0.14597,-0.00093324,-1.0002,0.03875,-0.014892,0.025804,-2.4553,-18.015,0.64093,-20.781,0.25323,5.8481,-1.3178,-18.316
26.2,0.082384,-0.14176,-0.0036422,-0.99524,0.029913,-0.014548,0.027275,-2.5617,-21.277,0.42725,-19.545,-0.20553,5.8547,-1.9932,-21.817,0.087805,-0.15598,0.012021,-0.98054,0.030021,-0.020704,0.014944,-1.1846,-17.512,1.3126,-20.359,1.4265,5.7318,0.86413,-17.389
26.3,0.083319,-0.15852,0.0046672,-0.98627,0.042269,-0.020076,0.022511,-0.14153,-21.304,-0.39806,-16.771,0.59872,6.7709,-1.1842,-21.969,0.10132,-0.14526,-0.011273,-0.99958,0.03643,-0.018434,0.021551,-1.6718,-18.332,0.89801,-22.084,2.7541,6.3478,0.11064,-18.412
26.4,0.083892,-0.14546,-0.0046172,-0.97821,0.046484,-0.021229,0.024815,-1.3449,-21.554,-0.59887,-20.312,-0.44273,9.0072,-1.2428,-21.644,0.083144,-0.14659,0.002242,-0.98136,0.038561,-0.015194,0.026331,-2.501,-19.592,1.0148,-20.121,0.52989,7.5393,-0.52483,-18.941
26.5,0.087086,-0.13954,0.00081771,-0.9802,0.037772,-0.022383,0.025757,-0.51398,-20.713,-0.66536,-16.17,3.1741,8.6946,-1.1669,-21.661,0.085061,-0.14951,-0.021737,-0.98272,0.040291,-0.015814,0.023594,-1.1548,-20.255,0.99961,-17.439,-0.013222,7.9417,0.086083,-19.658
26.6,0.074889,-0.15388,-0.0064843,-0.97468,0.038803,-0.0304,0.024781,-0.23193,-21.793,0.79645,-20.689,1.1772,9.5622,-0.57265,-21.2,0.094219,-0.14019,-0.011543,-0.97405,0.043215,-0.015712,0.027054,-3.697,-18.945,-0.37088,-17.884,1.4836,6.8931,-0.11716,-21.84
26.7,0.087758,-0.15798,-0.0053558,-0.96906,0.036458,-0.020747,0.019827,-0.52262,-21.607,0.75153,-18.204,1.018,8.8704,-0.17299,-24.203,0.088879,-0.15177,-0.018081,-0.97338,0.036907,-0.025362,0.022135,-0.012001,-19.455,1.5539,-17.211,0.48535,8.0267,-1.1067,-20.408
26.8,0.072687,-0.14948,-0.013212,-0.98584,0.040581,-0.031405,0.031316,-1.1487,-23.646,0.23554,-18.052,0.31783,9.1476,-1.7681,-22.862,0.082439,-0.1507,-0.00030847,-0.97512,0.041974,-0.020937,0.029488,-0.99675,-19.955,0.8362,-17.522,0.34312,7.801,-2.7286,-19.79
26.9,0.081088,-0.14645,0.02254,-1.0019,0.052257,-0.033276,0.021687,-2.014,-25.019,1.0583,-18.929,1.9777,9.3352,0.22871,-24.156,0.077097,-0.14251,-0.0060019,-0.97667,0.035294,-0.021307,0.026533,-1.3039,-20.133,0.54009,-18.499,1.6281,7.5419,-0.56044,-20.893
27,0.081491,-0.15982,-0.021298,-0.98638,0.041389,-0.023327,0.025571,-2.9191,-23.762,2.1039,-16.232,0.0025819,9.4408,-1.5963,-22.244,0.079676,-0.16079,-0.0044254,-0.97928,0.038453,-0.021681,0.023766,-2.5639,-22.524,-0.53338,-17.068,-0.90757,8.3061,-1.1144,-19.902
27.1,0.068503,-0.14446,-0.0034536,-0.99087,0.040304,-0.040595,0.034729,-2.6499,-24.753,1.7583,-18.029,1.1063,10.004,-0.65649,-23.864,0.061354,-0.1305,-0.031139,-0.99015,0.042909,-0.031199,0.017774,-2.2687,-20.89,1.7687,-17.883,1.9409,9.2143,-1.1431,-21.922
27.2,0.070633,-0.14115,0.0090471,-0.98902,0.045322,-0.026471,0.022843,-0.18588,-23.385,0.29999,-18.281,-0.010774,9.7001,0.83806,-22.73,0.084221,-0.13554,-0.017316,-0.97487,0.042433,-0.033213,0.018531,-1.3165,-22.974,0.33886,-17.256,0.2395,8.813,-0.14287,-23.128
27.3,0.048574,-0.12676,-0.010197,-0.98893,0.051235,-0.025645,0.034257,-2.3455,-23.385,0.10149,-17.245,0.51273,9.4551,-0.83042,-25.299,0.062677,-0.14301,-0.011745,-0.98599,0.043746,-0.028117,0.023335,0.26944,-23.293,1.3567,-17.375,0.19164,8.4556,0.82332,-22.359
27.4,0.049715,-0.16527,-0.003426,-1.0011,0.053847,-0.033321,0.025542,0.23918,-23.578,0.11652,-15.798,1.3178,10.232,-2.0112,-25.669,0.07153,-0.15492,-0.025116,-0.98737,0.040905,-0.027312,0.027074,-1.2409,-23.164,0.27487,-16.219,0.98234,8.0344,-2.3935,-21.824
27.5,0.061521,-0.14318,-0.0048002,-0.99759,0.051194,-0.031612,0.022124,-1.0794,-25.629,-0.21135,-15.646,0.15773,10.934,-1.2528,-24.041,0.08875,-0.13843,-0.016448,-0.97768,0.054915,-0.030935,0.021604,-1.5448,-22.8,1.4322,-16.756,0.046911,9.6662,0.20275,-23.187
27.6,0.066695,-0.13569,-0.027215,-0.98552,0.046157,-0.034645,0.023426,-2.1749,-25.56,0.45259,-14.826,-0.017709,12.268,-1.5079,-25.389,0.069576,-0.1523,-0.030092,-0.9914,0.034493,-0.03481,0.024613,-0.95885,-23.346,-1.0208,-14.795,-0.049542,10.595,-0.69845,-24.513
27.7,0.052165,-0.11777,-0.020378,-0.99374,0.048308,-0.035188,0.025854,-1.7084,-24.191,1.2045,-16.844,-0.33956,12.171,-0.089022,-26.166,0.087384,-0.14436,-0.015264,-0.99394,0.058123,-0.030339,0.028954,0.19974,-24.304,2.1959,-14.477,1.5827,8.8525,-1.4338,-22.975
27.8,0.058568,-0.13276,-0.019508,-0.99074,0.053171,-0.042496,0.021609,-0.48609,-26.44,0.89812,-15.439,-0.31447,13.457,2.364,-25.197,0.072825,-0.13174,-0.020284,-0.99413,0.040583,-0.042707,0.031349,-2.1754,-25.592,-1.1927,-13.962,0.50372,11.493,-1.286,-23.67
27.9,0.064385,-0.11841,-0.025828,-0.9832,0.048919,-0.036404,0.026256,-0.0022788,-25.007,1.1378,-15.978,0.31859,10.656,-1.648,-25.081,0.052597,-0.13928,-0.016647,-0.97266,0.045897,-0.036796,0.024109,-0.40061,-24.334,1.6287,-14.38,0.6115,11.431,-0.37082,-24.537
28,0.066,-0.11509,-0.017686,-1.0065,0.037363,-0.049614,0.025379,1.111,-27.394,3.0191,-14.03,0.96471,13.113,-0.2801,-28.737,0.067884,-0.15004,-0.013807,-0.9829,0.046714,-0.049105,0.027004,0.58435,-22.925,-0.74399,-15.415,0.75855,10.276,-0.76903,-25.383
28.1,0.05177,-0.13452,-0.024599,-0.99918,0.04924,-0.043623,0.023549,-0.7496,-25.271,-0.043506,-14.412,0.46835,10.577,-1.4258,-26.737,0.053983,-0.12807,-0.020054,-0.99537,0.047731,-0.037327,0.032395,0.47329,-24.305,1.1201,-14.91,0.16713,10.964,-1.1975,-24.922
28.2,0.04308,-0.11738,-0.035109,-0.99404,0.047389,-0.05328,0.032837,-1.48,-26.724,0.93754,-12.623,1.6901,12.925,0.022181,-27.099,0.035202,-0.13207,-0.015019,-0.98335,0.054841,-0.034433,0.029866,-2.6376,-25.279,0.90895,-12.262,2.429,10.938,0.72195,-24.549
28.3,0.048752,-0.10696,-0.034337,-0.99918,0.052083,-0.056127,0.026768,0.16785,-25.118,0.86473,-14.457,-0.36683,11.9,0.4814,-27.463,0.033302,-0.14392,-0.026039,-0.98377,0.0549,-0.039387,0.024168,0.32251,-26.677,0.98698,-14.281,-0.47164,10.121,-1.6811,-24.792
28.4,0.043858,-0.11466,-0.015727,-0.9752,0.053459,-0.047099,0.020745,-1.819,-25.542,0.694,-12.513,-0.62019,10.554,-0.37104,-26.714,0.025381,-0.13993,-0.029769,-0.99683,0.058216,-0.04142,0.028034,-1.3729,-25.358,1.4442,-13.365,1.5029,11.029,-3.1786,-25.061
28.5,0.028776,-0.12362,-0.039974,-1.0048,0.047289,-0.058616,0.020848,-1.4699,-25.817,1.088,-14.855,0.30839,13.403,-0.55013,-28.861,0.057512,-0.12829,-0.015423,-0.98268,0.049219,-0.046615,0.019517,1.1523,-24.06,1.5446,-12.975,0.40703,11.139,-0.89146,-25.438
28.6,0.029672,-0.11578,-0.044095,-0.98312,0.050546,-0.055031,0.025177,0.51728,-25.349,1.7165,-13.916,1.973,13.061,-0.63554,-28.591,0.020673,-0.11274,-0.034249,-0.99711,0.049517,-0.048326,0.020907,0.5197,-24.907,2.1773,-12.781,-0.78433,12.086,0.8178,-25.741
28.7,0.029447,-0.12703,-0.033936,-0.99359,0.042872,-0.051108,0.02975,0.42797,-25.121,1.6529,-13.196,-0.28907,12.806,-2.1879,-29.582,0.025588,-0.12514,-0.040247,-0.98486,0.046641,-0.055092,0.015153,-2.0637,-25.752,-0.68231,-13.05,0.19458,10.443,-0.20993,-24.864
28.8,0.034073,-0.11373,-0.020141,-1.0038,0.046772,-0.057722,0.02248,-0.13063,-26.431,2.41,-12.941,-0.36898,14.416,1.6426,-29.409,0.041812,-0.119,-0.016863,-0.98185,0.05464,-0.048773,0.012074,-1.211,-24.965,-0.19117,-12.698,-0.78678,12.999,0.080399,-26.04
28.9,0.017131,-0.0858,-0.029167,-0.99189,0.036958,-0.055569,0.024418,3.1486,-24.165,1.8927,-11.6,2.1437,14.299,0.088026,-27.701,0.03,-0.11184,-0.025632,-1.0064,0.05237,-0.05369,0.017258,-0.88813,-25.406,1.8829,-12.707,-0.28541,15.459,-1.8678,-26.31
29,0.030447,-0.10417,-0.027976,-0.98085,0.038351,-0.057606,0.020011,1.2594,-25.712,0.42353,-11.566,1.207,15.626,0.53154,-28.259,0.018175,-0.10251,-0.0155,-0.98241,0.058222,-0.049769,0.020773,-0.28292,-24.581,1.3429,-11.589,-0.16238,15.622,0.27707,-26.619
29.1,0.023574,-0.1245,-0.02382,-0.98534,0.039489,-0.059401,0.024645,1.933,-24.661,0.19906,-11.304,1.4313,16.672,0.46631,-28.635,0.045065,-0.098479,-0.039658,-1.003,0.041271,-0.065563,0.0196,0.65721,-23.752,0.47165,-10.872,0.59628,13.005,-0.046738,-26.424
29.2,0.016295,-0.10262,-0.025721,-0.99392,0.043208,-0.054478,0.025896,0.37665,-22.913,-0.31966,-12.088,0.65548,13.586,0.86751,-26.767,0.018974,-0.10073,-0.02272,-0.98222,0.042184,-0.05367,0.023554,2.8309,-23.279,1.0112,-10.122,0.7332,14.567,0.69878,-26.305
29.3,0.012677,-0.10983,-0.036979,-0.98932,0.04459,-0.059381,0.021129,0.63936,-23.245,-0.31012,-8.8245,1.4397,15.202,0.051209,-28.329,0.023861,-0.11183,-0.01304,-1.0005,0.040191,-0.06281,0.018864,-0.41968,-21.838,1.5143,-9.8188,-0.10079,13.379,-1.6287,-25.199
29.4,0.0062451,-0.089231,-0.042261,-0.98849,0.033581,-0.053315,0.022567,1.0032,-24.442,-0.096151,-10.044,1.3771,14.624,1.1737,-29.267,0.031669,-0.10977,-0.043153,-0.99378,0.035865,-0.060777,0.023261,-2.3145,-24.604,0.91969,-9.2691,1.0297,12.477,1.2174,-26.506
29.5,0.0038497,-0.096277,-0.024589,-0.99904,0.041092,-0.06436,0.022891,0.57126,-23.922,2.7275,-7.6816,2.5956,16.93,0.45525,-27.817,0.042618,-0.10913,-0.032216,-0.99264,0.034227,-0.059526,0.025804,1.1183,-24.823,0.59158,-8.9329,2.6991,17.183,-0.54661,-27.851
29.6,0.027593,-0.10566,-0.031333,-0.99651,0.036383,-0.062845,0.01633,-0.82716,-22.717,1.8253,-7.8925,1.5666,14.202,1.8486,-28.635,0.013613,-0.096335,-0.037403,-0.98443,0.043323,-0.061874,0.020539,1.6534,-24.223,-0.052952,-10.204,-0.84406,17.273,0.12402,-27.353
29.7,-0.0014751,-0.061767,-0.034764,-0.99294,0.041043,-0.067706,0.019707,0.62691,-22.905,1.0586,-10.047,1.5256,17.286,1.21,-28.651,0.027118,-0.088427,-0.042473,-0.99839,0.03636,-0.066863,0.02265,1.7659,-24.233,0.43209,-8.1578,-0.22526,15.04,0.15633,-26.575
29.8,0.0019027,-0.10695,-0.02165,-0.99087,0.034325,-0.068881,0.016,1.643,-21.109,1.2513,-8.014,0.36728,16.393,1.3384,-28.986,0.014898,-0.088598,-0.040789,-0.9872,0.038185,-0.054048,0.018848,0.79786,-23.13,1.1527,-7.5066,1.1314,15.915,0.4455,-27.169
29.9,-0.0080354,-0.080157,-0.043831,-1.0117,0.035425,-0.059644,0.010996,1.7461,-21.689,1.9596,-9.3449,-1.0104,18.006,0.057243,-25.298,0.038926,-0.063678,-0.038222,-1.0079,0.03363,-0.065708,0.012831,-0.60972,-23.395,-0.27043,-8.2367,0.28984,15.749,-1.3553,-26.35
30,0.00116,-0.077757,-0.048925,-1.0204,0.035251,-0.07111,0.016903,2.0112,-21.494,-0.74534,-8.7558,0.32594,19.097,0.53064,-26.721,0.012642,-0.086916,-0.046981,-0.98615,0.037308,-0.066908,0.01191,0.57654,-22.132,-0.17996,-5.7699,0.051699,14.755,-0.4106,-24.883
30.1,-0.010094,-0.058575,-0.050747,-0.98499,0.032672,-0.058044,0.0067671,0.65639,-18.338,0.34489,-9.2194,1.2292,16.072,0.30149,-25.24,0.011364,-0.08231,-0.042566,-0.99106,0.040362,-0.066297,0.0061698,-0.35529,-22.211,-0.85957,-5.9594,0.33218,15.156,1.2597,-25.924
30.2,-3.4202e-05,-0.073318,-0.030286,-1.0085,0.034807,-0.058894,0.0026517,0.40788,-21.077,0.70181,-9.5271,0.3476,15.914,0.39462,-24.417,-0.0018268,-0.082901,-0.051528,-0.97963,0.034642,-0.062465,0.019872,1.5453,-21.642,1.4615,-8.2445,1.0874,17.284,0.9524,-24.857
30.3,-0.01234,-0.06159,-0.033816,-1.0152,0.031084,-0.058229,0.0078651,0.92504,-20.733,0.092818,-8.7737,2.6088,16.996,1.5335,-24.654,0.00027828,-0.069679,-0.034755,-0.99585,0.03134,-0.059172,0.017107,2.0989,-22.224,0.52283,-5.603,1.1315,14.46,0.48887,-24.451
30.4,-0.0085073,-0.071734,-0.038204,-0.99564,0.032732,-0.072179,0.01325,-0.49781,-19.995,0.54327,-6.7953,1.7753,17.923,-0.0040815,-25.454,0.0050606,-0.065938,-0.053766,-1.0003,0.044752,-0.056611,0.020192,3.4786,-19.876,0.74584,-8.0825,1.3549,16.823,-0.23283,-25.51
30.5,-4.3417e-05,-0.043723,-0.040695,-0.98939,0.037349,-0.065174,0.015514,0.82028,-19.09,-0.95965,-6.2784,1.5312,18.149,2.2501,-24.524,0.012578,-0.063525,-0.05224,-1.0023,0.024043,-0.065868,0.0070476,-0.46649,-20.908,1.4587,-6.3146,-0.68817,15.267,-0.14305,-23.27
30.6,-0.00045145,-0.049587,-0.050768,-1.0003,0.039658,-0.062579,0.012579,1.1049,-21.052,0.94756,-7.4735,1.6685,15.99,0.78565,-24.431,0.0016212,-0.070431,-0.035728,-1.0192,0.033784,-0.061122,-0.00042892,1.9188,-20.272,-2.1746,-6.1425,2.0125,17.444,2.3445,-24.903
30.7,0.002726,-0.05754,-0.053086,-0.99992,0.029787,-0.054676,0.0055771,0.26735,-20.613,1.581,-8.0742,1.4378,16.667,1.8432,-24.718,-0.0033288,-0.055412,-0.03753,-0.97979,0.04042,-0.066574,0.0085019,0.053858,-19.969,-0.77248,-8.3255,-0.48743,16.97,3.1802,-23.497
30.8,-0.019281,-0.045947,-0.04165,-0.98759,0.034936,-0.07463,0.0128,1.4515,-18.451,0.079444,-8.9539,0.65453,19.745,0.081208,-24.61,-0.0077632,-0.051459,-0.05435,-1.0153,0.037653,-0.065739,-0.0028292,0.59169,-19.359,0.79968,-6.3717,0.18158,17.729,0.8831,-25.569
30.9,-0.011269,-0.057081,-0.053146,-1.0206,0.029309,-0.051557,-0.00029087,0.59987,-18.239,-1.0193,-7.8137,1.628,18.253,1.7313,-25.041,-0.0061919,-0.051114,-0.048231,-0.9938,0.029577,-0.065333,0.010764,-0.61519,-18.597,-1.4256,-7.0152,0.50778,17.094,1.4595,-22.947
31,-0.027665,-0.049574,-0.032256,-1.0012,0.031208,-0.063244,0.0072954,1.511,-16.718,-0.44662,-7.6103,0.51128,17.694,-0.88416,-24.743,-0.010657,-0.056761,-0.047233,-1.0087,0.035476,-0.05517,0.0056555,0.2979,-18.527,-0.37134,-7.2318,-0.25887,18.223,0.38068,-24.577
31.1,-0.0093373,-0.067596,-0.061791,-0.98602,0.033099,-0.057582,-0.0046613,0.1068,-19.541,-1.8067,-9.0631,-1.4625,21.124,2.4799,-23.689,-0.011178,-0.04817,-0.055392,-0.99507,0.028181,-0.067527,-0.0026559,2.7793,-18.204,-0.13518,-8.4713,-0.28043,18.677,0.32192,-21.636
31.2,-0.021622,-0.038375,-0.05197,-0.99795,0.032081,-0.053901,0.0086304,0.57977,-17.541,-1.5574,-9.5301,1.9379,18.859,2.5651,-21.52,-0.023943,-0.068405,-0.011618,-0.99845,0.036713,-0.06323,0.0071874,1.8753,-18.715,-2.8682,-6.649,1.6571,19.538,-1.4611,-25.104
31.3,-0.025241,-0.029617,-0.045468,-1.0059,0.026204,-0.047087,0.0074767,-0.35329,-15.911,-1.7071,-7.9339,-0.36638,18.285,0.41771,-22.681,-0.017894,-0.038537,-0.049536,-0.99653,0.028323,-0.055627,0.0073925,0.7236,-17.855,-2.5836,-8.4254,-0.31765,20.905,-1.3771,-22.225
31.4,-0.029636,-0.037837,-0.02519,-1.0022,0.027597,-0.058479,-0.0010325,-0.1198,-17.202,-0.98358,-8.0438,-0.18119,20.809,1.5282,-21.678,-0.017537,-0.033621,-0.041049,-0.99021,0.035967,-0.055715,0.0064659,0.95815,-16.786,-2.0528,-6.1447,0.87174,20.69,1.5747,-22.245
31.5,-0.02658,-0.038054,-0.03519,-1.0041,0.032573,-0.055956,-0.00076204,0.62766,-17.322,-2.3833,-10.523,-0.28031,19.209,1.1655,-22.232,-0.033034,-0.01353,-0.044955,-0.9948,0.038308,-0.044261,-0.0057307,0.96207,-18.244,-1.2984,-7.2627,0.55079,17.679,0.21299,-20.987
31.6,-0.019525,-0.035218,-0.047931,-0.97433,0.024026,-0.049134,0.0020601,0.16509,-18.597,-1.6097,-11.334,1.814,20.951,-1.5699,-22.188,-0.023913,-0.035084,-0.029777,-1.0066,0.031454,-0.05106,-0.0039226,0.25101,-18.053,-0.64265,-9.3269,0.82616,20.213,0.68615,-20.551
31.7,-0.011947,-0.041347,-0.041135,-1.0026,0.031203,-0.047661,0.0022352,0.42379,-14.548,-1.2282,-11.107,0.70897,19.95,-1.051,-20.917,-0.012653,-0.02064,-0.052023,-1.0093,0.036312,-0.06118,-0.0050812,1.2793,-17.572,-0.6603,-8.9389,-0.29302,21.903,1.3055,-20.629
31.8,-0.042976,-0.019781,-0.025215,-0.98587,0.033904,-0.040249,-0.0087812,1.7797,-15.308,-1.6031,-10.875,1.6452,19.312,1.9976,-19.655,-0.014789,-0.026621,-0.050828,-0.99487,0.020386,-0.051494,-0.0091329,-0.00061705,-18.017,-1.4244,-8.294,0.30882,20.69,0.094363,-21.177
31.9,-0.021365,-0.022021,-0.046358,-0.97752,0.029574,-0.045759,-0.0018793,0.25538,-15.778,-0.036611,-10.793,-2.468,22.247,2.6547,-20.639,-0.027311,-0.022001,-0.038859,-1.0022,0.036666,-0.055655,-0.010828,0.76583,-16.795,-1.3628,-10.029,1.6778,21.037,1.6328,-19.618
32,-0.034347,-0.026071,-0.027869,-0.98855,0.030268,-0.036296,-0.013603,0.36801,-16.645,0.25558,-12.59,1.3403,22.324,0.56465,-19.561,0.0022432,-0.015064,-0.036402,-0.98095,0.029427,-0.047828,-0.0063403,1.8946,-17.169,-1.4537,-9.4433,1.389,21.654,2.1303,-19.473
32.1,-0.023326,-0.024429,-0.038956,-1.0089,0.024477,-0.041802,-0.00052796,1.3924,-16.289,-0.35612,-13.908,-0.8849,21.354,-0.40528,-19.816,-0.03033,-0.038642,-0.026458,-1.008,0.017928,-0.047183,-0.012231,0.43676,-17.04,0.98373,-12.239,0.32993,20.543,1.0782,-19.161
32.2,-0.02561,-0.019041,-0.032351,-0.99101,0.018546,-0.044024,-0.0095571,0.088934,-13.404,-2.4783,-13.966,0.52299,21.436,1.6064,-20.061,-0.025799,-0.030913,-0.034471,-0.99793,0.0325,-0.042856,-0.0073888,1.5341,-14.939,-1.8779,-9.6627,-0.49654,21.072,1.0407,-21.018
32.3,-0.033212,-0.032071,-0.041806,-0.99827,0.01494,-0.047725,-0.015761,-0.62553,-12.266,-1.5058,-13.258,-0.10048,22.77,0.05252,-21.206,-0.041506,-0.007068,-0.042962,-1.0022,0.014843,-0.042181,-0.0033832,-0.4767,-13.68,-0.68709,-11.661,2.0797,21.378,1.2199,-18.824
32.4,-0.028171,0.0058234,-0.04197,-1.0003,0.026545,-0.039218,-0.01483,2.063,-14.742,-1.2793,-12.26,-0.63359,22.615,-0.42138,-19.505,-0.03758,-0.0087058,-0.034772,-0.99895,0.028881,-0.043873,-0.0047438,0.21604,-13.858,-1.0792,-10.399,0.54801,22.321,-0.25687,-19.116
32.5,-0.038114,0.0014673,-0.031846,-1.0049,0.013402,-0.042765,-0.010123,-0.10734,-13.916,-0.53898,-13.999,1.5389,21.927,0.28596,-20.484,-0.028665,-0.010573,-0.038348,-0.99722,0.017301,-0.043877,-0.012451,0.63264,-14.62,-0.53278,-12.64,1.7506,21.871,-0.31278,-19.777
32.6,-0.044641,-0.013509,-0.039939,-0.98994,0.014137,-0.043515,-0.0073887,1.5863,-12.155,-1.2803,-14.306,2.1972,23.783,-0.46339,-20.572,-0.024994,-0.020607,-0.039047,-0.99235,0.026467,-0.047955,-0.011153,2.0208,-16.561,-0.35517,-13.089,1.5292,21.959,-0.32531,-19.943
32.7,-0.052861,-0.017821,-0.048687,-0.991,0.015838,-0.040891,-0.014696,1.1567,-11.814,0.24986,-15.372,1.9691,24.41,-0.83377,-19.917,-0.037673,0.0041081,-0.022061,-0.99307,0.03419,-0.046821,-0.015446,-0.3237,-14.327,-0.97556,-13.221,1.2692,22.973,-0.37519,-19.269
32.8,-0.041363,-0.026726,-0.049822,-0.99117,0.023157,-0.035092,-0.021709,3.3004,-11.406,-3.9233,-14.197,1.1079,22.441,0.98087,-21.052,-0.055043,-0.011959,-0.028655,-0.99433,0.020697,-0.044793,-0.0094719,2.4595,-14.173,-1.9929,-14.545,2.5339,23.268,0.91437,-19.376
32.9,-0.041699,0.0011406,-0.033903,-0.99379,0.014625,-0.036892,-0.015539,-0.062664,-12.691,-1.7664,-15.544,-0.60219,24.879,-0.43302,-19.242,-0.04467,-0.0046872,-0.045796,-0.99862,0.022978,-0.032192,-0.0066099,1.7047,-14.103,-0.39945,-14.456,0.91393,21.245,0.83744,-20.316
33,-0.036482,0.0029042,-0.040493,-1.0119,0.014516,-0.031816,-0.012789,-1.2232,-12.748,-0.60026,-15.446,-0.73433,24.333,0.3272,-18.549,-0.051418,0.01407,-0.029653,-1.0086,0.012672,-0.043906,-0.018114,0.041893,-15.245,-1.3047,-13.198,-0.8126,22.214,0.27463,-19.111
33.1,-0.027937,0.0083465,-0.045441,-0.99446,0.017951,-0.037789,-0.010638,0.037563,-12.532,-1.068,-13.446,0.11782,23.926,0.65067,-18.931,-0.034984,-0.013894,-0.016627,-1.0003,0.026903,-0.031246,-0.011639,0.41499,-13.786,-0.76094,-14.058,1.433,21.068,-0.52743,-17.603
33.2,-0.037968,0.00022322,-0.033955,-0.98795,0.020924,-0.026062,-0.019154,0.90607,-12.156,-0.74068,-15.927,-0.055509,25.982,-1.0231,-19.2,-0.025484,0.0045487,-0.036412,-1.0178,0.021365,-0.03134,-0.01659,0.66248,-11.146,-1.3549,-14.817,1.692,22.662,-1.6167,-20.269
33.3,-0.045783,-0.0042132,-0.022987,-1.0039,0.0077909,-0.035814,-0.015536,2.8685,-10.194,-1.7927,-16.894,0.33946,25.616,-1.4268,-18.941,-0.052098,0.0063595,-0.041695,-0.99483,0.021409,-0.029374,-0.011019,1.3401,-12.446,-1.6724,-15.213,1.6757,23.876,-0.34821,-19.419
33.4,-0.051748,0.0031015,-0.033832,-0.98875,0.0097371,-0.034692,-0.016276,0.72865,-11.136,-2.0458,-15.43,2.1147,26.82,-1.1432,-19.327,-0.036887,0.0045282,-0.0059438,-1.0104,0.018245,-0.038904,-0.022249,-0.708,-12.143,-0.69929,-15.244,1.6033,23.234,-0.20747,-18.682
33.5,-0.045731,-0.0048075,-0.030953,-0.99449,0.013537,-0.034175,-0.02589,-0.6694,-11.896,1.262,-19.734,1.3749,25.671,-0.035428,-16.423,-0.057016,0.0084703,-0.038983,-0.99239,0.010781,-0.034605,-0.0075401,1.4354,-11.602,-1.3068,-18.08,1.1202,24.49,0.71423,-19.004
33.6,-0.060632,0.0069984,-0.02542,-0.99009,0.017421,-0.018916,-0.032462,0.55289,-9.5243,-1.4617,-19.059,-0.43437,25.09,-1.7525,-19.548,-0.026614,0.0074058,-0.035585,-0.98687,0.01765,-0.034742,-0.0038192,0.75785,-9.9331,-2.294,-16.784,0.53443,24.892,-0.48227,-18.359
33.7,-0.058674,0.00029079,-0.0358,-0.99775,0.008673,-0.024077,-0.016833,-1.2044,-11.164,0.30338,-20.03,1.089,27.442,0.91958,-18.544,-0.030721,0.007685,-0.01159,-0.99661,0.012088,-0.028039,-0.010953,0.73807,-11.099,-0.98717,-18.061,1.8391,23.012,0.3767,-16.905
33.8,-0.030412,0.023008,-0.026341,-0.99487,0.021996,-0.030008,-0.013163,2.9482,-9.9959,-0.69058,-18.649,2.0404,26.294,1.5651,-18.343,-0.047029,0.0058518,-0.017469,-0.99734,0.0079744,-0.030402,-0.022913,0.98388,-11.987,-0.47597,-18.854,0.090717,24.826,-0.022186,-18.608
33.9,-0.03395,-8.2459e-05,-0.040967,-1.015,0.0072256,-0.026162,-0.014418,1.6083,-6.5128,-2.4482,-18.629,-0.9805,26.476,-0.74824,-18.62,-0.058818,-0.0090429,-0.020196,-1.001,0.012517,-0.030633,-0.0076784,0.59893,-11.191,0.70848,-19.083,-1.2997,25.778,0.01517,-21.136
34,-0.035765,0.037496,-0.032449,-1.0057,0.0015326,-0.021807,-0.024157,-1.2424,-7.7229,-2.1237,-20.506,2.1385,26.873,0.70303,-17.546,-0.044302,0.019864,-0.044767,-0.99905,0.012777,-0.022518,-0.021022,0.29319,-9.8887,-2.7441,-18.166,0.34111,25.757,-1.8098,-19.008
34.1,-0.049874,0.00063977,-0.026011,-0.99693,0.0044916,-0.019075,-0.019514,1.2304,-6.8743,-1.4691,-19.093,-1.2564,26.339,-0.22408,-19.991,-0.04644,0.018872,-0.02474,-0.99501,0.0089088,-0.01941,-0.022698,-1.3552,-11.178,-1.7916,-18.667,0.22405,24.987,-0.19753,-21.054
34.2,-0.060909,0.016898,-0.030989,-1.0045,0.0037361,-0.025605,-0.016753,1.7757,-6.7364,-1.3346,-21.188,2.6378,24.322,-1.4073,-18.033,-0.061296,0.028234,-0.017936,-1.0137,0.0070147,-0.026283,-0.01739,0.73106,-9.548,-2.7858,-17.211,-0.53978,24.023,0.17887,-19.506
34.3,-0.040872,0.016274,-0.023075,-0.99324,-0.001728,-0.021406,-0.020987,0.10901,-7.482,-2.1493,-21.953,1.0155,27.31,1.732,-20.205,-0.054811,0.00046894,-0.031602,-0.99646,0.010956,-0.026856,-0.0083592,0.68,-8.1704,0.62223,-18.357,1.6762,25.002,-2.175,-19.476
34.4,-0.060687,0.030826,-0.02917,-0.99448,0.0067131,-0.021769,-0.022569,0.042651,-7.8926,-1.6472,-20.37,-0.02782,25.879,0.89831,-21.049,-0.058989,0.015508,-0.0065932,-1.0037,0.0019057,-0.034106,-0.012028,1.5359,-6.2105,0.14025,-19.938,-0.27053,26.164,-0.53379,-19.913
34.5,-0.051853,0.024499,-0.013215,-0.99075,0.0009381,-0.023671,-0.017365,-0.29305,-6.4498,-0.89486,-22.319,-0.1295,27.151,0.80205,-18.638,-0.052859,0.018034,-0.0094406,-1.0142,0.006999,-0.015806,-0.018924,-0.30682,-7.504,-0.72662,-18.879,-0.030682,24.761,0.70103,-19.87
34.6,-0.065969,0.030552,-0.036311,-0.97887,0.0028324,-0.019848,-0.020719,0.98742,-8.1002,-0.68179,-22.037,-1.1397,27.835,0.87077,-19.453,-0.049149,0.025681,-0.022782,-1.0112,-0.0042176,-0.02733,-0.0031784,-0.025632,-7.7378,-1.3071,-20.596,-0.6154,27.057,-0.94783,-19.975
34.7,-0.06359,0.019366,-0.030118,-1.0101,-0.0041822,-0.013398,-0.032444,1.4407,-5.8289,0.69757,-20.831,0.16087,25.304,-1.8357,-21.707,-0.033628,0.02857,-0.01474,-1.0025,0.00652,-0.026614,-0.011155,1.7387,-6.6139,-2.081,-20.906,0.92069,24.337,-0.81771,-19.196
34.8,-0.030919,0.016311,-0.033064,-0.98714,0.0031733,-0.0063952,-0.016266,0.82734,-6.891,-0.94164,-23.017,-0.49442,26.39,-0.42397,-21.321,-0.044385,0.029664,-0.017463,-1.003,0.00077955,-0.025386,-0.027568,1.205,-8.5365,-0.97099,-20.74,2.5051,27.42,-1.3172,-21.661
34.9,-0.02469,0.021532,-0.0077575,-0.9931,-0.0065418,-0.023858,-0.018167,0.5627,-6.1896,-0.39879,-21.126,-1.4836,25.957,0.99022,-21.741,-0.050171,0.013853,-0.0066233,-0.99928,0.0023011,-0.013173,-0.022003,0.83728,-8.2757,-3.3173,-21.699,-0.37405,26.46,0.74104,-18.579
35,-0.048962,0.024967,-0.017571,-0.99974,-0.01026,-0.013744,-0.011644,-0.1176,-5.5525,-0.22595,-22.7,0.9368,24.294,-0.26389,-21.245,-0.049996,0.040605,-0.035134,-1.0107,-0.0046075,-0.015035,-0.015261,1.1872,-7.3373,-1.4583,-20.514,0.17688,24.162,-0.097666,-20.253
35.1,-0.0474,0.039912,-0.014599,-1.0133,-0.016627,-0.0081649,-0.013263,1.3404,-6.2516,0.29958,-24.374,-0.12821,25.01,-0.84308,-22.176,-0.070193,0.020891,-0.014071,-1.0096,0.0018544,-0.019326,-0.012598,-0.40874,-6.9275,-1.4862,-20.565,0.19101,26.052,0.13996,-19.622
35.2,-0.061373,0.035672,-0.019246,-0.9925,-0.014411,-0.015021,-0.0087255,0.18507,-5.2653,0.23603,-23.923,-0.39173,25.379,0.80893,-21.934,-0.063707,0.022662,0.0009757,-0.99199,-0.0026374,-0.015126,-0.018888,-0.70438,-5.3248,-1.959,-24.261,-1.0588,25.626,-0.18774,-21.613
35.3,-0.037364,0.015817,-0.028717,-0.99849,-0.005995,-0.01587,-0.013963,1.0989,-4.3107,-1.7202,-22.866,1.5285,25.662,-0.015183,-22.011,-0.055275,0.017544,-0.003478,-0.99087,-0.0023539,-0.018357,-0.006286,-1.0667,-5.099,-1.4759,-22.397,-1.2947,25.747,-0.13614,-21.673
35.4,-0.038963,0.026055,-0.013329,-0.98852,-0.013775,-0.01786,-0.01721,1.3992,-2.8137,-1.5353,-24.39,-0.96204,25.949,0.29727,-21.053,-0.044314,0.03169,-0.021555,-1.0186,-0.0021137,-0.016069,-0.013739,1.4775,-5.8441,-1.5269,-23.211,-0.5816,24.118,-1.9384,-21.138
35.5,-0.050949,0.03769,-0.011888,-1.0103,-0.024538,-0.0072991,-0.014155,0.9155,-2.8049,-1.7217,-24.88,0.74977,25.817,-0.19073,-21.94,-0.043418,0.026,-0.00044177,-1.0057,-0.0031678,-0.013916,-0.022052,0.19126,-5.0649,-1.6691,-26.468,-0.97663,25.627,-0.59985,-19.701
35.6,-0.0544,0.025577,0.0026422,-1.0038,-0.0047578,-0.017273,-0.020129,1.8554,-4.0083,-2.1201,-25.057,-0.99381,25.084,1.116,-23.99,-0.052994,0.020207,0.00031276,-0.99499,-0.011548,-0.0073129,-0.012796,0.33512,-5.2817,0.58941,-24.365,0.15243,23.139,2.297,-23.285
35.7,-0.058541,0.02589,-0.013689,-0.9971,-0.018638,-0.011993,-0.018538,0.26978,-1.7972,-1.524,-25.647,0.48709,24.514,-0.3222,-23.031,-0.031398,0.045412,-0.013353,-0.99587,-0.0029454,-0.0052466,-0.012258,0.56038,-4.0711,-1.249,-24.001,-0.0087171,24.208,-0.90618,-20.537
35.8,-0.043596,0.01775,-0.014065,-1.0036,-0.018477,-0.013643,-0.01009,-0.97343,-1.5165,-0.25709,-26.661,-0.24769,23.927,-0.62686,-20.254,-0.039682,0.029672,-0.021751,-1.0077,-0.0091636,-0.0053212,-0.016698,-0.9627,-3.0356,-1.1373,-24.984,0.41619,23.76,-0.061187,-21.572
35.9,-0.042508,0.036348,-0.00094085,-0.99184,-0.01816,-0.01294,-0.0099863,-0.57171,-2.5064,-0.79221,-26.99,0.18441,22.692,-0.30117,-19.935,-0.051249,0.041123,-0.014536,-1.0155,-0.011638,-0.0050885,-0.014038,1.2059,-5.0785,-1.9045,-25.009,0.78352,24.054,0.31037,-21.972
36,-0.043168,0.031868,0.0060421,-0.98999,-0.011443,-0.0026364,-0.012529,-1.8717,-2.3757,-1.5696,-27.953,0.15369,24.525,1.6351,-20.188,-0.032981,0.057884,0.0070458,-0.98952,-0.003921,-0.013172,-0.0069544,0.85838,-3.4619,-2.3191,-24.144,-1.8536,22.326,0.65621,-20.542
36.1,-0.04084,0.044936,-0.0050174,-0.99053,-0.017605,-0.0046586,-0.0061296,0.64805,-1.2149,-1.635,-27.487,-0.69103,23.497,-0.51501,-24.064,-0.052036,0.022942,-0.035918,-0.9863,-0.019124,-0.0080153,-0.0089884,-0.63423,-2.5577,-1.3386,-25.298,0.50015,24.16,-0.80766,-21.375
36.2,-0.046094,0.043704,0.0051221,-0.99609,-0.011324,-0.00092829,-0.017503,0.34367,-1.5935,-1.4696,-27.44,-1.3469,21.849,0.24059,-20.758,-0.049857,0.036533,0.00013706,-0.99737,-0.017616,-0.01098,-0.0056186,-0.088944,-2.825,0.76216,-26.557,0.60928,25.247,0.36852,-20.639
36.3,-0.035226,0.025075,-0.011221,-0.99726,-0.023169,-0.0049065,-0.010137,1.097,-0.47885,0.86011,-30.136,-1.1342,23.076,-0.8869,-22.029,-0.045221,0.051387,-0.012272,-0.98721,-0.01624,-0.0039795,-0.0070885,1.6803,-1.3869,-2.9233,-27.803,-2.5694,22.901,-0.24285,-21.028
36.4,-0.030427,0.028735,-0.018429,-1.0064,-0.014614,-0.00014149,-0.0057823,0.73978,1.0618,-1.8771,-28.662,0.060341,23.876,0.92162,-22.466,-0.041992,0.050811,-0.0011307,-0.98589,-0.011903,-0.012114,-0.0096995,1.5415,-1.7291,-0.45244,-27.817,0.61088,22.617,1.7352,-20.209
36.5,-0.056378,0.032496,-0.0028495,-0.97427,-0.029526,-0.0024117,-0.018475,2.1019,-1.3576,0.91127,-29.739,-0.46809,23.216,1.7777,-18.703,-0.044197,0.026753,-0.012641,-1.0139,-0.017665,-0.012701,-0.0055516,0.31404,-2.005,0.076806,-28.106,-0.026158,23.26,-1.0665,-19.85
36.6,-0.052839,0.023378,-0.016987,-0.98392,-0.015873,0.00086292,-0.00069719,1.4112,-0.38694,-0.86329,-28.941,0.97943,22.646,1.5267,-21.539,-0.03959,0.030547,0.0042999,-0.99021,-0.017975,0.0029969,-0.011083,0.80531,-1.4727,-3.8928,-27.889,-0.5798,22.863,0.8903,-19.165
36.7,-0.029342,0.019652,-0.0038286,-0.99338,-0.026792,0.003021,-0.0060978,0.96691,-0.17946,-1.5057,-29.834,-0.42155,23.629,-0.53444,-20.907,-0.032237,0.025635,-0.0057,-0.9951,-0.018535,-0.013904,-0.0051219,-0.13996,-3.5195,-0.69458,-28.463,0.26716,25.192,0.11242,-21.242
36.8,-0.030201,0.03782,-0.0055349,-0.99844,-0.025911,0.006574,-0.0044893,0.2752,-2.8239,-0.16049,-30.827,-0.72259,22.131,2.8728,-18.62,-0.036707,0.030318,-0.014031,-1.0004,-0.012666,-0.0099041,0.00016679,1.4846,-0.45463,-1.9266,-29.603,1.0189,23.408,-0.79088,-17.831
36.9,-0.033642,0.019353,0.0077892,-1.0138,-0.029251,0.016789,-0.0076785,2.3598,0.47446,-1.7628,-30.897,0.53605,23.292,0.20564,-19.882,-0.052976,0.026332,0.0099638,-0.9844,-0.012066,0.005853,-0.0068214,-1.1205,-0.86587,-1.9342,-28.889,-0.89636,21.226,0.97544,-21.289
37,-0.035154,0.018921,-0.0087446,-0.99202,-0.034249,0.011238,-0.011036,0.62995,0.53801,-0.90133,-31.807,0.028507,23.788,2.164,-21.16,-0.029862,0.019813,-0.0082284,-0.99546,-0.022149,0.0016659,-0.0081666,1.5836,-1.4275,-3.313,-29.429,-1.3539,20.851,-0.27469,-18.62
37.1,-0.03975,0.033335,-0.0098017,-1.0108,-0.033217,0.012056,-0.0034221,0.26111,1.9005,-0.072581,-31.365,0.22151,20.234,0.99067,-18.3,-0.038392,0.029616,-0.013989,-0.98126,-0.02954,-0.0014583,-0.0014896,0.63504,-1.2608,-2.051,-29.511,-0.73058,22.753,0.29597,-20.716
37.2,-0.027949,0.0271,-0.0031643,-1.004,-0.016715,0.015556,0.0014101,1.0316,0.52333,-0.19678,-31.9,-2.9175,21.272,0.13655,-19.122,-0.047903,0.039061,-0.012879,-0.99573,-0.017672,0.0060816,0.0055102,0.65289,-1.6811,-3.1743,-30.137,-0.046078,21.749,1.6428,-21.604
37.3,-0.023429,0.036287,-0.0044879,-1.0217,-0.027821,0.0011772,-0.0067984,0.33561,1.8983,0.41397,-31.41,-1.6886,20.248,1.3682,-18.348,-0.057899,0.021303,0.0056134,-0.99235,-0.024933,-0.0026733,-0.0082541,1.5367,1.2826,-1.1619,-33.752,-0.96537,20.73,1.1176,-19.758
37.4,-0.011049,0.013465,-0.010567,-0.99388,-0.024143,0.014019,-0.0039027,-0.44664,1.5041,-0.90924,-31.882,0.11116,21.502,-1.3456,-19.75,-0.026926,0.040295,-0.015088,-1.0083,-0.027045,-0.0093507,0.0030179,-0.11297,0.057956,-3.4123,-32.558,1.9389,22.372,-0.66215,-19.066
37.5,-0.030117,0.01996,-0.0091237,-1.0063,-0.02624,0.014285,-0.0018888,2.9249,2.5446,-1.3999,-33.075,-2.8765,19.576,0.1041,-17.378,-0.027936,0.057804,-0.016107,-0.99878,-0.028021,-0.0090171,-0.0094577,-0.84699,-0.035972,0.84058,-29.225,-1.9162,21.149,0.064075,-19.354
37.6,-0.032886,0.011575,-0.0024761,-1.0039,-0.019909,0.017114,-0.0042857,-1.8444,0.60449,-0.56005,-34.652,-2.1684,18.728,1.2854,-18.498,-0.028791,0.041259,0.010166,-1.0057,-0.029368,0.0054523,-0.00056065,1.6215,1.1141,-1.1812,-29.965,0.37965,20.903,1.0195,-19.6
37.7,-0.028796,0.020603,-0.0013387,-0.99617,-0.031617,0.023916,-0.0017251,-1.7695,2.7367,0.76245,-35.646,-0.65136,18.631,1.911,-16.478,-0.02698,0.039585,-0.012049,-0.99854,-0.020708,0.010192,-0.014154,2.1726,1.5146,-1.6559,-32.013,-1.0647,20.317,0.21739,-19.657
37.8,-0.012366,0.027383,-0.0070437,-1.01,-0.026157,0.013228,-0.0048185,-1.7457,-0.49174,0.67995,-35.463,-1.3278,18.443,0.8542,-16.82,-0.0094666,0.019447,-0.0003875,-1.0044,-0.024311,0.011742,-0.017131,1.4644,1.9993,0.60154,-32.366,0.060634,21.642,0.1365,-19.986
37.9,-0.030356,0.012533,0.011158,-1.0146,-0.021732,0.02268,0.0040964,0.14266,2.4347,-0.83122,-35.247,-1.5101,20.665,2.333,-17.86,-0.042561,0.046673,0.0088906,-1.0175,-0.032048,0.003132,-0.0013169,2.3208,1.6046,-2.0331,-33.215,-1.0088,18.948,1.1247,-18.615
38,-0.034179,0.012312,-0.0086207,-0.9974,-0.019873,0.024674,0.000553,0.3405,-0.25944,-1.2968,-36.607,-0.9846,17.028,1.3707,-16.989,-0.050887,0.033042,-0.020576,-0.9969,-0.037485,0.015285,-0.0035922,0.66083,2.26,0.23094,-34.931,-0.37139,19.44,-0.13368,-19.864
38.1,-0.017168,0.029381,-0.012636,-1.0072,-0.01351,0.020139,-0.00063669,0.59868,-0.64397,0.48842,-35.174,0.018815,18.68,-1.7481,-17.655,-0.036571,0.043727,0.007189,-0.99458,-0.024911,0.013742,-0.005397,1.3242,3.1031,0.25773,-34.662,0.02796,20.117,0.82087,-17.251
38.2,-0.01972,0.029921,-0.01098,-0.98546,-0.0098067,0.027184,0.004085,-0.068858,-0.12978,0.98077,-36.25,1.6869,18.709,-2.3055,-16.153,-0.020842,0.014608,0.007277,-0.99564,-0.037063,0.0098131,0.004026,0.90475,4.7459,-2.3728,-32.796,-0.78679,18.216,-0.28001,-17.055
38.3,-0.014884,0.0052464,0.0016804,-1.0131,-0.021734,0.02224,-0.00043711,-0.99905,0.14815,-1.2357,-36.139,1.2183,18.706,-0.48408,-18.326,-0.025192,0.030186,0.00056985,-1.0017,-0.027866,0.023316,0.00066355,0.46814,1.9648,-0.94495,-34.052,-0.60415,19.037,0.60193,-17.541
38.4,-0.012118,0.0043022,-0.013048,-1.0079,-0.015112,0.020594,-0.0012838,-1.7647,-0.29671,-0.52919,-34.393,0.98616,17.916,0.13771,-18.43,-0.027075,0.026949,-0.0027498,-0.98494,-0.024155,0.015215,-0.00056407,-0.57262,1.3801,-2.9876,-34.047,0.086223,18.591,-0.56354,-17.747
38.5,-0.00090891,0.012306,-0.0042241,-0.99659,-0.013776,0.022968,-0.00082945,-1.3161,-0.92354,0.15298,-34.066,0.21711,17.698,-0.47814,-17.933,-0.018277,0.036895,-0.0093624,-1.0133,-0.016521,0.015798,-0.0015734,1.1401,2.6377,-2.3306,-34.406,0.4043,16.803,-0.9901,-15.666
38.6,-0.0019004,0.022429,0.00041531,-1.005,-0.021341,0.01901,-0.00083602,-0.79361,0.35644,2.4238,-36.342,-1.2448,17.515,0.40601,-18.982,-0.0043412,0.023503,-0.011405,-1.0163,-0.020045,0.02479,-0.0062734,-0.24497,1.4351,2.0144,-35.696,-2.053,17.415,-0.12765,-16.413
38.7,-0.012695,0.0096544,-0.0016057,-1.0154,-0.013885,0.014856,-0.0044057,-1.6012,-1.5105,0.19695,-35.313,0.24442,17.112,0.042649,-18.237,-0.013158,0.014332,-0.0097473,-1.0151,-0.026644,0.028772,-0.0045201,0.62751,2.4236,-1.1946,-36.715,-2.554,17.596,1.7871,-15.846
38.8,-0.025346,0.007199,-0.0084752,-1.0153,-0.013283,0.014003,0.0005622,-2.4284,-1.3374,1.266,-34.309,0.78546,18.64,-1.8905,-17.112,-0.010201,0.013913,-0.017922,-0.99774,-0.018452,0.028586,0.0014668,-0.10435,1.2542,-0.77688,-37.254,-0.37068,17.408,-1.5915,-14.632
38.9,-0.0018875,0.00092904,0.0018403,-0.99244,-0.015147,0.013723,0.0017313,-0.069035,-0.28583,-0.87454,-34.461,2.6885,17.939,1.3136,-18.403,-0.0055612,0.0098918,-0.0081671,-0.99897,-0.024502,0.022828,0.0037462,-0.39945,2.0092,0.4593,-35.585,0.58897,17.903,0.004881,-15.856
39,-0.011006,0.022908,-0.010701,-1.0021,-0.012133,0.016842,-0.0051861,-1.3104,-0.84241,-0.52582,-33.569,-1.8355,19.312,-0.41415,-18.208,-0.018453,0.0054274,-0.00063738,-1.0005,-0.022178,0.026249,0.0040165,0.71133,0.94251,-0.0028554,-36.664,-1.0464,15.139,-0.36241,-16.172
39.1,-0.0067124,0.01236,-0.012358,-1.0024,-0.00176,0.0039236,0.0010631,-0.085873,-1.8738,1.2398,-33.67,-0.39956,18.838,-2.7068,-16.773,-0.014905,0.012024,0.0023953,-1.0116,-0.022025,0.014827,0.010073,-0.94804,1.6119,-0.25362,-33.933,1.6894,17.714,-1.4374,-16.29
39.2,-0.026006,-0.0099375,0.0025598,-1.0125,-0.011444,0.011611,0.005638,-0.47902,-4.0434,-0.053363,-33.424,0.062444,20.003,-0.66339,-19.719,-0.017119,0.023335,0.0013427,-1.0019,-0.017151,0.024044,-0.00029304,-1.4739,-0.69261,0.31411,-34.794,-0.47196,16.207,-0.066927,-14.93
39.3,0.014019,0.0018241,-0.0054893,-0.99085,-0.013713,-0.00067282,-0.003906,-0.045654,-4.2925,0.05346,-31.93,1.8132,17.028,-0.52234,-17.935,-0.011938,0.025597,-0.010787,-1.0112,-0.011048,0.013633,-0.0042754,-3.5138,1.5408,1.9436,-35.493,1.2166,16.478,-0.29905,-17.226
39.4,0.0042156,0.025332,-0.016391,-0.99479,-0.014543,0.014169,0.0016752,0.23198,-2.8282,-0.24195,-32.409,-0.62383,18.829,-1.7734,-17.933,-0.0091784,0.019933,-0.002571,-1.0046,-0.003367,0.020265,0.0033138,-0.45509,1.241,0.81944,-35.205,0.40276,15.889,-2.2468,-17.27
39.5,-0.01047,0.0087706,-0.0089877,-0.98917,-0.0096285,0.0037863,-0.0028937,0.38948,-2.8463,0.78641,-29.944,1.311,19.906,-2.5771,-18.672,-0.015684,0.031551,0.0032911,-1.0009,-0.01247,0.019829,-0.0085684,-1.0593,-1.6801,-0.39607,-33.952,0.8151,17.828,-0.28883,-17.827
39.6,-0.029991,0.013828,0.0024913,-1.001,-0.0040076,0.0047743,0.0013001,-1.6766,-2.8735,0.73041,-33.271,-0.7894,17.437,0.71538,-18.265,-0.011444,0.0056756,-0.0053033,-0.99529,-0.012576,0.022287,-0.0027807,-1.4157,-2.7226,-0.28459,-33.133,-1.6081,16.172,-0.82497,-17.792
39.7,-0.011422,0.014142,0.018091,-0.99354,-0.0080855,0.0037806,-0.00020824,-0.22979,-2.6589,0.33454,-30.608,1.8599,17.876,0.47937,-15.592,-0.00011938,0.013162,-0.0053925,-1.0057,-0.0080246,0.010856,-0.0053661,-2.5243,-1.2421,1.344,-36.034,0.044784,18.982,-0.40687,-16.87
39.8,-0.0048543,-0.00829,-0.021332,-1.0202,-0.0079822,0.014385,-0.0031114,-0.93761,-3.7381,-2.4735,-30.67,2.529,19.25,1.6153,-17.396,-0.025937,0.00092585,-0.001546,-0.98919,-0.01784,0.015606,0.00064181,-1.2493,-2.0901,0.82093,-34.352,0.36709,18.479,-2.1218,-17.981
39.9,-0.00035771,-0.0065377,0.017067,-1.0021,-0.01359,0.008814,0.0054269,1.2628,-4.9732,0.11021,-29.586,-0.75854,17.093,-1.1086,-17.663,-0.014809,0.00050091,-0.006069,-0.98541,-0.017927,0.012518,-0.0027514,0.19346,-2.6039,0.82792,-33.62,1.2802,17.417,-1.3551,-17.652
40,-0.0076361,0.011837,0.0099106,-0.98806,-0.0068449,0.0091192,-0.006594,-0.40501,-2.9273,1.0021,-30.637,-0.96766,19.254,-0.26282,-17.874,-0.022709,0.0039674,-0.00060425,-0.99466,-0.01638,0.013119,0.00073766,0.16869,-1.9412,0.43732,-32.549,0.087846,19.046,-0.6888,-17.968
40.1,-0.018022,0.00057663,0.0036729,-0.99868,-0.0081391,0.011014,0.0037775,-0.14507,-1.8923,-1.4767,-31.56,0.39896,16.609,0.1644,-16.711,-0.017931,0.012683,0.005962,-0.99665,-0.0089258,0.0013251,-0.004079,-1.3516,-3.8705,1.2887,-32.466,0.4462,17.693,1.0743,-17.885
40.2,-0.007015,0.0022445,-0.002144,-1.0148,-0.0020776,0.0039912,0.0051969,-0.13777,-3.7223,1.3402,-30.877,0.99758,17.33,1.6113,-18.099,-0.016991,0.010195,-0.0057984,-1.0035,-0.0060539,0.016153,0.0011708,-0.19547,-1.8951,-0.88919,-32.485,0.73127,17.259,-0.56146,-16.68
40.3,-0.02684,0.00341,-0.011962,-0.99483,-0.010806,0.012759,-0.0013956,-0.78353,-3.4727,-2.0993,-31.294,1.0954,18.269,-0.62528,-16.539,-0.014435,0.018093,-0.01326,-0.99495,-0.00066687,0.017516,-0.0044721,0.82409,-2.9976,1.4023,-31.128,0.91335,17.33,-0.7789,-18.029
40.4,-0.0019234,0.015367,0.00069745,-1.0185,-0.0075554,0.015113,-0.0010007,-0.5042,-3.2035,0.11434,-31.302,0.73642,17.618,-0.34353,-17.186,-0.0037966,0.0095136,0.0047468,-0.98789,-0.0071373,0.0042899,-0.0082361,-0.6621,-3.4561,2.0288,-31.088,0.12464,18.841,-1.8257,-18.32
40.5,-0.015492,-0.00723,0.012152,-1.0132,-0.013515,0.0088581,-0.0018473,0.8984,-5.7951,1.1818,-30.91,-2.4486,17.546,-0.1058,-18.937,0.0067293,0.027602,0.016303,-0.98974,-0.015267,0.0083854,-1.2665e-05,-1.532,-3.8086,-0.94635,-32.378,-0.55486,19.031,-0.3694,-17.467
40.6,-0.0014943,0.012236,-0.017593,-1.0021,-0.013963,-0.0012034,-0.0019668,-0.28261,-2.8775,0.27704,-32.739,2.4892,17.953,1.0396,-18.079,-0.010262,0.019038,-0.0010795,-1.0144,-0.01047,0.005804,-0.0047783,-1.3033,-4.3911,-1.3651,-32.043,0.87733,19.811,0.99747,-17.537
40.7,0.01399,-0.014414,-0.015096,-1.0005,-0.0063941,0.013169,-0.0006192,-2.0237,-4.5988,0.00046024,-31.16,0.18044,19.023,0.97078,-17.284,-0.0029345,0.0091556,0.010705,-1.0011,-0.0096672,0.0056431,0.0027406,-0.060998,-4.6109,0.074935,-31.371,1.0468,17.419,-0.47147,-17.164
40.8,-0.013114,0.0031714,0.006981,-1.0004,0.0017051,0.0064438,0.0025183,-1.8296,-5.7893,1.3352,-30.847,1.6994,16.916,1.7072,-18.847,-0.00034161,0.010561,-0.0040916,-0.99782,-0.0023693,0.0082023,0.00060595,0.31957,-2.9193,0.43277,-30.744,-0.2816,18.249,-0.44176,-16.179
40.9,-0.012075,-0.0092106,0.0047915,-0.98183,6.9802e-05,0.0063128,0.0037814,1.3102,-4.5773,0.043655,-30.919,1.7274,18.07,-1.897,-18.796,-0.0018755,0.0010725,0.0066953,-0.98714,-0.0099652,0.0023915,-0.0024994,-0.67529,-3.9073,0.67469,-31.513,0.79251,17.481,-0.32433,-17.664
41,-0.013614,-0.012016,0.0079334,-1.0142,-0.0010902,0.0007811,-0.0054991,3.1679,-1.9924,1.8888,-32.035,1.0103,18.885,-2.2291,-17.889,0.0090598,0.0035042,0.0062144,-0.99634,-0.0034234,0.0036444,0.0029219,0.038789,-4.0216,-1.6187,-32.662,-0.69007,17.438,0.14158,-18.027
41.1,0.015442,0.016398,-0.0031398,-1.0144,0.0032279,0.0012713,-0.0041074,-1.6547,-3.4303,2.5543,-32.391,0.91041,18.736,-0.81616,-18.916,2.763e-05,0.0044121,0.0043797,-1.0102,-0.010112,0.0040392,-0.0022779,-2.5218,-2.9792,0.57761,-33.422,0.81467,19.932,0.78045,-17.033
41.2,0.011751,0.010376,-0.00056093,-1.0094,0.0043473,-0.0016312,-0.0003907,-0.66792,-6,0.24246,-31.631,0.4399,19.383,0.58595,-19.433,-0.025762,0.0056208,-0.004691,-1.0013,-0.0022009,0.0034509,-0.0053908,1.6645,-4.9407,-0.52207,-31.528,0.34227,17.353,-0.54834,-16.968
41.3,-0.0019036,-0.015209,-0.011075,-0.99958,-0.0017905,0.00061536,0.00049358,0.56645,-4.9956,0.52902,-29.933,2.6224,18.638,0.88298,-17.657,0.012693,0.013069,-0.010789,-0.99073,-0.0117,-0.00083761,-0.0055873,1.5535,-4.2406,-0.8925,-30.012,-1.1496,17.533,-1.1596,-17.722
41.4,-0.0083053,0.0035597,-0.012003,-1.0151,-0.0021645,0.0054435,-0.0027738,1.0412,-4.8916,0.038108,-30.879,-0.68128,18.837,0.84045,-16.131,0.0040988,0.015453,-0.0092965,-0.99594,-0.0069757,-0.00057264,0.0040169,-0.068766,-3.4649,-0.22472,-30.798,-0.51577,18.822,-0.60014,-16.994
41.5,0.0057693,0.0020612,-0.0019827,-1.0046,0.0047064,0.003004,0.0018049,0.17768,-4.8822,0.36949,-30.489,-0.24674,17.309,0.14302,-19.253,-0.021917,0.0048835,0.0053217,-1.021,-0.012006,0.010794,0.002387,-1.3382,-3.0546,-0.86193,-32.583,0.44334,17.579,0.424,-16.807
41.6,0.0026043,0.00013016,-0.013828,-0.98909,-0.012567,0.0049185,0.0051713,-1.2637,-4.8926,0.31245,-29.935,-0.025054,18.305,0.98089,-18.979,0.0033619,-0.0084055,0.0034848,-1.0076,-0.0042607,0.0055982,-0.0058587,-0.19143,-5.1005,0.98997,-32.256,0.5216,16.27,0.95613,-18.039
41.7,-0.0076628,-0.0020445,0.004443,-0.99463,-0.0088841,0.0017082,0.00066872,1.1198,-3.2584,0.53188,-31.798,0.46949,17.826,1.9088,-16.634,-0.019569,0.0042012,0.0011492,-0.99644,-0.0013911,0.0045072,0.0074589,-1.0422,-5.2961,-0.14823,-32.575,0.84508,17.297,-0.66611,-17.618
41.8,-0.0025098,0.0075908,0.00073594,-1.0051,-0.0091444,-0.0015275,0.0015353,-1.0758,-5.6373,-0.67519,-31.201,1.3534,18.594,0.54441,-18.029,-0.01499,0.001712,0.001082,-0.98878,-0.0036127,-0.004712,-0.0016051,-0.45181,-3.5069,1.7064,-32.262,-1.191,18.874,-0.84319,-18.563
41.9,0.0058785,0.0062694,-0.015241,-1.0089,-0.00732,0.00086809,0.0032541,-0.5751,-7.2196,-0.99984,-32.455,0.067537,19.217,-0.58499,-15.323,0.0014896,0.019878,-0.0079349,-1.0159,-0.0035147,-0.00058988,-0.005113,0.55712,-6.1653,-1.8023,-29.421,0.62563,15.493,1.1679,-18.391
42,0.0098222,0.0089009,-0.012825,-1.0135,0.0037314,0.0020828,-0.0047656,1.9688,-7.1845,-0.49343,-30.853,-2.3143,17.109,-1.9742,-17.691,-0.0051879,-0.0068825,0.00016516,-0.99506,-0.0068711,0.0063439,-0.0018452,-0.82431,-4.3487,1.4259,-31.014,1.703,16.678,2.3872,-17.082
42.1,-0.0064216,0.024453,0.0051379,-0.99814,-0.00073707,-0.0021523,0.0079319,2.068,-5.0131,-0.52959,-29.541,0.52063,17.873,0.75382,-18.483,0.0065706,0.012374,-0.0019077,-1.0074,-0.0063453,-0.0039697,-0.0015282,-1.076,-5.4859,0.69748,-29.181,1.0543,17.234,0.47019,-16.971
42.2,-0.0040249,0.011522,-0.0029845,-0.999,0.0044608,0.0017804,0.00051076,-0.98536,-4.3184,-0.62913,-31.079,0.66298,17.21,-1.3055,-17.82,-0.0081425,0.018661,-0.0046488,-1.0106,-0.0096815,-0.00068244,0.0020227,0.73379,-4.9517,-0.90015,-31.008,-0.58996,16.295,-0.26676,-17.413
42.3,-0.01033,-0.0069061,-0.0048299,-0.9876,-0.00082655,0.0019669,-0.0027973,0.17004,-4.8714,-2.1078,-29.515,-0.14836,17.714,0.62171,-18.544,-0.017256,-0.01228,-0.011564,-1.0129,0.00058713,0.0015104,-0.0026319,1.4478,-5.49,0.43541,-29.604,0.39079,17.827,-1.7011,-16.314
42.4,0.0046839,0.00091059,-0.00044473,-0.99756,-0.0024392,0.0026866,-0.0068352,0.97318,-4.682,-0.65182,-29.794,0.32664,18.941,2.3362,-17.374,-0.0029687,0.001809,0.008917,-0.99899,-0.0075872,0.011753,-0.00044295,1.68,-4.1423,1.8094,-30.755,-0.13434,16.712,1.2884,-16.7
42.5,-0.008972,-0.0083327,0.0069232,-1.0136,-0.0085888,0.0020332,0.0015769,0.2958,-4.2612,-0.64966,-29.152,-3.5526,16.481,-0.16576,-16.807,0.012502,-0.0054237,0.0065696,-0.99599,-0.011285,-0.002563,-0.0072392,-0.21112,-3.5973,-0.92947,-31.424,-0.79377,16.783,1.7988,-16.498
42.6,-0.013201,0.0054105,-0.0058093,-0.9991,-0.0019763,0.00054713,0.0017945,0.66931,-3.2313,-0.98627,-30.614,0.67616,17.743,1.0281,-18.637,-0.0065994,0.0026467,0.0073195,-0.97701,-6.6183e-05,0.0060644,0.002088,-0.47484,-4.2601,-1.4414,-31.601,0.27419,16.293,0.15498,-18.907
42.7,0.015549,0.01161,-0.014446,-1.0031,0.001186,-0.0070189,-0.0042044,-0.70453,-6.0594,-1.3657,-30.768,2.0059,15.979,-1.2072,-17.075,-0.002006,0.019359,-0.0092759,-1.0144,-0.0066865,0.010053,-0.0066486,-0.9158,-4.5126,-0.35059,-30.399,1.0857,18.165,-0.52338,-17.568
42.8,0.0099947,0.0049782,0.0068478,-0.98811,-6.6242e-05,0.002835,0.0051874,-1.1742,-5.985,-1.2346,-30.19,0.30758,15.476,0.26176,-16.506,-0.006184,0.0053209,0.013714,-0.99037,-0.003875,-0.0020588,-0.00077685,0.55623,-5.1347,-0.34874,-29.466,0.39754,18.73,0.089265,-16.737
42.9,-7.0115e-05,-0.0049255,0.00026016,-1.0045,0.004319,-0.0010818,0.0099055,1.3025,-6.2659,1.7101,-30.529,2.1811,18.693,0.22513,-17.019,-0.00643,0.0021535,0.014139,-0.99957,0.0026352,0.0031237,0.00084588,0.14331,-5.2195,0.7938,-30.777,-1.5821,16.735,0.54458,-18.364
43,0.00046992,0.0052709,-0.0068784,-0.99073,0.0041682,0.0018607,-0.0061912,0.33198,-5.3189,-1.129,-32.736,-0.1362,18.663,-0.044947,-16.714,0.0037238,0.0028271,0.029806,-1.0108,-0.001396,0.00078118,-0.0023415,1.0051,-3.328,1.1371,-32.625,-0.31958,17.636,0.62968,-17.512
43.1,0.025115,0.011562,0.0051489,-0.99613,-0.010748,-0.0075283,0.0012044,-0.63364,-3.1547,0.69872,-31.201,0.73286,16.548,0.39579,-16.422,0.0044062,0.010792,0.011391,-0.98921,-0.00020958,0.0048725,0.0070655,-1.2634,-4.1926,1.405,-31.583,1.4751,15.487,1.2911,-20.302
43.2,0.013957,0.0050216,-0.030797,-0.99434,-0.00036722,0.0026374,-0.0040502,0.57621,-5.5451,0.68699,-29.38,0.21877,18.387,-1.5715,-15.425,-0.023375,0.0025421,0.0048028,-0.99993,-0.00070741,-0.00042334,-0.0015686,-3.4086,-3.92,0.23731,-32.521,0.42203,17.843,0.47264,-16.072
43.3,0.0041282,-0.005954,-0.01184,-1.001,-0.0069397,0.0011153,-0.0029131,-0.52358,-3.6044,0.22341,-31.565,1.0636,17.615,0.60251,-18.301,0.011217,-0.0058866,0.00086549,-1.0295,0.0036365,-0.0018414,0.011067,-1.1229,-5.442,-2.3901,-30.622,0.40238,19.6,1.5134,-17.988
43.4,-0.0047681,0.010779,-0.010601,-0.9966,0.0070002,-0.0047505,-0.0020031,-0.27833,-3.4931,-0.57885,-30.33,0.41808,18.551,-1.8806,-18.33,-0.012666,-0.009557,-0.0017659,-1.0022,0.015269,0.010655,0.0092942,-0.43195,-4.8712,0.90288,-30.295,-0.24815,19.455,1.4749,-19.442
43.5,-0.00016997,0.0020148,0.0081199,-1.0157,-0.0028311,0.0026515,0.0013937,1.1137,-3.8233,-1.0579,-30.84,0.21673,18.314,0.67916,-17.279,-0.0038518,0.0044308,0.0004944,-1.0012,-0.0088744,0.00084308,0.002008,-1.0309,-7.5201,1.716,-30.271,0.92985,18.552,-0.51445,-18.293
43.6,0.0030196,0.00076242,-0.010669,-0.99737,0.0051218,-0.0028141,-0.0069523,0.8706,-4.9085,1.4525,-30.533,1.8978,17.982,-1.2306,-17.301,-0.00090409,0.011805,-0.021304,-1.0003,-0.0050792,-0.0023092,0.0046024,1.7461,-5.4227,1.2565,-31.433,-0.57204,17.401,-1.7867,-17.468
43.7,0.005916,-0.004473,-0.0090832,-0.99953,0.0005919,-0.0062048,0.0051143,-1.1597,-3.8416,0.23326,-29.397,-0.11899,18.167,0.15995,-18.741,-0.012024,-0.010316,0.0086747,-1.0054,-0.0010079,0.0025185,0.0056417,-0.83611,-2.3992,-0.036167,-30.122,0.41848,16.433,-0.54928,-14.063
43.8,0.0094192,-0.011802,0.0045714,-1.0051,0.0023126,-0.0060147,-0.0025234,0.50734,-4.6132,-0.89587,-29.405,-0.25712,17.573,1.4009,-19.387,-0.0091027,0.0040961,-0.0092127,-1.0052,-0.002938,0.00026099,-0.013959,0.4866,-5.6937,-1.2397,-33.456,0.49317,17.722,0.8004,-17.463
43.9,0.0071988,0.0046303,-0.009756,-0.99316,0.0030607,0.0037257,-0.0022499,1.5952,-4.4127,-1.7678,-30.966,1.6377,19.104,0.37834,-18.565,0.0089604,0.012716,-0.012326,-0.98955,-0.0061995,0.0068524,0.0040309,-0.097681,-5.6668,-0.19862,-33.85,0.31726,17.276,-0.3423,-17.408
44,-0.004443,-0.0085206,-0.0026877,-0.99129,0.00020536,0.0066522,-0.00082032,1.0225,-4.6296,-1.022,-30.773,0.22697,18.561,-0.56896,-18.006,0.0088036,-0.015939,-0.011142,-1.0197,0.015294,-0.0038783,-0.002506,0.42569,-7.0849,-0.59703,-33.367,0.18924,18.299,0.205,-17.447
44.1,-0.006984,0.013191,-0.0042986,-0.99953,0.0068697,-0.0042855,0.0070158,1.6629,-4.7203,0.37852,-31.603,1.5074,17.332,-0.62214,-17.753,-0.01363,0.0011298,0.0047272,-1.0104,0.0044463,-0.0077267,-0.0014007,2.8301,-5.6391,0.42935,-31.894,-1.5488,17.096,-0.51181,-17.648
44.2,-0.011027,-1.0691e-05,0.015808,-1.0079,-0.0018112,-0.00092725,0.00047985,1.5429,-3.4944,1.8459,-30.578,0.32522,17.145,0.54592,-17.692,0.014285,0.0034064,-0.0095392,-1.0125,0.0015384,-0.0033035,0.0059462,-0.36513,-5.6851,1.1591,-30.606,-0.077474,17.426,-2.1702,-17.586
44.3,0.0036554,-0.0025878,-0.0039609,-0.99458,-0.0046171,-0.0046678,0.00044275,-1.0438,-5.0893,-0.33336,-31.4,2.1096,17.004,-0.7354,-16.705,0.0010282,-0.0036613,-0.014258,-0.99538,-0.0091558,0.0034835,0.0076494,0.49423,-4.7605,-0.98081,-31.197,2.0638,18.537,-0.83214,-18.417
44.4,0.00064098,-0.0019625,-0.0015192,-1.0001,0.00068255,0.00027627,0.0016643,-1.7637,-4.3183,-0.63966,-29.598,0.65315,19.222,1.4499,-16.019,0.0063068,-0.0028805,-0.0084923,-1.0004,0.00063587,0.002312,-0.0028391,-0.39388,-4.5656,-1.1374,-30.549,1.2573,17.464,-1.9855,-19.608
44.5,0.016865,0.0013878,0.0077569,-1.0089,0.0045091,0.0057434,-0.0044188,1.9206,-4.2612,-1.4132,-30.034,-1.1078,17.523,0.53801,-15.736,-0.0050918,0.005234,-0.0040808,-0.99228,0.014237,-0.00061644,-0.0049924,-0.73823,-3.8223,0.33497,-32.209,-0.4557,20.66,-0.3071,-19.245
44.6,-0.0070611,0.013697,-0.013686,-1.0174,-0.0010411,0.0069867,0.00058345,0.19868,-3.6925,-1.6336,-30.714,0.3574,16.822,-0.38387,-17.17,-0.010589,-0.0042494,-0.0057057,-0.99773,0.0089847,-0.0044196,-0.0037373,0.63097,-5.8191,-0.77332,-30.33,0.99016,16.626,0.81466,-16.753
44.7,0.010188,0.0040145,-0.0084088,-1.0033,-0.0048222,0.0041377,-0.002653,-0.32317,-5.6511,-1.4173,-32.742,-0.17124,17.76,-1.0632,-17.44,-7.8381e-05,0.013419,-0.0019172,-0.98949,-0.0012657,-0.0082321,-0.011115,0.9976,-4.4605,-0.62953,-29.945,-0.088005,18.182,-1.631,-18.497
44.8,-0.00091632,-0.0046978,0.0069214,-0.9974,-0.0038889,-0.00068242,0.005365,1.7224,-4.5344,-0.62766,-31.614,-0.94443,16.631,0.84194,-15.359,0.015388,-0.0074076,-0.015397,-1.0038,-0.00080502,0.0043497,8.3032e-05,0.81053,-3.8937,0.90161,-29.648,0.0596,16.577,-0.22082,-17.238
44.9,-0.0019824,-0.011075,-0.0012712,-1.0035,-0.0012265,-0.002892,-0.0035312,-1.3951,-3.269,0.021362,-31.327,-0.26867,19.153,1.4016,-15.248,-0.0218,0.010167,-0.0029653,-1.0071,-0.0021084,0.00046968,-0.0020808,1.2287,-3.4206,-0.41728,-30.673,0.96277,16.31,-1.3346,-19.353
45,0.00078778,0.022765,-0.0047589,-0.98672,-0.0052891,0.0039604,-0.0048823,0.75095,-5.0281,1.5451,-32.43,-0.6157,17.012,-0.13592,-16.872,0.0089346,-0.0010423,-0.003985,-1.0114,-0.001023,0.0034944,0.004914,1.4284,-5.113,-1.6768,-31.435,0.753,19.564,1.3018,-17.709
45.1,-0.015526,0.0035985,-0.027562,-0.98755,-0.0052063,-0.0070997,0.0067003,0.43172,-5.4981,1.0408,-31.253,-0.82023,18.654,-2.0296,-19.887,-0.021284,0.0097915,0.0045035,-0.99321,0.0046626,-0.0040147,0.0002391,-0.88156,-5.1551,1.5494,-31.93,-2.6945,18.733,-0.89482,-18.692
45.2,-0.0057985,-0.017005,0.0020765,-0.98622,-0.0074202,-0.0032336,0.0012191,0.6679,-5.7776,1.6858,-30.871,0.76733,17.697,1.7733,-18.308,0.0030373,0.013141,0.0066246,-0.99747,-0.0016011,-0.0076576,0.0066425,2.4267,-4.6412,1.3861,-31.13,-2.0837,18.543,-1.7206,-18.885
45.3,-0.021123,0.0017617,-0.032899,-1.0099,-0.00078171,0.0019948,-0.0026969,0.4459,-5.48,-1.8541,-29.178,-0.39183,17.436,2.4941,-16.921,0.00061548,-0.0058441,0.016614,-0.99919,-0.012951,0.0010437,0.0059625,-2.4349,-4.6077,-1.0185,-30.665,0.068003,19.022,2.6644,-16.99
45.4,-0.0030417,-0.0063618,-0.01852,-0.99898,-0.00025825,-0.0014358,0.0030993,-0.1377,-3.7445,-0.98491,-29.531,-1.2312,18.532,1.0968,-16.463,0.010288,-0.0039041,-0.0014002,-0.9834,0.0073835,-0.01002,-0.0030829,-0.63768,-6.0515,-1.2688,-30.319,-0.52924,18.356,0.41073,-18.794
45.5,-0.004464,6.8643e-05,-0.006289,-0.99959,-0.0041117,0.0048586,0.0025173,1.5165,-6.8674,-0.97314,-30.877,0.16497,15.834,-0.16298,-14.403,0.014308,0.0073018,-0.0055649,-0.99589,0.0011988,0.011433,-0.0052216,-2.0261,-5.9749,1.3828,-31.32,-0.25754,17.39,0.12586,-15.765
45.6,0.0085164,0.023717,-0.016847,-1.0027,0.010263,5.061e-05,-2.6136e-05,0.35475,-4.4906,1.5335,-32.045,0.78708,17.952,0.81993,-16.203,-0.0078695,-0.010641,-0.0050943,-0.99398,-0.0049873,0.0045588,0.0021801,-0.011854,-7.2023,1.2581,-30.844,-0.5147,19.48,0.14473,-17.115
45.7,0.010585,-0.0088382,-0.0081911,-0.99489,-0.0013951,0.001147,0.0029988,-0.61883,-2.7989,1.3031,-31.602,1.0031,17.062,0.96524,-17.695,0.0040249,-0.00033473,0.01498,-0.98582,-0.015099,-0.0019626,0.0048247,1.8648,-4.8707,0.40717,-31.243,-2.3744,18.534,0.18908,-18.703
45.8,-0.007621,-0.0018111,0.002404,-0.98839,0.010083,0.0083701,0.0041818,-1.289,-5.1202,0.35858,-29.31,0.77506,18.812,1.5402,-15.246,-0.0012328,0.00080705,0.0063785,-1.0094,-0.0025684,-0.00065199,-0.0011255,1.4349,-5.4945,-0.36998,-31.421,-2.1099,17.493,-1.204,-16.074
45.9,0.0021988,-0.0028071,-0.0035228,-0.98865,-0.0029163,0.00072832,0.0063299,1.2414,-3.8778,2.565,-30.337,0.66731,17.88,-0.88247,-17.655,-0.0032365,-0.00698,-0.014153,-0.99078,-0.0098565,-0.0036833,0.00072502,-0.34399,-4.6826,-1.4594,-30.181,0.90909,20.355,1.1442,-16.574
46,-0.0074756,-0.017136,0.011452,-1.005,-0.0063226,0.001381,-0.0082331,2.8591,-5.0771,0.094077,-29.562,-0.4676,16.789,0.4269,-16.686,-0.0074598,0.004386,0.0062238,-0.99349,-0.0059539,-0.00069159,-0.00024348,-0.86728,-3.6865,-1.4505,-31.34,-0.44771,18.69,0.98675,-16.264
46.1,0.003513,-0.0050036,-0.0022224,-0.99835,0.0057056,0.0059713,0.0044958,0.32132,-3.1239,0.091778,-31.109,0.32126,17.949,-0.81134,-16.493,0.008261,-0.0056102,-0.0035486,-1.002,0.0045764,-0.0072469,0.0029792,1.406,-4.3181,-1.1877,-33.246,0.14484,19.51,-0.1904,-18.216
46.2,0.0048352,-0.017038,-0.0048216,-0.98872,-0.0010555,-0.0065308,-0.0015082,-2.114,-4.4671,-1.9984,-30.505,0.64773,18.725,0.55341,-18.302,-0.0072957,-0.015177,-0.0085634,-1.0078,0.0088465,-0.0027868,0.0033452,1.1041,-3.4021,1.0134,-32.227,-2.4817,18.491,1.1064,-17.692
46.3,0.0066132,-0.0048464,0.006455,-1.0024,0.0008067,-0.0059911,-0.0024152,-0.26144,-3.902,-0.43584,-32.493,0.36969,17.589,-0.038492,-16.17,0.019902,0.00010004,0.0033109,-1.0045,-0.0055541,-0.0064063,0.0029709,-0.49823,-5.9389,1.3948,-32.798,0.12385,19.481,-0.72222,-19.462
46.4,0.0037819,-6.9629e-05,0.0086435,-0.99056,0.0067167,-0.0011579,-0.0022594,0.6244,-3.4418,0.62637,-29.899,-0.87099,17.219,1.1456,-15.852,-0.0010255,-0.0034206,-0.0063338,-1.0056,-0.001022,0.0034578,-0.0021584,-2.1792,-4.628,-0.99198,-31.159,1.017,19.72,-0.54009,-17.944
46.5,0.0095546,0.0033802,-0.0041052,-1.0063,-0.0015239,0.00026349,-0.0047123,-2.1353,-4.3919,-0.26279,-29.33,0.014496,17.374,-0.38849,-17.228,0.0029307,0.011914,-0.0057157,-0.98189,0.011095,0.0023488,-0.0037892,-2.4774,-4.6275,-2.6775,-32.652,-0.68572,18.456,-0.15154,-16.471
46.6,-0.0062319,-0.00078383,0.0045951,-1.0034,-0.0024756,-0.0022597,0.0051059,-0.12631,-5.4103,-0.75305,-31.886,0.98359,16.063,-1.2208,-17.078,-0.0032158,-0.0011735,-0.0006662,-0.99864,0.0072039,-0.0007965,-0.0073302,-0.59672,-6.3228,1.2956,-32.156,-0.62385,19.487,-1.2715,-18.988
46.7,-0.015298,0.023487,-0.0047283,-0.99141,0.00037346,-0.0075741,0.0071253,0.81705,-3.4845,-0.62147,-29.157,1.4092,17.914,-0.82153,-14.856,-0.016955,0.0085691,-0.0020899,-0.99748,0.0067443,0.0065853,-0.0026384,1.2309,-4.2144,1.3452,-31.577,-0.42595,16.281,-1.3871,-17.47
46.8,0.0015239,0.0044057,-0.0050843,-1.0038,-0.0050032,0.0021123,0.0008128,-0.57483,-4.8566,-0.24183,-30.658,1.3273,15.926,1.0491,-15.62,0.0023271,-0.0023011,0.009346,-0.99642,0.002245,0.0025685,-0.0008206,0.13005,-5.9554,-1.336,-30.563,1.0168,16.295,-0.80373,-16.69
46.9,-0.027194,0.0035556,-0.015733,-0.98954,0.0037219,0.0062521,0.0049158,0.33177,-5.7724,-0.47936,-31.577,-0.73008,19.341,0.43704,-17.235,-0.0083052,-0.0069393,-0.00050813,-0.97643,0.010625,-0.0011007,-0.0043886,0.31687,-5.1531,-1.0318,-31,-1.1944,17.503,-0.83809,-17.394
47,0.0035917,-0.013751,-0.0074295,-1.0037,-0.00053125,-0.0009638,-0.0039455,0.25845,-5.8872,-0.44638,-31.584,-0.62607,16.717,1.1957,-15.99,0.0038858,-0.0071915,-0.010716,-1.0004,-0.0052201,0.0035105,-0.00074911,-0.54232,-5.537,-1.9471,-31.444,1.4987,16.156,-0.17959,-18.462
47.1,5.5132e-05,-0.011401,0.0040399,-0.99286,-0.00028023,0.0049809,0.00297,0.5912,-3.057,0.19649,-30.135,-1.9637,17.479,-0.71425,-15.689,-0.011062,-0.0049134,-0.012405,-0.99622,-0.0022636,-0.0044914,-0.0047313,-0.24551,-3.844,-1.0658,-32.152,0.83392,19.123,1.6,-18.259
47.2,0.0084787,0.004394,-0.0038615,-1.0044,0.0014251,-0.0014749,0.00176,0.4931,-4.1615,-2.0574,-31.222,2.5054,16.915,-0.077356,-17.551,0.014167,-0.0022833,-0.012381,-1.0075,0.0044554,0.0024996,-0.0063849,-0.42728,-4.3238,0.11933,-31.799,-1.3331,18.509,-0.2073,-16.785
47.3,0.0070983,-0.002256,0.0070528,-0.99038,0.0021033,-0.0057559,-0.00094894,0.40569,-4.0652,-1.0083,-33.566,0.072706,17.019,0.91743,-15.784,0.0071944,-0.014881,0.011321,-0.99622,-0.01241,-0.00019868,0.0023781,0.49873,-5.0926,2.2194,-28.824,-2.3359,17.386,-2.6103,-16.522
47.4,0.0086397,-0.00043583,0.0065004,-0.9982,-0.002005,-0.0047277,-0.0031747,-1.8105,-5.1405,-1.3313,-31.49,-2.0154,16.225,-0.57774,-15.143,-0.0092195,0.006562,1.6204e-05,-1.0076,-0.0059746,0.0029096,0.0098428,-1.7286,-2.9132,-0.17079,-32.279,-0.3763,17.642,-0.55575,-18.814
47.5,-0.0040845,0.014397,0.003518,-1.0178,0.0052615,-0.0083506,-0.0011771,-1.4322,-4.0941,-0.17234,-31.525,0.1614,16.952,-0.56788,-16.27,-0.021137,0.0057122,0.0031724,-0.98813,-0.012794,0.0020222,-0.0053209,0.56911,-5.0089,-0.98147,-31.827,1.6456,17.659,1.0037,-16.532
47.6,0.0070486,0.029611,-0.024208,-0.99698,-0.0059436,-0.0058201,-0.00022995,0.43181,-3.3111,1.359,-32.872,-0.44198,18.265,-0.53002,-17.117,0.00013821,0.009701,0.0048131,-1.0068,-0.004946,0.00058574,-0.0023848,-0.99878,-5.6938,-0.83765,-31.174,-0.39627,17.549,1.7421,-18.668
47.7,-0.0083768,0.0067287,-0.0005389,-1.0105,0.0011256,-0.0066809,0.014084,-0.85974,-4.8536,-0.39618,-33.458,1.2385,16.548,-2.0711,-15.389,0.0098199,-0.0019477,-0.0011563,-1.0191,0.00016449,0.0010412,-0.0060243,1.4143,-3.6566,-0.094321,-32.446,-0.10943,17.653,-2.1672,-16.892
47.8,-0.003615,-0.010418,-0.0049665,-0.99245,0.0021085,-0.00014096,-0.0036312,-0.58192,-5.3622,-2.1419,-30.458,0.48331,17.935,-0.28182,-15.747,-0.00035866,0.01382,-0.0021459,-1.0012,-0.0049499,-0.0020041,0.016085,0.48396,-4.5797,3.7098,-31.097,-2.68,17.963,-1.0122,-15.946
47.9,-0.015628,0.016709,0.01064,-1.0104,0.0039432,-0.0021265,-0.0077275,0.46794,-4.2096,0.73438,-33.404,-0.13194,19.229,0.15595,-16.678,-0.0078074,-0.027786,-0.0018491,-1.004,-0.0018716,0.0083973,-0.0016068,-1.9383,-3.2207,1.2929,-30.966,3.2763,17.506,2.0144,-17.843
48,0.0039765,-0.011186,-0.00047816,-0.98964,0.0035828,-0.00049976,0.0085388,0.72431,-5.4885,-0.45665,-30.966,-3.0517,17.502,-1.478,-17.334,-0.012849,-0.0046173,-0.00048134,-1.0042,-0.00031741,0.010196,0.0014957,0.28161,-2.9819,-2.7061,-31.583,0.2379,18.113,-2.5792,-16.789
48.1,-0.0017155,0.0016313,0.0024624,-0.99858,0.0030788,-0.0017772,0.010233,0.34385,-5.3612,-0.73789,-31.719,1.8681,19.74,1.3423,-17.289,0.001912,-0.0077799,0.0061252,-0.99076,0.00091461,-0.0010393,0.01052,1.6848,-4.2381,-1.2311,-32.722,1.0973,17.185,-0.32285,-15.49
48.2,-0.0059372,0.012086,0.0039161,-0.99745,0.0014133,0.0080787,0.0051025,-0.7845,-5.2391,-2.1386,-32.138,-1.5653,19.701,-0.61469,-17.12,0.011376,-0.013374,-0.012471,-1.0184,-0.00066911,-0.0018185,-0.002223,0.3459,-4.2425,-0.8732,-33.071,-0.01682,17.435,-2.0962,-15
48.3,-0.006036,0.0095454,0.0045347,-0.9991,0.0038343,0.0049286,0.0067306,-0.018329,-3.0501,0.50204,-30.597,-1.267,18.877,-0.050681,-17.93,-0.014997,-0.0051177,0.0022263,-0.998,-0.0018703,-0.00060427,0.0078422,1.0398,-3.6974,0.42325,-32.661,-2.4891,18.142,1.5252,-16.488
48.4,0.0022968,-0.0079995,-0.014282,-0.98206,-0.0025208,0.0031332,0.0058844,0.37194,-3.7072,-0.71857,-32.382,-1.5149,17.255,-0.79764,-16.399,-0.009815,-0.012653,0.0012638,-0.98767,-0.0039571,0.0057395,-0.0011029,-0.58892,-1.6816,0.0040963,-30.569,-0.27385,17.069,0.17993,-17.472
48.5,0.0035685,0.0065096,-0.021606,-0.9987,0.0019684,-0.0074734,-0.0054064,-0.8934,-2.2137,-0.69567,-30.715,-0.79387,18.006,1.1141,-15.783,-0.0069762,0.0094282,0.0077131,-0.99393,-0.0070435,-0.0016136,0.0007558,-1.1435,-3.9339,-2.0155,-32.515,-0.92708,19.143,1.7687,-14.973
48.6,0.015054,-0.0021669,-0.0083362,-0.98701,-0.0012213,0.0053202,-0.010042,0.78831,-2.6993,-0.09224,-32.995,1.1283,17.336,1.1736,-16.357,0.0054372,-0.014765,0.010013,-1.0045,-0.011912,0.011281,0.0097879,-1.302,-4.724,-0.17414,-31.455,1.2067,17.778,0.87361,-17.557
48.7,0.0076189,0.0017448,-0.00043418,-0.99964,-0.0065651,0.0066668,-0.00030908,-0.78459,-3.9369,0.056613,-32.549,1.24,17.269,1.7716,-17.214,-0.0099233,-0.01998,-0.011455,-1.0089,0.00016442,-0.0058601,0.0050636,-0.2418,-3.7777,-0.031691,-32.057,-0.22803,17.249,-0.54931,-15.504
48.8,0.0062379,-0.0057295,-0.001596,-0.98202,-0.0060977,-0.012047,-0.0077018,-0.31742,-3.4786,-0.85374,-32.3,-0.5588,19.525,-0.77824,-14.466,-0.0041519,0.018782,-0.0032692,-0.99117,-0.0021638,0.0021125,0.0008967,0.36189,-1.8984,0.73897,-30.348,-0.81312,17.856,0.70204,-17.237
48.9,-0.0098332,-0.0044282,-0.024291,-1.0172,-0.0077027,-0.0054758,-0.00074473,0.054561,-5.1499,2.427,-32.678,-2.739,17.486,0.43113,-17.74,-0.0011139,-0.007752,-0.004007,-0.99459,-0.0052293,0.007349,8.665e-05,-0.09267,-4.5706,-0.53442,-28.897,-0.9534,16.354,-0.60464,-17.748
49,0.011242,0.0085845,0.0022347,-0.99507,-0.0012625,-0.0022778,-0.002867,-2.1582,-2.1732,-0.90171,-32.862,-0.48773,18.848,0.62125,-15.679,0.006912,0.0043522,0.00095249,-0.99515,0.0038706,-0.0022956,0.0043447,-1.298,-4.0375,-1.1084,-29.406,0.10587,16.479,0.34417,-17.113
49.1,0.014381,-0.0034594,0.0047499,-0.98994,-0.00311,0.0038654,-0.0079025,-1.4652,-3.5961,-0.041862,-31.676,1.8653,19.312,0.29364,-15.265,-0.00048323,0.0018509,0.0082589,-1.005,-0.00074848,0.0018376,0.0039118,-0.45505,-4.8622,-1.1393,-33.003,-0.78055,17.857,-0.21643,-14.902
49.2,-0.019489,-0.0038994,-0.002546,-1.0008,0.0034952,0.0068699,0.0031131,0.39962,-4.6117,-1.7895,-31.584,0.19842,18.14,0.94208,-17.466,0.0029935,-0.0038118,-0.0040679,-0.99659,0.0012229,0.0052745,-0.009701,0.81912,-5.4067,-1.471,-33.6,-1.77,15.71,-1.767,-16.827
49.3,-0.0017818,0.0013397,-0.00073608,-0.99509,-0.00085635,0.011222,0.0018657,1.244,-4.1183,-0.25024,-32.213,-0.078494,18.394,0.25718,-16.156,-0.0090794,-0.016828,0.0035681,-0.97841,-0.00094168,-0.0013659,0.0078327,2.386,-3.2551,1.4444,-32.975,0.038013,18.769,-1.5126,-16.166
49.4,0.0026763,0.012279,0.026146,-1.0019,0.0050182,-0.0067938,0.0033931,-1.676,-2.4052,-1.1717,-31.386,0.38315,17.718,-2.5156,-17.701,-0.0081231,0.012594,-0.0042353,-0.99244,0.00028735,-0.0022958,-0.0030388,0.37002,-3.0971,2.3696,-33.282,0.41417,17.309,1.6887,-15.421
49.5,0.0016782,0.017954,-0.0010524,-1.003,-0.0051179,0.011051,-0.0025642,-0.838,-3.2825,0.18818,-30.689,1.1548,17.203,-0.81041,-17.203,-0.0051261,0.00385,-0.0077097,-0.99738,0.0026691,-0.0065627,0.010755,0.50198,-4.2066,1.7546,-30.73,0.57523,19.125,1.3807,-13.902
49.6,0.010334,-0.01524,-0.00055489,-1.0015,0.0060141,0.010828,0.0044959,-1.1533,-5.7154,-1.6344,-33.102,0.99999,17.983,2.4093,-16.4,0.0094578,-0.0023581,-0.0013862,-1.0099,0.0016235,0.0031714,0.0069494,-0.2537,-4.6174,-1.6589,-30.83,-0.37718,16.744,1.8727,-15.454
49.7,0.0081245,0.0068424,-0.0098905,-1.0146,-0.0017972,-0.0030751,0.0064201,-1.115,-5.7114,-2.6939,-31.874,1.2273,16.005,1.6445,-16.571,0.022864,0.0029192,-0.011298,-1.0178,0.002203,0.0046767,-0.0055392,0.066925,-5.5537,0.88537,-32.766,1.0718,16.876,-0.92186,-14.486
49.8,0.0034966,0.02187,-9.8156e-05,-0.99508,-0.0066224,0.010076,0.0057044,-0.96997,-5.6023,0.49602,-32.116,-0.28438,16.458,-0.61451,-16.617,-0.0010668,-0.0093875,-0.011465,-0.98957,0.0024756,0.0058099,0.0016565,1.4275,-4.3684,-0.25437,-32.469,-1.3806,18.102,-0.34566,-16.214
49.9,-0.0017959,-0.012907,-0.0051677,-0.99165,-0.0012738,-0.0054062,0.0075674,-1.1475,-3.3253,0.30872,-31.088,-1.9703,17.465,0.068314,-14.67,0.002074,0.0039817,-0.016881,-1.0012,0.0011086,-0.0092962,0.0047831,2.5009,-4.5133,0.26606,-31.943,0.0974,15.79,1.3985,-15.91
50,-0.0079062,-0.0061188,-0.012549,-1.0132,0.001935,-0.00037977,0.0052311,-0.81605,-3.9219,-0.77083,-30.424,0.75392,17.631,0.75096,-15.349,0.0088784,-0.0010611,-0.0039721,-1.0068,-0.00622,-0.00054064,0.007097,-0.74312,-4.3844,-1.6278,-31.225,1.0048,17.822,-0.51436,-15.5
50.1,6.0493e-05,-0.0058204,0.0018052,-0.99344,-0.00091276,0.0038571,-0.0039565,-1.5958,-2.5307,-0.84204,-33.511,0.66012,17.498,-0.18003,-17.791,0.013396,0.011948,-0.0025788,-1.0227,4.2118e-05,0.0011679,-0.0011705,-0.43195,-4.0027,0.81718,-32.534,0.24178,19.296,-0.23633,-16.617
50.2,0.0014913,-0.0015753,-0.011656,-1.0073,0.0018402,0.00034201,0.0050886,0.46797,-4.9459,-1.1787,-32.722,2.0231,17.449,0.40704,-16.879,-0.0073949,-0.0085577,-0.011354,-0.99523,0.0013054,-0.0029302,-0.0029428,-1.5035,-4.5001,2.1969,-31.222,0.05113,18.007,1.247,-12.978
50.3,0.011469,-0.010151,0.01817,-1.0185,-0.011319,-0.000688,-0.0043407,2.6702,-2.82,1.2891,-31.769,-0.086986,17.789,-0.4244,-16.34,-0.023988,-0.0074864,-0.0048198,-0.98952,0.0019781,0.0042461,-0.0045107,0.98944,-4.03,0.26356,-30.126,-0.77437,18.691,-1.6618,-17.456
50.4,0.0051282,0.0079468,0.018598,-0.98907,0.0046726,0.0026866,-0.003583,0.8233,-2.8745,1.5535,-33.423,-0.20208,18.422,0.68979,-16.998,-0.0095704,-0.0034933,-0.0086993,-0.99923,0.007227,0.0017791,0.0028221,-0.42338,-4.8034,0.82485,-29.197,-0.0049006,17.418,0.025873,-15.989
50.5,-0.012171,-0.0088037,-0.0050864,-0.98537,0.002793,0.00090194,0.013672,-0.557,-3.8333,-0.57148,-32.397,1.5316,18.135,-1.047,-14.907,-0.014236,0.010571,-0.0039717,-0.98319,0.0019125,-0.0033052,-0.0060788,0.53204,-2.7299,-0.74246,-32.967,0.29739,18.295,-0.17575,-15.643
50.6,0.0065217,0.0067872,-0.0086634,-0.98048,0.010804,0.0029802,-0.0012678,-0.043191,-4.7205,-0.38919,-31.655,1.2814,18.179,0.78655,-16.342,-0.0011835,0.015081,-0.0033957,-1.0002,0.0028409,0.011457,-0.0027785,-1.3968,-4.2289,-2.2095,-30.444,0.070407,17.712,-1.0928,-15.131
50.7,0.0050341,-0.020681,-0.0088596,-1.0143,-0.00019296,0.0053978,0.0011368,-0.51262,-3.9455,-0.54413,-33.016,-0.38271,18.504,0.44951,-17.354,0.0053555,-0.011035,-0.013226,-1.004,-0.0013662,-0.0019848,-0.0028096,-0.25975,-6.3593,0.91657,-33.4,-0.15901,17.612,0.27736,-15.845
50.8,0.0072941,0.0020292,0.006294,-0.99522,0.00024974,0.0086067,0.0054583,0.61055,-5.4185,-1.1866,-33.066,-0.16678,17.841,-0.069047,-16.217,-0.02422,-0.0056207,-0.011938,-0.9917,0.0046508,0.0041336,-0.0098082,1.6731,-2.3058,1.4079,-31.948,-0.15004,17.392,-1.2381,-16.429
50.9,0.010907,-0.009266,-0.0037278,-0.9955,-0.00092373,-0.00035074,0.0090241,-0.43881,-4.0108,0.55397,-32.642,-2.1787,19.311,-0.9848,-16.565,0.01691,-0.001428,0.0016876,-1.0053,0.0072993,0.002227,0.0043143,-2.2905,-2.5049,2.6144,-31.866,-0.63561,16.619,0.1059,-15.751
51,-0.019103,0.0085218,-0.006575,-1.0032,0.00031895,-0.0065239,0.0002073,-0.85052,-3.1816,0.8273,-32.478,1.1122,17.457,-2.8679,-17.695,0.010275,0.012991,-0.0062597,-0.99693,-0.003364,0.0036955,0.0016076,0.17416,-2.5717,1.4027,-32.476,0.62907,18.492,0.74873,-16.771
51.1,-0.0099589,0.011681,0.014038,-1.0093,-0.0045905,-0.0064769,-0.0036183,-0.37084,-2.8403,-0.92327,-30.759,-0.08028,18.129,-0.54403,-16.071,0.0024912,0.0054786,-0.0078373,-1.006,0.012241,0.00093643,-0.0054274,-0.94901,-3.6876,-0.2105,-33.306,-1.1403,16.152,0.40631,-13.162
51.2,-0.0076021,0.0083626,-0.00062905,-0.99641,-0.00065943,0.0064952,-0.0066799,-0.7685,-4.4355,-0.12961,-32.999,-0.01909,16.775,0.36711,-14.843,0.012602,0.012334,-0.0075827,-1.017,0.0055851,0.01076,0.0054861,0.24256,-4.939,-1.8715,-32.077,1.3489,17.205,1.1061,-16.319
51.3,0.023752,-0.00072567,-0.00076864,-1.0145,-0.0034298,0.0030829,-0.011692,-0.73923,-4.1895,-2.7088,-31.791,1.3041,18.294,0.039898,-15.905,0.0012291,-0.0011593,-0.0058268,-1.0039,0.0024973,0.0022178,-0.004365,-0.015575,-4.3094,-0.18329,-32.84,0.20605,18.021,-1.866,-15.063
51.4,-0.010604,-0.0058268,-0.0032569,-0.98867,0.0059222,0.0038044,-0.0082313,-0.62969,-3.5335,-0.16685,-32.47,-1.7123,18.171,-1.6596,-15.981,-0.0036949,0.0028867,0.020415,-0.99241,0.0028834,-0.0043345,0.0058087,0.35744,-2.1852,1.9268,-33.751,0.083064,16.561,-1.2115,-13.61
51.5,0.014366,-0.013346,-0.010849,-0.99744,0.0051617,0.0053201,-6.5564e-05,0.016702,-4.2061,0.051192,-31.021,0.87618,15.793,-0.4674,-16.368,0.0044522,-0.013597,0.019842,-0.99076,-0.0036838,-0.0023305,-0.0060939,-0.92355,-4.4177,-1.0578,-32.602,1.0848,17.272,0.69725,-17.021
51.6,-0.0058741,0.01133,0.0063774,-0.98224,-0.0058934,5.5173e-05,0.0083757,0.17315,-4.6484,1.2121,-33.719,0.21605,17.936,-0.94407,-16.625,0.006608,0.0031121,0.0084136,-0.98382,-0.0046745,0.0013025,-0.0096232,-1.3581,-2.6501,-0.87681,-34.66,0.45189,19.361,1.0461,-15.453
51.7,-0.01555,0.0031176,0.0039192,-0.99989,0.0043206,0.0085606,0.00090268,-2.1569,-4.2407,0.20443,-32.458,0.70946,17.944,-1.0233,-16.087,0.0044537,-0.00604,0.0053203,-1.0036,0.0046229,0.0058936,-0.0016844,-0.40943,-3.5834,-0.21531,-32.989,-0.012028,17.552,1.7703,-14.307
51.8,0.013936,0.011838,-0.0027866,-0.98749,0.00027409,-0.0033533,-0.0025258,0.51913,-4.7334,-1.6673,-32.308,0.74502,19.269,0.24428,-17.47,0.0026581,0.0069959,-0.015356,-1.0253,-0.0013222,-0.012998,0.0043725,1.1473,-4.0892,1.3189,-32.814,1.4338,15.961,-0.84383,-14.552
51.9,-0.006307,-0.0097367,-0.0091927,-1.0143,-0.0030841,-0.010124,0.0030203,0.26744,-2.7078,-0.97554,-31.971,1.2739,18.954,1.5157,-17.197,-4.291e-05,-0.012763,0.0071757,-0.99317,0.00093546,-0.0046674,0.001714,-0.65592,-2.6656,-0.56734,-33.023,0.78666,18.537,-0.82258,-14.026
52,-0.016307,0.0086237,-0.0073183,-0.99068,0.0092168,-0.0028124,0.0017826,-0.64272,-4.5646,-0.71953,-32.041,-0.026172,17.877,1.0931,-17.103,-0.0039657,0.001416,0.0049286,-1.0012,-0.00402,-0.0053991,-0.00070711,0.93685,-4.9934,-1.5578,-31.801,0.72823,14.714,-0.53274,-14.228
52.1,-0.0061838,-0.011598,0.019754,-0.99224,-0.003289,-0.0009099,0.0088482,1.9165,-2.9256,-0.11134,-33.141,-1.3187,19.293,-0.38435,-17.263,-0.022215,-0.01161,0.0015404,-1.0118,0.0051023,0.012444,0.0033521,-1.2785,-2.084,0.68757,-31.215,1.4925,18.119,0.72859,-15.655
52.2,-0.0057781,0.0022187,-0.01183,-0.9936,0.003322,-0.010018,-0.004521,1.395,-4.756,-1.1456,-33.148,2.9886,17.462,0.22302,-17.619,-0.0006301,0.0098822,0.0026954,-1.0082,0.0037659,0.010024,0.0064107,-1.8408,-3.0325,-0.13072,-32.924,-0.38338,15.945,-0.40873,-15.373
52.3,-0.012323,-0.0090778,0.0047849,-1.0038,-0.011702,-0.0029018,-0.00068874,-1.014,-3.3591,-0.3627,-33.882,-0.31197,18.979,0.35303,-16.255,-0.0012303,0.0048724,-0.0080359,-1.0073,-0.0021673,0.0011731,0.00021266,-0.0020516,-3.3722,0.20358,-31.441,-0.028582,18.316,0.20714,-16.362
52.4,-0.013089,-0.0050701,0.012071,-1.0134,0.0014288,-0.0010119,0.0017405,-0.09854,-5.4434,0.019252,-31.593,0.96533,18.89,-0.085392,-16.622,-0.022468,-3.2652e-05,-0.0010231,-0.99959,-0.0068567,-0.0087645,0.0046939,-0.9226,-3.7764,1.5387,-30.527,-0.68261,15.99,-0.36674,-14.871
52.5,0.00083978,-0.0026785,0.005554,-0.98219,-0.00045653,0.0011137,-2.8965e-05,-1.4697,-5.2056,-2.5276,-32.903,1.3373,17.083,0.50096,-16.297,0.014022,-0.0058821,-0.0039016,-0.98522,0.0014359,0.0010908,-0.0022201,-2.6485,-1.8554,0.3791,-33.46,0.22503,18.348,-0.93741,-15.924
52.6,0.0075737,0.0021747,-0.0082424,-1.0029,0.00064446,-0.010766,0.0071286,-0.11044,-3.6535,-1.933,-34.451,1.1047,18.162,-0.73034,-17.122,0.012318,0.011706,0.004469,-1.006,-0.0011084,0.0021768,0.0022524,0.19114,-5.6104,-0.92406,-32.506,0.11761,16.962,0.45049,-14.517
52.7,-0.0076257,0.0051207,-0.0080594,-1.0168,-0.0029025,-0.0061261,-0.0030607,1.2091,-4.6284,-0.35044,-34.127,-1.5638,16.683,-1.5889,-17.844,-0.0013965,0.0022311,0.0057342,-1.007,0.0020445,-0.00012677,0.00019332,0.53059,-3.4138,0.24035,-32.392,-0.059227,17.572,0.60214,-15.759
52.8,-0.01132,0.017324,-0.0072574,-0.99165,-0.0023357,0.0050714,0.0068125,0.63082,-4.8074,0.22682,-33.349,0.27294,18.721,-1.5626,-17,-0.007283,0.0044007,0.0016804,-1.0086,0.012175,-0.0098687,-0.0025311,0.86372,-3.6358,1.4745,-32.468,-1.1615,18.269,0.57104,-14.934
52.9,-0.0073213,0.0012312,0.0016606,-0.99439,-0.0029785,-0.0050347,0.0032983,-1.7357,-5.3781,-2.3447,-32.853,1.4667,19.228,-0.82526,-19.013,0.0023605,-0.0018499,0.0025626,-1.0019,0.0023317,-0.002695,-0.0026277,1.3954,-2.0046,-0.56647,-32.742,0.18259,14.979,1.8099,-13.513
53,-0.010282,-0.0010773,0.013042,-1.0085,-0.010764,0.0058413,-0.0081622,-2.5438,-3.4936,-0.8236,-33.179,-0.018901,17.186,1.6974,-16.495,-0.0063345,-0.0038092,-0.0058686,-1.006,-0.0059197,0.0094971,0.0080104,-0.81798,-3.811,-1.3715,-33.315,-0.4727,18.187,-0.77448,-14.631
53.1,0.0011087,-0.0072601,-0.0063263,-1.0123,-0.0082871,0.00060429,0.0013974,-0.55203,-3.6631,-0.37972,-34.087,0.77842,18.407,0.24888,-17.679,0.0050314,-0.012076,0.00023029,-0.99793,0.0036848,-0.0076749,-0.0023814,-0.1799,-1.9415,0.65225,-31.375,-1.7114,16.967,0.016601,-16.156
53.2,-0.0056332,0.0012931,-0.0018175,-1.0127,0.0053597,0.0003667,-0.0042773,2.3666,-4.6076,-0.54,-34.04,-0.27148,17.776,-1.1427,-16.682,-0.011178,0.01026,-0.0035241,-0.99818,0.0030214,0.005501,0.0023877,-1.6303,-3.4019,-0.15603,-32.38,-1.1641,16.792,-0.12676,-14.816
53.3,0.016537,-0.014479,0.015615,-1.0046,0.00090802,-0.00605,-0.0037329,1.3552,-4.7207,2.1292,-33.616,-0.15731,18.575,-3.0783,-18.718,-0.0045712,-0.0056123,-0.013557,-0.99052,-0.0021897,-0.006013,-0.0044598,2.8262,-3.4478,1.1426,-33.259,0.031847,18.234,-2.249,-14.341
53.4,0.01483,0.00050706,0.0042303,-0.99394,0.0057251,-0.0014764,-0.0031622,-1.1858,-2.8607,-0.41604,-34.579,1.212,16.327,0.097332,-18.931,0.0050118,-0.015623,-0.027049,-1.0003,0.0012284,0.0014463,0.0027236,-0.27191,-4.0632,-1.1832,-31.955,0.74046,16.73,1.5722,-15.733
53.5,0.01171,0.00082195,-0.0015637,-1.0062,-0.011473,-0.009816,-0.0031835,-0.2572,-5.0123,0.62474,-35.68,1.7528,19.627,0.061456,-16.191,0.00058641,0.012885,-0.012592,-0.98152,0.00056106,0.0017547,-0.0016112,0.40421,-3.8333,-1.4455,-30.617,1.9373,15.648,2.6427,-15.413
53.6,-0.0017754,0.01257,0.011276,-0.99086,0.0043665,0.00037328,-0.0013403,-1.8366,-4.3068,-0.427,-33.636,2.4505,18.338,0.42198,-15.536,-0.00044858,-0.0010332,-0.012705,-1.0064,-0.00080699,0.0021629,-0.0013806,0.25942,-3.6142,-3.1984,-32.435,0.74785,17.085,0.96413,-15.864
53.7,-0.014912,-0.00025407,0.0017145,-0.9991,0.01899,0.00068514,0.009074,0.41504,-4.2635,0.16009,-32.1,-0.37198,20.97,-1.2401,-18.079,0.0023224,-0.010079,-0.0085783,-1.0103,0.0024732,0.0019502,0.00014263,-2.3438,-3.2467,0.52706,-32.747,1.9263,16.202,-0.45591,-15.02
53.8,-0.0024278,-0.016289,0.0097373,-1.0068,-0.0044162,-0.00076071,-0.0072323,-0.41951,-4.5227,0.25769,-34.356,-0.87414,19.485,0.12796,-16.873,-0.011559,0.011082,-0.0022003,-0.99301,-0.0022839,-0.0043739,-0.0079226,-1.5023,-5.5679,3.0211,-32.213,0.53935,16.554,-1.4986,-13.33
53.9,0.0071721,0.019968,-0.012716,-1.0061,-0.0026671,-0.00092587,-0.0039338,0.23587,-4.4049,0.14742,-33.94,0.045818,18.103,-1.2444,-18.099,-0.015339,-0.0072523,0.0030542,-1.0058,-0.0031662,-0.001265,-0.00052445,0.42479,-2.4436,2.1869,-31.494,-2.5184,16.029,-1.5245,-16.151
54,0.00019071,0.013101,0.0019288,-1.0024,-0.0022185,0.0033137,-0.0041521,-0.060866,-4.0073,-1.0961,-32.051,0.55699,19.624,-0.38784,-15.17,0.0053948,-0.014812,0.0054266,-1.0075,-0.0014776,-0.0041883,-0.0027238,-1.7257,-1.632,-1.6673,-32.781,-0.6972,18.177,-0.0084017,-16.141
54.1,0.009925,0.014246,-0.0055516,-0.99446,-0.00031169,-0.0040691,-0.0088087,0.95929,-4.0338,0.027905,-33.863,-1.5692,19.735,0.99498,-15.672,-0.021184,0.023278,-0.00011129,-1.0043,-0.0055687,0.0021762,0.0023462,-1.1608,-3.5295,-0.57629,-32.988,1.1894,17.734,2.0951,-15.467
54.2,-0.011699,0.0086629,-0.0024371,-0.99336,-0.0014125,0.009468,-0.0054998,-0.62476,-4.2825,-0.51316,-33.239,-0.25112,19.502,0.34165,-17.163,-0.010603,-0.0032385,0.00051395,-0.98528,0.0070551,0.0056695,-0.0050956,0.026099,-3.8301,-1.3646,-34.056,1.1825,18.453,0.15554,-13.934
54.3,-0.014999,-0.0028163,0.017202,-0.99449,-0.0040472,0.00089329,0.0028197,1.0552,-4.1991,-0.28253,-34.288,-0.40534,17.836,-0.5116,-17.746,-0.011171,0.0053692,0.0017399,-0.99399,0.0048867,-0.001442,0.0093248,-0.63282,-3.5446,-0.18536,-32.425,-0.27887,14.858,-0.26469,-14.86
54.4,0.0082166,0.00026829,0.0058417,-1.0047,-0.0040719,-0.0038711,-0.007036,0.47594,-3.8123,1.6128,-34.888,0.57857,17.896,0.10865,-17.661,-0.0062233,-0.0064837,-0.010144,-1.0014,-0.0022588,-0.010457,0.0057943,0.31029,-2.2519,-1.7221,-33.557,-1.3832,19.454,-0.54757,-12.748
54.5,-0.012198,0.0032946,0.0091956,-0.99349,-0.0065057,0.0013144,-0.0057545,-1.3907,-4.216,0.0094014,-33.181,2.2712,20.069,0.67365,-17.957,0.015637,0.016259,0.0024253,-1.0099,0.0021945,-0.00068456,0.00019946,-0.15986,-4.4772,1.2579,-33.33,0.078918,17.582,-0.81173,-16.252
54.6,0.0033331,0.0012232,-0.013245,-0.99767,-0.0054283,0.0013801,0.010844,-0.084783,-2.9388,-2.0277,-34.518,-0.72204,19.723,-0.43009,-17.892,-0.0032629,0.015866,-0.0087043,-0.99414,0.007466,-0.0058003,0.0039049,0.967,-4.323,-2.0204,-33.127,0.54254,17.1,-0.89399,-15.01
54.7,0.0061592,-0.0016404,-0.011582,-0.97814,0.00035192,-0.0022113,0.007502,0.2774,-3.1364,-0.075045,-35.327,-1.5187,20.706,0.18758,-18.748,0.00084078,0.00077715,0.0045028,-0.98713,0.0082455,-0.0054062,-0.0044919,-2.1465,-3.2514,-1.1695,-35.652,-0.50875,20.556,-1.7989,-16.698
54.8,-0.010719,0.00049668,0.006245,-1.0016,0.00034514,0.0025021,-0.00080406,1.2362,-5.6616,1.1186,-33.562,-0.85361,19.321,-2.0363,-17.556,0.0077356,-0.0023427,-0.0057517,-1.0027,0.0025608,-0.0051079,-0.0028527,0.41062,-4.199,-1.7287,-34.996,0.8168,18.786,0.95115,-14.575
54.9,0.0089662,-0.0029507,-0.0079965,-0.98647,-0.0069982,0.0076066,-0.00012298,-0.16372,-2.9361,-0.50174,-36.3,-0.10284,17.52,1.4268,-18.051,-0.0004398,0.011818,-0.0018123,-1.0092,0.0022817,-0.0030506,0.00183,-0.62431,-3.6929,0.56051,-33.231,-0.40837,17.129,1.1358,-14.138
55,-0.0088612,0.020453,-0.0042038,-1.0128,0.0044623,0.0068758,0.00024507,-0.71469,-5.4067,2.0589,-35.066,0.67942,19.315,-0.024859,-16.834,-0.007648,-0.019427,0.0087494,-1.0043,-0.00082756,0.0053452,-0.00043418,0.8748,-3.3153,0.95027,-35.515,0.46733,19.573,-1.2673,-14.59
55.1,-0.016572,-0.0096306,-0.012499,-0.97809,0.0015595,0.0037529,-0.0038035,0.097304,-4.319,-0.41983,-33.254,2.3469,18.544,1.9245,-16.96,0.0060305,0.013288,0.006238,-1.0103,0.0090699,0.0016381,-0.00037537,1.0485,-3.3186,0.46687,-34.526,-2.2406,19.728,-1.1231,-16.022
55.2,-0.0093157,-0.010364,0.010404,-1.0019,-0.00045578,-0.010191,0.0063176,0.23862,-4.6743,-0.71436,-36.202,-0.52057,16.161,0.73324,-15.17,-0.004197,-0.022875,-0.013285,-0.99784,0.0014532,-0.001346,0.0009005,-0.43378,-5.1493,-0.75551,-33.741,-0.71436,18.661,1.0134,-16.187
55.3,-0.0052792,0.0030643,-0.014824,-0.99896,0.0025279,0.0056412,0.0081532,0.10794,-4.3549,1.4512,-34.161,0.59575,18.58,-1.4194,-16.501,-0.00082704,-0.0048795,-0.0041961,-0.9912,0.003577,-0.0018572,0.0071179,0.272,-1.8822,-1.5946,-34.659,0.50065,17.871,0.74718,-16.944
55.4,0.0015848,-0.0041664,-0.0067812,-1.0281,0.00035437,0.0054016,0.0023346,1.1011,-5.3652,0.58446,-34.128,-0.76936,18.256,-0.031457,-19.348,0.0059368,-0.0023457,-0.01724,-1.0038,0.0044773,-0.00072087,-0.0023324,-0.45996,-3.0605,0.56493,-35.697,0.16595,16.539,0.052526,-14.698
55.5,-0.014359,0.018748,-2.3337e-05,-0.97045,-0.0019624,0.0030626,-0.0044955,-0.80074,-0.57336,-2.0853,-35.543,0.3316,19.535,-0.2313,-18.081,0.0077978,0.0053167,0.0025607,-0.99427,0.0053718,0.0014638,-0.002337,-0.81589,-3.2743,-0.59059,-34.563,0.62068,19.626,-0.098381,-15.561
55.6,-0.0046425,-0.014175,-0.001683,-0.99599,-0.0057341,0.0069722,-0.005345,-0.95725,-3.611,-1.2785,-35.485,2.2818,18.7,1.4882,-17.818,0.0037033,0.0144,0.00018934,-0.98086,0.0044312,-0.0095185,0.0027456,0.6715,-4.1532,1.23,-33.257,-1.1436,17.13,-1.8785,-15.672
55.7,-0.00732,0.0022546,0.0023126,-0.97758,0.00094988,0.00038354,-0.0033648,-2.341,-4.2896,-0.11993,-34.633,0.9756,18.788,0.31029,-18.281,-0.0083975,0.0036653,0.0077481,-0.99533,0.0071673,-0.0074854,0.0036903,0.41165,-2.599,0.27644,-33.371,-0.28272,17.471,-0.79118,-16.501
55.8,-0.00798,-0.020783,-0.0038743,-0.97872,-0.0061553,-0.0069333,0.002461,-0.54649,-5.3284,-0.1843,-35.608,-1.4678,18.13,0.073544,-15.922,-0.0059309,0.0010913,0.013031,-1.0087,-0.012138,0.0025393,0.0010907,-2.6743,-4.0339,-0.83342,-33.187,0.61777,17.375,0.33081,-16.818
55.9,-4.5609e-05,-0.0024262,-0.0017148,-1,-0.0011308,0.0055492,-0.0031974,1.9159,-4.6306,0.0067475,-33.398,-1.7084,18.227,-0.2257,-15.723,-0.0035541,-0.0017666,0.0077474,-0.9941,-0.0016786,-0.0043645,0.010639,-0.15324,-4.3152,-2.069,-35.305,0.59289,18.355,1.4752,-16.058
56,0.0056425,0.019283,-0.0054066,-0.99134,0.0015669,0.0019103,0.0061984,0.58343,-2.9433,-0.09566,-35.921,0.26809,17.785,0.75158,-17.23,-0.01327,-0.0095149,-0.0024711,-0.99673,0.013156,0.0035918,0.0015663,-0.68199,-2.9455,-0.96172,-33.845,1.1384,18.775,0.94325,-15.343
56.1,0.0075537,0.0022972,0.0012937,-0.99537,-0.0018825,2.928e-05,-0.0070852,-0.85251,-4.9219,-1.2798,-34.886,1.0104,18.166,0.46098,-16.089,0.0055387,0.0082894,0.0053871,-1.0032,0.00051954,-0.0070972,-0.0023963,-0.31252,-2.9114,-0.64491,-33.103,1.0286,16.42,-0.94156,-14.686
56.2,-0.013965,0.0078903,-0.0013986,-1.0008,-0.0010794,0.0018445,-0.00035026,-1.4337,-1.9596,-0.058975,-34.292,-0.07226,19.45,-0.1839,-15.989,-0.0024784,-0.0074176,0.0016445,-0.99709,-0.0013905,0.0023144,0.010056,-1.1489,-3.7957,-0.48436,-34.846,-1.0778,19.38,-0.19083,-15.023
56.3,0.0044577,0.0069534,0.006767,-1.0047,-0.0022787,-0.011937,-0.00093159,2.4808,-5.8414,0.7962,-33.385,1.3483,19.928,0.30712,-16.655,-0.0034194,-0.014331,0.013944,-1.0013,-0.0033049,-0.0022505,0.0075517,1.9976,-3.1263,1.9458,-34.285,1.3539,19.22,-0.75917,-16.223
56.4,-9.7784e-05,0.0090959,0.005877,-1.0126,-0.0033573,0.005366,0.0032908,1.1622,-2.7205,0.079081,-36.605,-1.5281,18.375,0.32702,-18.669,-0.011661,-0.0099928,-0.01058,-1.0085,-0.0070017,0.0021646,0.0021769,0.036061,-4.3277,0.21566,-33.427,1.0136,17.149,-0.93289,-15.975
56.5,0.0055717,-0.0010945,-0.0082189,-1.0034,-0.0042169,0.0063888,-0.0040385,-0.51773,-2.6897,0.093551,-36.672,0.5236,20.21,1.5706,-14.3,-0.0079851,0.0020958,-0.0092446,-1.0073,0.0011557,-0.0023018,0.0031534,-0.90038,-3.5888,-3.0982,-35.522,0.76017,17.306,-0.58356,-15.442
56.6,0.009175,-0.0036901,-0.0012749,-1.0033,-0.0094971,0.00061454,0.0042145,-1.187,-4.3559,-0.45942,-34.814,0.26246,18.751,-0.29129,-17.525,-0.0029657,-0.012435,-0.01485,-0.98924,0.0025917,-0.0092233,0.00084025,-1.3399,-3.4438,-0.58228,-32.808,0.75696,18.119,1.2557,-15.779
56.7,0.016188,0.003124,-0.0090507,-1.0041,0.00059071,-0.0010998,0.0062603,1.2675,-3.8737,0.75279,-35.036,1.0382,17.965,0.48103,-16.534,0.00088967,0.010924,0.0035971,-1.0187,-0.0038706,0.0011505,-0.0038029,1.7041,-3.6928,-0.59631,-35.171,1.4006,17.799,0.76583,-16.859
56.8,-0.0068679,0.0032091,0.0050907,-1.0088,-0.0037326,0.0045915,0.0052348,0.38761,-2.8047,1.0792,-34.489,-0.10787,19.406,-1.0421,-15.49,-0.018399,0.0024666,-0.0030043,-1.0154,-0.005435,-0.0064477,0.0040767,0.33575,-5.474,1.6037,-34.373,-0.12706,18.596,-1.739,-18.146
56.9,0.0091676,0.0053801,0.0062436,-0.97925,-0.0071523,-0.0023904,-0.0072438,0.15616,-3.853,-0.39671,-35.175,-0.05647,19.351,-1.0885,-15.773,-0.0050218,0.0058488,0.0043473,-0.99481,0.0075685,0.00020585,-0.0023644,1.5632,-2.4107,0.57244,-36.117,0.70858,19.512,-1.4362,-15.893
57,0.0023568,0.024763,-0.0061476,-0.98883,-0.0075982,-0.0035798,0.0013957,-1.8105,-3.0713,-0.9797,-33.896,0.83164,19.461,3.6043,-16.561,0.00072364,-0.0092126,0.0035295,-1.0077,-0.0020306,0.0043036,0.0037298,0.61682,-3.2671,0.76365,-33.539,-0.19646,19.13,1.4306,-16.642
57.1,-0.010094,-0.015612,-0.0025735,-1.0058,-0.0024179,-0.0052869,-0.0037998,-0.14206,-2.8928,0.57012,-36.394,-0.2422,18.519,-0.8706,-16.711,-0.017672,-0.0019215,0.0033621,-0.99266,0.0038535,-0.0029432,0.0027525,-1.9583,-3.6095,-0.37933,-35.775,0.26692,19.833,1.3088,-16.301
57.2,0.0054226,-0.0018144,0.010785,-1.0035,0.0034076,0.0036236,0.0062389,0.53426,-2.3434,-0.3948,-35.32,-1.5729,18.638,0.5068,-17.4,0.014487,0.0013409,-0.001127,-0.98796,0.001501,-0.005154,-0.00012472,-2.8809,-3.6206,0.84958,-33.726,-1.1028,17.861,0.39271,-15.507
57.3,-0.0011269,0.0036011,-0.0078351,-1.0006,-0.0082592,-0.0034129,-0.0057937,1.4061,-3.4496,-1.4777,-33.841,1.2433,19.412,-1.059,-18.125,-0.0013868,0.0026292,-0.0019766,-0.9943,0.011658,0.0057169,-0.008266,0.47056,-2.2835,-0.35386,-34.896,-0.75475,18.775,-1.4013,-16.045
57.4,0.011817,0.0050065,-0.004284,-0.99723,-0.00040496,0.00096545,0.0022201,-1.5195,-4.2601,-0.54551,-34.795,0.72136,17.559,1.4964,-18.828,0.0074295,0.0046493,-0.012895,-1.0008,0.0020951,-0.004611,0.0010962,1.6225,-3.1599,1.1561,-35.332,-0.85222,17.597,-0.94719,-14.268
57.5,0.0032555,0.0057098,0.0026148,-1.0047,-0.0015114,0.0014413,0.0034223,-2.6973,-2.4445,-4.3213,-37.96,0.32555,19.584,0.45955,-16.842,0.0086402,0.0059776,0.0065064,-1.0084,0.012021,-0.0014617,-0.0033894,2.0474,-5.4373,0.73966,-37.007,-0.097443,18.906,1.0086,-15.226
57.6,0.008174,0.010188,-0.0050783,-0.9877,0.0025318,0.0030284,-0.010272,2.314,-4.2194,-0.23381,-34.644,0.93054,17.571,-0.24589,-16.3,-0.0055693,-0.020041,0.0034358,-0.98239,-0.0031487,0.0099911,0.0031945,-0.37317,-3.2582,0.6265,-32.824,-0.049256,17.455,1.1342,-16.459
57.7,0.0082476,0.0021797,0.007585,-1.0056,0.0085309,-0.0012201,-0.0013075,0.14035,-4.6143,-0.15297,-35.973,0.70405,20.927,-1.8279,-16.455,0.024474,-0.0021707,-0.0013322,-0.98969,0.0071653,-0.0024291,-0.0025431,0.26176,-1.3414,-0.68699,-35.328,0.34697,18.1,0.63097,-17.034
57.8,0.010356,0.010962,-0.020003,-1.0096,0.0036178,-0.00055939,0.0016447,1.4121,-4.6992,-0.15001,-35.368,-1.6386,19.372,-1.1801,-17.13,-0.026288,0.0037426,-0.0092543,-0.99776,0.0091293,-0.0015467,0.00051163,-0.25803,-2.4161,-0.053335,-35.5,1.4258,19.502,-1.5219,-15.486
57.9,-0.0074955,-0.017547,-0.000731,-1.0028,-0.0029705,0.0018529,0.002342,0.53377,-1.1854,-0.46643,-33.577,-1.2387,17.565,-0.55927,-16.896,-0.00136,-0.0077902,0.0087638,-0.99993,0.0096042,-0.001574,0.006175,-1.9598,-4.8282,-0.68635,-34.553,-1.9968,19.185,-1.3838,-15.729
58,-0.0016659,0.0179,0.0033477,-1.0048,-0.0054416,-0.0012459,0.0079453,-0.76159,-5.3892,-1.1729,-36.031,2.7447,18.243,-3.4934,-17.752,-0.013495,0.0094225,0.0075905,-1.0002,-0.0021084,0.0055955,0.0057399,1.2225,-2.3128,1.3392,-34.303,0.35313,19.498,-1.4117,-17.967
58.1,0.018041,-0.0041173,-0.0038287,-0.9959,-0.0043596,0.0037241,0.00015116,0.149,-2.3159,-1.9595,-35.323,2.4024,20.512,-1.5031,-18.273,0.013934,-0.0092532,-0.0056139,-1.0061,-0.0028065,-0.0087848,-0.0053064,-1.1358,-2.274,0.44111,-36.592,-0.26718,18.282,0.77752,-16.77
58.2,-0.01302,-0.0067008,-0.0075569,-0.98938,-0.0020703,0.0050233,-0.0040209,1.0125,-2.3244,1.1733,-35.634,-0.9138,19.36,-0.071265,-18.803,-0.010566,0.009682,-0.0097981,-1.0083,0.0039519,-0.0014489,-0.0055901,-0.79241,-1.5973,0.093774,-34.857,-0.56838,18.4,-1.3166,-15.149
58.3,0.0059735,0.0036115,0.017151,-1.0107,0.0033856,0.0017086,0.0042125,0.27415,-3.4295,0.85892,-37.024,-0.14413,17.911,-0.96356,-17.272,0.0037048,-0.0080413,-0.0049229,-0.99323,-0.00053007,0.00077055,0.0058893,-1.1109,-2.8031,-1.8215,-37.196,0.41366,18.74,2.5036,-15.541
58.4,0.015585,0.011283,0.017007,-1.0035,0.00051274,0.0057175,-0.003599,-1.5319,-4.3923,-0.90167,-36.489,-1.1134,18.105,0.38872,-16.825,0.013988,-0.014045,-0.0024826,-0.99637,-0.010361,0.010262,-0.0025906,0.49848,-3.8967,0.13835,-34.833,3.0415,19.126,-2.0708,-16.911
58.5,-0.014727,0.00062257,-0.00084305,-1.019,0.0041007,-0.011698,0.0033412,-1.7785,-2.8802,-2.2412,-35.787,-0.068618,18.418,-1.5344,-15.014,0.0089976,-0.010733,0.012313,-1.02,-0.010976,-0.0039644,0.0050542,-0.27891,-2.151,-0.24805,-35.109,0.099583,18.068,-0.40236,-17.366
58.6,0.0047531,-0.0077627,0.0052347,-1.0052,-0.0020169,0.0075853,-0.00080166,-1.3332,-5.0847,0.45161,-35.099,1.6458,19.61,2.3676,-17.587,-0.016389,-0.0075775,0.01839,-0.99192,0.006932,0.0017746,0.011229,0.048999,-1.8977,0.51947,-33.905,-0.15689,19.913,-1.0309,-17.089
58.7,0.00070876,-0.01185,0.010955,-0.99547,-0.0078716,-0.0039997,-0.00060088,0.86564,-3.7667,-1.5454,-36.396,-1.1617,20.005,-0.77386,-17.152,0.017328,-0.021255,0.024719,-1.0136,-0.0041763,0.0021607,0.00032305,-0.40509,-2.1694,-0.2738,-35.335,-0.85304,18.468,0.44878,-17.425
58.8,-0.0085946,-0.0039644,0.005225,-1.0001,-0.0080803,-0.00061336,0.0068903,-1.1228,-3.1171,0.81095,-36.607,0.49422,19.614,0.34362,-16.055,-0.00028258,-0.0013207,-0.0010528,-0.97578,0.00059344,0.0029269,-0.0010565,0.13102,-3.2605,-0.17407,-36.336,0.44319,18.837,0.53573,-15.892
58.9,0.0075588,0.010192,-0.0089242,-1.0006,0.0010203,-0.0066828,0.00054009,-0.64038,-3.5383,-0.70139,-36.132,-1.3859,18.976,-0.76651,-17.498,0.0085226,0.0054124,-0.0069865,-0.97873,0.0031169,0.01082,0.0038699,-0.19808,-3.0699,-1.0976,-37.37,-0.12608,19.433,0.72338,-16.727
59,0.011547,0.0067571,0.015644,-0.97441,-0.0063784,0.0014611,0.0097928,-0.44783,-3.494,-0.79957,-36.398,-0.97574,17.368,-0.45316,-18.078,-0.0092798,-0.014008,-0.017201,-0.99789,0.0032799,-0.0084547,-0.0022212,-0.1908,-3.7613,-0.64885,-33.035,0.56162,18.818,-0.33666,-14.822
59.1,0.0057442,0.016696,-0.010253,-0.99291,0.00086608,-0.00035719,-0.004352,-0.43685,-5.201,-1.7986,-36.142,-0.036538,20.404,0.5664,-18.159,0.0029586,0.014052,-0.014008,-1.0175,-0.0024881,0.0051204,0.003138,1.4936,-5.2825,0.34549,-35.286,-2.4285,19.64,-1.2899,-18.667
59.2,0.0096311,-0.0082414,-0.014562,-0.99171,-0.0053437,0.0025159,0.0072611,0.17329,-5.4441,1.4417,-36.407,2.6334,19.352,0.94414,-17.317,0.001634,-0.020216,0.016242,-1.0081,0.0021878,0.0075849,0.00010016,-1.0893,-2.5915,-0.97004,-34.339,0.54748,18.768,-0.98997,-17.555
59.3,-0.02172,0.00044652,-0.021315,-0.98477,0.010173,-0.0081198,-0.0023697,0.86065,-2.8035,-0.70076,-36.787,-1.8526,20.656,-0.64791,-17.54,-0.0085393,-0.013752,0.010909,-1.0033,-0.0038971,-0.00068479,0.0051393,0.1355,-3.8233,-0.31123,-35.951,-1.1643,20.091,-0.97073,-17.965
59.4,0.006285,-0.0019689,0.0038549,-1.003,-0.00044461,-0.001542,-0.0062864,1.1315,-4.4354,2.3615,-36.139,-1.77,18.415,-0.03465,-17.77,-0.00098724,-0.0090165,0.022255,-1.0026,-0.002533,7.172e-05,-0.00064614,-1.894,-3.4723,-1.8941,-36.695,0.72475,19.296,1.8542,-15.539
59.5,0.0093916,-0.0031964,0.0080423,-1.0277,-0.00056432,0.0070767,-0.0052859,-1.116,-3.3577,-2.0932,-36.834,-2.0999,20.214,-0.44595,-16.566,-0.015009,0.0089211,0.016309,-1.0028,0.011038,-0.0045914,-0.0010142,-1.4982,-5.0093,0.0068339,-39.034,0.89059,18.908,-0.13475,-18.61
59.6,0.02541,0.0049275,-0.0087329,-1.0121,-0.0023308,-0.003625,-0.00061512,0.12851,-2.0367,0.37188,-36.044,1.3348,19.59,-0.42505,-15.675,0.0038333,-0.002962,0.012661,-1.0037,-0.0078559,0.0069574,-0.0078667,1.1045,-4.7562,-1.2752,-35.169,-0.65906,18.682,-0.67655,-17.032
59.7,-0.0012176,0.0021383,-0.0047541,-1.0087,-0.0010929,0.002228,-0.005499,-0.44793,-3.0238,1.4326,-36.647,0.66421,20.447,0.096881,-17.982,0.00054872,-0.0014498,0.0036628,-1.0096,-0.0097065,0.0037759,0.0024953,-1.4966,-3.877,-1.2952,-35.073,-0.69983,19.496,-0.56283,-16.474
59.8,-0.011665,-0.011456,-0.0035777,-1.0028,0.0022382,-0.0033802,-0.0039103,0.34341,-4.1466,1.6055,-36.234,0.48269,20.517,-0.20727,-16.14,0.00012263,0.0015986,0.00027478,-1.0129,0.00065184,0.00036518,0.0013897,0.74,-5.1925,-1.6068,-37.572,0.25944,20.487,-0.071122,-17.14
59.9,0.013974,0.0073525,0.0057267,-0.99945,0.0049888,-0.0024904,0.0056962,0.23246,-2.7262,-2.3352,-36.169,1.3219,19.172,0.74628,-15.812,-0.01097,-0.0059286,0.0028304,-1.0029,0.0017109,0.002135,0.00080816,-1.1662,-4.0641,0.13407,-36.944,0.37405,20.269,1.7274,-15.952
60,-0.015829,0.0049177,0.014516,-1.0007,0.0060161,0.0012356,-0.0053845,-1.5503,-3.7675,-2.1963,-34.996,-0.17076,20.056,1.5405,-16.819,-0.0062369,0.011803,0.018187,-1.0097,-0.0094552,0.0022049,-0.00096852,-1.1087,-4.7261,-1.3573,-39.485,2.1135,18.198,1.4462,-16.109
