time,q1_healthy,q2_healthy,q3_healthy,q4_healthy,omega1_healthy,omega2_healthy,omega3_healthy,wheel1_i_healthy,wheel1_w_healthy,wheel2_i_healthy,wheel2_w_healthy,wheel3_i_healthy,wheel3_w_healthy,wheel4_i_healthy,wheel4_w_healthy,q1_faulty,q2_faulty,q3_faulty,q4_faulty,omega1_faulty,omega2_faulty,omega3_faulty,wheel1_i_faulty,wheel1_w_faulty,wheel2_i_faulty,wheel2_w_faulty,wheel3_i_faulty,wheel3_w_faulty,wheel4_i_faulty,wheel4_w_faulty,
0,0,0,0,0,0,0,0,0,0,0,0,0,0,0,0,0,0,0,0,0,0,0,0,0,0,0,0,0,0,0
0.1,-0.71692,-0.0057224,0.12657,-0.68653,-0.00029956,0.0067621,-0.0021073,1.052,0.45684,0.25625,0.45595,-1.5551,-0.11728,-1.4098,-1.0575,-0.69194,0.0020511,0.11015,-0.68938,0.00021951,0.008738,0.0098048,-0.53939,-0.93927,0.11701,-0.27537,0.027116,-1.353,0.071735,0.34889
0.2,-0.70379,0.010783,0.13064,-0.68255,0.0023254,0.0024947,-0.0072219,-0.22212,-0.22621,-1.3566,1.0126,-1.6482,0.68387,0.5153,0.58717,-0.69434,-0.0054886,0.11696,-0.7033,0.003323,0.0084655,0.004037,-0.61839,-0.87321,-0.75556,0.78674,0.26553,-1.1509,-2.0133,-1.0592
0.3,-0.70239,0.0075003,0.10513,-0.72559,0.0013053,0.0069474,-0.0070031,0.52421,-0.060795,-0.87271,-0.78124,-0.13885,1.5459,-0.24643,0.022168,-0.71366,0.00093711,0.11588,-0.69387,0.0050844,0.0070232,-0.0035075,1.1083,-1.1674,-0.51674,1.058,-0.81407,-1.1308,-0.9828,-1.5715
0.4,-0.70816,-0.0069445,0.11537,-0.70455,-0.0016448,-0.0052311,0.010425,-0.17618,-0.11941,0.37131,0.078145,-0.70123,-1.1127,-0.40988,-2.0307,-0.69289,-0.0063488,0.13198,-0.70231,-0.0077533,-0.0134,0.0032456,1.4682,0.1965,-0.87612,0.56655,-1.2993,-1.36,-1.9219,0.70637
0.5,-0.70103,0.0022359,0.13101,-0.70521,-0.019502,0.0068247,0.0046994,2.6252,1.8392,1.4046,0.18767,-2.4037,-2.6448,0.30788,-1.2677,-0.70187,0.0078502,0.10149,-0.6921,-0.013974,-0.002463,-0.0035792,0.83595,1.7111,0.19035,-0.50826,-2.0019,-3.5062,-0.54847,-1.1254
0.6,-0.70824,0.020231,0.12332,-0.67814,-0.0082303,0.0051525,0.010639,2.0863,1.6897,-2.3539,-0.17536,0.19238,-2.2666,-0.95414,-0.21337,-0.70465,-0.0031201,0.13408,-0.71317,-0.010549,-0.006522,0.0014189,-0.14758,3.6067,-0.22541,0.55256,-1.0364,-4.2496,-0.14877,-2.8581
0.7,-0.6863,0.0092394,0.1196,-0.69474,-0.0072003,-0.0024918,0.017232,1.4016,2.1163,-0.93413,-0.82311,-0.85912,-0.4871,-0.14053,-1.1626,-0.72934,-0.0090259,0.12621,-0.69211,-0.0093102,-0.00069781,0.00086634,1.0618,2.4372,0.65631,1.6016,-0.053642,-3.0654,-1.1707,-0.032361
0.8,-0.69824,0.012449,0.11154,-0.68762,-0.019488,-0.0064711,0.011838,1.0129,2.5888,1.1081,0.014112,0.18392,-2.5738,-0.30456,-1.7252,-0.71901,0.015295,0.12702,-0.69518,-0.017513,-0.0049676,0.0063342,-0.078545,2.198,0.19381,0.43221,-1.4248,-2.1651,-0.52499,-2.776
0.9,-0.69639,0.013387,0.13035,-0.70978,-0.016451,-0.0078709,0.015956,1.7032,1.0544,-1.7326,-0.18519,-1.763,-1.6148,-1.5757,-2.0354,-0.70675,0.011851,0.12238,-0.6979,-0.023738,-0.00048058,0.0094566,-0.3828,2.2697,0.17221,-0.49497,-0.095599,-3.9531,0.74066,-2.6935
1,-0.71828,-0.011223,0.12733,-0.68939,-0.013741,-0.0029338,0.019915,-0.31563,2.6625,-0.69548,0.17846,-2.8713,-3.7676,-1.4205,-3.6734,-0.68028,-0.0055197,0.13079,-0.69359,-0.0066635,-0.0019586,0.0084483,0.88029,3.5946,-2.2208,1.5737,-0.5488,-4.5332,-1.5787,-1.7519
1.1,-0.69882,0.027719,0.11698,-0.6797,-0.014733,-0.0048671,0.021469,1.1382,3.2148,-2.0734,-0.29222,-1.5272,-2.9683,-1.6178,-2.1806,-0.69006,0.0045755,0.11832,-0.70257,-0.016753,-0.006265,0.016062,-1.1641,3.4104,-0.39276,0.55734,-0.86633,-3.7605,-1.3313,-3.7824
1.2,-0.7205,0.002564,0.11699,-0.6968,-0.013381,-0.0032801,0.012968,-0.02326,3.4119,-1.6903,-1.0659,-0.96154,-2.6897,-0.90414,-3.1022,-0.71255,-0.010185,0.12425,-0.71488,-0.018777,-0.0034353,0.018305,-0.044493,5.3587,-0.81651,-0.89661,-1.6121,-3.1762,-0.57859,-2.9809
1.3,-0.70486,0.0037095,0.1199,-0.71525,-0.022683,-0.0065941,0.016758,0.034172,3.6434,1.092,0.0061127,-1.1813,-3.8669,-1.3915,-4.0051,-0.68315,0.015137,0.1246,-0.69242,-0.017009,-0.014858,0.016029,0.82865,2.9197,-0.74772,0.23838,-2.138,-6.6866,-3.148,-3.3796
1.4,-0.71179,0.0051033,0.11476,-0.71323,-0.020575,-0.0067429,0.024409,0.35794,4.2895,-1.4958,-0.35931,0.44719,-5.4895,-1.5414,-3.2118,-0.71237,-0.013306,0.11141,-0.72362,-0.022753,-0.0078368,0.024452,2.379,3.2021,1.3623,-1.3146,-0.772,-5.1443,-0.82949,-4.6267
1.5,-0.70369,-0.0042412,0.12846,-0.72064,-0.021426,-0.0062187,0.024065,1.9117,6.2003,-0.48915,0.65748,-2.5843,-5.5351,-0.96159,-6.3579,-0.69558,0.014,0.14345,-0.71134,-0.020282,-0.0072461,0.0097779,1.3765,4.3398,-0.39506,-0.72631,-2.7952,-4.8854,-1.2366,-4.0467
1.6,-0.70388,0.0021747,0.11323,-0.71545,-0.019413,-0.010255,0.019907,-0.3149,2.8377,-0.29247,-1.5819,-1.1124,-4.1096,-1.0793,-4.3798,-0.69537,0.011368,0.12565,-0.68655,-0.022568,-0.017527,0.012393,0.23025,4.018,0.60472,-2.029,-2.2268,-5.6173,-0.51966,-5.808
1.7,-0.70654,0.001339,0.13384,-0.68584,-0.024207,-0.0073871,0.026053,1.8614,3.9536,0.29961,-0.50379,-2.8022,-5.3614,0.68926,-6.1426,-0.69774,0.025924,0.12073,-0.68899,-0.026485,-0.010068,0.028905,1.6589,3.3357,-1.0633,-2.3207,-0.2658,-6.5422,0.088833,-5.5378
1.8,-0.6926,0.013836,0.11297,-0.71422,-0.022715,-0.011772,0.027663,0.65666,2.7035,-1.403,-0.42502,-0.73264,-6.8985,-0.85012,-7.018,-0.70011,0.0035442,0.12151,-0.723,-0.023213,-0.0048597,0.028974,-1.2083,3.2497,0.078838,-0.96576,-0.70971,-7.0971,-1.1795,-6.5722
1.9,-0.7001,0.014738,0.094124,-0.69759,-0.02503,-0.014252,0.031826,1.1511,4.3368,0.83038,0.82446,-1.431,-8.9795,-1.5273,-5.858,-0.69483,0.015785,0.1327,-0.72074,-0.025735,-0.0097003,0.026412,0.9135,3.7003,1.4491,0.69123,0.35767,-7.0925,1.6095,-6.4116
2,-0.72307,0.018807,0.11065,-0.70863,-0.032332,-0.011949,0.031376,0.9515,5.67,-0.32119,-0.90219,0.26175,-6.8706,-2.6292,-8.1652,-0.70898,0.0074164,0.1157,-0.71429,-0.026379,-0.0020748,0.031364,-0.92474,5.5579,-0.96421,-0.70085,-1.2973,-7.3702,-1.4305,-7.8166
2.1,-0.69976,0.0058346,0.11714,-0.70813,-0.027213,-0.020835,0.025569,0.53384,3.5029,-0.54782,0.55581,0.23466,-9.5467,-3.1912,-8.3059,-0.6856,0.0082668,0.10599,-0.70054,-0.02958,-0.0075764,0.03605,-0.49033,5.9684,1.3763,0.97471,-0.19803,-6.5014,-0.71677,-7.5582
2.2,-0.69447,0.016935,0.12725,-0.72479,-0.023871,-0.0027362,0.033666,1.7821,5.1525,-1.2197,-0.92318,-0.63851,-7.5134,-2.3744,-8.3539,-0.68541,0.0064696,0.13057,-0.69878,-0.029738,-0.005806,0.036372,1.1777,7.0925,-0.39249,-0.3267,-1.7798,-6.954,-0.98387,-7.9913
2.3,-0.68818,0.021784,0.10891,-0.69069,-0.029707,-0.0021338,0.038889,0.80276,5.8262,-0.60754,0.58985,0.3604,-7.6042,0.56286,-8.1787,-0.70081,0.016686,0.12102,-0.71817,-0.031458,-0.010636,0.041926,0.71442,7.3305,-1.055,-1.5916,0.53198,-6.2896,-1.1974,-7.3716
2.4,-0.70984,0.013437,0.11354,-0.69512,-0.025782,-0.0098311,0.037652,0.50735,5.7165,-1.0357,0.22545,0.072145,-9.8168,-0.89058,-8.5591,-0.69545,0.016597,0.12876,-0.71433,-0.029373,-0.014203,0.030349,0.5728,7.7277,-2.3009,-1.0013,-0.73307,-7.7253,-2.8265,-7.571
2.5,-0.67889,0.0024599,0.10041,-0.71875,-0.029448,-0.0066577,0.025982,-1.0617,5.8316,0.25324,-0.8188,-0.7278,-8.8495,-1.2644,-6.6538,-0.70529,0.013294,0.10493,-0.72448,-0.03028,-0.0090346,0.042503,-0.14975,7.759,-0.86436,0.15731,0.87313,-7.4818,-2.8866,-8.3612
2.6,-0.70989,0.03525,0.093226,-0.73563,-0.029689,-0.0049383,0.038033,2.1748,6.5622,-1.3589,-1.3289,-2.5898,-9.4044,-2.6339,-9.4566,-0.67763,0.019458,0.10269,-0.70589,-0.028497,-0.015872,0.035674,1.185,6.2391,-0.17242,-2.1846,-1.6372,-7.3916,-0.24676,-9.0761
2.7,-0.6876,0.033076,0.12662,-0.71748,-0.051326,-0.0055975,0.041798,0.10085,7.9974,-1.3011,-2.757,-1.5284,-9.5217,-1.4071,-11.084,-0.68465,0.028115,0.11505,-0.72072,-0.03466,-0.0045525,0.038371,0.24487,7.4374,0.28784,-2.0315,-1.2383,-8.6192,-0.19745,-10.017
2.8,-0.6704,0.021475,0.11308,-0.74124,-0.038385,-0.0093447,0.035662,-1.6875,7.7963,-0.83083,-0.66275,-3.2154,-10.004,-1.5657,-8.8181,-0.67739,0.026963,0.12481,-0.70919,-0.040465,-0.01211,0.053183,1.5138,6.4829,-0.99652,-2.169,0.074018,-8.9167,-0.96986,-9.632
2.9,-0.69354,0.012534,0.092102,-0.72735,-0.043654,-0.014903,0.043953,1.2149,8.0287,-0.81949,-0.9215,-1.4056,-9.1365,0.49957,-10.054,-0.67504,0.030262,0.10223,-0.70445,-0.035272,-0.010917,0.049859,1.4372,7.531,-1.4271,-1.8849,-2.2395,-8.5365,-1.1074,-11.788
3,-0.67452,0.029446,0.09628,-0.7071,-0.054977,-0.020763,0.04265,0.98222,8.7042,-0.48033,-1.8404,-2.4473,-10.151,-1.0582,-11.511,-0.68648,0.017496,0.11263,-0.71663,-0.043078,-0.018385,0.033187,0.64496,8.7341,1.8447,-2.2197,-2.2983,-11.999,-2.0601,-10.198
3.1,-0.69222,0.023739,0.1177,-0.71727,-0.042315,-0.01196,0.044206,-0.41209,8.5389,1.8093,-2.8063,0.37741,-9.9854,-1.0566,-11.864,-0.68369,0.046611,0.10583,-0.72051,-0.045642,-0.010842,0.052584,0.74978,8.5853,-2.3645,-0.032323,-1.7929,-11.438,-1.6157,-11.986
3.2,-0.68139,0.027872,0.10893,-0.71342,-0.055234,-0.010223,0.046847,1.1117,8.6084,-0.51399,-5.5231,-0.78574,-8.5232,-3.143,-11.028,-0.6864,0.027795,0.09463,-0.72929,-0.045602,-0.018579,0.062677,0.87769,8.6501,0.67584,-2.84,-0.17426,-10.297,-1.2057,-11.752
3.3,-0.67735,0.026319,0.10134,-0.73801,-0.038783,-0.015952,0.055631,0.98638,10.026,-2.1012,-1.343,-0.85278,-10.99,-1.2696,-11.763,-0.67266,0.029327,0.095811,-0.71224,-0.047031,-0.013537,0.05161,1.6798,8.9932,-1.5274,-2.1092,0.094409,-11.154,-1.2331,-13.797
3.4,-0.65438,0.020762,0.11363,-0.71984,-0.057372,-0.017106,0.046928,1.2075,9.8797,-1.9698,-5.0625,0.78019,-12.158,-0.43254,-12.057,-0.68556,0.018723,0.12944,-0.72502,-0.045743,-0.014152,0.041267,0.62664,9.7804,-1.4685,-2.912,-1.6219,-11.033,-0.74197,-11.63
3.5,-0.67101,0.041131,0.10016,-0.7275,-0.050478,-0.0087003,0.056689,1.0575,9.54,0.43337,-1.7782,-1.0951,-12.364,-0.64902,-10.589,-0.66514,0.053933,0.10228,-0.72914,-0.045506,-0.01574,0.061893,1.079,10.833,0.60639,-2.5983,0.83426,-11.942,-2.3404,-12.05
3.6,-0.67226,0.033579,0.088783,-0.73298,-0.051207,-0.018279,0.054123,2.3703,9.066,2.6912,-2.2986,-0.32489,-13.567,-0.74241,-12.877,-0.66655,0.023306,0.089287,-0.73859,-0.052514,-0.003979,0.049222,3.3366,10.223,-1.1012,-3.3382,-1.717,-11.461,-1.2116,-14.42
3.7,-0.66802,0.042017,0.085884,-0.73578,-0.043826,-0.015653,0.046054,-0.61985,11.428,0.11866,-2.8584,0.99952,-11.925,-0.49581,-12.525,-0.67274,0.049667,0.093131,-0.72812,-0.049171,-0.021552,0.05071,0.744,9.1318,-0.68725,-2.9351,-1.3283,-12.476,-1.5476,-15.283
3.8,-0.66034,0.032242,0.11313,-0.75348,-0.046323,-0.0096099,0.059924,1.8755,10.882,-1.5258,-2.8556,0.32676,-12.058,-1.4806,-13.45,-0.6648,0.028862,0.10283,-0.7458,-0.055473,-0.011884,0.051465,0.91198,7.9329,-1.4284,-3.5896,-1.5529,-13.506,-0.29185,-12.244
3.9,-0.67457,0.035269,0.09914,-0.74056,-0.056599,-0.0084504,0.05448,0.75101,11.364,1.331,-1.6015,0.56288,-13.965,-2.9263,-14.189,-0.66593,0.032888,0.083463,-0.73163,-0.050384,-0.008257,0.060743,0.27416,10.728,-0.4972,-1.9336,-0.16686,-10.876,-0.3738,-15.603
4,-0.66381,0.056196,0.098078,-0.73236,-0.050261,-0.0082667,0.060926,1.0074,9.4534,-1.4225,-5.0605,-1.7773,-13.149,-0.10906,-12.144,-0.66331,0.041691,0.088145,-0.74101,-0.05863,-0.020888,0.054508,0.28803,11.136,-1.9085,-5.1172,-0.95851,-14.023,1.4265,-14.922
4.1,-0.65727,0.03611,0.084704,-0.7348,-0.05624,-0.0077882,0.064614,-0.04093,10.588,0.23166,-3.1671,-1.8851,-12.297,-0.59081,-14.54,-0.66499,0.025692,0.084173,-0.75225,-0.054804,-0.0055491,0.066653,1.0894,8.3551,-1.9544,-5.172,-2.3413,-12.521,-2.5585,-13.907
4.2,-0.6664,0.053101,0.10016,-0.74702,-0.052972,-0.015278,0.058219,-0.50443,11.758,-1.3182,-5.5018,-1.9213,-14.917,-0.37527,-14.632,-0.66218,0.064863,0.089404,-0.74772,-0.061651,-0.018966,0.056124,1.2921,8.2251,-2.5579,-4.86,0.11015,-12.846,-0.27633,-14.255
4.3,-0.65157,0.064659,0.095392,-0.73873,-0.072123,-0.012704,0.050873,1.6231,10.175,-0.99442,-4.4682,1.3926,-13.592,-1.7772,-15.071,-0.66247,0.067402,0.088652,-0.74046,-0.067365,-0.014126,0.062943,0.35798,12.066,0.42351,-3.1537,-2.8204,-13.548,-1.8074,-18.201
4.4,-0.64032,0.055294,0.083074,-0.73826,-0.056797,-0.011874,0.056128,-0.42768,9.8283,0.16005,-5.2931,-1.6204,-13.453,-3.2831,-16.531,-0.63887,0.040614,0.083122,-0.74555,-0.053889,-0.011771,0.058475,-0.72542,13.148,-0.69184,-5.9978,0.32288,-13.496,-1.452,-16.847
4.5,-0.65533,0.068329,0.086346,-0.75938,-0.065193,-0.020663,0.064454,2.6938,11.341,0.69222,-4.9915,-1.4805,-13.762,-1.5508,-16.483,-0.63895,0.05465,0.08228,-0.75771,-0.060999,-0.012931,0.069702,0.45256,11.648,-0.18277,-6.3093,-0.0083644,-11.178,-1.9714,-16.666
4.6,-0.63932,0.064043,0.09,-0.76503,-0.071119,-0.0089149,0.061135,0.65592,13.237,-2.0187,-5.5417,0.8465,-13.162,-1.1847,-17.62,-0.62748,0.065921,0.078745,-0.76581,-0.073711,-0.01404,0.065229,0.72779,10.556,-1.6939,-7.4303,0.50604,-11.874,-0.69669,-16.285
4.7,-0.64884,0.06381,0.085771,-0.75931,-0.065561,-0.010335,0.060101,2.7325,10.995,-0.91921,-5.2291,0.70448,-16.011,-1.8617,-18.787,-0.64806,0.053602,0.097022,-0.76262,-0.076829,-0.0053045,0.064624,-0.082244,12.923,-2.4804,-6.9402,-0.40545,-13.683,0.404,-18.105
4.8,-0.65976,0.069943,0.070585,-0.76918,-0.072621,-0.016484,0.069058,0.78105,12.764,-2.0544,-6.155,-1.55,-13.845,-0.31011,-18.14,-0.65404,0.080539,0.084192,-0.74613,-0.069314,-0.014821,0.064084,0.2135,11.741,-1.4281,-5.4518,-1.4774,-12.026,-1.0593,-17.91
4.9,-0.63903,0.079915,0.071574,-0.75848,-0.061947,-0.013502,0.064078,1.7106,15.919,-1.1979,-5.7884,-0.87313,-12.779,-2.0495,-17.495,-0.63845,0.056516,0.06321,-0.77735,-0.06161,-0.0082918,0.083735,-0.069647,12.431,-1.2298,-6.7866,-2.32,-13.304,-0.20702,-17.558
5,-0.6387,0.052054,0.089629,-0.77793,-0.067272,-0.012767,0.068939,0.77949,13.138,-1.8643,-6.2206,-1.1397,-12.385,-1.2468,-18.429,-0.61068,0.059255,0.072809,-0.77364,-0.07549,-0.008539,0.067855,1.9419,13.043,-1.1948,-5.7297,-0.56169,-13.403,-1.4057,-19.297
5.1,-0.63267,0.067821,0.067408,-0.77183,-0.071099,-0.021125,0.073187,-0.7851,12.297,-2.8981,-8.0342,-1.1317,-12.037,-1.3216,-17.755,-0.62908,0.068243,0.056033,-0.75286,-0.082265,-0.017373,0.07257,0.86115,14.318,-0.67526,-6.9769,-0.030452,-13.784,-0.20112,-17.825
5.2,-0.63735,0.067189,0.069187,-0.76104,-0.073103,-0.0035343,0.06428,0.32137,15.845,-0.9038,-7.8745,0.45377,-13.93,-1.1409,-20.032,-0.6153,0.076995,0.092287,-0.77643,-0.082108,-0.016407,0.065352,0.46259,13.55,0.80645,-9.1702,-1.1482,-13.644,-1.491,-16.642
5.3,-0.626,0.094999,0.061824,-0.78482,-0.082106,-0.017239,0.068368,2.2027,15.269,-0.79972,-7.7961,1.1198,-13.663,-1.2152,-17.788,-0.62984,0.087505,0.080347,-0.76744,-0.075773,-0.013205,0.074132,2.9804,13.843,-2.2512,-6.6994,-0.61701,-11.527,-0.88395,-17.253
5.4,-0.61208,0.078246,0.052314,-0.7552,-0.073005,-0.014724,0.078084,-0.49856,14.377,0.84495,-8.2583,-2.3905,-13.529,0.09293,-19.223,-0.61803,0.07788,0.07717,-0.784,-0.074875,-0.0054033,0.067804,-0.52829,14.991,0.32974,-8.2281,-1.4801,-14.111,-0.64797,-18.91
5.5,-0.62279,0.085056,0.059541,-0.78407,-0.075158,-0.011241,0.073155,0.27018,16.044,-0.45797,-8.1879,-0.76692,-12.411,1.2307,-19.246,-0.6057,0.092807,0.068446,-0.76851,-0.079655,-0.01238,0.072738,2.2527,14.068,-1.8224,-9.3241,-0.86149,-13.699,-2.4455,-19.62
5.6,-0.62634,0.079295,0.069735,-0.77857,-0.080558,-0.015886,0.063166,0.53322,15.48,-1.7264,-9.624,-0.6965,-13.115,-0.63735,-20.237,-0.60507,0.086327,0.067943,-0.7887,-0.072643,-0.0097968,0.07101,1.7382,13.356,-2.1955,-11.921,0.58929,-14.908,-1.1443,-20.787
5.7,-0.62154,0.079975,0.072336,-0.80032,-0.089635,-0.0082818,0.063287,1.0255,16.159,-1.675,-9.4129,1.3696,-15.764,-2.2818,-22.351,-0.61291,0.11063,0.065807,-0.79732,-0.08386,-0.0054803,0.076627,1.5493,14.668,-3.3228,-9.25,-0.17455,-12.175,-1.2999,-19.645
5.8,-0.62303,0.090914,0.051799,-0.7638,-0.074136,-0.013435,0.071016,1.2222,15.507,-1.7688,-8.6398,0.094573,-16.878,-0.41332,-20.758,-0.59601,0.096639,0.072457,-0.75981,-0.086983,-0.015471,0.076476,1.2004,15.816,-0.61655,-9.8007,0.36603,-13.996,-0.88389,-19.287
5.9,-0.59969,0.10873,0.048673,-0.78758,-0.085274,-0.0059761,0.06663,-1.1163,15.843,-0.86223,-10.909,0.43472,-14.34,-0.67757,-21.516,-0.59183,0.090254,0.052305,-0.76993,-0.077253,-0.00068973,0.067264,1.1092,16.852,-1.2817,-11.136,-0.66491,-14.676,0.10459,-21.537
6,-0.58807,0.0702,0.047666,-0.79749,-0.088405,-0.016412,0.080578,0.14577,16.47,0.004757,-10.865,-1.3029,-14.945,-1.7215,-20.159,-0.59071,0.11425,0.045262,-0.80248,-0.088124,-0.0036928,0.070959,1.0196,15.554,-0.47557,-10.419,-0.22565,-14.63,-0.98431,-21.898
6.1,-0.60653,0.080973,0.053456,-0.7909,-0.085191,-0.0093013,0.078704,0.18109,16.331,-0.79734,-11.168,-1.2631,-14.847,-1.7341,-23.36,-0.61516,0.10869,0.057001,-0.7813,-0.088125,-0.0058174,0.07211,2.7529,15.26,-1.8758,-12.313,-0.97928,-12.117,-0.76137,-24.288
6.2,-0.59468,0.10003,0.056356,-0.80234,-0.089685,-0.0033761,0.078092,2.344,17.01,-2.8432,-11.102,-2.7753,-14.516,-0.25828,-23.763,-0.60202,0.1126,0.035607,-0.80537,-0.090867,-0.0057619,0.076966,0.74092,14.885,-0.19748,-10.754,-0.1916,-13.863,-1.4926,-22.894
6.3,-0.59504,0.10004,0.046684,-0.80012,-0.098966,-0.01412,0.076352,1.3504,17.89,-0.9939,-13.637,0.71366,-14.617,-1.509,-21.093,-0.60975,0.099114,0.053157,-0.79344,-0.087341,-0.01462,0.071303,0.80152,16.004,-0.71374,-12.853,0.29638,-14.739,-1.5156,-23.257
6.4,-0.57799,0.10484,0.055961,-0.8064,-0.091236,-0.016472,0.087983,1.2468,16.659,-0.93495,-11.716,1.1979,-14.3,-1.4423,-22.575,-0.56882,0.10491,0.047373,-0.79661,-0.094427,-0.0094013,0.069111,2.6333,16.617,0.53432,-11.287,-0.58457,-14.75,-0.84515,-23.833
6.5,-0.57981,0.10992,0.059757,-0.80747,-0.0842,-0.016774,0.082452,1.2963,16.638,0.069095,-14.203,0.021817,-14.948,-1.8261,-24.777,-0.58304,0.10478,0.064808,-0.79105,-0.085491,-0.0085841,0.072362,2.1065,16.406,0.57355,-12.952,-0.49375,-13.048,-0.060757,-24.336
6.6,-0.56971,0.11903,0.035317,-0.82173,-0.090134,-0.021719,0.080698,-0.056914,16.048,-2.8478,-13.954,3.4689,-12.912,-2.1435,-24.389,-0.57864,0.11632,0.040356,-0.79793,-0.10052,-0.00018384,0.079813,1.5889,18.298,-1.3989,-13.214,0.78317,-12.425,-2.8829,-22.787
6.7,-0.5773,0.12006,0.031069,-0.82168,-0.10023,-0.0076977,0.0736,0.7296,18.18,-1.3425,-12.836,0.39235,-12.583,-0.55328,-25.3,-0.57747,0.10626,0.028294,-0.8152,-0.094817,-0.0068677,0.085186,2.3505,17.536,-1.7241,-11.422,0.72083,-11.553,-2.9971,-23.172
6.8,-0.57671,0.11936,0.040116,-0.81324,-0.10971,-0.010232,0.07149,0.58717,16.665,-1.1885,-12.934,1.0169,-12.611,-0.57736,-25.572,-0.57093,0.12349,0.049891,-0.7989,-0.090451,-0.011081,0.077777,2.0709,18.453,-0.21845,-15.767,-1.4852,-9.8643,-0.44772,-24.497
6.9,-0.56831,0.11531,0.050653,-0.81505,-0.099456,-0.014048,0.07567,0.57006,19.392,-0.17331,-14.706,-0.80286,-14.312,-0.69426,-24.507,-0.56477,0.10607,0.035342,-0.82965,-0.10003,-0.019125,0.077706,1.1968,17.445,-1.9618,-12.915,0.46144,-11.231,-0.68528,-25.873
7,-0.56378,0.1161,0.039155,-0.80606,-0.097963,-0.0067037,0.082347,1.2552,17.691,-0.92255,-15.224,-0.6804,-15.326,-0.35294,-24.557,-0.56489,0.10916,0.022861,-0.8015,-0.095417,-0.004087,0.073008,0.99995,17.286,-1.5126,-11.471,0.50497,-14.068,0.6406,-26.16
7.1,-0.55428,0.13424,0.02887,-0.81248,-0.10378,-0.0071046,0.083542,-0.293,18.83,-0.43344,-15.745,1.399,-13.313,0.0030674,-28.001,-0.55047,0.12212,0.029368,-0.8372,-0.10762,-0.013413,0.082217,0.52861,17.987,0.58699,-16.945,-0.062636,-11.695,-0.24136,-25.112
7.2,-0.54941,0.11058,0.021421,-0.82761,-0.1163,-0.008305,0.071947,-0.58158,17.7,0.66678,-15.205,1.8058,-13.007,-2.3275,-25.95,-0.55678,0.14835,0.024079,-0.81802,-0.093556,-0.0065235,0.088007,0.60152,18.488,-1.0122,-15.529,1.2084,-12.731,-2.3372,-26.327
7.3,-0.53945,0.10774,0.022847,-0.81425,-0.1052,-0.0078464,0.077449,1.2398,15.697,-1.723,-17.834,2.1916,-11.669,-1.1267,-26.702,-0.55465,0.1182,0.015811,-0.83033,-0.10271,-0.0011867,0.069793,0.93727,17.861,-0.7274,-15.966,-0.2608,-11.7,-2.6069,-26.502
7.4,-0.53659,0.12729,0.0092148,-0.84683,-0.1167,-0.0024664,0.087463,0.82967,18.507,-3.0031,-16.048,1.3528,-11.178,-1.1153,-27.341,-0.53217,0.14338,0.029516,-0.82999,-0.10589,-0.0066226,0.075752,0.92304,19.91,-0.6462,-15.258,0.45313,-11.135,-0.50822,-28.272
7.5,-0.54078,0.14282,0.02255,-0.82229,-0.1042,-0.0011438,0.078705,1.7513,20.809,-1.2267,-17.069,1.1389,-12.329,-0.28204,-26.786,-0.53808,0.13683,0.023756,-0.83873,-0.098493,-0.0032428,0.08425,1.0102,20.232,-0.60044,-16.366,2.2001,-12.999,-2.9121,-29.318
7.6,-0.51443,0.13266,0.013226,-0.84783,-0.11875,-0.0019258,0.078995,0.75388,21.438,-1.8989,-16.562,-0.75082,-11.585,-2.0378,-27.742,-0.53003,0.12749,0.020506,-0.85515,-0.11241,-0.0026313,0.079705,-0.36192,21.825,0.53785,-17.322,0.25725,-9.5081,-2.4919,-30.387
7.7,-0.53431,0.15312,0.0062267,-0.82498,-0.11455,-0.0071259,0.082753,-1.6412,19.411,-2.4271,-16.38,0.10127,-11.431,-0.84416,-29.127,-0.52643,0.14083,0.0033739,-0.82573,-0.11058,-0.0054155,0.083192,2.0732,21.531,-0.84147,-17.536,-0.082207,-11.526,-1.9709,-29.016
7.8,-0.49754,0.14266,0.017282,-0.84394,-0.11687,-0.015934,0.072429,1.2592,21.385,-1.2996,-17.031,1.3602,-11.032,-1.3585,-29.238,-0.52177,0.13928,0.0069367,-0.84448,-0.11223,-0.0020938,0.074432,-0.86148,19.6,-1.5801,-17.409,0.39188,-11.662,-0.22675,-31.326
7.9,-0.51624,0.14123,0.0053748,-0.84784,-0.11543,-0.0059163,0.087798,0.70895,19.647,0.52299,-19.375,0.11718,-10.721,0.24647,-30.342,-0.53631,0.15112,0.023,-0.82725,-0.11381,-0.0020836,0.085247,1.8963,21.1,0.50879,-19.741,0.25504,-12.363,-1.4733,-30.162
8,-0.49952,0.13118,0.026254,-0.84651,-0.11212,-0.005943,0.071151,0.18397,18.368,-2.2585,-18.714,0.4537,-9.6263,-1.5354,-31.286,-0.50091,0.15474,0.014541,-0.852,-0.11606,0.00013507,0.077234,-0.67442,21.76,-0.36666,-16.776,0.96096,-10.795,-1.738,-30.418
8.1,-0.50366,0.14645,0.0049536,-0.86113,-0.11987,-0.0089899,0.077652,1.5733,19.723,-0.77532,-19.137,1.4597,-10.74,-0.7769,-30.687,-0.50723,0.12672,-0.0080357,-0.85494,-0.10909,-0.009989,0.087077,1.2685,20.361,-2.6023,-19.402,-0.57879,-8.7956,-0.679,-29.487
8.2,-0.503,0.1406,0.00016175,-0.85074,-0.11683,-0.0070739,0.084343,-1.3377,19.39,-1.2672,-18.334,-0.3663,-9.3258,-1.3694,-31.446,-0.50056,0.14717,-0.022071,-0.85084,-0.11798,0.001772,0.077678,2.9195,21.663,-1.2472,-18.545,0.80758,-9.0008,-0.042199,-30.734
8.3,-0.49281,0.12245,-0.018877,-0.85788,-0.12995,-0.0023211,0.079779,-0.48335,21.315,-1.9506,-18.52,1.5209,-9.214,-0.62345,-29.235,-0.48782,0.14288,0.0053321,-0.86885,-0.11491,-0.0049814,0.077369,0.2778,21.494,-2.6691,-20.224,0.03204,-9.9064,-0.4501,-30.02
8.4,-0.49515,0.14839,-0.0041029,-0.85993,-0.11807,-0.016724,0.069795,0.1642,21.566,-1.4883,-19.459,0.88135,-10.11,-1.3057,-31.162,-0.48811,0.1548,0.0084183,-0.86303,-0.11632,-0.0073613,0.074445,2.4674,20.956,-1.5857,-19.921,2.3326,-9.427,-0.27183,-30.301
8.5,-0.47128,0.15368,-0.0053127,-0.86071,-0.12782,-0.006259,0.069802,1.2245,21.149,-1.3048,-20.955,1.0993,-8.0533,-1.5309,-30.158,-0.47381,0.1502,0.0073021,-0.86556,-0.11619,-0.0082915,0.079999,0.48542,20.945,-1.7356,-21.106,-0.98139,-7.0761,-2.2248,-29.666
8.6,-0.48172,0.15088,-0.0037602,-0.86986,-0.12634,-0.0068649,0.078135,1.6415,22.89,-1.1058,-21.338,2.4264,-5.9217,-1.7135,-33.878,-0.45992,0.14994,-0.010971,-0.86527,-0.11522,-0.0071758,0.082285,2.6374,21.622,-4.217,-20.534,-0.46824,-7.7638,-1.2945,-32.122
8.7,-0.44945,0.16213,-0.022327,-0.85149,-0.12113,-0.0023368,0.068168,-0.75508,21.341,-1.7708,-21.12,0.88066,-6.8868,-0.49763,-33.005,-0.46964,0.1566,-0.013969,-0.87841,-0.12465,-0.0032713,0.078948,1.8319,21.99,-1.8545,-21.883,-0.0055632,-7.0347,-0.11692,-32.584
8.8,-0.44379,0.15672,-0.001323,-0.87234,-0.11565,0.0089041,0.072627,1.1862,23.156,-3.9857,-21.25,1.6852,-8.2677,-1.1804,-30.264,-0.47246,0.15626,-0.0095614,-0.88215,-0.11616,-0.0055353,0.078273,0.83709,21.906,-2.0265,-20.282,0.18744,-7.6866,-1.7981,-33.785
8.9,-0.4412,0.15355,-0.032097,-0.889,-0.12388,-0.0018234,0.078708,0.39883,23.303,-0.60172,-21.807,0.68977,-6.359,-1.4149,-32.755,-0.44057,0.15079,-0.011651,-0.86305,-0.12887,0.0055273,0.077574,0.74934,24.271,-1.0537,-24.3,2.7729,-7.2931,-1.091,-30.53
9,-0.46816,0.17359,-0.022044,-0.88737,-0.12674,0.0056716,0.072861,0.49481,23.214,-1.6338,-20.875,-0.021331,-6.9123,-0.62036,-33.614,-0.45598,0.17131,-0.009321,-0.86387,-0.13063,-0.0038753,0.075108,0.93454,23.377,-1.2638,-22.215,0.58986,-7.7225,-1.1695,-34.038
9.1,-0.45072,0.17137,-0.008546,-0.89947,-0.13178,0.0026341,0.076834,1.8491,22.682,-1.5866,-22.127,-1.1491,-9.0744,0.02514,-31.532,-0.45658,0.17172,-0.015035,-0.88084,-0.13222,-0.003265,0.06879,0.66207,21.481,-0.32497,-23.789,-0.46657,-6.2112,-1.0848,-31.961
9.2,-0.42467,0.1683,-0.023791,-0.88897,-0.13041,0.0063314,0.073722,0.93118,21.537,-1.5445,-23.148,1.4417,-7.8316,-0.73455,-32.275,-0.44699,0.17046,-0.02858,-0.86761,-0.12913,-0.011157,0.082207,0.95366,21.805,-0.20866,-22.783,2.8878,-5.533,-0.046644,-34.969
9.3,-0.43704,0.17557,-0.043056,-0.8906,-0.12921,0.0034896,0.08061,1.5611,23.104,-1.3897,-22.55,2.5311,-6.4919,-3.0893,-33.091,-0.41926,0.16399,-0.033829,-0.88579,-0.13209,0.0012633,0.07583,-0.32874,22.074,-2.324,-23.895,0.61401,-8.1526,0.73118,-34.163
9.4,-0.4229,0.15963,-0.039788,-0.90024,-0.13343,0.012697,0.077145,1.754,22.557,-0.65912,-24.532,1.044,-6.0936,1.6979,-33.96,-0.45387,0.17059,-0.042496,-0.901,-0.1267,0.0077151,0.074288,1.3231,23.264,-2.9483,-23.508,1.2092,-5.1054,-0.28378,-34.091
9.5,-0.42463,0.18013,-0.030299,-0.88922,-0.13095,0.0036431,0.075011,0.74488,23.453,-1.8998,-23.426,-0.20719,-3.4828,-0.10872,-33.553,-0.41571,0.17848,-0.018355,-0.89309,-0.13996,-0.0012092,0.070332,-0.64378,24.176,-2.8507,-23.806,0.56861,-4.637,1.5503,-34.022
9.6,-0.39164,0.17559,-0.018763,-0.89356,-0.13355,0.00023292,0.065135,0.8234,23.685,-0.90809,-23.564,1.2977,-7.0229,1.5378,-33.82,-0.39554,0.17181,-0.025826,-0.88599,-0.12891,-0.0010476,0.067605,0.25771,24.792,-0.39446,-24.767,0.41429,-4.4406,0.038666,-33.727
9.7,-0.41154,0.19282,-0.033469,-0.89116,-0.12769,0.0072818,0.066001,1.219,25.158,-2.2026,-25.656,2.0162,-6.5628,-1.0183,-33.116,-0.3958,0.171,-0.029573,-0.87434,-0.12946,0.011021,0.071047,2.4758,23.486,0.55245,-25.332,2.9978,-5.834,1.4194,-33.886
9.8,-0.39922,0.17295,-0.051441,-0.90817,-0.1399,0.0012603,0.073957,1.9235,24.387,-0.37374,-25.219,0.74595,-3.9793,0.5738,-33.782,-0.39519,0.18987,-0.032036,-0.91959,-0.13362,0.0039204,0.071593,0.14307,26.065,-1.9523,-25.766,1.1623,-3.1016,1.1731,-33.055
9.9,-0.38688,0.17024,-0.022382,-0.9087,-0.13728,-0.00057518,0.066489,1.2889,25.28,-0.57834,-26.239,1.4593,-4.668,1.6508,-34.8,-0.39216,0.16578,-0.042689,-0.91284,-0.13673,0.0077708,0.075035,-0.44987,23.501,-0.072365,-26.435,1.9051,-1.9904,0.37951,-32.998
10,-0.37591,0.16755,-0.0566,-0.92627,-0.13834,0.0075408,0.058885,0.96158,26.38,-1.1606,-24.843,-0.78106,-4.1575,-0.88838,-32.719,-0.37555,0.15661,-0.044447,-0.89755,-0.13766,0.0087627,0.0741,1.2624,26.826,-2.0631,-27.021,0.85298,-4.0032,-0.70707,-34.457
10.1,-0.36176,0.1631,-0.059898,-0.88182,-0.14508,-0.000217,0.071997,0.87042,24.074,-2.095,-26.602,0.79838,-2.7845,-0.19469,-34.724,-0.37168,0.18549,-0.054236,-0.90891,-0.13539,0.011854,0.077295,1.1953,25.926,-1.9098,-26.437,-0.83315,-5.4604,-0.36274,-31.397
10.2,-0.35791,0.18192,-0.04983,-0.91801,-0.13876,0.0072543,0.068776,0.16924,26.978,-3.3815,-28.641,-0.74635,-3.6115,-0.79702,-32.517,-0.37205,0.17948,-0.043147,-0.92381,-0.14074,0.007254,0.065584,0.6674,26.795,-1.547,-26.836,-0.02817,-2.5489,-0.42256,-32.029
10.3,-0.36527,0.18862,-0.062163,-0.92367,-0.1339,0.0073009,0.062217,1.4167,27.063,0.037116,-26.53,1.8207,-2.0598,0.66293,-32.238,-0.37157,0.1671,-0.052541,-0.92889,-0.13657,0.011951,0.071563,1.0119,26.174,-0.36365,-27.873,0.049589,-3.4079,-2.0827,-32.893
10.4,-0.35636,0.18403,-0.034959,-0.92894,-0.13755,0.0035747,0.066573,1.2887,26.396,-0.94323,-29.931,0.11371,-1.8714,0.12045,-32.72,-0.35897,0.16592,-0.039983,-0.89489,-0.13335,0.015252,0.056872,-0.64434,26.964,-0.28349,-27.415,0.51123,-3.0682,-0.11858,-30.114
10.5,-0.3638,0.17817,-0.038478,-0.91072,-0.13834,0.015122,0.060405,0.91658,27.149,-1.3279,-28.444,0.017309,-1.178,-0.094467,-33.122,-0.35226,0.18225,-0.072564,-0.91,-0.13415,0.014405,0.069225,0.51317,27.131,-2.0396,-27.251,2.083,-2.1204,0.57867,-30.969
10.6,-0.34042,0.17124,-0.058922,-0.91943,-0.14311,0.010361,0.068151,1.2958,26.165,-2.6702,-29.303,0.037713,-3.4237,0.051595,-31.374,-0.33451,0.18482,-0.052075,-0.91989,-0.13636,0.0081402,0.066712,0.48613,27.294,-3.1272,-30.379,1.277,-2.2895,0.62344,-32.171
10.7,-0.33793,0.18561,-0.047266,-0.90231,-0.13648,0.017346,0.059748,1.6061,28.219,-0.24452,-29.255,1.6236,-1.9948,0.087941,-29.92,-0.32215,0.18392,-0.058119,-0.92182,-0.13191,0.016588,0.065385,-0.57199,25.388,-1.949,-30.653,-0.6858,-2.4772,1.6574,-31.931
10.8,-0.31957,0.19778,-0.050964,-0.90797,-0.13447,0.019309,0.059916,1.0782,26.329,0.13718,-30.769,-0.59224,1.4214,2.6576,-30.82,-0.32432,0.18665,-0.053433,-0.91197,-0.14413,0.012791,0.064048,1.6411,27.636,-1.0247,-30.648,1.7431,-0.85357,-0.075798,-29.718
10.9,-0.30865,0.18917,-0.06229,-0.9303,-0.13886,0.021899,0.055879,-0.28782,27.87,-0.11154,-29.389,1.3459,-3.6176,2.5603,-29.966,-0.31954,0.19312,-0.053562,-0.91426,-0.13926,0.020366,0.058141,1.2344,27.213,-0.57384,-30.293,2.8474,-1.6922,1.243,-31.187
11,-0.31591,0.19825,-0.048277,-0.91375,-0.13387,0.021097,0.050064,0.67323,26.671,0.14222,-29.45,1.8483,0.02749,1.6387,-29.478,-0.30688,0.19318,-0.043691,-0.92728,-0.13525,0.015614,0.060752,0.27963,26.981,-0.36803,-30.234,0.99398,-0.57912,1.1945,-28.517
11.1,-0.31082,0.17692,-0.042748,-0.92091,-0.13562,0.019373,0.052133,-0.37102,27.376,-2.231,-30.341,0.22075,1.128,0.9833,-29.323,-0.31988,0.20213,-0.058665,-0.94261,-0.14824,0.019615,0.050537,1.4132,26.73,-1.0573,-30.705,0.017613,0.71385,-0.43071,-29.042
11.2,-0.31507,0.19409,-0.069163,-0.93338,-0.14431,0.0085279,0.054854,1.0019,28.574,0.1847,-30.559,0.6275,-1.4964,0.33456,-30.735,-0.29652,0.17722,-0.041969,-0.93415,-0.1365,0.024944,0.055189,0.68696,28.448,-0.90331,-31.163,2.1093,-0.9128,-0.068119,-30.636
11.3,-0.27227,0.16612,-0.03725,-0.93673,-0.14154,0.02815,0.065655,-0.33482,28.568,0.2243,-32.759,0.65104,-0.86396,0.11361,-30.941,-0.3039,0.17673,-0.053854,-0.92404,-0.14142,0.021883,0.049124,1.4937,29.22,-0.92354,-32.357,-0.25514,1.9885,-0.58555,-29.564
11.4,-0.27755,0.18752,-0.052602,-0.94394,-0.14259,0.023282,0.05727,-0.91936,28.797,-1.9326,-30.906,1.2886,-1.0438,-0.16348,-28.359,-0.29617,0.16395,-0.052187,-0.94858,-0.13896,0.024473,0.061154,0.14221,28.345,-3.4696,-31.576,1.4541,0.42982,1.4225,-28.85
11.5,-0.27526,0.18969,-0.07431,-0.9436,-0.14798,0.022805,0.059781,0.68958,28.86,-2.6429,-33.49,0.052911,0.24167,1.3783,-28.268,-0.27022,0.18098,-0.076776,-0.93204,-0.14247,0.021837,0.047626,1.2632,27.819,0.91959,-34.132,0.41587,3.0936,2.851,-29.018
11.6,-0.29332,0.18336,-0.065167,-0.93022,-0.14758,0.026326,0.048824,-2.273,28.056,-1.9767,-34.001,0.36792,1.4698,-0.44827,-29.166,-0.25138,0.1684,-0.058665,-0.92176,-0.13421,0.029639,0.054222,-0.24396,27.314,-1.7003,-32.534,-0.054146,1.1545,0.33935,-26.945
11.7,-0.25497,0.16733,-0.064749,-0.93664,-0.14798,0.029149,0.05169,0.5218,28.335,-2.7908,-32.967,1.7565,0.99122,1.1984,-28.136,-0.24868,0.18434,-0.084919,-0.93454,-0.13493,0.027837,0.043898,0.50465,28.434,-1.811,-33.936,2.4962,2.7639,1.0866,-29.532
11.8,-0.25239,0.1931,-0.058364,-0.94589,-0.14535,0.022668,0.046522,1.6426,28.67,-1.4061,-31.501,1.344,0.59843,-1.3231,-26.948,-0.2655,0.16545,-0.072019,-0.92387,-0.14419,0.035131,0.046036,-0.7703,28.13,0.066381,-33.046,1.5457,2.18,1.2361,-27.759
11.9,-0.25905,0.17949,-0.067459,-0.93553,-0.13888,0.026052,0.051255,0.84722,29.046,-1.1037,-34.655,2.7627,2.7152,0.48129,-26.061,-0.26389,0.17841,-0.060269,-0.96268,-0.1428,0.030953,0.045435,0.060473,29.246,-2.3821,-34.96,1.1886,2.3188,-0.013508,-27.396
12,-0.22943,0.17837,-0.072028,-0.9541,-0.13813,0.034517,0.044633,0.96885,28.854,-0.84829,-34.286,0.12524,3.3509,1.0356,-26.58,-0.24105,0.20002,-0.071558,-0.96745,-0.14659,0.041859,0.039755,1.9958,30.099,-0.81789,-33.202,1.3985,2.1306,3.3257,-26.912
12.1,-0.24129,0.19783,-0.052808,-0.95825,-0.13309,0.035984,0.046546,0.2737,30.308,1.184,-35.203,0.97308,4.0876,0.045126,-29.239,-0.23687,0.16623,-0.06935,-0.95251,-0.13653,0.034736,0.039403,0.055212,30.399,-0.40769,-33.596,-0.05569,3.8526,-0.83428,-26.458
12.2,-0.20863,0.19799,-0.068341,-0.94619,-0.14069,0.035723,0.037672,0.46962,29.577,-2.2224,-36.381,1.2383,4.707,-0.14046,-25.198,-0.22558,0.17753,-0.080871,-0.95913,-0.15358,0.037889,0.036632,-2.2934,29.268,-1.2512,-35.315,1.5913,5.053,0.87383,-26.565
12.3,-0.23352,0.19528,-0.069608,-0.94551,-0.14571,0.045145,0.035112,2.7786,30.196,-3.3053,-34.762,0.51254,4.5211,1.0835,-27.093,-0.21193,0.17657,-0.074413,-0.97075,-0.13812,0.035104,0.043386,-0.45433,29.552,-2.6575,-34.673,0.51471,4.4923,0.92143,-24.912
12.4,-0.20826,0.17555,-0.063204,-0.96982,-0.13844,0.032333,0.045214,-0.18959,29.528,-1.0376,-35.971,1.7428,4.723,-0.37337,-25.288,-0.20755,0.17463,-0.085212,-0.94053,-0.14695,0.042034,0.041034,0.68357,30.244,-1.7335,-36.516,-0.24563,4.4174,2.3118,-25.65
12.5,-0.21427,0.19529,-0.061219,-0.95123,-0.14421,0.037779,0.028183,0.38551,32.09,-0.23661,-36.423,2.4325,3.208,0.29361,-26.443,-0.1982,0.19393,-0.078059,-0.9602,-0.14863,0.037506,0.040064,0.91637,30.972,-1.3139,-37.581,1.3229,4.3075,2.3505,-27.069
12.6,-0.21663,0.1934,-0.083688,-0.95882,-0.14662,0.041096,0.035639,1.5972,33.856,-3.1432,-37.304,0.39461,2.9339,1.1855,-25.755,-0.19564,0.17825,-0.080113,-0.9586,-0.14918,0.043913,0.043489,0.10835,31.17,-1.3356,-37.243,2.3546,4.6312,0.69102,-23.869
12.7,-0.16584,0.17011,-0.092812,-0.95902,-0.14723,0.049786,0.043154,0.70797,31.45,-2.6869,-37.029,1.1988,4.2119,0.86439,-24.239,-0.19191,0.19609,-0.064578,-0.94888,-0.14292,0.039552,0.03414,1.2888,30.211,0.30518,-36.108,0.48738,3.3326,1.1628,-24.096
12.8,-0.17388,0.18233,-0.065419,-0.94804,-0.14081,0.039763,0.0254,0.7278,32.291,-0.98813,-35.888,-0.47863,2.8218,0.35077,-25.774,-0.19612,0.18384,-0.081282,-0.96399,-0.1485,0.044459,0.03139,0.52525,32.741,0.69507,-36.047,2.2098,4.3412,0.41994,-25.251
12.9,-0.18498,0.19202,-0.069784,-0.97046,-0.15044,0.04535,0.037701,1.7393,31.8,-0.22356,-37.272,0.2184,5.9709,0.8485,-22.619,-0.17515,0.18194,-0.086663,-0.95627,-0.14853,0.047601,0.03313,2.0409,32.384,-0.70999,-37.006,0.75397,5.3983,0.94162,-24.321
13,-0.15656,0.17861,-0.081258,-0.9629,-0.14544,0.04718,0.024674,0.25535,32.11,-0.76889,-37.655,-0.136,4.2855,0.93906,-22.784,-0.17927,0.18601,-0.087357,-0.97115,-0.14861,0.046515,0.026843,0.50665,30.815,-0.61519,-38.084,-1.1427,4.3782,3.049,-23.574
13.1,-0.15284,0.17112,-0.088284,-0.96102,-0.14547,0.049994,0.02885,0.002778,32.791,-1.0211,-38.934,0.68934,4.3287,0.17225,-24.382,-0.1632,0.16638,-0.085343,-0.97074,-0.14467,0.046739,0.040011,0.24643,33.776,-1.8184,-39.619,1.3452,5.1887,1.847,-25.968
13.2,-0.14064,0.17268,-0.088007,-0.96577,-0.15526,0.048028,0.035224,0.95987,32.054,-0.098387,-38.493,1.5555,4.4529,-0.1609,-22.273,-0.13796,0.17833,-0.080922,-0.96558,-0.14324,0.048448,0.029721,1.0824,31.585,-3.3186,-39.52,0.6368,4.1039,0.65455,-23.646
13.3,-0.15696,0.16168,-0.10085,-0.97016,-0.14003,0.05675,0.025292,-0.72632,31.77,-1.3341,-39.341,0.086359,8.0079,0.06562,-23.706,-0.14355,0.15277,-0.083653,-0.99576,-0.15016,0.048928,0.032633,-0.38666,32.313,-0.59563,-40.418,-0.090002,5.1912,2.5641,-24.735
13.4,-0.12113,0.15161,-0.075839,-0.96487,-0.15355,0.050526,0.03183,-1.6758,32.26,-1.011,-42.121,0.81803,4.8025,0.070466,-22.361,-0.1395,0.19402,-0.096564,-0.96793,-0.14043,0.047206,0.033532,0.25233,33.496,-2.9973,-40.99,0.30346,3.61,-0.2903,-23.436
13.5,-0.13263,0.17442,-0.074739,-0.98427,-0.14643,0.049367,0.030992,1.14,31.794,-1.0035,-40.332,0.062161,6.3886,-2.4521,-21.973,-0.12966,0.18581,-0.082293,-0.97145,-0.1465,0.049773,0.032335,-1.4782,33.001,-1.7495,-40.654,1.5795,6.7272,-0.14796,-21.662
13.6,-0.10056,0.15402,-0.087277,-0.97252,-0.15627,0.056841,0.027505,-1.5744,31.316,-1.8441,-38.988,1.1602,5.9158,-0.19187,-22.459,-0.13962,0.16116,-0.081163,-0.97217,-0.14842,0.059009,0.023164,-1.1733,31.304,-0.69681,-42.103,1.0125,4.7438,-0.60016,-21.508
13.7,-0.11846,0.15876,-0.08251,-0.95676,-0.14037,0.056803,0.030418,-2.8743,31.59,-2.6894,-42.234,0.36817,6.2676,-0.29791,-21.82,-0.12023,0.17029,-0.086951,-0.99151,-0.14308,0.051997,0.026506,0.093255,31.71,-2.0476,-41.745,0.067495,4.9879,0.27093,-21.882
13.8,-0.097314,0.15997,-0.10258,-0.97292,-0.14287,0.065951,0.020543,-0.58215,33.178,0.78101,-42.646,1.5538,7.0278,0.41473,-22.54,-0.10826,0.14441,-0.089718,-0.97739,-0.14358,0.049644,0.024794,0.25072,30.871,-1.2009,-39.708,-1.1368,6.8689,1.4991,-23.183
13.9,-0.10536,0.15371,-0.088928,-0.99586,-0.13006,0.055481,0.022364,-1.3407,31.794,-2.6869,-42.15,-0.24438,8.7731,0.078943,-19.278,-0.10991,0.15415,-0.081678,-0.98335,-0.13955,0.053813,0.02076,-2.4778,31.055,-0.8184,-43.035,0.57249,7.1519,0.10485,-21.704
14,-0.082205,0.14623,-0.085069,-0.99338,-0.12801,0.069015,0.02163,1.0556,30.001,-1.2966,-41.707,1.4512,8.8383,0.68946,-21.415,-0.084458,0.15569,-0.080546,-0.97724,-0.13601,0.06826,0.027882,-2.5101,30.758,-3.543,-43.458,2.2057,7.2413,0.40339,-20.745
14.1,-0.092116,0.16513,-0.093171,-0.98698,-0.12871,0.060197,0.018885,-2.5959,30.313,-2.6316,-43.094,-0.87536,9.8129,2.6729,-21.536,-0.080546,0.15207,-0.085169,-0.9886,-0.13456,0.057733,0.022637,-1.9049,31.077,-4.9589,-42.573,-0.69786,8.8528,1.4858,-19.549
14.2,-0.078599,0.15678,-0.093829,-0.98178,-0.13855,0.058959,0.023243,-1.4695,28.558,-1.5332,-41.594,0.21278,7.661,0.69189,-20.824,-0.078098,0.16842,-0.091528,-0.98546,-0.13568,0.06197,0.016362,-0.46848,27.49,-1.3104,-43.867,1.3367,10.173,1.9015,-19.149
14.3,-0.064539,0.14702,-0.088399,-0.98746,-0.12507,0.065942,0.010299,-0.296,28.807,-1.4158,-41.693,-0.85483,8.8747,3.1142,-20.688,-0.075734,0.16286,-0.08839,-0.98286,-0.12752,0.065192,0.0097676,-1.0918,28.819,-0.19019,-43.873,-0.71941,7.672,-0.18738,-20.63
14.4,-0.0341,0.14958,-0.08919,-0.98647,-0.12492,0.070364,0.0080906,-0.58187,27.992,-1.3144,-43.79,1.3148,9.6222,0.42957,-17.852,-0.072276,0.15387,-0.085348,-0.9615,-0.12989,0.064573,0.0092893,-2.0063,30.219,-0.72226,-43.246,-0.14525,7.7806,0.92327,-19.315
14.5,-0.053701,0.14627,-0.088759,-0.99394,-0.11172,0.067035,0.01506,-0.27956,28.203,-2.151,-44.93,1.0423,8.602,1.1321,-19.672,-0.06238,0.14262,-0.078936,-0.98248,-0.12269,0.073349,0.013136,-0.23561,29.509,0.093599,-44.467,-0.057794,9.182,0.83143,-21.442
14.6,-0.050607,0.13681,-0.075175,-0.97221,-0.12402,0.066573,0.0092118,-0.52247,27.65,-1.7981,-42.222,1.9403,10.376,1.3372,-18.681,-0.068157,0.13955,-0.088214,-0.98271,-0.11848,0.063286,0.0050984,-0.74238,26.231,-0.49812,-43.963,0.42705,9.4463,0.6365,-19.354
14.7,-0.048828,0.13245,-0.080012,-1.019,-0.13886,0.067788,0.013146,-0.25194,27.641,-2.6297,-43.628,1.1936,9.3944,2.6361,-17.938,-0.03164,0.14637,-0.089031,-0.98275,-0.12226,0.066369,0.0097498,-1.1578,27.102,-1.8516,-47.951,2.5407,8.7165,0.8189,-17.417
14.8,-0.050734,0.14173,-0.080552,-0.98987,-0.1091,0.0624,0.014924,-0.48968,29.23,-1.0125,-44.653,-0.30717,9.6706,0.71377,-19.339,-0.04398,0.13417,-0.086582,-1.0007,-0.12408,0.069916,0.014921,-1.1353,23.577,-1.9714,-45.471,0.74634,10.667,1.8588,-17.708
14.9,-0.033894,0.12234,-0.085513,-0.98319,-0.11647,0.064343,0.016297,-0.11584,26.277,-0.64854,-46.121,-0.66113,9.2352,1.0962,-18.812,-0.059682,0.13817,-0.085328,-0.97776,-0.11323,0.066534,-0.0083778,-0.21601,26.545,-2.1741,-47.444,2.4047,9.1938,0.81951,-16.793
15,-0.036821,0.11214,-0.083546,-1.0069,-0.12218,0.076712,0.010475,-3.2512,24.985,-1.6195,-46.539,-0.043766,8.4847,0.65756,-18.735,-0.013599,0.11917,-0.078804,-0.99294,-0.11969,0.079508,-0.00081352,-0.46724,25.526,-0.28726,-46.132,1.0645,11.368,0.45711,-19.294
15.1,-0.026082,0.11702,-0.082065,-0.98928,-0.11965,0.083614,0.001513,-1.0789,25.657,-2.7207,-46.345,0.63879,9.8387,1.1585,-15.667,-0.020326,0.13068,-0.090147,-1.0039,-0.10346,0.0708,0.013658,-1.498,26.266,-0.88918,-46.767,-1.0149,9.6711,0.26299,-15.877
15.2,-0.021963,0.1166,-0.072525,-0.97961,-0.10653,0.081559,0.0069312,-1.656,22.615,-0.62924,-47.753,2.6573,9.2265,0.12947,-15.69,-0.019032,0.13506,-0.096585,-0.9955,-0.10571,0.084933,0.002096,-0.97776,24.664,1.1399,-46.579,-0.23454,11.624,0.49174,-18.271
15.3,-0.002145,0.11563,-0.098096,-0.97344,-0.10806,0.084984,-0.0068479,-2.0662,23.212,-0.70978,-48.098,1.8195,11.423,-0.18271,-17.019,-0.0093127,0.12109,-0.081604,-0.96867,-0.11025,0.0815,0.0085274,-0.842,23.698,-1.3528,-48.35,2.3566,11.254,2.3515,-15.742
15.4,-0.00032627,0.12181,-0.066629,-0.9867,-0.098929,0.08685,0.012631,0.43961,23.659,-1.2612,-48.189,-0.62072,11.903,1.6947,-16.209,-0.013548,0.11288,-0.10451,-0.99227,-0.10208,0.088173,-0.0017126,-0.40003,24.004,0.85759,-46.251,-0.093913,9.6872,-0.36684,-15.445
15.5,0.0089717,0.10688,-0.083411,-0.98193,-0.10241,0.077827,-0.0029806,-1.0618,22.823,-2.449,-48.001,-0.48739,11.239,0.26713,-15.469,0.010266,0.11294,-0.068453,-0.97961,-0.1052,0.088923,-0.0034948,-1.247,23.186,-1.6037,-48.18,0.17597,10.235,1.4669,-16.335
15.6,-0.0001186,0.088962,-0.085753,-1.0095,-0.10156,0.093123,0.0050758,-0.83811,23.112,-0.20344,-49.312,-0.42311,12.63,-0.28474,-17.049,0.015761,0.10145,-0.088345,-0.98048,-0.10699,0.091098,0.0015019,-1.9013,24.39,-1.7285,-47.327,0.38481,10.783,0.058143,-14.611
15.7,-0.001256,0.095159,-0.06655,-1.0013,-0.10154,0.086449,0.0023678,-1.5355,21.8,0.088492,-48.23,1.1217,10.386,1.2597,-14.532,0.015069,0.10317,-0.080046,-0.98286,-0.093145,0.089256,0.00027309,-1.7711,22.729,-1.3235,-48.688,0.58567,11.213,1.2982,-15.826
15.8,0.025258,0.088138,-0.084161,-0.9904,-0.09803,0.090324,-0.0052213,-1.6405,20.12,-1.1564,-49.076,2.9592,13.876,-0.16088,-13.052,0.032192,0.093705,-0.072716,-0.97943,-0.10156,0.079241,-0.0043634,-2.5943,21.533,-1.7899,-49.172,2.0956,10.634,1.0697,-16.109
15.9,0.0084022,0.084646,-0.063315,-0.98325,-0.1021,0.087922,0.00040033,-2.0579,20.671,-1.478,-48.948,1.3341,13.906,2.0823,-15.325,0.0068159,0.077562,-0.077717,-0.97546,-0.10418,0.086246,0.0028446,-1.1371,22.058,-2.5053,-50.172,1.1269,12.361,0.045966,-15.793
16,0.01976,0.095916,-0.067511,-0.99064,-0.083699,0.076171,-0.0038874,-1.5591,21.958,0.76883,-49.384,-0.72306,12.733,1.902,-14.504,0.02115,0.085814,-0.073319,-1.0021,-0.085873,0.090808,-0.0090015,-2.2773,21.955,-3.019,-49.371,0.13872,12.786,-0.298,-13.605
16.1,0.041347,0.082203,-0.067374,-1.0109,-0.091438,0.086553,-0.0028888,1.0482,20.963,0.1524,-51.147,2.8736,14.608,-0.052834,-13.756,0.034397,0.099695,-0.085899,-0.98649,-0.095248,0.084282,-0.002689,-0.54377,20.494,-1.8163,-52.176,2.1471,13.938,-0.91755,-15.196
16.2,0.046923,0.091941,-0.073318,-1.0128,-0.089389,0.099706,-0.0028749,-2.1146,22.406,-0.91166,-51.047,0.74214,12.937,0.38424,-15.126,0.042867,0.098076,-0.07713,-0.98569,-0.091229,0.08807,-0.016064,-2.7761,21.49,0.38852,-49.53,1.7926,11.964,0.4627,-14.501
16.3,0.043676,0.068613,-0.068019,-1.0059,-0.087317,0.091679,-0.0034045,-1.4098,20.525,-1.5815,-49.661,-0.42838,14.157,2.1026,-13.486,0.053978,0.069025,-0.078603,-0.98396,-0.083412,0.094467,-0.0027882,-1.916,21.163,-0.034749,-50.43,2.0476,13.066,0.6754,-12.647
16.4,0.058357,0.075281,-0.077124,-0.97597,-0.07369,0.0979,-0.012425,-0.37411,19.116,-0.10456,-49.468,1.0393,14.063,0.06224,-14.044,0.049871,0.056343,-0.075011,-0.97976,-0.086774,0.08265,-0.0025287,-1.5808,18.499,-0.24126,-50.878,1.5811,12.594,0.67258,-12.132
16.5,0.049428,0.064273,-0.093115,-0.99656,-0.085075,0.090791,-0.011977,-1.4629,19.464,2.3201,-50.028,0.68807,14.093,2.4557,-15.546,0.041127,0.077568,-0.07996,-0.98865,-0.075695,0.097914,-0.0086526,0.75512,18.493,-1.2532,-50.455,1.545,13.924,0.39091,-13.056
16.6,0.084837,0.048258,-0.05832,-0.98501,-0.072555,0.093847,-0.0034724,-0.77483,17.063,-0.22325,-48.995,0.22476,14.44,-0.037902,-12.211,0.045423,0.088374,-0.054409,-1.0006,-0.078359,0.087657,-0.019079,-0.49952,17.678,-1.174,-51.818,1.1867,14.411,2.8153,-13.504
16.7,0.05575,0.072801,-0.069051,-1.0012,-0.085322,0.090848,-0.012629,-1.6343,16.89,-0.95009,-49.85,0.41141,14.119,2.3821,-11.292,0.068706,0.074408,-0.078974,-0.99119,-0.080256,0.096707,-0.0045891,-3.0244,17.754,1.2147,-49.247,0.40158,14.313,0.44685,-12.404
16.8,0.062918,0.078072,-0.068458,-0.99082,-0.0791,0.093037,-0.019554,0.0025012,16.205,0.56843,-48.089,0.51949,15.07,-0.42623,-12.118,0.062619,0.05482,-0.0686,-0.98195,-0.078132,0.089691,-0.013512,-1.9515,18.773,3.1264,-48.904,0.93535,15.951,-0.42685,-12.568
16.9,0.057857,0.056167,-0.065156,-0.98444,-0.07488,0.095223,-0.017951,-1.1044,16.287,2.0832,-47.6,0.50298,17.311,0.67443,-11.43,0.065663,0.074594,-0.064693,-1.0036,-0.080635,0.090463,-0.016781,-1.2799,18.373,-0.5846,-47.835,1.5865,14.093,1.3175,-12.533
17,0.054826,0.048431,-0.07905,-0.99551,-0.073981,0.092496,-0.015999,-0.74976,15.944,1.0193,-50.792,-0.47079,16.211,-0.072404,-12.616,0.069296,0.062288,-0.079123,-1.0079,-0.075477,0.087717,-0.02716,-1.0367,17.259,-1.2335,-50.374,-0.44894,15.273,2.1058,-12.542
17.1,0.056084,0.051367,-0.071994,-1.0002,-0.069212,0.094161,-0.011012,-1.8401,17.253,-0.1942,-51.04,0.79701,16.07,0.94499,-9.9339,0.063092,0.031209,-0.056547,-0.99264,-0.078398,0.085739,-0.013576,-1.4944,17.002,1.4359,-47.744,0.79311,17.16,1.8558,-10.902
17.2,0.081172,0.045907,-0.051519,-0.98267,-0.073944,0.090641,-0.010405,0.54138,16.02,1.9016,-48.686,-1.2949,15.942,-0.62094,-10.41,0.081538,0.058876,-0.067261,-0.98754,-0.068214,0.08827,-0.017595,-0.79561,15.207,-0.24691,-48.514,2.6071,16.112,2.8635,-9.389
17.3,0.093287,0.046799,-0.084262,-0.99465,-0.068717,0.092571,-0.015118,-2.059,17.606,0.86079,-46.817,-1.3105,16.433,0.79212,-12.054,0.075687,0.044238,-0.06731,-0.98175,-0.061604,0.092463,-0.014482,-0.47857,16.151,0.84735,-49.129,1.1003,15.743,-0.036582,-10.311
17.4,0.07428,0.034204,-0.063341,-0.99931,-0.063907,0.084436,-0.022903,-0.79419,15.207,0.98735,-49.374,0.1741,17.183,-1.3078,-10.477,0.11001,0.036949,-0.06195,-1.0006,-0.060519,0.10194,-0.012905,-0.92056,15.912,0.70896,-49.023,0.68095,15.183,0.80269,-10.179
17.5,0.097149,0.041141,-0.059514,-0.9781,-0.052966,0.094165,-0.02281,-1.9788,13.71,1.3069,-47.821,0.64616,15.971,0.35287,-10.291,0.080318,0.035676,-0.050309,-0.99954,-0.064912,0.085227,-0.034987,1.105,14.746,0.4242,-49.365,1.0586,17.378,0.070423,-9.6665
17.6,0.089581,0.030577,-0.05557,-0.99523,-0.05161,0.081217,-0.017164,-0.26461,14.895,0.84611,-47.326,1.1994,16.422,1.2169,-9.1362,0.083981,0.019799,-0.054942,-1.001,-0.051795,0.089004,-0.023781,1.2441,14.121,-0.86929,-48.036,2.3986,16.646,-0.95422,-9.4579
17.7,0.089808,0.032503,-0.056719,-0.99901,-0.061131,0.085626,-0.020346,-0.24686,13.57,0.46466,-48.406,-1.3188,18.212,-1.256,-7.159,0.080965,0.0064895,-0.06909,-0.98483,-0.058532,0.093037,-0.025056,-1.5062,14.443,0.13733,-46.359,1.3808,17.473,0.84631,-9.6667
17.8,0.098439,0.02234,-0.052898,-1.0007,-0.05552,0.086035,-0.013123,-1.6982,14.23,1.1075,-46.771,-0.64827,16.837,2.7057,-8.6229,0.085599,0.015187,-0.0545,-0.99169,-0.059778,0.093836,-0.028235,-3.4155,13.435,0.1315,-44.907,1.1891,17.356,-0.16495,-8.0224
17.9,0.10352,0.008969,-0.071576,-0.99337,-0.056901,0.087315,-0.026879,-0.13538,12.297,0.82228,-47.822,0.71542,16.895,0.48891,-8.444,0.092596,0.0096085,-0.059786,-1.0021,-0.0565,0.090718,-0.036094,-0.88732,12.686,1.7002,-45.864,0.78353,17.551,1.2483,-8.4711
18,0.10562,0.017579,-0.066278,-1.0067,-0.042095,0.096052,-0.023599,-2.3281,11.963,-0.61227,-45.851,0.64132,17.852,-0.17275,-8.0347,0.092455,0.0012186,-0.061538,-1.0067,-0.055531,0.090755,-0.024085,-0.23546,12.573,-0.37659,-45.48,0.047866,18.53,1.9849,-7.2159
18.1,0.10699,0.0051785,-0.042605,-1.0043,-0.034918,0.090375,-0.037352,-1.3077,12.812,1.2793,-46.209,0.53059,18.084,1.5934,-7.2177,0.11558,0.008326,-0.04763,-1.0012,-0.054598,0.089785,-0.025907,-2.7997,11.361,1.3991,-46.127,2.0229,17.912,0.9668,-6.2371
18.2,0.10492,0.0028513,-0.032123,-0.99469,-0.05089,0.092833,-0.029202,-1.5985,10.068,1.0219,-45.828,-0.33114,18.525,1.7541,-8.5413,0.10205,0.0030865,-0.030089,-1.0115,-0.048239,0.082126,-0.029853,0.68223,10.839,-0.86158,-44.719,-0.19879,18.421,1.036,-7.7108
18.3,0.10334,0.0010383,-0.061719,-1.005,-0.043099,0.082849,-0.038396,-2.5921,10.75,-0.23115,-44.201,0.045928,17.479,-0.031657,-7.3678,0.10868,0.00025963,-0.060886,-0.99676,-0.047969,0.076995,-0.028522,-1.1681,11.793,0.86178,-45.352,0.78097,19.473,-0.11276,-6.1779
18.4,0.099291,-0.0021821,-0.031588,-0.97935,-0.045212,0.093151,-0.032631,-1.7887,10.205,-0.10385,-43.462,1.7037,19.136,2.4938,-7.3476,0.11627,-0.014446,-0.055991,-0.98079,-0.049474,0.088113,-0.031119,-2.0857,10.891,-1.9925,-45.158,1.5191,18.49,0.5269,-4.9053
18.5,0.10882,-0.026545,-0.038704,-1.0016,-0.042714,0.083206,-0.035652,-2.0931,8.1032,1.2777,-45.809,-0.81128,18.17,1.1963,-6.2854,0.13025,0.0050468,-0.04279,-0.98139,-0.044063,0.086938,-0.031034,-1.3086,9.4874,-0.97691,-44.465,0.88178,19.356,1.4402,-8.2084
18.6,0.12087,-0.022716,-0.029743,-1.0018,-0.047854,0.072148,-0.025434,-0.78458,9.5555,-0.0030736,-45.492,0.040806,18.896,0.37636,-5.3792,0.14568,-0.010283,-0.03921,-0.99677,-0.03447,0.084146,-0.034102,-1.3206,10.07,-0.67155,-43.454,0.93173,19.235,0.69616,-6.1967
18.7,0.13301,-0.01024,-0.03457,-0.99609,-0.048252,0.078963,-0.031038,-0.85454,7.9724,1.4527,-42.776,-0.65011,19.118,1.7109,-6.1514,0.10863,-0.013213,-0.020563,-0.99084,-0.034816,0.080603,-0.033175,-2.6898,8.9379,0.52748,-44.526,-2.0833,18.362,0.56177,-5.6883
18.8,0.13542,-0.01839,-0.019876,-0.98906,-0.042746,0.086642,-0.032173,-0.35647,9.1582,1.0623,-43.358,0.49783,18.918,0.72058,-6.7865,0.1388,-0.022419,-0.051852,-0.99818,-0.0336,0.084126,-0.023662,-2.015,10.111,1.5467,-42.483,2.664,18.309,0.17498,-5.7545
18.9,0.11176,-0.022557,-0.040982,-0.99753,-0.035652,0.074581,-0.035087,-2.0717,8.9554,1.0831,-43.116,1.4803,18.275,0.89788,-4.9078,0.12704,-0.026826,-0.022302,-0.9767,-0.033279,0.086674,-0.038673,-1.1504,7.4134,3.2606,-41.268,-1.8288,19.569,0.89723,-5.3482
19,0.13038,-0.0231,-0.033687,-0.99292,-0.039473,0.081147,-0.034866,-1.4689,9.8815,0.62051,-42.851,0.48562,20.274,2.0935,-6.4928,0.10741,-0.028345,-0.039653,-0.97012,-0.038103,0.081142,-0.040491,-0.5769,9.6122,0.50234,-42.81,-1.4477,18.98,2.1962,-6.3903
19.1,0.11529,-0.032256,-0.015871,-0.98541,-0.03129,0.071566,-0.034827,-1.2693,8.9534,0.13088,-42.925,1.3039,17.602,1.2558,-2.6624,0.11602,-0.030208,-0.025184,-1.0112,-0.031755,0.075605,-0.029077,-1.494,8.4173,0.66767,-42.321,-0.42711,18.461,1.553,-3.7091
19.2,0.12464,-0.04187,-0.028769,-0.99366,-0.032465,0.084553,-0.037564,-2.2418,6.3758,0.70594,-43.28,1.2081,17.771,-0.16956,-3.521,0.13733,-0.043907,-0.030305,-0.98481,-0.021562,0.074933,-0.030508,0.29112,6.0511,0.42359,-42.113,-0.22317,17.648,0.20414,-4.04
19.3,0.14184,-0.04095,-0.032652,-0.98377,-0.030728,0.080194,-0.030583,-2.064,6.9379,-1.4766,-43.582,-2.2848,18.733,2.3191,-4.3872,0.12638,-0.055581,-0.018356,-0.98058,-0.021208,0.083842,-0.030687,-0.663,5.8544,1.46,-41.694,-0.91609,17.2,-0.11355,-6.2516
19.4,0.12248,-0.043901,-0.024543,-0.98601,-0.016423,0.074572,-0.030347,-0.94843,4.5314,0.34518,-43.52,-0.32368,17.646,-0.49754,-3.6758,0.12801,-0.045652,-0.025571,-0.98887,-0.022237,0.083077,-0.030144,-2.192,6.9761,0.68885,-40.707,-1.0847,19.671,1.2796,-4.4922
19.5,0.13821,-0.031251,-0.03855,-0.97994,-0.012976,0.074586,-0.033252,-2.0341,7.424,-0.83098,-42.625,-1.5739,17.59,0.63499,-4.0447,0.12055,-0.041462,-0.023549,-0.9898,-0.008655,0.084039,-0.02488,-3.2153,2.8774,0.31019,-42.038,-0.062051,18.108,-0.9372,-4.0264
19.6,0.13371,-0.061822,-0.019854,-1.0091,-0.020459,0.080584,-0.044598,-0.83778,4.8483,2.4526,-39.933,-1.6558,17.586,0.2362,-4.3907,0.12004,-0.052755,-0.018025,-0.99492,-0.017982,0.080567,-0.029356,0.229,6.403,0.96588,-41.128,-1.5583,18.08,-0.02729,-2.6064
19.7,0.12591,-0.059016,-0.012184,-0.99005,-0.010757,0.069885,-0.037059,-0.46404,3.9054,1.346,-41.826,-1.5809,16.886,0.26521,-4.2644,0.12452,-0.066862,-0.019354,-0.98324,-0.026572,0.066261,-0.039227,-2.0959,5.1238,2.5147,-40.581,-0.076779,15.421,0.45234,-4.8637
19.8,0.13025,-0.05321,-0.0039407,-0.98439,-0.019114,0.069982,-0.027366,-1.8083,3.5126,2.6012,-40.542,-1.2032,17.409,0.81388,-2.8868,0.12072,-0.067604,0.003437,-0.98409,-0.012506,0.072959,-0.032326,-0.33732,5.5285,1.1386,-40.785,-0.7339,15.541,-0.95461,-3.8646
19.9,0.14932,-0.07921,-0.025293,-0.98135,-0.017385,0.081318,-0.031644,-0.90034,3.3685,0.47761,-40.847,-1.3683,16.4,-0.28334,-3.9961,0.1317,-0.070071,-0.0047431,-0.97575,-0.013918,0.07617,-0.03803,-2.3206,4.3524,-0.35164,-39.489,1.2073,17.372,-0.8949,-5.0151
20,0.14196,-0.074475,-0.0071296,-0.99182,-0.011507,0.067334,-0.038525,-1.0089,4.5422,-0.18341,-39.132,-1.2518,16.651,0.06065,-4.1245,0.1332,-0.046948,-0.0067873,-0.99703,-0.020754,0.077731,-0.032412,-1.9021,2.4472,-1.4033,-37.868,-2.6158,17.126,-1.7078,-3.272
20.1,0.12617,-0.075739,-0.020791,-0.98423,-0.0087794,0.065194,-0.03262,-0.47275,4.8263,2.5208,-40.672,-0.33241,17.772,-1.2376,-4.7202,0.15083,-0.064303,-0.0036585,-0.97829,-0.01632,0.07902,-0.027612,-3.0938,3.7776,1.7846,-38.341,-2.1804,15.208,-0.12707,-3.6307
20.2,0.1522,-0.063099,0.0010862,-0.99989,-0.013596,0.072998,-0.02415,-0.34354,1.4922,1.1056,-40.45,-0.33079,16.309,-0.73508,-4.5836,0.1517,-0.074354,-0.020597,-0.96377,-0.0043842,0.067438,-0.039587,-2.1124,4.0946,2.4003,-39.214,-0.14336,18.184,-0.69972,-3.2216
20.3,0.1482,-0.080791,-0.018769,-0.99926,-0.011435,0.06425,-0.037787,-0.40415,1.7712,0.089143,-39.894,-0.67421,16.019,-0.94981,-4.5659,0.13474,-0.087337,0.010691,-0.95828,-0.012442,0.068813,-0.026816,-2.3398,2.0923,0.8909,-38.525,-2.3504,14.816,1.7807,-4.8533
20.4,0.14457,-0.072485,-0.017033,-0.9872,-0.0086486,0.0652,-0.028174,0.65268,1.1379,-0.79628,-36.445,-1.694,15.162,-0.60245,-2.5734,0.13451,-0.062569,-0.019285,-0.97753,-0.01182,0.070291,-0.033364,-1.6446,-0.14984,1.8646,-37.207,0.1389,14.427,-1.1512,-5.3632
20.5,0.14942,-0.090565,-0.013021,-0.98797,-0.0013737,0.069054,-0.019897,-0.89309,1.1852,0.57247,-36.298,0.17175,16.509,-1.3445,-4.8688,0.1456,-0.073487,0.014752,-0.97556,-0.013627,0.06333,-0.030102,0.34204,1.7076,-1.2857,-38.573,-0.42995,15.559,0.16318,-3.3133
20.6,0.12986,-0.074275,-0.0063607,-0.9916,-0.015734,0.069409,-0.03332,-2.4827,1.3649,1.5549,-37.497,0.58141,15.276,-1.4219,-4.5442,0.13523,-0.10362,-0.013914,-0.97193,-0.0060437,0.061872,-0.036159,-2.328,3.4169,2.1,-38.354,-0.76676,16.065,-2.5735,-4.6044
20.7,0.13635,-0.079911,0.014491,-0.99166,0.0035515,0.062243,-0.021498,-1.2352,1.0685,-0.17695,-37.235,0.11008,15.347,-0.16978,-4.6769,0.15671,-0.073571,-0.013653,-0.97311,-0.0071868,0.062533,-0.026514,-1.1873,-0.53478,0.80544,-36.716,-1.2458,12.607,-1.1461,-6.7271
20.8,0.14746,-0.086186,-0.0041559,-0.96249,-0.006139,0.055566,-0.017429,-0.15413,0.92908,1.2555,-37.242,0.99622,12.671,1.144,-7.0321,0.15942,-0.078086,0.00072457,-0.98182,-0.00016645,0.067723,-0.022514,-0.20333,-0.61011,1.0795,-37.044,-0.37315,15.039,-0.13686,-4.25
20.9,0.17136,-0.085161,0.00080159,-0.9961,0.0024486,0.06211,-0.021975,0.42385,-1.536,2.2525,-39.413,-1.467,14.665,0.3162,-5.1861,0.1546,-0.11298,-0.0082487,-0.98747,-0.0084663,0.068474,-0.020588,-0.044742,-1.1137,1.6875,-35.66,-2.1835,13.97,0.40675,-5.3456
21,0.14629,-0.094227,0.013072,-1.009,-0.0071911,0.068377,-0.026443,-1.0767,-0.76738,1.3191,-34.858,-1.3162,15.859,-3.3771,-6.5702,0.15053,-0.095472,0.0017676,-0.99439,0.0046247,0.062774,-0.017768,0.43379,-1.6812,2.5336,-37.198,0.3936,13.53,-0.62864,-3.0597
21.1,0.13377,-0.10209,0.0029819,-0.9898,-0.0029476,0.058675,-0.023956,-1.9453,-0.39791,0.42497,-35.082,-1.0067,12.981,-0.080555,-5.576,0.14296,-0.10064,-0.0060652,-0.98517,0.012214,0.060175,-0.027524,-2.4629,-1.0546,-0.12854,-34.918,-2.1149,13.585,0.089514,-4.6385
21.2,0.14661,-0.1182,0.0027807,-0.9854,-0.0069805,0.051458,-0.013316,-2.679,-1.3557,1.6061,-35.504,-0.37561,15.053,-1.8194,-6.0373,0.15543,-0.10507,0.01117,-0.97501,0.0014834,0.055533,-0.0062593,-1.5465,-2.2316,2.4354,-37.88,-1.1654,13.774,-2.3405,-6.3607
21.3,0.1437,-0.106,0.023973,-1.002,0.0013198,0.060303,-0.012042,-1.4281,-1.1503,1.0484,-36.858,0.86928,13.415,-1.7336,-6.2651,0.16026,-0.12891,0.020839,-0.97128,0.0054519,0.06198,-0.015759,1.2282,-2.4828,1.38,-36.071,-0.37078,13.045,-1.3806,-7.3796
21.4,0.15106,-0.097872,0.018013,-0.9825,0.012098,0.05569,-0.011303,0.35354,-2.1561,-1.0361,-35.174,-1.348,14.33,-1.4502,-5.917,0.13278,-0.1004,0.008778,-0.99058,0.0009088,0.055574,-0.01842,-2.4118,-1.8606,1.3002,-35.996,-2.87,9.6748,0.94013,-6.1425
21.5,0.14465,-0.12574,0.01676,-0.97765,-0.0022797,0.054011,-0.017139,-0.13181,-3.883,2.0446,-33.628,-1.5289,12.623,-1.1884,-6.3759,0.15285,-0.1108,0.018381,-0.98213,-0.0013676,0.051972,-0.011815,-0.83363,-2.2975,1.4798,-35.392,-1.3135,13.092,-0.62677,-6.2041
21.6,0.12928,-0.10309,0.0081921,-0.97461,0.0091944,0.04251,-0.012659,-0.42614,-1.1629,1.4446,-33.659,0.88568,11.607,-0.31606,-6.8284,0.15054,-0.10046,0.0043885,-0.99054,-0.0021476,0.054431,-0.013682,-1.4085,-3.9717,2.5812,-34.848,-0.14674,12.098,-0.19576,-7.1555
21.7,0.13302,-0.11703,0.0037184,-0.96435,0.009525,0.052457,-0.013186,-0.58443,-3.2603,0.88908,-35.996,-0.79757,12.301,-0.51247,-8.3389,0.13978,-0.10096,0.022023,-0.98088,0.011521,0.053011,-0.0095399,0.87137,-2.6963,1.0945,-33.781,-0.18242,13.652,1.0131,-6.0919
21.8,0.15262,-0.12568,0.016734,-0.97809,-0.0025576,0.049285,-0.014012,1.997,-3.7723,0.91066,-36.069,-1.5778,9.6463,-2.8287,-7.49,0.14406,-0.11816,0.0097358,-0.97853,0.0058167,0.054279,-0.0061247,-2.5718,-3.2576,-0.10172,-33.931,-0.25421,10.545,-1.5134,-8.5296
21.9,0.15756,-0.10842,0.012956,-0.98671,0.010678,0.047151,-0.010513,0.94743,-3.4454,1.4397,-33.836,-1.2802,9.7186,-1.1802,-7.7987,0.1391,-0.10983,0.004838,-0.98186,0.0091162,0.050335,-0.0060171,-1.434,-5.1798,-0.0011592,-32.374,-0.6701,12.755,-1.0032,-6.298
22,0.13587,-0.12142,0.0093934,-0.97764,0.018597,0.047637,-0.014509,-0.75293,-3.2911,0.04963,-33.729,-2.6732,9.1529,-1.0135,-8.1317,0.14402,-0.11923,-0.0021792,-0.96825,-0.0015857,0.041654,-0.011645,-0.6488,-5.274,0.52684,-32.325,-1.9395,10.294,0.21493,-7.8952
22.1,0.11478,-0.12422,0.019852,-0.98834,0.009419,0.035453,-0.0093428,-0.16147,-4.6241,0.46279,-34.024,-1.5416,10.204,-1.024,-6.8549,0.1483,-0.12091,0.023699,-0.97698,0.012879,0.050036,-0.0076343,0.26128,-6.2453,1.7688,-35.299,-2.8076,10.579,-1.0683,-7.0262
22.2,0.13612,-0.1357,0.011581,-0.99638,0.012904,0.041799,0.0015868,-0.21427,-4.944,0.00064863,-34.905,-1.7927,9.9472,0.35456,-7.1561,0.13056,-0.10432,0.013045,-0.9832,0.014405,0.040047,-0.0034341,-3.3819,-5.6702,1.3809,-33.541,-0.50912,10.392,-1.5972,-8.0408
22.3,0.14146,-0.12585,0.015879,-0.97265,0.0011887,0.025807,-0.0054603,-3.0765,-6.0832,-0.90739,-31.017,2.0537,10.396,-0.35843,-9.8761,0.14457,-0.13622,0.018082,-0.97956,0.014042,0.045497,-0.0033101,-1.6027,-4.5107,0.50502,-33.339,-0.64634,11.111,-0.79639,-7.1446
22.4,0.13751,-0.1287,0.019657,-1.0003,0.0038466,0.039097,0.010246,-0.84353,-5.6423,-0.41353,-29.757,0.14382,10.578,-1.2259,-10.618,0.15183,-0.12862,0.021862,-0.9803,0.006207,0.043377,-0.0048699,-4.3445,-6.5299,0.75073,-33.57,-2.9367,9.9871,-0.63783,-7.6108
22.5,0.14782,-0.13672,0.013917,-0.98236,0.011281,0.04217,-0.006122,-0.53039,-5.9191,1.1792,-32.642,-0.43654,9.988,-1.9529,-10.852,0.12502,-0.13938,0.014002,-0.96387,0.01804,0.039083,-0.012508,-0.39802,-6.8286,1.7418,-30.976,-0.046283,7.4671,-1.0535,-10.062
22.6,0.14154,-0.11843,0.030314,-0.96682,0.015957,0.035495,-0.0017895,-0.55842,-5.6132,-0.21411,-29.235,0.80012,11.21,-1.9528,-9.3679,0.12774,-0.12648,0.025105,-0.9874,0.013849,0.030914,-0.017129,-0.1528,-6.4377,0.79804,-31.192,0.46199,9.3312,-0.81177,-9.1203
22.7,0.13742,-0.13559,0.0022626,-0.98467,0.013461,0.034577,0.010338,-2.0608,-8.7866,1.5533,-30.934,-2.4832,9.5795,-2.0973,-9.9425,0.14032,-0.1546,0.0211,-0.97959,0.0050018,0.033687,-0.0042846,-1.0652,-7.4508,2.6259,-31.804,-1.1168,8.5424,0.97186,-11.155
22.8,0.13743,-0.14628,0.010481,-0.99146,0.0094761,0.038793,-0.0070834,-2.0456,-7.7105,0.89844,-30.623,-0.5472,8.9717,-2.1786,-9.1534,0.13675,-0.13378,0.024996,-0.98284,0.018078,0.033259,-0.0046016,-0.41188,-7.9112,1.2672,-32.53,-1.1132,8.8847,-1.421,-11.212
22.9,0.13594,-0.14732,0.0089401,-0.98312,0.022944,0.024382,0.013214,0.05587,-8.2495,0.14343,-30.663,-1.5622,8.5077,-0.1076,-10.94,0.13432,-0.13935,0.020979,-0.97774,0.015323,0.030075,0.0061801,-1.4536,-8.165,1.8297,-30.914,-1.429,8.3919,-2.4979,-11.075
23,0.14823,-0.15261,0.020317,-0.98936,0.0081059,0.029418,0.0095471,-0.092264,-7.2515,1.7051,-30.446,0.21011,9.5131,-0.18888,-9.117,0.12569,-0.14891,0.019503,-0.97078,0.0062389,0.026107,0.0021084,0.3519,-7.6888,2.8428,-29.918,-0.40834,9.1815,-0.8301,-11.964
23.1,0.14613,-0.13624,0.027432,-0.98526,0.023805,0.02896,0.0032929,-2.5966,-8.4752,1.5674,-28.589,0.45998,9.3821,-1.0186,-12.973,0.1261,-0.14315,0.039926,-0.97241,0.012766,0.023871,0.0119,-1.5392,-8.022,-0.27678,-31.982,0.41958,8.7981,0.18389,-12.719
23.2,0.1369,-0.12205,0.032651,-0.99458,0.021723,0.023507,0.0033524,-1.3424,-8.9263,0.97485,-29.729,1.0717,8.4314,-1.4512,-12.075,0.14086,-0.13594,0.017732,-0.97511,0.014151,0.032639,0.0043344,-1.9167,-7.6451,0.20755,-29.662,0.15084,6.2046,0.20661,-12.801
23.3,0.10989,-0.14979,0.014386,-1.0081,0.02086,0.024774,0.0073824,-0.25486,-10.664,1.1409,-32.044,-1.6862,7.022,-2.3043,-11.166,0.15277,-0.12294,0.013975,-0.98591,0.016409,0.023913,0.012362,-2.3234,-6.9453,0.8771,-27.017,-1.3347,6.6662,-3.7387,-12.128
23.4,0.15225,-0.13521,0.0046087,-0.97587,0.019664,0.029153,0.0086269,-0.27683,-11.496,0.25122,-28.045,-0.90511,6.7758,0.95003,-13.156,0.12936,-0.14128,0.021897,-0.97654,0.010856,0.024854,0.013029,-1.8581,-9.8288,1.9608,-29.945,0.12223,7.6965,-1.7785,-14.429
23.5,0.12567,-0.14297,0.027506,-0.97836,0.014336,0.025926,0.024547,-1.0537,-10.833,1.2347,-28.901,0.50949,8.3023,0.17777,-14.151,0.13189,-0.14401,0.029984,-0.97794,0.017888,0.016727,0.018343,-1.2323,-10.536,0.71531,-30.146,-1.6858,5.5535,-0.52988,-12.866
23.6,0.14373,-0.15116,0.019634,-0.96235,0.0071345,0.020221,0.021885,-0.92852,-9.2123,1.1274,-28.413,-0.98221,8.4333,-1.7006,-12.371,0.12743,-0.14643,0.036507,-0.97334,0.01752,0.034326,0.010471,-1.6921,-9.7092,0.46087,-28.333,0.52428,9.1741,-0.43983,-13.149
23.7,0.13928,-0.13504,0.0090628,-0.98138,0.027971,0.020151,0.0045667,-0.30215,-11.306,2.0744,-30.013,-0.66886,6.6672,-1.2931,-14.313,0.13311,-0.15282,0.033005,-0.98016,0.030466,0.024524,0.016173,-0.38133,-9.8673,0.39029,-26.932,-0.060705,7.2502,0.21531,-11.538
23.8,0.12794,-0.14472,0.019094,-0.96155,0.022684,0.018746,0.0084912,-2.5989,-11.887,1.7627,-26.444,0.94516,6.5463,0.061898,-11.062,0.1347,-0.14969,-0.0028145,-0.98911,0.024627,0.017213,0.017633,-2.3574,-11.109,1.5488,-28.249,-1.1826,7.4427,-1.266,-14.092
23.9,0.13445,-0.1489,0.034276,-0.96914,0.021312,0.0090295,0.01691,-1.4183,-11.192,0.31357,-25.95,2.5352,5.7631,-0.42205,-14.147,0.12246,-0.13898,0.0095473,-0.98575,0.022304,0.014307,0.014184,-2.6957,-10.442,-0.83715,-28.18,-1.7937,5.8561,0.24022,-13.731
24,0.1395,-0.15647,0.026979,-0.98249,0.016166,0.010576,0.010335,-0.67755,-12.239,1.4258,-29.792,-0.2138,5.5288,-1.365,-13.286,0.11676,-0.17201,0.02713,-0.99819,0.02318,0.018935,0.0066111,-2.0209,-13.269,0.6178,-27.489,0.27465,4.9722,-0.98142,-14.209
24.1,0.1379,-0.16975,0.015012,-0.97249,0.031029,0.0068724,0.014181,-0.2203,-12.178,0.12004,-27.87,-0.4115,4.782,-0.66136,-14.907,0.12909,-0.15412,0.0088214,-0.96898,0.020474,0.013824,0.017977,-2.0003,-12.049,1.36,-28.312,-1.2295,6.1567,0.36488,-14.101
24.2,0.12032,-0.17023,0.014775,-0.9763,0.016607,0.0069862,0.015962,-0.31391,-12.623,-0.34157,-26.262,1.1033,7.74,-1.7345,-14.547,0.12987,-0.1636,0.0051318,-0.98932,0.021389,0.014796,0.014055,-0.025807,-11.21,0.40606,-26.478,0.052364,5.1326,-0.19575,-14.805
24.3,0.12895,-0.14416,0.019578,-0.98528,0.035389,0.0069041,0.022894,0.32171,-12.916,2.4621,-25.752,1.1246,5.369,-0.31892,-15.325,0.13107,-0.15079,0.0056386,-0.98045,0.024738,0.012461,0.011928,-0.35045,-11.625,1.2062,-25.293,1.0458,5.3737,-0.87459,-14.934
24.4,0.12166,-0.14749,0.0071438,-0.98996,0.017876,0.018839,0.0099556,-0.2418,-12.385,1.6818,-24.096,-1.2421,5.1376,-0.84052,-15.408,0.10362,-0.16708,0.018272,-0.99309,0.030795,0.011202,0.016812,-0.060085,-14.518,0.56262,-25.607,1.0837,5.1173,-0.38072,-15.773
24.5,0.11221,-0.17629,0.04064,-0.9683,0.02813,0.0073775,0.019806,0.58059,-12.339,-0.86672,-25.468,-0.65618,5.903,0.80111,-16.472,0.1135,-0.13901,0.019023,-0.99011,0.029943,0.011362,0.020837,-1.2043,-13.024,1.3711,-25.305,-0.10596,5.5711,-1.2245,-17.369
24.6,0.11452,-0.15456,0.0078819,-0.97865,0.016522,0.0062027,0.025033,-1.3769,-13.552,-0.29079,-26.367,0.78692,7.3371,-0.76998,-16.464,0.1284,-0.15112,0.01367,-0.98192,0.027597,0.0114,0.01882,-1.4249,-14.384,0.95367,-24.961,1.1596,5.1092,-0.21728,-17.579
24.7,0.11872,-0.14768,0.033479,-0.98709,0.024029,0.00056713,0.028982,-2.1208,-14.843,0.042668,-26.94,-0.00029791,2.309,-2.4371,-17.137,0.10329,-0.15481,0.021,-0.97074,0.03427,0.008053,0.020592,-1.495,-14.451,1.9484,-25.473,-0.94386,4.5328,-3.0516,-15.794
24.8,0.1014,-0.15648,0.026421,-0.97595,0.028259,0.0059898,0.026477,-1.306,-14.696,1.6057,-24.979,0.56093,6.2635,-2.9248,-15.385,0.1245,-0.16327,0.0030591,-1.0015,0.026916,-0.00088236,0.022734,-1.2723,-17.102,-0.27429,-25.03,0.896,4.2605,-0.73049,-18.352
24.9,0.10997,-0.14828,0.0047937,-0.97584,0.027631,4.1872e-05,0.028869,-1.1138,-17.21,-0.48907,-24.85,-0.70845,4.8965,-3.2204,-17.538,0.090686,-0.14511,0.0024765,-0.97409,0.022381,0.0043791,0.016597,-1.8603,-17.241,2.5926,-23.023,-3.032,4.6515,-2.0289,-17.044
25,0.11231,-0.16448,0.00083482,-0.98094,0.028617,0.008449,0.019061,-2.4246,-12.996,1.1006,-22.754,-0.51992,5.3819,-1.3833,-18.489,0.10681,-0.1617,-0.0020507,-1.0002,0.026848,0.0014367,0.022695,-1.1883,-15.053,1.2971,-23.411,1.7722,4.5848,0.029863,-16.434
25.1,0.11317,-0.14568,0.0028544,-0.99268,0.033841,0.0017046,0.021773,-1.3186,-15.934,0.14681,-24.644,-0.67676,6.0415,-0.63242,-18.739,0.094586,-0.15179,0.025427,-0.9829,0.024165,-0.00027563,0.01602,-0.44833,-15.085,2.6628,-23.597,-0.9538,4.9097,-0.18677,-16.622
25.2,0.12093,-0.14475,0.014434,-0.97916,0.031685,0.0016839,0.018105,-0.34581,-16.491,-0.23868,-25.321,-1.2726,6.8089,0.085864,-19.188,0.11145,-0.161,0.013092,-0.98017,0.034914,0.0016037,0.031182,-1.4314,-16.712,2.4455,-23.557,1.4112,3.2024,-2.8844,-17.771
25.3,0.092771,-0.1752,0.011453,-0.97548,0.023696,0.0017442,0.023351,-1.7059,-17.375,0.75461,-23.945,-0.64944,6.2846,-0.74052,-18.771,0.11884,-0.16328,0.00071145,-0.98718,0.032872,-0.0093095,0.032108,0.024212,-18.301,0.54992,-23.786,0.39175,5.6954,0.68802,-18.564
25.4,0.092585,-0.15042,0.018554,-0.9938,0.033362,-0.0065331,0.022374,0.11705,-16.06,1.5644,-23.259,1.1661,4.3243,-3.2464,-19.15,0.099754,-0.15376,0.0096521,-0.97613,0.029124,-0.0019736,0.030489,0.53444,-17.54,-1.6733,-21.668,0.2832,5.577,-0.063657,-19.556
25.5,0.11056,-0.15842,0.012818,-0.98085,0.034408,-0.0043335,0.029012,0.35289,-18.543,0.54204,-24.771,-0.63223,5.1437,-1.3223,-18.366,0.1053,-0.14725,0.010359,-0.98577,0.042359,-0.018834,0.028981,0.17706,-17.283,0.75186,-23.12,0.70859,5.8497,-1.9393,-18.913
25.6,0.11385,-0.16419,0.012147,-0.98507,0.037108,-0.001503,0.022982,-0.045022,-18.707,1.0889,-22.006,1.5693,5.4674,-0.94953,-17.171,0.099832,-0.1626,0.0019967,-0.98985,0.034138,-0.0057982,0.020336,0.11655,-19.509,0.39857,-22.698,-1.7461,6.4077,-0.34345,-19.005
25.7,0.1018,-0.1637,0.01978,-0.99243,0.037283,-0.01504,0.02615,-1.5308,-18.816,1.3865,-21.82,-0.25922,7.1854,-1.5326,-19.435,0.11147,-0.15482,0.0042483,-0.97922,0.032171,0.0011802,0.034044,-2.6869,-18.22,-0.21264,-22.442,-0.23299,7.8051,0.61913,-21.848
25.8,0.11302,-0.154,0.0087355,-0.99451,0.037559,-0.010692,0.020204,-1.6156,-19.156,1.0206,-22.304,0.71502,5.414,0.33544,-19.629,0.1115,-0.14608,0.0081982,-0.97887,0.035955,-0.01938,0.030813,-0.43011,-18.39,0.37555,-20.733,-0.44115,4.786,-1.9012,-18.002
25.9,0.11417,-0.14528,0.015347,-0.99018,0.035987,-0.0070861,0.029299,-1.9077,-20.538,1.4054,-21.039,-0.16035,5.7843,-1.8238,-21.24,0.10071,-0.1524,0.0020887,-0.97938,0.045462,-0.010139,0.018647,-2.6939,-18.332,1.3518,-21.495,1.8851,6.2937,-2.262,-18.692
26,0.10027,-0.17403,-0.018085,-1.0048,0.042328,-0.015327,0.023427,-1.8666,-20.306,0.41008,-21.914,0.43538,7.1549,0.23444,-21.882,0.10819,-0.1594,-0.0021705,-0.98602,0.033781,-0.012985,0.026455,-3.8162,-19.413,-0.17319,-20.581,-0.20194,5.8551,-0.44032,-20.506
26.1,0.07754,-0.14745,0.0010227,-1.0032,0.044262,-0.034027,0.028452,0.13655,-19.587,1.0716,-20.104,0.25811,6.8403,-0.37446,-21.188,0.092395,-0.14135,0.018547,-0.98463,0.040433,-0.0090934,0.02787,-0.97454,-18.896,0.79653,-20.618,-1.3968,6.4153,0.87952,-20.024
26.2,0.095101,-0.17404,-0.0036417,-0.99448,0.044601,-0.020142,0.024969,-1.1267,-21.831,1.3883,-19.952,0.20656,8.4844,-2.2712,-20.698,0.085113,-0.16744,0.005576,-0.98298,0.035369,-0.015212,0.022181,-1.4668,-20.527,0.53794,-21.809,0.49085,5.6215,-2.3334,-22.858
26.3,0.082003,-0.17153,-0.0032277,-0.97902,0.036488,-0.014058,0.031193,-2.3549,-20.435,0.91559,-20.505,0.75457,8.2397,-1.0558,-23.539,0.10148,-0.147,-0.00043969,-0.98551,0.042064,-0.020531,0.022651,-0.97729,-21.936,0.16032,-19.389,1.2972,7.9933,-2.0972,-21.042
26.4,0.084328,-0.13243,-0.0084653,-0.99278,0.038943,-0.021226,0.034197,-1.3828,-20.594,0.53371,-19.652,0.38119,8.143,-1.3381,-21.355,0.091928,-0.15503,0.012123,-0.97943,0.043574,-0.021743,0.030975,-2.4547,-20.351,0.62701,-20.786,0.76653,8.6379,-1.7905,-22.658
26.5,0.086765,-0.16069,-0.0090888,-0.97079,0.046477,-0.029858,0.024182,-1.6085,-22.695,-0.86094,-19.074,0.35246,8.7048,-0.23696,-21.626,0.087761,-0.13619,-0.0060081,-0.98011,0.041022,-0.016892,0.022751,-2.0087,-22.459,0.071703,-21.532,-0.13825,5.6333,-1.2036,-23.031
26.6,0.083144,-0.14274,-0.026724,-1.0073,0.048419,-0.024973,0.022537,-1.4351,-20.381,2.7851,-19.375,0.39626,8.185,-1.4443,-21.454,0.087394,-0.15328,-0.016294,-0.98017,0.036388,-0.022545,0.018838,-1.7718,-22.816,0.53295,-19.708,0.78558,8.035,-0.40462,-23.32
26.7,0.071072,-0.16595,-0.02155,-0.99253,0.041945,-0.035274,0.025826,0.59235,-24.18,0.53163,-18.331,-2.049,8.4609,-1.2738,-22.337,0.074391,-0.13872,0.0028114,-0.98202,0.041337,-0.027988,0.032599,0.81272,-23.147,-0.20215,-20.252,1.318,7.5544,-0.058932,-22.568
26.8,0.080406,-0.14082,-0.011175,-0.97339,0.043013,-0.02397,0.024408,-0.24676,-24.427,-0.67219,-19.107,2.3603,10.619,-2.6973,-25.957,0.073371,-0.14023,-0.017178,-0.98979,0.044504,-0.024434,0.025283,-0.80154,-23.12,0.78908,-18.796,1.0647,9.4963,-0.48492,-23.101
26.9,0.071548,-0.14574,-0.010291,-0.9774,0.037203,-0.026313,0.03169,-2.7593,-22.116,0.54896,-18.623,0.19412,9.7505,-1.8423,-22.889,0.095853,-0.13426,0.0042775,-0.98636,0.039009,-0.037843,0.015772,-0.69972,-24.397,0.52953,-19.341,0.78563,9.3878,-2.6275,-23.733
27,0.066662,-0.14969,-0.022158,-0.98726,0.043258,-0.036436,0.035439,-1.6813,-24.013,1.3923,-16.921,-1.3097,7.6501,-0.97251,-25.384,0.066534,-0.14185,-0.004823,-1.008,0.047317,-0.030152,0.022877,-1.8097,-24.089,0.012868,-17.736,0.57759,9.4019,0.69124,-24.148
27.1,0.067292,-0.14141,-0.0085484,-0.99753,0.051609,-0.035372,0.025673,-0.96439,-24.262,0.58303,-18.658,0.95714,8.3947,-1.8188,-24.362,0.067328,-0.14021,-0.0027413,-0.99852,0.051387,-0.031138,0.017083,-0.22717,-23.426,3.1797,-16.195,1.399,8.8962,0.20566,-25.239
27.2,0.072944,-0.14167,-0.0085306,-0.99008,0.047888,-0.029205,0.025451,-1.851,-23.882,0.74056,-17.491,-0.0039196,10.678,-2.0318,-24.412,0.071225,-0.14264,-0.021533,-0.99075,0.039845,-0.026323,0.025252,-0.37817,-24.885,3.292,-17.837,0.37288,10.436,-2.2867,-25.372
27.3,0.069316,-0.13371,-0.01234,-0.97697,0.050045,-0.039487,0.028866,-0.71913,-24.097,0.45623,-16.676,-0.016763,11.166,-0.2794,-23.586,0.060367,-0.13395,-0.026863,-0.98198,0.040979,-0.028052,0.028903,-2.3896,-23.322,0.95934,-16.912,-0.12862,8.7662,-0.51377,-24.753
27.4,0.066796,-0.11605,-0.025735,-0.96328,0.041113,-0.031995,0.021939,-3.2294,-24.052,1.628,-16.82,0.97363,10.246,-1.9164,-23.543,0.073862,-0.14317,0.0050538,-0.99564,0.042104,-0.033498,0.025959,0.25247,-24.864,-0.090266,-14.026,1.0225,12.406,-1.2142,-25.288
27.5,0.076382,-0.14394,-0.028528,-0.97539,0.046581,-0.037285,0.03302,0.743,-24.985,2.7252,-16.573,0.32631,12.559,-1.8159,-25.683,0.076543,-0.11813,-0.01961,-0.99805,0.041469,-0.038484,0.020629,-1.2693,-24.148,0.96155,-13.604,-1.6377,11.843,-0.61249,-24.967
27.6,0.049347,-0.13406,-0.012997,-0.98377,0.045475,-0.039719,0.032099,-0.98614,-24.621,0.85128,-16.897,0.87569,9.0268,-2.1473,-24.825,0.055289,-0.13372,-0.017466,-0.98185,0.054332,-0.050418,0.021218,-0.90018,-26.75,-0.34872,-15.761,-1.3637,11.602,0.55779,-25.078
27.7,0.059551,-0.12997,-0.01771,-0.99621,0.047254,-0.0347,0.029773,0.30188,-26.205,0.23871,-13.796,0.61401,10.885,-1.1337,-25.993,0.047617,-0.1095,-0.015654,-0.99761,0.052002,-0.035436,0.019486,-1.8579,-24.917,0.70978,-16.024,0.22734,10.585,0.0016151,-25.074
27.8,0.06344,-0.1373,-0.024987,-0.99657,0.040965,-0.045025,0.028571,-0.22555,-24.942,-0.27528,-14.355,1.9647,9.9625,-0.47732,-26.636,0.034177,-0.138,-0.021391,-1.0202,0.046647,-0.030141,0.033499,0.57199,-26.162,-0.30347,-13.524,-0.85994,10.625,-0.7504,-25.705
27.9,0.065978,-0.13067,-0.023017,-0.99208,0.046922,-0.039564,0.025035,1.7578,-25.853,1.9864,-12.41,1.4382,10.332,-2.092,-26.657,0.045637,-0.13548,-0.013154,-0.99064,0.036974,-0.041153,0.026755,-0.20479,-25.14,0.74566,-14.869,0.0065308,9.0587,-1.8862,-26.457
28,0.051264,-0.12806,-0.028619,-0.98938,0.044226,-0.051712,0.022497,-0.30847,-26.56,-0.02672,-16.512,1.7341,13.158,-0.78915,-26.735,0.049459,-0.10994,-0.034566,-1.0054,0.055876,-0.043777,0.026913,-0.37982,-26.293,0.2121,-15.128,1.3454,11.11,-0.65404,-26.087
28.1,0.041663,-0.12815,-0.033525,-0.98676,0.049164,-0.037437,0.025817,1.3163,-27.349,0.18872,-13.816,0.27033,10.45,0.070146,-27.187,0.055149,-0.13986,-0.026644,-1.0022,0.04224,-0.04118,0.017083,-0.19843,-26.747,0.0094335,-15.779,-0.82547,9.4062,-0.40491,-27.018
28.2,0.043068,-0.1071,-0.027041,-1.001,0.045374,-0.052368,0.023026,-0.83398,-24.2,2.2653,-13.698,-0.898,11.981,-0.89413,-27.519,0.046823,-0.12806,-0.018417,-0.99718,0.044705,-0.044549,0.021762,-1.484,-25.412,2.3738,-13.416,-0.18744,11.739,-0.86666,-26.442
28.3,0.04423,-0.13673,-0.036083,-0.98958,0.054747,-0.048103,0.028913,0.34319,-26.465,1.0244,-12.623,0.9916,11.896,-1.2174,-27.222,0.052574,-0.13028,-0.0083661,-0.97968,0.055445,-0.041088,0.020269,0.41504,-28.617,1.259,-14.872,1.6517,13.853,-0.54403,-27.97
28.4,0.038992,-0.12476,-0.028827,-0.98423,0.04953,-0.049085,0.027892,0.60621,-25.428,0.030317,-13.275,-0.7289,12.628,-0.98175,-29.033,0.032333,-0.11104,-0.040964,-0.97707,0.055189,-0.053534,0.025615,0.24977,-26.076,1.4283,-13.325,2.8535,11.199,-0.83918,-26.657
28.5,0.021192,-0.11364,-0.040956,-0.98746,0.047289,-0.044419,0.021667,1.2378,-26.261,0.56146,-13.778,1.0135,14.892,-1.536,-28.2,0.023202,-0.14411,-0.023703,-0.991,0.051948,-0.046082,0.02125,0.29313,-27.072,2.7832,-13.542,-0.18961,14.104,-1.4492,-27.371
28.6,0.031162,-0.12892,-0.016581,-1.0074,0.046853,-0.051027,0.026122,1.5298,-26.303,1.5208,-13,-0.15371,11.711,0.12648,-27.931,0.03049,-0.10209,-0.021323,-0.98577,0.037606,-0.047809,0.025535,1.5539,-26.21,3.0144,-13.249,1.1461,14.359,2.7445,-28.704
28.7,0.023249,-0.092254,-0.030583,-0.99677,0.042412,-0.051343,0.023181,0.051578,-24.389,-0.045037,-12.767,-0.36463,12.298,0.21489,-29.581,0.039652,-0.10038,-0.023743,-0.99932,0.049892,-0.054489,0.012508,1.0909,-27.14,2.1772,-11.659,1.3801,14.236,-0.6584,-27.941
28.8,0.031403,-0.10486,-0.042052,-1.006,0.044672,-0.053706,0.018646,-0.92733,-24.129,1.0613,-10.382,2.2211,14.279,-0.984,-27.146,0.029238,-0.10946,-0.029082,-1.0151,0.03284,-0.042275,0.035012,1.3978,-24.494,-0.33229,-10.657,0.95344,13.684,-0.37687,-30.976
28.9,0.024858,-0.11213,-0.029495,-0.99076,0.044162,-0.061321,0.030627,2.4432,-25.847,0.72597,-11.399,-0.87157,13.2,-0.052567,-28.154,0.016348,-0.099311,-0.037166,-0.97805,0.042252,-0.053366,0.019264,0.81434,-25.155,0.86403,-12.643,1.1592,14.797,1.3207,-28.329
29,0.0078654,-0.11008,-0.050859,-0.97581,0.050798,-0.055989,0.015845,0.39842,-23.163,0.71583,-13.151,1.1424,12.074,-1.6124,-29.666,0.017858,-0.10196,-0.037532,-0.98001,0.032181,-0.054282,0.014649,-0.2811,-23.548,-0.24588,-12.471,1.2144,14.573,0.42941,-27.788
29.1,0.039928,-0.10415,-0.042587,-0.99742,0.042327,-0.052604,0.017155,1.7006,-22.516,0.32366,-12.078,0.98019,14.939,0.053345,-28.876,0.027066,-0.11168,-0.02633,-0.99566,0.034551,-0.064157,0.016836,1.4016,-25.042,0.48626,-12.339,0.56131,13.801,-0.81093,-28.08
29.2,0.0098529,-0.090733,-0.033186,-0.98391,0.038859,-0.059092,0.027825,2.0992,-25.109,1.6663,-11.827,-0.03427,13.484,-0.033279,-28.387,0.020896,-0.098418,-0.032593,-0.98362,0.042553,-0.055624,0.021194,2.1489,-24.133,-1.0119,-11.883,1.0005,14.176,1.0671,-29.138
29.3,0.018057,-0.079511,-0.034351,-0.97247,0.035609,-0.057935,0.01609,-0.9235,-24.954,0.063399,-11.344,1.0093,13.95,-1.1529,-29.684,0.023791,-0.095717,-0.012008,-1.0006,0.033265,-0.058042,0.024441,-0.5295,-23.347,-0.29618,-9.8091,0.99052,15.671,1.301,-28.026
29.4,0.044552,-0.085883,-0.034782,-0.98214,0.035125,-0.068511,0.018865,2.2368,-22.126,1.663,-10.033,1.8127,15.83,-0.60683,-27.95,0.015568,-0.085154,-0.038729,-0.98591,0.027239,-0.060934,0.027156,0.060187,-25.008,1.3146,-8.2078,0.77924,15.27,0.44792,-29.563
29.5,0.0065942,-0.091567,-0.052587,-0.98605,0.039362,-0.061305,0.022109,-1.6244,-21.02,1.0849,-11.086,1.1905,16.57,-1.7294,-27.678,0.011582,-0.10228,-0.042949,-0.99095,0.037106,-0.063075,0.027128,0.45042,-23.74,0.68726,-11.171,2.2092,15.1,-1.0253,-28.906
29.6,-0.015177,-0.07517,-0.046998,-0.99904,0.031351,-0.062343,0.02307,1.8991,-21.474,0.17288,-10.605,2.5471,18.46,0.77986,-28.586,0.011659,-0.084978,-0.027921,-0.99481,0.029185,-0.0694,0.012227,0.35773,-23.356,1.5305,-7.7136,0.56302,14.919,-0.54545,-27.621
29.7,-0.0095669,-0.11117,-0.038687,-1.0091,0.034285,-0.063884,0.017483,0.97893,-22.145,1.8087,-8.9511,0.48485,14.193,0.12141,-27.917,0.0083819,-0.099316,-0.045666,-0.98913,0.020361,-0.063704,0.023012,-0.88101,-23.548,1.1585,-8.2164,-0.34525,16.315,0.55114,-28.872
29.8,0.0092442,-0.078745,-0.026278,-1.0057,0.029323,-0.062467,0.0093328,1.1749,-20.196,0.76562,-9.2598,1.1523,15.355,-1.1532,-25.775,0.013326,-0.075079,-0.043326,-0.99302,0.030446,-0.063216,0.008544,0.51405,-21.759,0.91165,-9.6038,1.3164,17.105,-0.010418,-28.297
29.9,-2.0632e-05,-0.079467,-0.046283,-1.0023,0.034071,-0.065497,0.015744,0.45858,-19.525,0.39336,-8.4667,1.3036,16.064,0.87669,-26.392,-0.0019971,-0.1015,-0.038446,-0.9889,0.039135,-0.060099,0.021153,0.52122,-20.753,0.53107,-8.2865,0.1902,17.983,-1.3067,-27.532
30,-0.0036042,-0.088197,-0.022621,-0.98806,0.032953,-0.059172,0.021452,-0.42629,-20.62,0.87604,-8.2616,0.076817,17.286,0.078799,-25.984,-0.0086938,-0.082094,-0.049593,-1.0076,0.039695,-0.063662,0.015737,0.67024,-20.784,1.8348,-6.8109,1.7631,16.614,0.38458,-25.811
30.1,0.004506,-0.085395,-0.033065,-0.9913,0.032273,-0.062331,0.011188,1.5071,-19.484,0.69482,-6.0304,1.065,17.912,1.8382,-25.033,0.0036162,-0.08187,-0.034046,-0.99014,0.035445,-0.05851,0.019346,-0.39345,-20.935,0.45715,-7.4749,-0.35777,17.594,-1.0913,-25.821
30.2,-0.018378,-0.064501,-0.030056,-1.0112,0.026674,-0.050082,0.0068309,1.3517,-21.819,-0.55183,-7.3568,1.531,18.284,0.43108,-25.669,-0.00095556,-0.066217,-0.042853,-0.99093,0.035908,-0.062619,0.014616,3.1472,-20.333,0.40315,-7.6358,3.0897,16.037,0.99914,-27.114
30.3,-0.0017428,-0.071571,-0.050433,-1.0027,0.025035,-0.062678,0.020201,1.4978,-21.213,0.27949,-6.8176,0.37811,16.877,3.5037,-24.719,0.0063697,-0.054388,-0.044538,-1.0009,0.026247,-0.064409,0.011366,0.85165,-20.151,1.8548,-6.8407,-1.6048,17.755,1.6846,-26.302
30.4,0.0038959,-0.071791,-0.04984,-0.979,0.027083,-0.073312,0.009988,1.2134,-20.776,-1.2645,-8.1067,2.3138,20.086,-0.54834,-26.595,-0.0051475,-0.063988,-0.047664,-0.99272,0.031907,-0.062613,0.015178,1.6855,-21.955,-2.0708,-6.3822,0.42471,19.267,-0.97828,-24.576
30.5,0.001191,-0.048585,-0.047187,-1.0071,0.024564,-0.064247,0.0091619,0.41382,-18.207,-0.37249,-4.7081,2.7306,17.586,0.43993,-24.961,-0.0062613,-0.059429,-0.050933,-1.0021,0.025983,-0.057766,0.0092604,0.34683,-19.243,0.20349,-8.7616,-0.47169,17.869,0.7382,-27.079
30.6,-0.021078,-0.068233,-0.031614,-0.99008,0.022581,-0.068044,0.013238,0.54832,-21.485,-1.0055,-6.6934,-0.52997,16.746,0.62294,-25.26,-0.027548,-0.045235,-0.030691,-1.0264,0.025174,-0.064195,0.0090806,-0.9129,-20.986,-0.30985,-8.1103,0.79873,18.024,-0.36959,-24.359
30.7,-0.0057414,-0.042163,-0.042955,-0.99933,0.026353,-0.066616,0.012778,-0.72301,-18.014,-1.658,-9.3873,-0.52154,17.883,2.9335,-25.646,-0.010035,-0.044123,-0.049628,-1.0052,0.038283,-0.060377,0.008076,1.9201,-19.903,-0.55675,-7.5086,1.7528,17.808,0.49263,-25.913
30.8,-0.013784,-0.055405,-0.07393,-0.99574,0.031782,-0.062864,0.0054281,0.89069,-17.963,-1.93,-5.0647,1.695,18.361,-0.17118,-23.729,-0.027516,-0.050511,-0.050036,-0.99738,0.025446,-0.067272,0.0034376,0.55884,-19.469,-0.93251,-6.0325,0.45048,19.232,1.9457,-23.49
30.9,-0.00062349,-0.060194,-0.03657,-1.0016,0.029603,-0.061237,0.0034507,0.16633,-17.194,-1.0869,-8.3606,0.42251,18.506,1.9209,-22.134,-0.01594,-0.050127,-0.052878,-1.0023,0.029176,-0.053746,-0.013285,0.53376,-18.703,0.76811,-8.4853,1.024,18.063,0.25985,-24.104
31,-0.017124,-0.037633,-0.031133,-0.99113,0.038374,-0.064529,0.0026613,-1.424,-16.825,-0.93706,-8.6948,2.3274,20.36,1.8151,-23.6,-0.013143,-0.073236,-0.044383,-0.98543,0.033399,-0.05469,0.01528,0.14554,-18.766,-1.6141,-6.7181,0.44492,19.124,0.56802,-22.289
31.1,-0.006364,-0.024155,-0.05818,-0.98223,0.031221,-0.052552,0.0014211,-0.57542,-17.51,-1.8159,-7.8914,1.4091,20.481,-1.13,-22.46,-0.0043477,-0.035769,-0.033469,-0.9958,0.026005,-0.062889,0.0027583,0.4675,-15.78,-2.119,-7.8637,-1.1487,19.867,1.3147,-22.724
31.2,-0.006455,-0.040896,-0.034319,-0.99186,0.030771,-0.055601,0.0074342,1.5822,-16.631,-0.23335,-8.7671,-1.0924,19.85,0.43599,-22.376,-0.030184,-0.040217,-0.043881,-1.0029,0.024164,-0.059645,0.0047185,-0.3863,-18.768,-1.7018,-10.172,-0.61992,18.347,0.7147,-22.313
31.3,-0.016438,-0.011858,-0.038022,-0.97917,0.02427,-0.05166,0.0050746,-0.31033,-18.004,-0.35302,-9.5642,2.6408,20.898,-1.2018,-22.633,-0.025552,-0.022901,-0.031995,-1.0128,0.022853,-0.064815,0.0034939,1.3901,-18.198,-1.0316,-8.8539,1.6451,20.092,1.5099,-22.195
31.4,-0.023111,-0.041495,-0.046064,-1.0017,0.029255,-0.056243,0.0056041,1.8733,-15.656,-2.4702,-10.028,0.22255,20.923,2.0879,-23.113,-0.024239,-0.036189,-0.043254,-1.0126,0.021743,-0.051613,-0.0024527,0.44278,-17.14,-2.0156,-9.4199,0.813,20.685,1.4997,-22.158
31.5,-0.024992,-0.014773,-0.045006,-0.99397,0.031838,-0.049856,-0.0053096,1.0972,-16.356,-2.8316,-9.4135,0.92174,19.539,1.097,-21.034,-0.0071001,-0.028513,-0.051861,-0.98683,0.024678,-0.054545,-0.0034921,0.045849,-15.549,-2.6553,-10.285,0.59148,20.205,0.68107,-21.099
31.6,-0.028017,-0.03125,-0.058251,-1.011,0.03075,-0.051696,-0.0065123,0.074095,-15.652,-0.45845,-10.464,0.6856,20.704,0.60737,-20.121,-0.027901,-0.044663,-0.049634,-1.0227,0.022042,-0.052152,0.00062343,-0.099293,-16.441,-3.1098,-11.533,0.84269,22.676,0.45094,-22.524
31.7,-0.01348,-0.018051,-0.035244,-0.97386,0.029456,-0.051665,-0.0025843,1.8726,-16.824,-2.2805,-10.117,-0.25256,20.593,1.1599,-21.24,-0.025303,-0.017134,-0.046217,-0.99017,0.026883,-0.039335,-0.0097589,0.54729,-15.832,-1.6722,-10.207,-0.5652,20.582,-0.71104,-20.759
31.8,-0.039717,-0.026995,-0.056374,-1.0135,0.030234,-0.043401,-0.01567,1.8836,-15.055,0.17998,-12.897,0.74106,21.252,-0.14671,-19.848,-0.024777,-0.029555,-0.045889,-0.99767,0.030141,-0.043924,-0.012281,1.2724,-16.537,-0.4137,-11.939,2.0433,21.07,0.18792,-21.349
31.9,-0.05216,-0.0044904,-0.038353,-1.0026,0.031433,-0.042738,-0.010822,1.9848,-18.635,1.1672,-12.999,0.37644,21.219,0.0038785,-20.771,-0.028872,-0.022354,-0.042586,-0.98443,0.015073,-0.043431,-0.0052289,1.7743,-15.858,0.88545,-11.867,3.5758,21.48,0.59907,-18.975
32,-0.024879,-0.042178,-0.034143,-1.0146,0.017513,-0.042956,-0.0060129,0.36385,-16.781,-1.436,-10.844,2.3832,22.978,0.98197,-20.825,-0.024726,-0.010124,-0.039395,-0.98813,0.025207,-0.042098,-0.016734,0.74354,-14.231,-0.81757,-12.824,2.0745,22.118,2.0495,-19.747
32.1,-0.03254,-0.014145,-0.038036,-1.0039,0.026312,-0.044109,-0.0036697,2.9312,-15.593,-2.4643,-12.4,0.46998,22.487,1.6259,-21.247,-0.044026,-0.0086549,-0.03995,-0.99723,0.024721,-0.038462,-0.010176,-0.17433,-13.355,-2.9897,-11.72,2.1597,21.944,1.9812,-19.575
32.2,-0.028728,-0.0092484,-0.037511,-1.0093,0.018084,-0.05276,-0.0041629,0.17699,-16.256,-1.2372,-12.654,0.61157,21.454,-0.10629,-19.285,-0.026642,-0.002049,-0.037791,-1.0031,0.027695,-0.029107,-0.002097,0.41792,-16.023,-0.62909,-12.388,1.1286,22.165,0.42704,-20.426
32.3,-0.044898,-0.021011,-0.028617,-0.98979,0.02325,-0.032256,-0.0049227,-0.28333,-14.798,-0.33014,-13.07,0.076699,23.608,0.36732,-21.092,-0.033913,-0.00015808,-0.033216,-1.0027,0.0212,-0.032485,-0.0066184,1.8086,-13.417,-0.39077,-11.47,-0.46018,22.765,1.4325,-20.918
32.4,-0.012502,-0.0029995,-0.050917,-0.99915,0.020301,-0.044852,-0.0078704,-0.99319,-14.837,-1.5765,-12.73,-0.010056,24.507,-0.1564,-20.785,-0.063263,-0.0010725,-0.028471,-1.0117,0.018129,-0.038438,-0.0069496,1.264,-14.954,-1.2009,-13.963,0.55375,24.47,-1.2815,-19.076
32.5,-0.030512,-0.0011716,-0.044638,-1.0066,0.02057,-0.034971,-0.016092,0.35676,-14.403,-0.97455,-13.366,1.0943,24.53,0.39708,-20.54,-0.04019,-0.0055276,-0.057408,-1.0006,0.015648,-0.036088,-0.008346,0.90655,-14.448,1.0767,-13.251,0.11491,22.669,-0.39137,-19.449
32.6,-0.03168,0.0048146,-0.046377,-0.99624,0.011951,-0.036955,0.0031465,0.76722,-11.71,-2.3873,-14.341,0.57858,21.79,2.1703,-17.934,-0.054294,-0.00091607,-0.029402,-0.99945,0.020514,-0.037286,-0.0038731,-0.18306,-13.432,-0.30299,-13.781,2.3217,21.801,-0.21191,-19.677
32.7,-0.043579,0.00040114,-0.030664,-0.99109,0.02525,-0.040139,-0.014544,1.0294,-12.62,0.87316,-13.214,1.703,22.713,0.74697,-19.965,-0.040476,-0.02431,-0.027712,-0.98505,0.016604,-0.043442,-0.0089848,2.1349,-12.632,0.31738,-14.12,1.7447,24.415,-0.28358,-19.203
32.8,-0.038427,0.010846,-0.024545,-0.99235,0.014437,-0.035757,-0.0086605,-0.025362,-14.308,-0.80639,-14.861,-0.39271,23.137,0.97573,-19.14,-0.033975,-0.0079081,-0.022256,-0.99444,0.011685,-0.034985,-0.011584,-0.38819,-12.561,-1.9706,-13.057,1.687,24.37,0.1529,-19.717
32.9,-0.034587,0.000894,-0.040097,-1.0061,0.019355,-0.035789,-0.018113,0.14109,-13.655,-0.67966,-14.137,0.99848,24.316,0.21669,-20.731,-0.066375,0.0072382,-0.032302,-1.0065,0.014179,-0.034708,-0.010066,1.0105,-11.439,-1.2821,-16.021,-0.074609,22.941,-0.05152,-18.232
33,-0.044193,0.0046415,-0.037293,-1.0025,0.018421,-0.037925,-0.0090309,1.904,-12.323,0.22955,-16.234,-0.8223,24.084,0.61592,-20.432,-0.049128,-0.011568,-0.014768,-0.99338,0.021577,-0.032296,-0.020915,1.0021,-12.015,-2.5941,-15.239,0.4131,24.224,-1.8217,-21.156
33.1,-0.047282,-0.0046126,-0.042504,-1.0069,0.0094597,-0.035495,-0.012684,1.0336,-13.46,-0.56795,-17.183,-0.56839,23.185,2.5113,-18.502,-0.057428,0.014304,-0.034306,-0.99517,0.016406,-0.034611,-0.01314,-1.1076,-11.279,-1.1386,-15.981,1.9929,25.259,0.11375,-18.39
33.2,-0.043287,0.0094156,-0.038133,-0.99441,0.01691,-0.033541,-0.014254,0.85922,-10.1,-2.6202,-18.458,-0.13487,24.321,-0.56458,-18.427,-0.037861,0.0013392,-0.019095,-0.99873,0.018887,-0.029276,-0.012708,0.6442,-12.37,-2.2676,-15.209,2.9137,25.569,-0.94353,-21.572
33.3,-0.054409,0.0089582,-0.026131,-1.0082,0.006255,-0.029083,-0.017062,0.48401,-11.451,-0.4866,-17.592,0.032563,24.832,0.35219,-19.675,-0.029207,0.0061759,-0.032922,-0.99737,0.012917,-0.028858,-0.010592,-0.6702,-11.925,-2.2804,-17.954,0.9224,25.851,-0.49082,-19.072
33.4,-0.040939,-0.0048238,-0.046747,-1.0076,0.010718,-0.030895,-0.01679,1.9249,-11.58,-1.9849,-17.555,1.202,25.313,-0.64768,-20.978,-0.054838,0.0088638,-0.030288,-0.98778,0.0025752,-0.01326,-0.024308,1.8679,-11.156,-2.72,-15.349,2.6145,24.752,-1.1148,-20.517
33.5,-0.070864,0.031947,-0.038188,-0.98422,0.0192,-0.030446,-0.019102,0.92442,-10.471,-0.8963,-17.929,2.3929,26.147,1.8904,-18.34,-0.048237,0.010292,-0.020476,-0.99571,0.0094494,-0.030441,-0.016635,1.6133,-10.073,-1.5405,-18.895,0.04157,26.731,-1.3153,-18.057
33.6,-0.045509,0.015948,-0.048153,-1.0141,0.014671,-0.033249,-0.02611,2.4664,-9.3512,0.079654,-18.33,1.5272,24.125,0.035493,-17.537,-0.058097,0.0040778,-0.023966,-0.9929,0.0055654,-0.014301,-0.019144,2.4286,-11.753,0.56836,-19.417,-0.20515,25.724,-0.78519,-20.329
33.7,-0.041797,0.02111,-0.030139,-1.0047,0.010463,-0.019924,-0.020382,0.52676,-10.585,-1.7635,-17.334,2.3108,27.326,-0.94198,-19.185,-0.045601,0.010372,-0.042664,-0.97941,0.0044274,-0.026765,-0.018413,2.7106,-10.538,-1.7691,-18.252,0.13894,25.05,0.085218,-19.979
33.8,-0.050243,0.012658,-0.03816,-0.98505,0.00087895,-0.021662,-0.025918,1.1454,-10.817,-1.2087,-18.463,2.9821,25.312,-0.61776,-19.202,-0.035848,-0.0024445,-0.047756,-1.0004,0.0044988,-0.024104,-0.025403,0.47848,-9.1802,-1.1358,-17.033,0.39719,24.72,0.85636,-19.951
33.9,-0.047406,0.0054855,-0.037349,-1.0065,0.0076027,-0.028923,-0.025691,1.2224,-8.4993,-0.089744,-18.795,2.5853,27.036,-0.34642,-19.129,-0.048801,0.035175,-0.024739,-1.006,0.00012204,-0.030368,-0.018721,2.0195,-9.6908,-2.4857,-17.909,0.40392,25.844,-0.26438,-19.388
34,-0.04452,0.0044965,-0.016649,-1.0103,0.00036335,-0.015342,-0.02019,0.90899,-7.9146,1.2573,-18.818,1.2193,25.872,-0.33036,-19.211,-0.038728,0.015921,-0.039062,-1.0106,0.0017264,-0.015332,-0.017543,1.0644,-8.3597,-1.2417,-18.107,-1.3813,25.982,-1.7325,-20.81
34.1,-0.047508,0.0098525,-0.029599,-0.99967,0.0072102,-0.024339,-0.020672,0.66153,-10.48,-1.8191,-20.538,0.39626,26.46,0.63654,-19.58,-0.042787,0.021042,-0.02643,-0.99838,0.012649,-0.01988,-0.024904,2.3811,-8.7896,-0.51724,-19.643,0.47092,26.872,1.0033,-19.637
34.2,-0.052767,0.022553,-0.0046092,-0.98148,0.005815,-0.02807,-0.022732,-0.18863,-8.0345,-1.4712,-20.748,0.40774,27.799,0.42203,-20.235,-0.05582,0.0099512,-0.011506,-0.99247,0.0091413,-0.030158,-0.015187,0.5314,-6.779,-3.7725,-20.339,-0.13773,26.031,0.56329,-18.706
34.3,-0.061476,-0.013882,-0.014049,-0.99169,0.0039992,-0.016098,-0.014179,2.3417,-6.681,-1.4394,-20.073,-1.4921,28.671,-0.63192,-18.498,-0.061772,0.021891,-0.019414,-0.99006,0.0013939,-0.014521,-0.019309,0.65672,-7.7927,-0.50824,-20.155,1.2446,26.049,0.12965,-19.014
34.4,-0.047884,0.013015,-0.025496,-0.99943,0.00043808,-0.020265,-0.028268,2.6443,-6.4547,-0.83805,-20.716,-0.50384,26.532,0.30396,-21.304,-0.047478,0.019158,-0.0049048,-0.98965,-0.00077239,-0.023056,-0.014796,-0.13824,-6.8351,-0.87459,-21.77,-0.68911,24.373,0.31779,-18.139
34.5,-0.04291,0.010014,-0.0039603,-1.0021,0.0014013,-0.01861,-0.013247,0.58195,-6.3824,-0.58668,-19.385,0.89403,25.347,-0.46364,-18.305,-0.049534,0.0052847,-0.046148,-0.98368,0.0034327,-0.012217,-0.015654,0.58318,-5.6865,-3.3238,-19.818,-0.65303,25.297,0.21779,-18.964
34.6,-0.055507,0.022419,-0.027193,-0.99307,-0.0030271,-0.017744,-0.02303,1.1111,-7.1852,-1.091,-22.749,0.00023672,25.365,1.1255,-20.993,-0.04807,0.020369,-0.039703,-1.0019,0.00029599,-0.014879,-0.020408,1.96,-5.4626,-0.27466,-22.071,0.28612,24.681,-1.1647,-19.538
34.7,-0.040521,-0.0023608,-0.014966,-0.9807,-0.0023913,-0.022152,-0.011649,1.4761,-4.213,-0.063754,-22.788,-0.35118,25.862,0.35387,-20.404,-0.039802,0.022267,-0.03223,-1.0008,-0.010499,-0.012679,-0.015169,1.7854,-6.2421,-1.8217,-22.861,-1.5017,25.722,-0.57231,-17.036
34.8,-0.05341,0.023411,-0.032635,-1.0055,0.0013197,-0.01883,-0.018521,-0.21792,-8.4503,-3.0832,-23.226,-0.48431,24.547,1.4218,-20.863,-0.049158,0.027151,-0.034107,-1.0112,-0.0016481,-0.012097,-0.015493,1.9465,-7.0734,-0.59612,-23.53,-0.34016,25.825,-0.53071,-20.698
34.9,-0.049514,0.0077395,-0.018992,-0.98603,-0.0036306,-0.013537,-0.023544,0.37594,-6.3721,-0.56846,-24.945,-0.27361,24.476,-0.72597,-21.085,-0.058511,0.039477,-0.031477,-0.98892,-0.0066378,-0.0089029,-0.019764,0.77814,-5.786,-0.13072,-21.672,0.88539,27.107,-0.33682,-21.263
35,-0.053985,0.034675,-0.022577,-0.99677,-0.007128,-0.010886,-0.018012,0.25057,-3.902,-1.4442,-24.288,-0.69712,26.943,0.52335,-22.143,-0.048072,0.031519,0.01117,-1.0006,-0.0046065,-0.016361,-0.012934,0.45106,-7.4632,-0.90471,-22.425,-0.016877,26.995,-0.011117,-20.065
35.1,-0.073576,0.055142,-0.019646,-0.99092,-0.012521,-0.010524,-0.019749,1.6591,-4.7651,-0.43662,-24.223,-0.068557,24.883,-1.548,-21.988,-0.048261,-0.0092331,-0.010085,-1.0042,-0.0079526,-0.013659,-0.020924,0.77069,-4.3277,-0.90666,-25.305,-1.7903,23.909,0.27901,-19.673
35.2,-0.0388,0.030008,-0.0093536,-1.0044,-0.012401,-0.01814,-0.0079157,1.6636,-5.6657,-1.4775,-25.1,0.43225,26.881,-0.66933,-20.999,-0.052544,0.020372,0.0006227,-1.0065,-0.0071734,-0.010146,-0.018653,2.6632,-4.504,-0.58304,-23.792,-0.92728,26.102,-0.25515,-20.537
35.3,-0.045871,0.019823,-0.024037,-0.99263,-0.0066799,-0.014913,-0.018884,1.3391,-5.2107,-2.1617,-24.423,0.34904,24.494,1.0036,-19.189,-0.029827,0.019387,-0.0082627,-0.98892,-0.01077,-0.0068204,-0.013959,1.9427,-4.0232,-0.58097,-23.374,1.5247,28.923,-2.2999,-21.036
35.4,-0.045548,0.026738,-0.025029,-0.97478,-0.0095606,-0.013028,-0.023775,0.9354,-2.4829,-0.53577,-22.785,-0.51278,25.751,1.2147,-21.264,-0.037869,0.03241,-0.01336,-0.98506,-0.01314,-0.012559,-0.0062526,-2.0355,-2.4157,-1.1897,-24.997,-0.23127,25.484,-0.91047,-21.421
35.5,-0.04561,0.030356,-0.0072529,-0.99916,-0.021964,0.0031472,-0.015521,-0.2107,-4.5933,-1.4136,-25.175,1.1619,25.882,-0.55639,-21.682,-0.040774,0.031295,-0.0044883,-0.97435,-0.010621,-0.006915,-0.019762,0.43111,-3.9381,-1.4424,-24.519,0.47239,25.796,1.0025,-21.479
35.6,-0.053255,0.049119,-0.011718,-0.98983,-0.010495,-0.018252,-0.010637,-1.4862,-5.1436,0.59174,-26.151,-0.0060276,24.401,-0.15056,-19.859,-0.024842,0.030297,-0.015362,-0.98797,-0.018104,-0.0066674,-0.012194,1.1437,-4.233,-2.3681,-25.646,-0.35606,26.383,0.64106,-21.777
35.7,-0.040057,0.044405,-0.0098368,-0.98617,-0.0076722,-0.013538,-0.0070755,2.0889,-3.8526,-1.4454,-25.856,0.33738,25.311,0.26792,-21.512,-0.042285,0.020783,-0.011958,-1.0065,-0.0093665,-0.012135,-0.0036872,-0.39726,-2.2986,-1.3583,-24.886,-1.1527,25.496,-0.20875,-22.23
35.8,-0.048428,0.027241,-0.020643,-1.0036,-0.011635,0.0016312,-0.014945,0.12215,-3.3469,-0.77155,-25.693,-0.99627,25.124,-0.28611,-23.23,-0.037317,0.012958,-0.017112,-0.99311,-0.014585,-0.0078929,-0.022331,-0.81467,-3.2597,-0.75364,-26.658,0.32678,24.268,-0.038783,-20.761
35.9,-0.055693,0.041887,0.004876,-1.0003,-0.017086,-0.0027553,-0.011169,0.89762,-0.75963,0.40169,-27.009,0.21208,22.844,0.033256,-22.151,-0.041074,0.011925,-0.00015091,-1.0197,-0.020078,-0.014065,-0.00027592,0.8601,-0.97243,-0.10333,-26.234,-0.47483,25.662,1.2868,-20.227
36,-0.036757,0.023457,-0.0068736,-1.0086,-0.011821,-0.0061369,-0.015341,1.3652,-2.9758,-1.7563,-26.964,-1.3499,24.917,1.7047,-19.057,-0.018343,0.020517,-0.021896,-1.0017,-0.023907,-0.0083727,-0.012665,1.0212,-2.0838,-1.6982,-27.412,1.0192,24.428,0.37355,-19.131
36.1,-0.01911,0.043037,0.0010591,-1.0112,-0.019699,-0.0076774,-0.0049498,2.1166,-1.8027,-1.5594,-27.701,-1.7053,24.017,1.0641,-22.778,-0.03659,0.02239,-0.006348,-1.0016,-0.018113,-0.006072,-0.010535,0.44386,-1.2877,-1.3051,-27.404,-0.53229,24.519,-0.13035,-21.632
36.2,-0.044574,0.013851,-0.017311,-1.0019,-0.011536,-0.0040452,-0.005708,1.4225,-0.53434,-1.0705,-27.024,0.61922,23.297,1.2972,-20.528,-0.044115,0.012145,-0.0035609,-1.0056,-0.023215,-0.0033368,-0.008842,-0.22487,1.0852,-0.98808,-28.465,-0.96658,23.386,1.3164,-20.143
36.3,-0.030786,0.025059,-0.021124,-0.99909,-0.027491,-0.002296,-0.013844,1.14,-1.0078,-1.8022,-28.463,-1.0117,23.402,-0.18808,-19.373,-0.032385,0.035031,0.0056939,-0.98587,-0.019375,0.0038081,-0.012751,1.1859,-0.25937,-0.70701,-29.074,-0.73299,22.9,1.8999,-20.096
36.4,-0.042584,0.018507,0.0060822,-1.0118,-0.024644,-0.0029233,-0.014726,1.2088,-0.52521,-0.64151,-29.343,-1.3582,22.096,0.27301,-21.592,-0.035972,0.018046,0.00064633,-0.9849,-0.019936,-0.0037432,0.0021285,0.41539,0.31229,-2.1583,-29.309,-0.14047,23.874,-0.92209,-20.206
36.5,-0.053137,0.034573,-0.0025137,-1.0076,-0.017256,0.0042757,-0.016572,1.2512,1.3059,0.71136,-29.955,-0.39982,24.193,0.15345,-19.557,-0.040588,0.019048,0.010715,-1.0081,-0.019902,0.0072418,-0.011419,-0.73184,-1.7528,-1.7233,-29.319,-0.028879,22.487,-0.57754,-20.282
36.6,-0.025356,0.03544,-0.021128,-0.99645,-0.02184,-0.003922,0.00043802,0.30852,-1.2984,-0.0019177,-29.088,0.29911,22.132,0.2346,-20.402,-0.051831,0.027183,-0.019301,-0.99339,-0.017795,-0.008819,-0.0062339,3.5438,-1.2253,-0.76959,-30.354,-1.4623,22.983,-0.51374,-21.706
36.7,-0.02679,0.037703,0.003372,-0.99331,-0.019956,0.0022103,-0.00030898,-0.17133,-0.014888,-0.66836,-30.102,0.69536,22.478,-0.86365,-20.806,-0.036859,0.0048405,0.0076016,-0.98998,-0.024216,0.0061116,-0.0080157,0.61863,-0.046556,-0.018195,-31.068,0.48182,23.619,1.5503,-20.662
36.8,-0.028714,0.025663,-0.0068629,-1.0073,-0.026866,-0.0015242,-0.011629,1.442,0.077339,-1.6527,-31.076,-0.34815,22.529,-0.21446,-21.033,-0.016129,0.044064,-0.0080217,-0.98898,-0.026903,0.018198,-0.022402,0.66671,-0.090449,-1.2343,-31.632,1.0844,21.245,0.39109,-19.762
36.9,-0.018686,0.028626,-0.020597,-1.0046,-0.024766,0.0076603,-0.00040216,0.46414,1.2581,-0.5562,-30.467,-1.3149,21.67,1.3231,-19.831,-0.032072,0.013649,-0.0033828,-0.99831,-0.024505,0.0035474,-0.0084436,-0.27617,-0.4682,-1.171,-30.562,-1.6186,20.998,0.26015,-19.63
37,-0.036623,0.044606,-0.0089327,-1.0025,-0.024526,0.010826,-0.015707,1.3552,-0.23021,-2.2046,-32.663,-1.4369,21.88,-1.0285,-18.834,-0.026007,0.028084,-0.0064285,-1.0055,-0.031241,0.013262,-0.011014,0.40938,1.2782,-1.2302,-32.759,-1.5875,21.135,0.086609,-19.05
37.1,-0.026686,0.043386,-0.0065069,-1.0062,-0.036142,0.0062918,6.2017e-05,0.11506,0.0091939,-0.73464,-30.505,-1.4624,21.227,0.00065701,-20.046,-0.041716,0.035973,-0.0042623,-0.99128,-0.023891,0.0059118,-0.0086591,2.2183,1.5477,-2.18,-31.431,-0.11698,22.613,0.26354,-19.703
37.2,-0.031507,0.032805,-0.013802,-1.022,-0.028813,0.0080786,-0.0080055,-1.597,-0.4317,-1.3851,-31.524,-1.4531,20.755,1.9703,-16.13,-0.019667,0.030919,0.00099699,-1.0017,-0.032925,0.0064254,0.0029801,-0.91794,0.20379,-1.8616,-31.671,-0.34308,20.524,-0.55392,-17.818
37.3,-0.037758,0.021867,-0.0058055,-1.0025,-0.023079,0.012948,-0.0025804,1.1085,3.7661,-2.424,-32.506,-1.3659,22.729,0.53846,-18.228,-0.047821,0.0086343,-0.017421,-1.0009,-0.031379,0.01032,-0.0013443,-1.2039,0.45035,-0.46885,-32.324,-0.51179,19.686,1.969,-18.495
37.4,-0.029694,0.023373,-0.0074668,-1.0068,-0.028904,0.010582,-0.0051616,-0.30065,0.40348,-1.7666,-30.092,-1.7849,19.618,0.58012,-17.791,-0.018349,0.0311,-0.0076806,-1.022,-0.026187,0.011806,-0.0041727,-0.32491,4.9924,-1.2545,-31.992,-1.5625,18.77,1.0914,-17.409
37.5,-0.0095063,0.042407,-0.012261,-0.98829,-0.033083,0.01653,-0.010486,-1.4588,-0.086335,-1.1533,-32.15,-0.49615,18.922,-1.3083,-17.351,-0.02215,0.018405,-0.0015478,-0.99753,-0.027813,0.0087933,-0.0023082,1.0468,1.0912,-2.1463,-32.797,-0.7043,18.125,0.38953,-20.155
37.6,-0.033177,0.010986,-0.0175,-0.98907,-0.014409,0.01624,-0.0047899,-1.0067,0.19676,1.4884,-32.844,-0.8953,18.086,0.76505,-18.174,-0.025798,0.010753,0.0087421,-0.97715,-0.018907,0.0053493,-0.0038242,1.4932,-0.55651,-1.1481,-33.768,-0.30387,19.679,-0.69264,-17.843
37.7,-0.017752,0.022295,0.0017454,-1.0137,-0.018144,0.019965,-0.0065487,-1.8216,0.78572,-0.82847,-34.582,-1.1076,19.509,0.88891,-18.704,-0.037351,0.026249,-0.019712,-0.99631,-0.019633,0.02593,-0.0034807,-1.626,0.40636,-3.0471,-35.739,-0.71669,21.504,0.82841,-18.395
37.8,-0.012143,0.04152,0.0034391,-0.99671,-0.025417,0.016474,-0.016091,-2.0753,-0.94715,0.5715,-33.273,0.70016,17.225,0.80582,-19.569,-0.029471,0.027681,0.0017295,-1.001,-0.019887,0.022883,-0.0034545,-0.39074,0.53989,-1.3106,-33.657,-0.99987,18.985,1.1696,-16.394
37.9,-0.029045,0.014246,-0.027529,-0.99308,-0.016901,0.025362,-0.0033251,-2.9931,-1.4138,-1.2817,-35.302,-1.2349,16.455,0.50226,-16.349,-0.025403,0.042223,-0.0052038,-0.99211,-0.021757,0.024799,7.6012e-05,-0.021942,1.0545,0.39468,-34.554,-1.7169,15.667,1.1281,-18.248
38,-0.026019,0.014267,0.0025085,-1.008,-0.017062,0.035575,0.00015212,-0.43791,1.4768,-1.2899,-35.377,-3.1351,15.988,0.86197,-17.829,-0.016983,0.036879,-0.002373,-0.96914,-0.020108,0.018832,-0.0077926,0.56588,-0.92667,1.397,-36.016,-0.98769,16.154,-0.38017,-16.254
38.1,-0.014842,-0.005287,0.008036,-1.0011,-0.022567,0.021707,0.013118,-1.5537,1.6434,-0.145,-37.282,0.23619,15.627,-1.1045,-19.131,-0.013403,-0.0080247,-0.0033504,-1.0125,-0.011792,0.024931,-0.0011582,0.28802,1.1235,-0.039103,-35.495,-0.86633,16.655,0.25049,-17.397
38.2,-0.014108,0.0095547,0.0041559,-0.99376,-0.017873,0.012675,0.0011031,-2.0119,-0.26709,0.3845,-35.546,-0.79234,17.3,0.64611,-14.749,-0.022642,0.019885,-0.0039498,-1.0037,-0.020819,0.017606,0.0074042,-1.1898,0.56026,1.2681,-35.571,0.31004,17.441,1.99,-16.411
38.3,-0.0094168,0.019659,0.0052879,-1.0019,-0.015704,0.020916,-0.0074016,-0.5805,1.516,1.2145,-35.192,-0.51887,16.818,0.064183,-17.712,-0.01758,0.017148,-0.02276,-0.99417,-0.015943,0.019279,-0.0036581,-1.5648,-1.9173,0.91754,-33.745,3.3676,15.245,0.414,-16.856
38.4,-0.021136,0.026479,-0.019787,-1.0148,-0.0094148,0.025106,-0.0066699,-0.99774,-0.90684,-0.88409,-34.371,2.5313,18.658,-0.26464,-17.387,-0.013617,0.010571,0.0012238,-1.0112,-0.016747,0.017777,0.003022,-1.1151,-0.39223,0.52992,-34.571,-0.21633,17.789,-0.4221,-16.263
38.5,-0.01786,0.026065,0.011202,-0.99187,-0.016878,0.019947,0.0051846,-1.2044,-1.0778,0.25788,-34.932,0.19883,20.516,-0.44492,-17.996,-0.023471,-0.014222,0.01334,-0.99538,-0.010672,0.011241,0.0033316,-1.5329,0.25055,1.0612,-33.127,0.42224,17.075,-0.5767,-16.391
38.6,-0.03072,0.012019,0.0083631,-1.0215,-0.01809,0.016841,0.0055372,-0.46397,-3.0174,1.3237,-34.779,0.71874,19.21,-0.29289,-17.543,-0.010655,0.028521,0.0011949,-0.98751,-0.011778,0.014296,0.0030052,-0.40239,-0.64479,-1.2923,-34.218,0.87339,17.71,-2.8532,-17.906
38.7,-0.025773,0.006716,-0.0035631,-0.99597,-0.013016,0.0095639,-0.00027757,0.33385,-2.9673,1.0916,-32.769,-0.38776,19.658,-0.80521,-17.601,0.0069552,0.0093479,0.014235,-0.99794,-0.02282,0.014964,-0.0046785,-0.32274,-1.8339,0.81033,-32.841,-0.17409,18.251,-1.6956,-16.824
38.8,-0.0051461,0.0081425,0.0018668,-0.98401,-0.010441,0.014023,0.003979,-1.6773,-0.59285,0.24572,-32.201,-0.7423,16.922,-0.30306,-19.649,-0.020319,0.0063855,-0.013042,-0.99397,-0.014338,0.014929,0.00060883,-1.288,-2.3554,0.068284,-32.88,0.97964,16.366,0.87624,-17.337
38.9,-0.010691,0.0049405,-0.00055924,-1.0061,-0.010572,0.0085375,0.0047794,0.19827,-2.6771,1.1589,-33.761,1.4215,17.711,0.95238,-17.602,-0.012899,0.01657,0.010333,-1.0037,-0.013808,0.0036928,-0.0097494,-1.724,-2.0933,-0.20653,-32.988,0.8562,18.071,1.0949,-16.776
39,-0.020187,0.015493,0.0026419,-0.991,-0.017297,0.012801,-0.0051086,-0.96925,-2.1251,0.6611,-32.276,0.75652,17.809,-0.58045,-18.871,-0.0032371,-0.0043764,-0.019667,-1.0069,-0.016952,0.010721,-0.0019863,0.80736,-3.0864,1.1029,-30.979,-0.49471,17.127,-2.3201,-17.753
39.1,-0.010224,-0.011261,-0.0063357,-1.0096,-0.013798,0.013104,0.0027247,-0.67241,-1.2537,0.72358,-32.138,-0.10502,19.167,-0.73928,-18.072,-0.02243,0.0079254,0.016898,-1.0088,-0.0017159,0.011607,6.6972e-05,1.4912,-2.6635,-0.67136,-31.987,0.34052,18.22,-0.032843,-18.954
39.2,-0.020518,-0.0097901,0.0083985,-0.99995,-0.017131,0.0076948,0.0078698,-0.42574,-3.5122,0.59938,-32.438,1.3268,18.511,0.0041747,-18.495,-0.009539,0.015851,0.0061302,-0.99665,-0.01078,0.00571,0.00078976,-1.841,-1.088,0.86765,-32.629,-1.2474,19.956,0.94944,-16.929
39.3,0.0011094,-0.00096934,-0.010192,-0.99141,-0.0098361,0.010941,-0.0036905,-0.17166,-4.086,-1.4371,-32.945,-0.59882,18.876,0.36419,-17.637,-0.011531,-0.0027855,-0.00022248,-1.0005,-0.0074902,0.014594,0.0029121,-0.72587,-3.6635,0.97011,-30.651,0.23098,17.341,1.7333,-16.293
39.4,-0.0087179,0.010894,0.0047542,-1.005,-0.006124,0.0084076,0.0026924,1.7685,-3.9086,-0.47464,-30.722,0.93984,16.541,-0.39718,-18.108,-0.013641,0.008336,-0.0027545,-1.0044,-0.01416,0.0025992,0.0043681,-3.2904,-2.6121,-0.46578,-31.866,2.2412,18.104,-0.24135,-17.915
39.5,-0.0038139,0.019386,0.016038,-1.0111,-0.0071488,0.0086252,0.0012739,0.090886,-3.0011,-0.014428,-32.82,-0.31105,17.647,-0.72131,-18.65,0.0038849,0.018801,0.019147,-1.0005,-0.0022298,0.015588,0.0054131,0.45867,-3.8924,-0.39229,-32.267,0.049124,17.134,0.22736,-17.572
39.6,-0.0044458,0.007981,-0.012306,-1.0123,-0.0095885,0.0033102,-0.0034461,0.36487,-2.6065,0.66714,-34.79,1.0985,18.064,1.3184,-18.315,-0.0074531,0.0085193,-0.0090631,-1.0052,-0.0041879,0.011721,-0.0063701,0.043665,-3.5071,-0.39547,-30.817,-0.4734,15.743,-0.84649,-16.607
39.7,-0.017325,0.028606,-0.0060208,-0.99778,0.00088567,0.0093372,-0.00034596,-0.66949,-4.8923,2.4019,-31.469,0.097965,17.756,-1.2805,-18.843,-0.0073916,0.0016558,-0.0052848,-0.99851,-0.0087309,0.011307,0.0068225,0.17222,-3.8901,-0.44409,-30.657,0.87226,18.023,0.29859,-15.232
39.8,-0.0053784,0.013347,0.0013264,-1.0124,-6.3443e-05,0.0032472,-0.0029849,0.97675,-4.5308,-0.92964,-30.61,0.5701,16.754,0.64607,-17.787,-0.013627,0.0048825,-0.011216,-0.97669,0.00094164,0.0011182,-0.0015787,-1.9678,-2.7611,0.31077,-31.11,1.2495,17.215,0.53012,-17.262
39.9,-0.016915,0.015398,0.014715,-1.0118,-0.0046902,0.010452,-0.0021692,0.30978,-3.4657,-1.298,-32.483,-2.1263,17.27,1.5081,-16.518,0.0041311,0.009242,-0.020022,-1.0091,-0.011566,0.010605,-0.0017186,-1.2312,-2.9421,-0.60516,-30.926,-0.88808,18.06,1.8893,-15.902
40,-0.011955,0.009084,0.0073237,-1.0131,-0.0034057,0.00074025,0.011834,-0.61236,-4.7461,-0.3058,-31.154,-1.8092,18.887,-0.50697,-18.543,-0.0072069,-0.0018482,0.0005654,-1.0042,-0.015737,0.018061,0.0048616,0.44858,-3.4274,1.1468,-31.448,-1.4135,17.732,0.36819,-16.236
40.1,-0.0054561,0.015525,0.0014557,-1.0104,-0.017334,0.00040675,-0.0027349,0.60684,-5.5025,-0.75373,-32.359,1.2128,17.531,-0.6568,-18.452,-0.014124,0.0053048,-0.0095869,-1.0029,-0.012153,0.0088985,0.00015238,0.65054,-4.5807,1.3427,-32.186,-2.3659,15.447,-0.73132,-16.331
40.2,-0.0076101,0.012992,-0.0094789,-1.0129,-0.0034342,0.0044874,-0.0025875,-0.65625,-4.1372,1.1534,-32.371,-1.8956,19.172,1.4096,-18.145,0.015276,0.0037278,0.0044744,-1.0073,-0.011241,0.0068521,-0.0032054,-0.95007,-4.335,0.0081268,-30.632,0.63717,17.113,0.19047,-15.588
40.3,-0.011709,-0.0039246,0.0085654,-1.0047,-0.014209,-0.0032304,0.00050366,-1.0419,-4.2824,-0.11665,-32.867,1.4799,17.821,-1.8989,-17.886,-0.0093251,-0.0036237,-0.010097,-0.99717,-0.0076614,0.010751,0.0066548,-0.174,-4.7665,0.18872,-30.853,0.13069,17.187,0.039424,-18.283
40.4,-0.022031,0.013021,-0.0059526,-1.0127,-0.0038978,0.011267,0.001645,0.10253,-3.9347,1.3687,-32.34,-1.1985,18.051,-0.73004,-17.633,-0.02124,0.010128,-0.018461,-0.99241,-0.010077,0.013464,0.0017973,-0.81419,-4.6455,0.19914,-30.067,1.5539,19.094,1.2178,-16.447
40.5,0.011517,0.010968,0.003178,-0.99716,-0.007088,0.0053434,-0.0072636,-0.040764,-3.6562,-0.77332,-30.848,-2.3033,19.272,-1.2606,-18.91,-0.0037493,0.001372,0.012829,-1.0074,-0.0083647,0.0088752,-0.0013039,-0.5373,-2.5644,0.28836,-30.72,-0.42823,16.734,-1.3932,-17.314
40.6,-0.0061655,-0.01225,-0.00060008,-1.0121,3.7424e-05,0.0033138,0.0027972,-0.51863,-3.9512,-0.87748,-32.641,-0.16646,20.594,-0.64217,-18.59,-0.026919,0.025546,0.016668,-0.98996,-0.0074528,-0.0009574,0.0024467,1.7089,-2.9788,1.0859,-29.316,-1.4547,18.663,-1.5203,-17.019
40.7,0.0065758,0.0043433,-0.0065821,-0.98803,0.00075997,0.0029943,-0.0025108,-1.0759,-3.2901,-1.7345,-30.737,-0.58919,19.163,-0.23668,-17.635,-0.0067554,0.01741,0.0046652,-0.99759,-0.0072355,-0.0042972,0.0058179,-0.87107,-4.004,-1.6991,-31.01,0.43281,18.096,0.1073,-17.573
40.8,-0.0025056,0.016376,-0.0048077,-0.98933,-0.00046491,0.0001245,0.0073524,-1.0782,-3.9606,0.10857,-32.671,0.37872,18.211,1.0726,-17.962,0.0024912,0.025688,0.0038084,-0.99341,-0.006518,0.0029748,-0.0046597,0.066353,-2.4977,-0.41049,-30.934,-0.33444,16.597,0.71601,-15.922
40.9,-0.0067124,-0.0093869,0.01956,-1.0145,0.00077162,0.0065263,-0.00041613,-0.61542,-4.3674,0.42761,-29.43,0.26265,20.275,0.03451,-17.616,0.011035,0.013472,-0.0060925,-0.99932,-0.0019474,0.0002129,0.0048427,-0.41911,-4.3698,0.62219,-30.465,2.4583,16.786,1.3257,-15.782
41,-0.00042039,0.011704,0.0050501,-0.99761,0.00059252,0.012758,-0.012981,-0.32827,-3.2926,0.91524,-30.084,-1.2274,17.097,-0.64112,-18.474,0.0011192,0.017274,-0.022472,-0.99292,-0.0016302,0.0041477,-0.0090876,0.42951,-3.3684,-0.26416,-31.841,1.532,17.396,0.55237,-16.893
41.1,0.0051506,0.01073,-0.016329,-0.99525,-0.012358,0.010512,-0.0017235,0.049634,-2.8628,2.6589,-30.223,0.71587,18.904,-0.37062,-16.402,-0.0060087,0.0025193,0.0038353,-1.0031,-0.002607,0.012279,-0.0034207,0.56801,-4.5905,1.1325,-30.952,0.26233,15.809,0.66276,-17.25
41.2,-0.01551,-0.0019596,-0.0039521,-1.0039,0.0022512,0.0030719,0.0028729,-0.68927,-5.2994,-1.7175,-30.939,0.6712,18.593,0.34064,-16.835,-0.014861,0.0096243,-0.021349,-0.99876,-0.0038543,0.0039017,0.0018019,1.1679,-3.5166,0.74369,-29.762,1.1275,15.608,-0.65207,-17.689
41.3,-0.024199,-0.0044144,-0.0051309,-1.0046,-0.012204,0.0049316,-0.0049348,-0.88614,-4.1712,-0.63317,-29.915,0.36677,17.083,0.6093,-18.237,-0.0070982,0.021053,-0.0034621,-1.0052,-0.0024433,0.003509,-0.00032191,-0.50104,-5.3813,0.22468,-30.677,0.9984,17.479,1.2548,-16.045
41.4,-0.011922,0.016816,0.0035064,-1.0007,-0.00078066,0.0089056,0.0061207,-0.0073618,-3.6855,-1.2388,-30.017,-0.919,17.63,-1.158,-16.961,-0.0082211,0.010257,0.013206,-0.99028,-0.012015,0.0067683,0.0027124,-0.40684,-3.4452,0.19976,-29.839,-0.61547,18.366,0.025085,-16.304
41.5,-0.002616,0.014743,8.1562e-05,-1.0238,-0.0029725,0.013983,-0.001998,1.59,-6.1714,0.64313,-30.507,-1.627,19.188,-0.20222,-18.612,-0.026438,-0.0057646,-0.0030628,-1.0027,0.0010014,-0.00025515,-0.007257,1.014,-5.1114,1.8466,-29.934,-0.47575,17.865,1.2489,-17.362
41.6,-0.0008333,0.0082243,-0.011149,-1.0075,0.0080394,0.0069848,-0.0017159,-2.0164,-3.5555,0.45133,-31.319,1.1433,17.616,1.442,-17.819,-0.01074,0.004403,0.00063579,-1.0078,-0.016272,0.0029061,-0.0035646,-0.048205,-4.9301,1.1484,-28.562,-0.6433,15.785,-0.26974,-16.376
41.7,0.002141,0.0020548,-0.0031094,-0.98809,-0.0033813,-0.010737,-0.006703,-0.76878,-3.5026,-1.4166,-30.393,-0.79548,18.788,-0.11335,-16.415,-0.013424,-0.00084321,0.0038131,-1.0063,0.0023184,0.0040066,-0.009686,-0.05375,-2.884,0.93299,-30.113,-0.26122,18.237,1.3281,-17.291
41.8,0.0081979,0.020767,0.016297,-1.0102,-0.012827,0.00018942,0.0051013,-0.35185,-5.23,-0.58585,-30.416,0.85045,20.102,0.516,-18.792,0.0022105,0.011318,0.011106,-0.99765,-0.005688,0.013943,0.00075734,-0.81356,-3.023,-0.95049,-30.856,1.8815,15.68,-0.19336,-17.899
41.9,-0.0098656,0.015399,-0.013262,-1.0081,-0.0035988,0.010201,0.0033561,0.3247,-2.139,0.60893,-31.155,-1.2251,18.535,0.61195,-18.357,-0.0048478,0.010492,-0.010138,-0.99006,0.0032072,0.0080757,-0.0048146,0.48224,-5.297,-0.029371,-30.129,1.2914,15.651,0.50744,-16.069
42,-0.0015914,0.0034968,-0.002151,-1.0059,-0.0027473,0.0053703,-0.008573,-1.1139,-5.857,0.8565,-31.85,-0.84794,17.392,1.4111,-18.33,0.0036783,-0.008118,0.0067366,-0.99885,-0.0036908,0.0043265,-0.0015288,0.66211,-5.328,-0.30487,-28.631,0.84679,17.214,-2.1332,-15.958
42.1,-0.00082011,0.01943,0.0043353,-1.0079,-0.0033311,-0.0038655,0.0020942,1.3751,-5.0741,-0.06824,-31.682,-1.3396,16.435,-1.231,-17.823,0.018814,-0.0051098,-0.0070329,-1.0089,-0.0040199,0.0085541,-0.00078677,3.9256,-4.0221,1.8947,-29.802,-1.3104,17.138,-0.70507,-17.234
42.2,-0.0035279,-0.013577,0.0062213,-1.0035,-0.0091572,-0.0021042,0.0025795,0.82324,-2.844,-0.51671,-29.692,1.171,17.503,0.35917,-19.16,-0.0061519,-0.0016018,-0.0079246,-0.99598,-0.01074,-0.0037284,0.001551,-0.79507,-2.0232,-0.5842,-29.501,0.21149,16.409,-0.63673,-16.584
42.3,-0.0055691,-0.0045326,0.0036191,-1.0145,-0.00051622,0.0045627,0.0055992,-0.36954,-5.4821,-0.36981,-31.144,0.22291,16.073,0.001422,-17.629,-0.0088942,-0.0034664,-0.00015158,-1.0006,-0.010393,0.0024105,-0.00901,-0.6744,-4.7214,-1.1274,-28.185,0.59364,16.541,-0.00045269,-16.536
42.4,-0.0067991,-0.011136,-0.0088474,-0.99742,-0.0037364,6.9348e-05,0.00081391,-0.61124,-6.0294,1.5387,-32.164,-0.90026,17.842,-0.74416,-18.209,-0.0028274,-0.0064349,-0.0041387,-1.0035,-0.0047872,0.0022359,0.0051893,-2.2888,-3.0421,-2.1265,-30.343,0.58353,17.466,0.27002,-16.402
42.5,-0.014293,0.0034464,0.00061768,-1.0056,-0.0030644,0.0056271,0.0017982,-0.45118,-5.5037,-1.6395,-29.738,-2.6258,17.818,-0.68736,-17.966,-0.00042452,0.0036025,-0.0081364,-0.9983,0.0071429,0.0064295,0.0010147,-0.74973,-5.8101,0.72695,-28.668,-0.65866,16.52,0.10854,-16.241
42.6,0.026732,-0.016392,0.0013107,-1.0144,-0.0093934,0.0022811,0.007664,0.019272,-3.5416,-0.094429,-29.927,0.057611,16.641,0.36151,-16.207,0.0041368,-0.0041065,-0.025975,-0.99429,-0.0031016,-0.0046995,0.0043599,0.53195,-4.1346,-0.8083,-30.834,0.017789,15.496,-1.2647,-15.233
42.7,-0.017598,0.0045057,0.018018,-1.0033,-0.00018166,0.001528,0.0023651,-2.1074,-5.6505,-0.59663,-29.277,0.075092,17.18,0.81813,-18.584,0.0041106,0.0021821,0.0085553,-0.9884,-0.00092715,0.0096839,0.0046014,0.11748,-5.5898,-0.74681,-28.64,-1.5923,15.088,-0.0086845,-16.07
42.8,-0.0079141,-0.013902,0.0026401,-1.0033,-0.0036048,0.0057464,0.0035711,0.34016,-4.6755,-1.4747,-30.68,0.74966,18.614,0.67088,-16.936,0.0021547,-0.0019757,-0.0026572,-1.0089,-0.0082681,0.0014398,-0.00029225,0.79575,-4.8446,-0.053532,-28.002,1.4915,16.215,0.46399,-16.585
42.9,-0.006985,-0.00055013,-0.0011699,-1.0113,2.4184e-05,0.0067548,0.0070633,2.1109,-3.1143,1.3814,-30.867,-3.2986,20.711,0.036497,-17.283,-0.0064446,0.0014863,0.0050457,-0.99364,0.0026978,-0.0058593,-0.0044757,-2.2593,-4.256,-0.93124,-30.961,1.2527,18.489,0.031291,-14.329
43,0.0020604,0.0034235,-0.0042421,-1.0038,-0.00022429,0.0053071,0.0030456,2.9222,-5.4484,-0.3554,-30.595,0.080593,16.455,0.61004,-18.489,-0.0013998,0.0030844,-0.016986,-0.98063,0.005154,0.001988,-0.0064821,1.8187,-3.6257,0.025562,-29.782,-0.34405,15.489,0.20353,-16.565
43.1,-0.011469,-0.0030407,0.0093533,-0.99989,-0.0047704,0.0012778,0.0019507,-0.1841,-3.8311,1.7528,-29.806,0.33202,18.063,1.9253,-19.403,-0.0021556,0.0086869,0.020846,-1.0111,-7.4113e-05,0.0015272,-0.0056342,-1.1012,-1.6195,1.186,-28.737,-3.0809,17.39,1.0708,-17.254
43.2,-0.0094101,-0.0024158,0.0074349,-1.0149,-0.00019475,0.0036416,0.0018092,-2.9836,-4.6736,-1.3907,-30.548,-0.98627,17.463,-0.053919,-15.63,0.0016444,-0.0020635,-0.0001092,-0.98819,0.0043121,0.0061455,0.0073525,-0.2174,-4.2385,1.477,-29.937,0.44088,15.703,-0.86668,-16.216
43.3,-0.0044111,0.0061557,0.0079464,-1.0041,-0.0038986,0.0035173,0.0068032,-0.96273,-6.2856,-0.89225,-30.256,-0.38902,19.203,-0.094467,-18.057,0.0043933,-0.015738,-0.0064015,-0.99816,4.4432e-05,0.0043885,0.00072896,-0.92522,-5.5411,-2.2774,-26.223,0.57406,16.644,-0.38003,-14.899
43.4,0.011878,0.0011646,-0.0069032,-1.0007,0.0049215,-0.0023733,-0.0023583,-1.3715,-2.5423,-0.13539,-31.462,0.28156,18.354,-1.1152,-16.239,-0.00023951,0.0093229,0.0081145,-1.0051,-0.0069101,-0.0015363,-0.0010974,-0.43603,-5.2141,1.3368,-30.217,0.60727,18.037,1.1435,-16.005
43.5,-0.010309,-0.026978,-0.0077848,-0.99999,-0.00086882,-0.0021807,0.003966,0.52997,-5.7963,1.5239,-31.028,-1.2619,18.48,-0.86945,-17.933,-0.0093825,0.0007012,-0.0040467,-0.98325,-0.010518,0.0034284,-0.0044344,0.062217,-4.3906,-0.4179,-28.072,1.8893,16.598,-1.5931,-13.619
43.6,0.0098019,-0.005469,0.0067287,-0.99601,-0.0021349,-0.0012071,0.0034942,1.3982,-3.2661,1.1341,-30.694,-0.15793,16.99,-0.47351,-18.056,0.0052893,0.0069985,-0.0086792,-1.0068,0.0040712,-0.003827,-0.00089821,1.238,-5.1524,-0.088584,-29.252,0.73178,16.113,-0.25444,-15.553
43.7,0.0016751,0.0042265,0.0053315,-0.99161,-0.00048576,-0.00080359,-0.0010755,-0.46689,-4.5285,-1.8651,-30.335,0.2641,17.984,-2.131,-16.868,0.011316,-0.0018101,-0.0085156,-0.99845,0.0017635,-0.0083745,-0.0057484,-0.72533,-4.7612,-0.70433,-30.454,0.13303,17.33,0.59592,-14.184
43.8,0.017032,0.0036511,-0.0064138,-1.0007,-4.0929e-05,0.0078836,-0.0023412,0.16691,-4.6147,0.095098,-31.581,-1.1902,17.572,0.33365,-18.157,-0.002191,-0.013863,-0.010859,-1.0011,-0.0015908,-0.003699,-0.0034188,0.28521,-3.8023,0.25027,-28.611,-1.2893,15.314,1.6599,-15.529
43.9,-0.012894,-0.0073782,0.0013753,-0.9979,-0.00011077,0.001272,-0.0017601,0.72578,-6.1996,-1.5715,-32.191,1.0035,17.423,1.8049,-16.542,-0.00037198,-0.00080057,-0.0041815,-0.99822,0.0075781,0.0022848,0.00042765,0.70753,-4.2484,-2.4205,-31.622,1.646,16.978,0.86217,-15.817
44,0.0040025,0.0024795,0.0072755,-0.99134,-0.0043562,0.0011835,0.0034129,0.64834,-3.9492,0.90018,-31.471,-0.71789,17.555,1.1002,-16.704,0.00021934,0.0038356,-0.0036638,-0.99292,-0.0045103,0.00084353,-0.0001382,-2.1265,-4.5254,-1.054,-29.321,-0.0975,15.344,-0.83143,-13.921
44.1,0.0025479,-0.012698,-0.0056485,-0.9925,-0.0022019,0.0075678,0.0054423,0.87039,-5.6033,0.84804,-30.399,-1.3828,18.206,-2.2754,-17.832,-0.016308,-0.011358,-0.00011103,-0.97292,0.0065868,-0.003029,-0.0017532,0.96012,-1.5422,1.1762,-30.568,-2.3327,15.098,-0.74789,-15.655
44.2,-0.001265,0.0030426,-0.016725,-0.99483,0.0054874,-0.007922,-0.0049358,-1.8007,-4.6103,0.26992,-29.453,0.40341,18.334,0.86689,-16.839,0.015744,0.010152,-0.0084274,-0.99745,0.0025924,-0.00095334,0.0070234,1.2821,-5.5598,2.108,-30.532,-0.88336,16.463,-0.34367,-16.18
44.3,-0.0035281,0.0001816,-0.0032899,-1.0324,0.0060468,0.0076821,0.0054294,-2.1674,-4.6699,-0.16597,-30.774,-1.9255,18.141,-0.066622,-17.945,-0.0052593,-0.001093,-0.010057,-0.988,-0.0058241,-0.0070304,-0.0037339,-0.03227,-2.3011,-1.4002,-26.631,1.907,17.593,1.1405,-15.623
44.4,-0.0011801,0.015688,-0.010783,-0.98858,-0.0030881,-0.0005873,0.0069399,0.54761,-5.4449,1.2497,-31.511,0.078826,17.766,-0.14475,-18.571,0.00013611,0.00038251,-0.0074163,-1.0184,-0.0030517,-0.0092934,0.0049748,-0.29714,-4.4899,-1.9713,-28.24,0.06589,14.905,-0.012493,-15.483
44.5,0.011692,-0.011675,0.0015783,-0.98427,-0.0055853,0.004808,0.0013145,-0.012533,-4.376,0.6007,-31.06,-0.42669,17.472,-0.53868,-15.094,0.0097661,0.013342,0.012311,-0.99532,-0.0011767,-0.008777,0.003731,-2.3291,-5.5238,-1.9275,-29.031,2.2692,17.305,1.8821,-16.485
44.6,-0.010161,0.0062435,0.011614,-1.0017,0.0080248,-0.0075491,-0.0043271,1.7503,-4.9861,-0.017455,-29.574,-0.60044,17.404,-1.4567,-16.174,-0.0094687,-0.0077791,-0.0054676,-0.99291,0.00084687,-0.008261,-0.0092978,1.2327,-3.0318,1.485,-31.69,0.61756,16.682,-0.085088,-16.349
44.7,0.006599,0.01416,-0.0062308,-0.98757,0.0037381,0.0015818,0.0020514,0.50918,-2.6431,-1.4304,-29.644,-1.5076,16.206,-0.74387,-15.557,-0.018237,0.017522,-0.0023076,-1.013,0.0055974,0.0056143,0.0013651,0.316,-3.394,1.1099,-29.167,-0.25017,19.206,-0.79068,-16.298
44.8,0.014838,-0.0011152,-0.020292,-1.0025,0.00017152,1.3078e-05,0.0047931,-1.0197,-2.8277,-2.082,-31.009,0.17643,16.263,1.3714,-16.636,0.0099028,-0.0014737,0.0017956,-1.0083,-0.004122,0.0020047,-0.0022875,0.99062,-5.6748,-1.6456,-29.992,-1.9523,17.618,-0.16153,-17.049
44.9,-0.007477,0.012751,0.015054,-1.0075,0.0089169,-0.0023055,-0.0040738,-0.55803,-6.0622,-2.5773,-31.62,0.3578,14.891,-0.68945,-17.081,-0.0092307,0.0095955,0.013382,-0.99292,0.00092368,-0.0074916,0.0063705,-1.4061,-7.4409,-0.4894,-29.849,0.5524,16.909,0.037393,-16.001
45,-0.0020342,0.0029939,-0.00066305,-1.0026,-0.002961,0.0028826,-0.004798,1.5607,-4.8145,-0.20755,-31.866,-0.50277,18.891,0.063094,-17.374,0.0074288,0.0043428,0.00048973,-1.0071,-0.0034136,-0.0017835,-0.0032046,-3.0681,-3.9813,-2.3856,-29.77,-0.42045,14.99,1.3967,-14.923
45.1,0.0076518,-0.01491,0.0015747,-0.98748,-0.0034193,0.0001923,-0.002404,0.15881,-6.5593,-1.2035,-30.943,-0.31405,17.687,1.25,-18.753,0.0059816,0.010335,-0.0097322,-1.0117,0.012729,-0.002503,0.0010316,0.3552,-5.5758,-0.16302,-32.084,0.39871,16.613,-1.0825,-16.138
45.2,-0.0094911,-0.012181,0.01805,-0.99051,-0.0015046,0.0042676,0.0083094,-1.6996,-2.7245,-0.090838,-30.403,0.95579,16.693,0.11102,-17.425,-0.0042016,-0.021174,0.0016026,-1.0025,0.00034187,0.0061403,0.0010333,0.66627,-4.0004,0.053275,-28.447,-2.3609,17.359,-0.77767,-17.246
45.3,0.0079015,0.0047054,0.0018475,-0.98518,-0.0016124,-0.0061545,0.0024659,-1.5333,-5.9295,-1.2876,-30.463,-0.38067,17.615,0.36041,-20.195,-0.0096001,-0.0066073,-0.016758,-0.99545,-0.00065493,0.012948,0.0021201,-0.5508,-5.336,0.70915,-30.551,1.6396,17.599,1.2236,-15.821
45.4,0.0029309,-0.0043375,0.0071737,-0.99745,0.00397,-0.008524,0.0025985,0.99938,-4.0163,0.18699,-31.53,-0.062623,17.577,-0.71023,-17.934,-0.0033122,0.00070132,0.0075827,-0.99384,0.001175,-0.0046684,0.0059678,0.49275,-3.8117,0.45486,-31.757,-1.3576,15.914,0.2853,-14.632
45.5,0.0031378,0.010846,2.7288e-06,-1.0079,-0.0014678,0.00026883,0.0010392,0.040205,-3.1709,-1.5396,-31.834,0.095984,18.325,-0.65116,-16.084,-0.0053705,-0.024902,0.00053712,-1.0078,-0.0047431,-0.008262,0.00064484,-2.355,-2.6732,-0.68947,-30.185,-0.46055,17.318,2.6455,-17.825
45.6,0.010586,0.010923,0.0015216,-0.99504,0.003414,0.0024555,-0.0013975,1.3246,-2.7724,-1.2316,-30.356,0.41466,19.293,-0.64284,-18.857,-0.0022866,0.0039877,0.00090013,-1.0006,0.001744,-0.00022318,0.0018034,0.94474,-5.2934,-0.48996,-30.385,-1.4085,18.188,0.16413,-16.974
45.7,0.0017174,-0.007428,0.0062236,-1.0028,-0.001207,-0.003883,0.0013136,0.67583,-5.9908,-0.1829,-29.82,1.3948,18.506,1.2248,-16.73,-0.013978,-0.00026421,0.0038795,-0.99588,0.0025319,-0.0087199,0.0072022,0.48599,-2.2557,-0.53543,-30.026,-1.2547,17.134,-0.16515,-14.405
45.8,-7.6008e-05,-0.0037908,0.0068663,-1.0085,0.00059274,0.0017271,0.0043246,-1.7124,-3.5448,0.47477,-29.331,0.72287,17.962,2.521,-17.839,0.015041,-0.023631,-0.0051999,-1.0104,-0.0022067,0.002216,-0.0018846,0.3432,-3.627,-0.90458,-30.247,0.39977,16.605,0.5639,-16.021
45.9,0.011302,-0.0037282,0.0034595,-1.0139,-0.01314,-0.001494,0.0022276,1.9308,-5.05,1.0867,-30.571,-0.3332,17.984,-0.79871,-15.341,0.0034607,-0.00014655,0.0078844,-1.0127,-0.0029101,0.0035536,-0.0065764,-0.66578,-2.4285,-2.9785,-30.4,0.68184,15.04,0.087156,-15.004
46,-0.0018306,-0.0038052,-0.0033544,-0.99989,0.0031465,-0.0049066,0.00036752,0.988,-5.0742,-2.3619,-32.056,-1.2527,18.449,0.42614,-16.935,0.014152,-0.00059564,0.0022421,-0.98786,0.0024942,0.0014357,-0.0026863,-1.8384,-5.0869,-0.86221,-30.424,0.98426,18.077,1.0927,-15.94
46.1,-0.013006,0.012676,0.0018497,-0.99885,0.0049049,-0.0030171,0.0045395,0.34549,-4.9148,-0.49469,-30.272,-0.016334,18.423,-0.071441,-16.105,-0.013787,0.0097271,-0.0029117,-0.99133,0.0024628,0.0035225,-0.0063137,2.0765,-5.4424,0.93577,-29.206,-1.8751,15.231,0.03444,-17.366
46.2,-0.024605,-0.0065267,0.0018936,-0.99404,-0.0057178,-0.0044283,-0.0024018,-0.75075,-3.808,-0.99318,-30.441,-0.82755,16.722,-0.70448,-17.957,-0.01323,-0.0006519,-0.0011698,-1.0034,-0.0056391,-0.0026961,0.0017451,2.4621,-5.0987,3.0073,-29.512,-0.84253,15.057,-1.5157,-13.537
46.3,0.00024727,0.013323,0.016558,-1.0151,-0.00092571,-0.004325,0.0021255,-1.9586,-4.4589,0.14123,-32.757,1.6513,16.726,0.91437,-15.464,-0.0087451,-0.0064336,-0.0059938,-0.99694,-0.0003756,0.0025882,-0.0050844,1.7876,-4.4316,1.8783,-30.145,-0.91169,16.619,-1.8274,-16.214
46.4,0.0097259,-0.0033852,-0.0038592,-1.0016,0.006363,0.0077956,-0.0021133,-1.6349,-5.2259,-0.59261,-31.412,1.3542,18.411,-0.28273,-16.803,-0.00055249,0.0088763,-0.010874,-0.98791,-0.0082334,-0.0049615,0.0038722,-1.0085,-3.3578,0.60243,-29.816,0.2383,17.197,-0.65093,-15.117
46.5,0.012993,-0.019147,-0.0018993,-0.99125,0.0044273,0.0040318,-0.0058009,-0.52017,-7.0439,1.1439,-30.22,-1.0772,18.244,0.030462,-15.874,-0.0051088,-0.010082,0.0046354,-0.98604,-0.0066661,0.0053654,0.0053054,0.077998,-1.6834,0.38345,-30.213,1.1827,15.711,-0.62426,-16.659
46.6,0.0068084,0.0081447,0.010853,-1.0098,-0.0028373,-0.0067314,0.0094282,-1.2843,-2.4688,-1.8164,-29.691,1.151,17.224,-1.3228,-18.09,0.0022843,0.0011145,0.025358,-0.99661,-0.00088728,-0.0047193,0.0051276,-0.45481,-2.6486,0.85159,-30.258,-0.75327,16.852,-1.0602,-14.561
46.7,-0.0012798,-0.011511,-0.010428,-0.98066,0.00035393,0.0056571,-0.004159,-0.6069,-0.72066,-1.4115,-32.486,-0.24978,18.704,0.72276,-15.765,-0.0016906,-0.00050919,-0.0096672,-1.0136,0.0045627,-0.0007448,0.0021661,-0.23955,-3.9358,-0.43407,-30.24,0.079167,16.109,-0.55777,-16.602
46.8,-0.0046156,-0.002428,-0.013449,-0.98353,-0.003813,0.002496,0.0067666,-0.056911,-3.4283,-0.92718,-30.766,-0.1293,18.109,0.027616,-15.971,-0.005955,-0.022276,-0.0026116,-0.98561,-0.0010563,-0.00093442,0.00097676,-1.0501,-3.7274,-0.62867,-31.051,0.29871,17.69,-0.02611,-15.893
46.9,0.0067163,-0.0055587,-0.013817,-0.99103,0.0060998,0.0047211,0.003387,-0.99497,-4.6484,0.63742,-29.828,1.285,16.785,0.72437,-18.001,-0.0020514,-0.0036852,0.014553,-0.99812,-0.0058053,0.0076094,0.0015342,0.7318,-4.4061,0.1616,-30.754,-0.36718,18.394,1.7163,-16.119
47,0.002362,0.0058436,0.0037871,-0.98738,0.010555,-0.0053252,-0.0031344,-0.072045,-6.9257,-0.44512,-29.429,-0.95985,17.513,0.42864,-16.094,0.0024976,-0.0071476,-0.00067017,-0.99524,-0.00168,-0.0040579,0.0013786,0.42559,-2.7682,1.0309,-31.939,-0.32162,14.968,-2.3869,-15.635
47.1,0.017263,-0.0022495,-0.006476,-1.0069,-0.011772,-0.0020678,-0.0043723,1.536,-5.2494,1.8801,-29.695,0.25299,17.295,-1.6699,-17.615,0.0018611,0.017445,-0.021885,-0.99923,0.0018698,-0.0013121,-0.0082923,0.5352,-2.0425,0.82732,-29.771,-0.7262,18.259,-0.877,-13.753
47.2,-0.010464,0.020247,0.01386,-1.0112,0.0046469,-0.0057898,-0.0014501,-0.46867,-3.4404,0.22096,-31.49,2.6503,17.028,0.32846,-17.446,-0.022939,0.018391,0.003235,-0.99902,-0.0048635,0.0088343,-0.0061898,0.0096215,-2.9494,-0.17755,-32.187,-2.1276,18.235,-1.0795,-15.053
47.3,-0.014052,0.0074472,-0.0069526,-0.99707,0.0053966,-0.0042986,-0.0024743,-1.5238,-2.9383,-0.15721,-32.289,1.7419,18.804,1.2949,-16.33,0.0033449,0.014632,-0.0001353,-0.99679,-0.0067168,0.0022798,0.0047759,-0.4361,-5.0265,1.6888,-29.022,-0.12904,17.592,-0.35749,-16.01
47.4,-0.0075113,-0.011146,-0.0094406,-1.0029,0.00075266,0.003522,0.0033879,-0.53626,-3.148,-2.6973,-29.631,0.36594,17.725,0.31062,-17.919,0.0094721,-0.013431,0.0043725,-1.0122,-0.0014558,0.0075672,0.0084664,-0.9186,-4.3644,-0.072086,-31.639,2.5795,18.07,3.0033,-15.771
47.5,-0.02945,-0.00037235,0.0035583,-0.9943,-0.0017137,-0.0037093,0.0034725,1.4638,-5.0429,-0.68916,-31.566,1.1731,18.645,-4.0158,-15.927,0.01411,-0.027165,0.026986,-0.99585,0.0074465,-0.0064176,0.0061964,-1.5486,-2.3743,-1.4177,-30.886,-0.23433,17.734,0.92323,-15.525
47.6,0.013763,0.0047293,0.01786,-1.0178,0.0064216,0.00035852,0.0028704,0.58897,-3.9783,0.73671,-31.088,-1.7365,17.203,-1.1308,-16.518,0.0041937,0.0014206,-0.010676,-0.99955,0.010683,0.0020924,-0.0061864,-0.31516,-5.5519,0.58373,-31.593,-0.87566,16.695,1.0312,-12.504
47.7,0.003417,0.020134,-0.006393,-0.99821,0.006928,-0.0040935,-0.003541,-0.75839,-4.5113,-4.4058,-29.281,1.0657,19.674,-0.21631,-18.207,0.0034672,-0.010704,0.0064628,-1.0021,0.00088232,-0.00074268,-0.01003,0.9962,-2.0876,0.61421,-29.743,0.36676,17.864,-1.103,-14.761
47.8,-0.025572,-0.018264,-0.0065253,-1.0019,0.00013029,0.0033703,0.0088422,-0.88087,-4.6568,-0.86688,-31.83,-0.23847,18.34,0.30308,-16.036,0.00093652,-0.002222,0.0069663,-1.0009,0.0014052,-0.0034253,-0.0025065,0.29463,-2.4226,-2.4113,-30.669,-0.27854,17.048,0.68915,-14.554
47.9,-0.020927,-0.015665,-0.013905,-1.0092,0.0058164,0.00057588,0.0079544,0.39461,-4.1409,-0.19214,-30.543,0.31604,17.743,-2.3149,-16.23,-0.0074016,-0.00020173,-0.0022694,-0.9886,-0.0086104,0.0044835,-0.0092451,-0.57837,-3.1635,-2.0789,-32.539,0.54666,15.618,2.5909,-15.438
48,0.005344,-0.021538,-0.006369,-1.0061,-0.0010115,-0.0040205,0.0033793,-1.1771,-2.9939,0.66025,-30.319,-1.3301,17.799,-0.53317,-16.148,-0.013773,0.006164,-0.018522,-0.99818,-0.00105,0.001221,-0.0042575,-0.85124,-1.3397,-1.7047,-30.797,1.3716,16.265,0.69546,-15.001
48.1,-0.0033731,-0.013562,0.0048515,-0.98627,-0.010834,-0.003382,0.0084432,-0.12719,-6.1741,0.28475,-32.364,-0.82292,17.317,-0.12889,-15.673,0.013573,-0.011187,-0.0050116,-1.0022,0.0035506,0.0056844,0.0019624,0.24513,-3.5646,0.74438,-30.548,-1.0021,15.722,-0.98789,-14.925
48.2,0.0060141,0.0078774,2.9691e-05,-1.0113,-0.0035307,-0.0059572,0.0070382,-0.58833,-3.9679,0.25146,-32.545,3.132,17.334,-1.3971,-16.647,-0.0060355,-0.0097566,-0.0045773,-1.0043,0.0014179,-0.0022691,-0.0018752,-0.13746,-3.8213,0.16442,-30.354,1.4338,15.075,-1.5068,-13.079
48.3,0.00503,0.012846,-0.015321,-1.0084,-0.00048938,0.0014699,-0.0044169,0.82352,-4.527,1.1744,-32.048,0.2303,19.24,-0.027789,-16.841,0.0015554,0.0004247,-0.01304,-1.0019,0.0049712,0.00023353,-0.0060794,1.3028,-4.0776,-0.77708,-30.796,-0.78439,15.936,0.6488,-13.531
48.4,0.00084471,0.0047492,-0.017137,-0.98481,1.2862e-05,-0.00075428,0.0011846,2.4325,-2.8659,-1.6504,-30.705,-1.1053,18.956,-1.1201,-16.776,0.0041001,-0.005965,-0.010754,-0.98694,-0.0044135,-0.0054492,-0.0015511,-0.43933,-3.4095,0.82406,-30.816,-1.06,16.565,-0.18115,-14.306
48.5,0.015559,0.0042893,0.0046949,-0.99874,-0.00037452,-0.0036461,0.0037493,-2.0457,-4.8641,-1.4216,-32.396,-0.060589,18.807,-0.54633,-16.395,-0.0050077,-0.0049913,-0.00069504,-0.98985,-0.0079894,0.005383,-0.0035937,-0.35793,-4.9769,-1.4107,-32.684,-2.0979,16.592,0.8011,-15.81
48.6,0.0043075,-0.0057052,0.010869,-0.97305,-0.0034574,-0.002631,-0.0071355,-1.5477,-2.1572,0.31261,-32.178,0.21759,15.511,-0.36564,-18.286,-0.0020449,0.010022,-0.0035225,-0.99871,0.0068394,0.0031144,0.0078099,1.6214,-4.2302,0.015996,-32.494,-1.4633,14.728,-0.6769,-14.234
48.7,-0.015792,-0.0028286,0.0016019,-1.0067,-0.0044139,0.0084293,0.0046685,1.0003,-3.9857,1.6769,-31.83,0.043595,17.173,0.47205,-17.486,-0.0016759,-0.0055881,-0.015535,-1.0048,-0.0024721,0.0031108,-0.0021299,0.58755,-3.7569,0.3634,-31.095,0.45392,16.096,-1.1606,-16.116
48.8,-0.0022777,0.0069234,0.0089404,-0.9929,-0.0011561,0.0013206,-0.0015522,-1.3668,-6.057,-0.47141,-31.799,-0.14393,19.238,0.37855,-16.002,-0.0089255,-0.00068266,0.0026406,-0.98853,9.9599e-06,0.00047764,-0.006911,1.0982,-3.2115,0.52354,-29.698,0.12772,16.269,1.6088,-15.138
48.9,-0.018839,0.0066077,0.015924,-0.99554,0.0074711,-0.0086226,1.9192e-05,1.4174,-3.8648,0.59506,-32.244,-0.21976,16.809,0.58491,-16.518,-0.0091202,0.0047343,0.0093134,-1.0021,-0.0053979,-0.0029991,-0.0012899,1.5242,-1.9338,-1.0301,-29.89,2.3395,16.456,-0.36051,-13.94
49,-0.0041802,-0.0087277,-0.01466,-1.0113,-0.0022847,0.001946,0.0017982,0.72761,-2.4253,0.34796,-32.335,0.7489,17.992,-0.57775,-18.772,-0.00077619,0.0047271,-0.0052209,-1.0044,-0.0046281,0.0054198,-0.00045958,-0.52669,-1.8422,-1.5086,-28.678,1.7498,18.238,1.5064,-15.565
49.1,0.017888,0.003681,0.0026027,-1.003,0.011087,0.0065326,-0.0047057,-0.47342,-3.4087,-2.3367,-30.96,0.83883,18.524,-0.6738,-16.061,-0.029201,0.0015732,-0.022789,-0.99099,0.0028985,-0.0030678,-0.0051875,-1.5909,-4.6086,-1.7191,-30.066,1.4199,15.776,0.96475,-15.296
49.2,0.00063703,-0.0039284,-0.0068009,-0.99814,0.0080763,0.0047308,-0.0025888,-0.93529,-6.8869,-1.0579,-32.327,0.74041,18.161,0.092485,-15.999,-0.010013,-0.0094839,0.0081289,-0.98879,-0.0044261,0.002439,-0.0017923,-0.1844,-3.6071,0.98934,-31.175,-0.24726,16.803,-1.5365,-13.626
49.3,0.016767,-0.0071295,-0.012647,-0.98912,-0.012942,-4.4304e-05,-0.0018242,-0.98537,-5.2719,1.3913,-31.319,0.70638,18.922,-2.4728,-15.262,0.017817,0.015006,-0.0081249,-0.999,0.0059125,0.0012195,0.0072733,-0.34927,-3.4341,-0.14279,-30.476,-1.6583,16.841,-1.5311,-14.75
49.4,-0.0022806,0.010094,-0.012706,-1.0057,-0.003937,-0.0027693,0.00056518,-0.27449,-5.2951,0.63605,-32.521,-0.7086,17.816,-1.5283,-17.279,-0.003664,0.0073828,0.007247,-0.99314,-0.0018554,0.00030986,0.0043108,1.2661,-4.0473,2.1588,-31.577,-1.0295,15.204,-1.0269,-15.31
49.5,0.0031737,0.010525,0.0028295,-1.0082,-0.0020011,-0.0028156,-0.00082247,1.0686,-4.3118,0.69844,-32.439,-0.08364,18.783,1.0053,-17.145,-0.011668,-0.015616,0.0019116,-1.0162,-0.0024106,0.0013705,-0.00094239,-0.69382,-1.9356,-0.26911,-31.971,1.5859,16.624,0.30229,-14.312
49.6,0.0050921,0.010981,0.0003765,-1.0146,0.0097904,0.0022684,-0.0017094,0.99805,-2.9834,0.0096435,-31.367,1.8732,19.082,0.014715,-14.935,0.0067919,-0.016763,-0.017872,-1.0106,-0.0012015,-0.0057679,-0.0019427,-1.0389,-3.5433,-2.0938,-30.405,0.61662,16.413,-0.35842,-15.177
49.7,-0.011823,-0.0022413,-0.0073144,-1.0101,0.0011936,0.0035655,0.0066554,-0.59472,-3.0675,-2.5616,-32.521,0.90607,20.038,0.31173,-16.823,-0.0081657,-0.0042927,0.0074926,-0.99794,0.0082421,0.004499,-0.0029715,-1.2205,-3.3995,-1.3563,-30.687,-0.682,15.411,0.67264,-13.275
49.8,0.010315,0.014824,-0.014009,-0.99889,-0.011844,0.0057865,-0.0017619,-0.42664,-3.4476,-0.86715,-31.543,0.98928,18.231,0.12729,-18.991,0.019527,0.012407,-0.0084963,-0.99855,0.0062801,-0.00010402,-0.0022059,-0.6811,-2.6383,-0.48254,-30.272,0.32575,15.31,-0.98651,-12.501
49.9,-0.0020256,0.0020379,0.0042846,-1.0116,0.00062107,-0.0039073,0.001125,-0.38218,-4.4997,1.0281,-32.521,-0.70062,18.15,0.63614,-17.377,-0.0040336,-0.0045302,-0.020727,-0.99402,-0.0038884,0.0038709,0.0027732,2.7761,-1.5221,0.20984,-30.885,0.39479,15.811,0.77044,-13.573
50,-0.00046381,0.011872,0.0042621,-0.99391,-0.003101,-0.0021473,-0.0094552,0.026923,-4.8279,-0.52681,-33.431,-0.52298,17.685,-0.30999,-17.513,-0.0099039,0.0066218,-0.017761,-0.99492,-0.0083322,0.0017919,-0.0031659,1.1722,-1.1999,-0.31933,-30.922,-0.16203,16.667,0.012566,-14.197
50.1,0.0026487,0.015171,0.014953,-0.98913,0.0034667,0.0011199,0.001148,-2.1729,-4.345,-0.15102,-31.184,0.69363,17.606,0.59455,-17.187,-0.00013329,-0.018625,0.013774,-0.98181,-0.0019441,-0.0074612,0.00041469,0.66683,-1.8953,-0.67969,-30.434,-0.31369,16.979,0.2074,-16.76
50.2,-0.011503,0.00075712,-8.6339e-05,-1.0079,-0.0081819,0.0059966,-0.0082781,0.67814,-4.4674,0.044058,-32.151,-0.09307,18.91,-0.9589,-16.301,0.013605,0.00086605,0.011155,-0.99215,-0.0029505,0.0060758,-0.0032004,-2.5744,-3.7134,-1.3601,-30.666,1.6529,16.307,0.23965,-15.554
50.3,-0.0079034,0.011109,-0.0091423,-0.99889,0.0041589,0.0043475,0.0094889,1.3042,-3.4094,0.39139,-34.67,1.0783,18.66,1.12,-16.872,-0.0095347,-0.0094044,0.0011437,-1.003,0.0051947,-0.00022335,0.0010532,-2.8027,-4.3458,-0.9518,-33.458,-0.64533,16.318,0.9068,-13.966
50.4,-0.005701,0.0027935,0.0014898,-0.99653,-0.0020508,-0.0023811,0.00038784,1.4987,-5.4506,-1.4837,-31.014,-0.38,17.391,-0.97505,-18.245,-0.0030627,0.0030111,0.0043471,-0.99662,-0.0018417,-0.0077478,-0.010683,0.28242,-4.1502,-0.55379,-32.323,-0.28948,16.3,0.19171,-16.544
50.5,0.00031501,0.0041746,0.0045673,-0.98716,-0.00074934,0.0054574,0.00049392,-1.195,-4.7895,-1.1861,-33.766,0.28665,15.055,0.78813,-17.102,-0.016835,-0.020198,0.016233,-0.99606,-0.0027118,5.0953e-05,-0.0044591,-0.11746,-4.7203,-0.41047,-30.354,-1.656,15.739,-0.13267,-15.547
50.6,-0.01215,-0.017851,-0.0060912,-0.99809,-0.0006649,0.0063391,-0.0025064,-3.2784,-5.3145,-0.83429,-31.748,-0.43229,16.471,0.30965,-17.242,0.006836,-0.014235,0.005518,-1.0173,0.00069641,0.003586,0.0058851,1.5519,-2.4685,-0.23109,-30.022,1.3799,17.308,-1.7879,-15.114
50.7,0.019359,0.0056893,0.012657,-1.0012,-0.011102,-0.003684,0.0078199,-0.7222,-4.5625,0.44618,-33.057,1.2414,19.199,1.6677,-18.634,0.0023916,-0.012599,-0.0057657,-1.0075,0.0024606,0.0058727,0.0060685,0.34668,-2.0283,-0.093439,-33.019,0.97637,18.64,0.14889,-15.72
50.8,-0.0034575,-0.016791,-0.0050551,-0.99363,0.0091366,0.0015414,-0.00059781,2.5955,-5.8536,-0.00068988,-32.013,-0.13044,19.346,-0.13174,-15.634,0.0071062,-0.0025438,0.0064327,-0.99108,0.00096753,-0.015155,-0.0062103,-0.70787,-2.4786,-0.91313,-32.055,-0.28082,18.426,-0.19336,-14.157
50.9,-0.0029587,-0.0045528,-0.0066858,-1.0126,0.0036012,-0.0088061,-0.0093368,-0.62262,-3.3367,1.2834,-33.65,-1.6269,17.214,0.33788,-15.424,0.0064223,-0.013358,0.0016792,-1.0005,-0.001836,0.0031071,0.0057112,0.21939,-3.2221,-2.1391,-34.164,1.9574,15.46,0.1371,-13.308
51,0.017656,0.0029089,0.0062826,-1.0236,0.00059859,-0.0050695,-0.0064637,-0.70005,-5.1729,0.88485,-30.436,-0.79838,18.928,-1.5526,-16.02,-0.0034533,-0.014614,0.0048897,-0.9977,-0.00045133,0.003645,0.0037497,0.22742,-5.0036,0.87977,-31.753,-0.39001,16.863,-2.1076,-16.172
51.1,0.00089626,0.0028236,0.0098169,-0.9937,-0.012353,0.0048974,-0.0015712,-0.84365,-2.6625,0.42673,-32.826,1.2528,17.78,-0.40633,-18.865,-0.025323,0.0017858,-0.00033453,-0.99528,-0.00065488,0.0078233,0.000996,2.3204,-2.939,0.92662,-30.508,0.92838,16.594,-0.80605,-14.17
51.2,0.010112,0.013221,-0.010064,-0.99027,0.001458,0.004385,0.0019105,0.57566,-2.6281,-1.3253,-33.062,1.8569,18.425,-0.51791,-17.604,0.020382,0.014567,0.002502,-1.0077,-0.0092721,0.00050587,-0.0041593,0.7925,-4.5327,0.13313,-30.941,0.27537,15.926,-2.0134,-15.117
51.3,0.00079902,-0.012825,0.0030841,-0.99129,0.0010162,-0.00031131,-0.016438,-0.044059,-4.3103,-1.601,-34.182,1.1979,19.303,0.20289,-16.697,-0.011803,0.0059034,0.0069464,-1.021,-0.0015723,-0.0024213,0.0063942,0.047665,-2.4824,1.4181,-32.078,-0.26823,16.05,-0.45645,-16.623
51.4,-0.0021571,0.011137,-0.002888,-1.0016,0.011672,0.010038,0.0020145,-0.36342,-4.3186,0.50649,-35,-2.4306,17.003,-0.5267,-16.509,0.0058878,0.0073456,-0.0079133,-0.99105,0.0018287,0.0042816,0.0050551,-1.1173,-2.3867,1.0194,-30.336,0.99126,17.019,-0.15806,-15.297
51.5,-0.00061718,-0.0061607,-0.00093442,-0.99033,-0.00028638,0.0028285,0.0036083,0.9406,-3.204,-0.24586,-34.912,-2.0505,20.885,-1.0458,-16.785,-0.016402,0.0032387,0.0019167,-0.98774,0.0020715,-0.0020017,0.00041048,0.13798,-3.2898,-2.5845,-30.979,0.093007,19.545,2.0415,-15.273
51.6,-0.010018,-0.0043204,0.020531,-0.99695,-0.0045484,-0.0022313,-0.0053324,0.75166,-4.7581,1.5273,-34.037,0.41736,19.641,0.15478,-17.542,0.006608,0.010871,-0.01347,-1.0035,-0.0032872,0.00073255,-0.0069297,-1.3889,-3.4894,0.46086,-31.215,-1,18.53,-2.289,-15.283
51.7,-0.001701,-0.0079187,-0.005657,-0.99759,-0.0067193,-0.0072638,-0.0030202,-0.67144,-5.1656,0.49189,-32.895,0.70333,18.951,-0.52085,-16.145,0.0016691,-0.0040273,-8.0186e-05,-0.99474,0.00079797,0.00093901,-0.0046485,0.93225,-2.6625,0.80861,-30.364,0.11871,17.563,-1.5165,-16.31
51.8,-0.0020883,0.01756,-0.0072219,-1.0105,0.0055128,0.0030676,0.0040353,-0.62003,-4.0397,-1.9938,-32.214,1.7541,19.552,2.38,-17.939,0.025762,-0.025812,0.011146,-1.003,-0.0044781,0.0059833,-0.00032917,-0.61451,-2.7979,-1.5988,-31.16,-0.8722,15.002,0.64523,-14.472
51.9,-0.021075,-0.0034863,-0.015825,-0.99648,0.0014845,0.00062276,-0.00031223,-1.4427,-6.1727,-1.4916,-34.731,0.97802,19.304,2.3352,-17.381,-0.0047703,0.009802,-0.007589,-0.99906,0.0014006,-0.0024984,0.0058626,-1.0469,-1.6407,0.56911,-32.832,0.24935,17.181,0.49599,-15.787
52,0.022289,0.0083553,-0.0057165,-1.0091,0.00067193,0.012409,-0.0021653,0.73489,-6.9518,-0.65923,-34.467,0.28437,19.39,-1.7363,-17.365,-0.010013,-0.013078,-0.0053125,-1.0009,0.0040378,-0.0050083,-0.00591,-2.0824,-2.616,0.08083,-31.341,0.39794,16.182,0.10818,-15.184
52.1,-0.0021333,-0.021196,-0.024655,-0.99534,0.0018239,0.0082315,0.010997,-0.59698,-3.8131,-0.11327,-33.171,-1.5961,17.611,-0.13915,-17.735,-0.0093077,-0.0078776,0.0033113,-0.97976,0.0018223,0.0030055,-0.0035524,-1.4263,-3.3776,-2.5188,-33.741,-0.97635,17.429,0.082193,-16.726
52.2,-0.00062019,-0.01806,-0.0098782,-1.0085,-0.0032302,-0.0041257,0.0045958,-0.047683,-2.3721,-0.96128,-31.952,-2.0108,17.999,-1.412,-16.753,0.013515,-0.0016495,0.0041962,-0.99737,0.00019855,0.0027908,0.0048733,0.43211,-2.6714,-0.35779,-31.085,-1.884,17.131,-1.6716,-14.796
52.3,-0.0059689,0.012315,-0.0052112,-0.99907,0.0033775,-0.0014453,-0.007665,0.47099,-4.3177,-2.3333,-33.207,0.35965,17.868,0.17634,-17.295,0.017013,0.017969,-0.021531,-0.99224,0.0014933,0.0046259,-0.00046322,1.4481,-0.41197,-0.36924,-34.214,0.58854,16.887,-0.82388,-15.533
52.4,0.0092894,-0.0031171,0.0096533,-1.0052,0.0030653,-0.0016521,0.00048515,-0.23536,-5.8844,0.34771,-32.499,0.14892,17.241,-0.028407,-17.256,-0.003057,-0.0075064,0.015835,-0.99383,0.0015138,0.0059309,0.0060952,-0.70423,-2.5938,0.72862,-34.36,-0.39777,18.976,-0.67574,-16.788
52.5,-0.0031833,0.009329,-0.01091,-1.0009,0.00069355,-0.00033776,0.0011873,-0.9234,-3.2807,-0.44697,-35.651,-0.27931,18.438,0.066565,-17.526,0.007937,0.0031882,0.0014658,-1.0098,-0.00067615,0.0038795,-0.0022576,-0.92313,-3.1478,-0.45731,-33.216,0.85791,15.741,0.18816,-16.362
52.6,0.0057447,0.013985,0.0074244,-1.0027,0.004321,-0.0051514,-0.0071608,1.9616,-4.5647,-1.1777,-33.152,0.70096,19.437,1.2175,-17.152,-0.01157,-0.0062122,0.0058433,-0.98586,0.011577,0.0089006,-0.00071518,-0.27658,-3.7915,-0.73549,-32.106,-0.82739,16.209,0.50662,-14.318
52.7,-0.0073472,-0.0070237,0.0067732,-1.0088,0.00013741,-0.0018478,-0.0010715,2.2864,-4.6525,0.56531,-35.419,0.20042,20.225,-0.73522,-18.245,0.0020436,-0.013234,0.0090304,-1.0151,0.0017024,-0.0020192,-0.001452,-0.20712,-3.7089,-0.11933,-33.852,0.17772,16.124,-2.03,-13.454
52.8,-0.002092,-0.0027092,0.0018791,-1.0007,-0.0038133,-0.0037197,0.00099776,1.676,-5.6265,1.701,-33.368,-1.6799,19.206,0.41969,-18.04,0.0091696,-0.015782,0.0055107,-0.99867,0.00028125,0.0043358,0.011895,-0.12852,-3.9143,-0.57207,-32.621,-1.1272,16.93,-1.9873,-16.184
52.9,-0.020266,-0.0062449,-0.010209,-0.98051,-0.0052843,-0.0032657,0.0022959,-0.89817,-3.164,-0.13594,-32.962,0.027034,20.934,-0.64953,-18.214,0.010627,0.013402,-0.00055245,-0.99499,-0.0021925,-0.0019737,0.0097874,1.6411,-3.0642,0.74638,-32.496,1.2263,15.254,-1.7683,-15.285
53,0.007668,0.0043516,0.0085921,-0.99535,-0.00020479,-0.0026868,0.0012775,-1.5078,-4.0159,-0.90769,-33.65,-2.114,19.434,2.5619,-16.9,0.016951,-0.00096573,-0.0054298,-1.0167,0.00079085,0.0012401,0.0097805,-1.2488,-4.6052,-1.3954,-33.272,0.20768,16.784,-2.2467,-16.046
53.1,-0.009886,-0.011048,0.0055045,-0.99007,-0.0092314,-0.0070384,0.00069024,-0.13448,-5.0948,-1.3627,-34.702,0.34711,17.503,-0.52935,-18.715,-0.003519,-0.0057369,-0.0010871,-0.99301,-0.0044259,0.0051495,0.0045353,-0.76839,-4.2773,1.4639,-32.676,2.3833,16.387,0.16603,-15.841
53.2,0.0088999,0.011817,-0.0028345,-1.0162,0.0017785,-0.00015604,-0.004915,0.51296,-4.1594,0.015166,-36.596,0.12093,18.452,0.77661,-17.949,-0.0047244,-0.01141,0.011244,-1.0213,-0.00045611,-0.0027958,0.0017286,-3.1627,-4.1646,-1.0201,-32.548,1.4744,17.514,1.1578,-13.862
53.3,-0.002884,-0.0049056,-0.00058845,-0.99803,0.0022608,0.0025601,0.0035484,-0.98614,-4.7093,2.0173,-34.018,0.023746,18.827,-1.8574,-18.768,0.012163,-0.0010694,0.0066366,-1.0046,0.0022097,-0.0026099,0.0074597,2.9659,-3.3924,0.90032,-34.401,-0.72158,17.981,-1.0202,-15.781
53.4,-0.0038225,-0.0084776,-0.0053498,-0.993,-0.0069813,0.00031979,-0.0028926,-1.3289,-3.7272,-0.41019,-31.49,-0.16359,20.554,-0.019991,-18.192,0.015925,0.007668,-0.010912,-1.0089,-0.0040126,-0.00038864,-0.015517,1.7619,-4.5553,0.38267,-33.301,-0.2848,18.623,-1.7511,-15.566
53.5,-0.0010629,-0.013339,0.0062994,-1.0015,0.0025662,-0.0063921,0.0051011,-1.5208,-4.2201,0.9384,-34.093,0.91704,19.455,2.6639,-18.019,0.00093503,-0.014595,0.0098166,-0.9964,-0.010634,-0.004686,0.0066482,-0.79557,-2.795,-0.16173,-33.288,1.9651,16.762,0.35672,-15.629
53.6,0.0076333,-0.005552,0.0037277,-0.99235,0.0043239,-0.0053651,-0.0052692,-2.7805,-4.7002,-1.5137,-34.299,2.2917,19.345,1.0125,-16.866,0.0085287,0.0043452,0.0070134,-0.99969,-0.0012199,-0.011251,-0.0033216,-1.214,-3.2307,-0.017249,-32.07,0.7834,18.562,-0.17774,-15.38
53.7,-0.0081363,0.018046,0.0055939,-1.0078,0.0023578,-0.0022795,0.016944,0.48827,-4.8873,0.54173,-32.858,-0.071272,19.619,-1.1052,-15.908,-0.0024555,0.00043189,0.0023562,-1.0038,-0.00040108,0.0048743,-0.0022853,0.47067,-3.8282,1.8723,-34.927,0.18609,17.003,-1.0961,-14.475
53.8,-0.00043984,-0.0040137,-0.017171,-0.99891,-0.00057077,0.0041225,0.0057852,0.76745,-3.8762,0.63934,-33.901,-1.4681,18.76,-2.0032,-17.707,-0.013584,0.0077875,0.0032737,-0.99842,0.0099008,-0.0016136,-0.0090994,1.068,-4.4861,1.8868,-32.275,1.6715,16.247,-0.76604,-16.446
53.9,-0.015161,0.011779,-0.015977,-0.98551,0.00068049,0.00016541,-0.0021931,0.75889,-3.4993,-1.2748,-34.175,1.0955,18.868,0.94111,-17.694,-0.010923,0.0064728,-0.0009086,-1.0026,-0.0013886,-0.0067179,-0.0028972,0.20153,-3.3095,0.60937,-35.022,-1.3067,17.156,-1.5331,-15.776
54,-0.0086651,0.012484,0.0064867,-1.0129,0.0042929,0.0068373,-0.0013825,0.49889,-4.1511,-0.11589,-31.89,1.2359,17.896,-0.45703,-18.881,0.0044114,0.0042826,0.013404,-1.0055,0.0050691,-0.003844,-0.0024543,-0.64553,-3.4552,-2.7682,-33.581,0.66182,17.782,1.4357,-15.719
54.1,-0.021049,-0.017737,0.0024796,-1.0038,-0.0078088,-0.00060412,-0.0090889,0.87518,-4.3953,-0.16708,-35.255,0.70034,18.542,-0.40008,-17.932,-0.0090713,-0.0038197,-0.0031733,-0.97725,-0.0019932,-0.0010983,-0.003366,0.77713,-3.1914,-0.94181,-31.693,0.65851,16.162,0.87339,-14.893
54.2,0.020204,-0.0026785,0.013557,-1.0173,0.0080888,0.0039637,0.006966,-0.64343,-3.9327,0.18082,-36.024,-0.14345,20.642,-0.87009,-18.407,-0.0071911,0.0076328,-0.0089761,-0.98067,-0.0046041,-0.0029824,-0.010201,0.64216,-1.5272,0.27116,-33.353,0.34149,18.953,1.7284,-14.353
54.3,0.012414,-0.005027,-0.0087831,-1.0019,0.0044534,0.00048511,-0.008718,-0.49385,-3.4019,0.74196,-34.264,-0.010479,20.218,-0.77752,-14.612,0.00056335,-0.0053659,-0.0072173,-1.0157,-0.0042055,0.0080881,0.00061104,-1.5181,-1.4339,0.89879,-33.898,1.1118,15.614,0.030186,-15.892
54.4,-0.0028887,-0.016495,-0.013223,-1.0048,0.011129,-0.0021942,0.00039533,-1.0357,-4.1281,1.7553,-35.247,-0.32593,18.573,1.3918,-17.378,-0.0093506,0.016793,0.00050046,-0.98952,0.0015878,0.0039186,-0.00079621,0.70951,-4.3332,2.2125,-33.231,0.91124,17.471,-0.81716,-13.941
54.5,0.022593,0.0046326,0.0082793,-1.012,0.0070932,-0.0057496,-0.0077805,-0.40518,-4.599,-1.1893,-34.858,-0.069327,17.937,-0.016089,-18.74,-0.0077347,0.0051391,0.019889,-0.9878,-0.003733,0.0031655,-0.0042196,-0.77575,-1.7268,0.40114,-33.575,0.32853,17.297,-0.56763,-12.952
54.6,0.0003442,-0.012788,-0.0062113,-0.97973,-0.00097776,0.0026691,0.0073082,0.29129,-4.1063,-0.53546,-34.853,-0.21484,18.729,0.33653,-17.122,-0.0065269,0.0068008,-0.00068193,-0.97806,-0.0048321,0.0075998,0.0030067,1.9583,-0.87614,0.78704,-33.239,0.88326,17.154,1.1686,-13.52
54.7,-0.0091831,-0.0050639,0.012596,-0.99779,-0.0067908,0.0030965,-0.0010226,-0.1279,-5.3964,-1.7912,-34.083,-1.01,18.394,-1.6058,-16.301,0.0009238,0.0059843,-0.00030408,-0.99559,-0.0024533,-0.0032109,0.0040616,-1.1398,-3.7795,-0.31008,-31.948,-0.61244,18.234,2.2771,-14.262
54.8,-0.0086397,0.0068064,-0.0031208,-1.0034,-0.007026,0.0010765,-0.0090843,0.02409,-3.1702,-0.67576,-32.987,1.0374,16.929,-3.3011,-17.504,-0.0030816,-0.0014739,-0.0017165,-1.0051,-0.0073207,-0.00071017,-0.0025957,-0.4844,-2.5842,-1.3287,-32.564,-1.0966,14.937,0.78517,-14.973
54.9,0.010091,0.0018552,-0.0057861,-1.0057,-0.0028661,0.0042221,0.0094729,-1.7759,-4.5983,0.87786,-35.128,0.91342,17.804,-1.5944,-19.711,-0.0034593,-0.014565,0.0016708,-0.99755,0.0029193,0.0011037,-0.0011773,0.69601,-1.0688,1.318,-34.379,-0.84293,17.889,-0.5766,-14.441
55,-0.0133,0.015294,-0.0012625,-1.0035,0.0007986,0.0016442,0.00043222,-1.8293,-2.7342,-0.36114,-32.774,0.25459,18.273,0.13207,-16.941,0.0041166,-0.016384,-0.0097727,-1.0149,0.0021387,-0.00039927,-0.0050851,0.50367,-2.7699,2.5598,-33.413,-0.44707,17.271,-0.16233,-16.223
55.1,-0.0086919,-0.0066964,0.0014945,-0.99148,0.0056203,0.00037199,0.0068754,-2.1876,-5.4046,-0.84045,-34.284,-0.66963,18.189,1.6823,-17.079,0.0019477,-0.0066523,-0.0059498,-0.99059,0.0037672,-0.0020419,-0.0011517,0.65444,-3.6035,-1.9284,-32.767,-0.61592,17.755,-1.3767,-14.713
55.2,0.0037138,-0.023982,0.0065644,-1.0093,-0.0033927,0.0024149,0.0046846,-0.91973,-2.0014,0.09834,-34.332,1.7429,18.621,-1.6019,-17.912,-0.0024237,-0.0047729,0.012931,-0.99645,-0.0056702,0.00034001,0.0069304,-0.81519,-2.1639,0.033402,-32.165,2.4495,18.342,1.0144,-16.252
55.3,0.0090355,-0.0032387,-0.009329,-0.99359,0.001697,0.0073575,0.001329,2.0996,-4.1002,0.37393,-35.733,-1.237,18.345,0.096458,-16.463,-0.0087903,0.0061349,-0.017355,-1.0138,-0.011981,0.0012755,-0.00064434,-1.2153,-3.0341,0.42809,-33.537,1.3592,16.9,0.55603,-15.283
55.4,0.0041736,-0.0045467,-0.0050669,-1.0022,-0.0032559,-0.0024869,-0.0060478,0.40905,-3.362,0.63105,-34.598,-0.77809,20.391,-1.3141,-16.694,0.010925,-0.0022812,-0.0053693,-1.0139,0.0068401,-0.0013273,-0.005093,-0.75236,-3.2016,0.4965,-34.907,-1.5413,18.322,-0.093143,-14.473
55.5,0.0014755,0.0042659,0.0071954,-0.98497,0.0015214,-0.0025327,0.0094319,-1.6526,-2.4678,0.12206,-34.828,0.4177,19.853,0.78214,-17.487,-0.002839,-0.0027095,0.020816,-0.99371,0.010917,0.0080565,0.00069996,-1.4833,-4.4027,0.25142,-32.002,-2.2533,16.291,-1.5556,-16.043
55.6,0.010339,0.00027076,-0.0038194,-0.99706,-0.0056227,-0.0030717,-0.00050217,-1.4626,-2.6955,0.2263,-34.336,1.0633,20.29,0.87313,-16.91,0.0046036,0.018539,0.019569,-1.0075,-0.0038793,0.0030974,-0.0019001,-0.051009,-2.6902,-0.15216,-31.256,2.0667,15.806,-0.5353,-15.27
55.7,-0.0018687,0.0019587,0.010375,-1.0121,-0.00042801,-0.0025336,-0.0008484,-1.2792,-3.3343,-1.0479,-34.797,0.92448,19.808,0.54628,-16.066,0.013714,-0.021375,0.0075088,-1.0013,6.6836e-05,0.0024873,0.0091973,0.75696,-0.36467,-0.9813,-32.821,1.2467,15.754,0.52255,-13.461
55.8,0.0115,-0.011516,0.0067178,-1.0032,-0.0042454,0.002626,-0.0049656,1.1667,-4.4556,-2.7702,-35.116,-0.80761,20.599,-0.54316,-16.85,0.0089882,0.0002634,0.00045637,-1.0186,-0.0025432,-0.00039688,0.0015941,0.97256,-0.26583,-0.476,-33.704,2.7832,17.389,0.17457,-14.463
55.9,-0.0034696,-0.0048366,-0.011223,-0.98667,-0.0010519,-0.0067977,-0.0066352,-0.55046,-5.3638,-0.46568,-33.778,-2.4304,18.965,-1.327,-19.415,-0.011071,-0.01185,0.0040349,-0.99939,-0.0023766,0.00081815,-0.0081806,-2.211,-1.8909,0.22207,-33.625,-0.62504,18.799,0.37699,-14.623
56,0.000985,-0.0018353,0.00062162,-0.99743,-0.0040809,0.0011615,0.0055719,1.6205,-3.6973,0.047022,-35.948,0.17777,18.842,-0.51536,-17.732,0.0051672,0.0031232,-0.0013175,-1.0015,-0.0043006,8.6376e-05,0.0045215,0.67771,-2.5847,-0.78368,-33.047,-1.6942,16.55,-1.9217,-14.334
56.1,-0.00024648,-0.0097269,-0.00089179,-0.98008,-0.0018771,0.001842,-0.0011141,0.092834,-2.4165,0.9452,-35.173,2.0255,19.758,0.86054,-16.656,0.0056927,-0.013581,0.012517,-0.99594,0.0025541,0.0026753,0.0082575,0.42701,-4.5572,0.21398,-33.95,0.09984,18.117,-0.40611,-14.811
56.2,-0.02214,0.0083211,-4.8432e-06,-0.99474,-0.0028671,0.0050491,-0.00050884,-0.67224,-3.1831,-1.7633,-34.929,0.74332,19.458,1.0198,-15.707,0.014496,-0.017156,0.0056753,-0.98572,-0.008527,0.0024777,-0.0014383,1.4677,-2.779,-0.0015942,-34.257,0.71992,15.224,-1.1699,-16.349
56.3,-0.013367,0.0013697,0.0051807,-1.0075,0.0014969,0.006778,0.0010772,0.65524,-4.6094,-0.14145,-36.832,-0.12939,20.054,-0.15549,-18.315,0.0021064,0.002641,0.013079,-1.0122,-0.0004977,-0.00051929,-0.0076342,-0.78035,-0.78474,-0.15776,-32.533,-0.56027,17.702,1.9716,-15.889
56.4,-0.012352,-0.0090043,0.016793,-1.0065,-0.00055571,-0.0028754,0.0012304,0.18948,-4.0017,-0.2623,-35.763,0.016835,19.436,-0.69741,-16.785,0.0042594,-0.0029682,-0.010409,-1.0055,0.00093422,0.0060672,0.001817,-0.27697,-3.2444,-2.2034,-34.619,1.11,16.115,1.1031,-15.709
56.5,0.0072394,0.005417,-0.020419,-0.99582,0.0032016,-0.0035145,0.00068356,-0.2419,-2.8091,-1.4384,-34.992,-0.88753,19.937,1.2788,-17.68,-0.015785,0.0094696,-0.0041315,-0.98377,0.0067776,-0.0057012,-0.0079082,-0.038161,-1.8781,-0.86925,-34.034,-0.2261,17.636,1.4221,-13.258
56.6,0.0067697,0.0053432,-0.00018849,-1.0182,0.010339,-0.0036702,-0.00056799,-0.35337,-4.0012,-0.49732,-35.511,0.090483,19.228,0.81577,-16.682,0.00074208,0.0024188,-0.0048996,-0.99935,5.7892e-05,-0.0057341,-0.0065324,0.80295,-0.12106,0.31658,-34.066,-0.89452,18.283,-0.5981,-14.314
56.7,-0.019219,0.0019712,0.0098272,-1.0077,0.0033488,-0.0032146,-0.0072799,-1.5728,-3.0041,1.4875,-36.652,0.36633,19.068,-2.8742,-17.852,-0.0015559,0.013736,-0.010979,-0.99066,-0.0028236,0.00054773,0.0076001,0.84436,-1.8722,2.6777,-33.311,0.93028,16.928,-2.7119,-13.159
56.8,0.01227,-0.018106,0.013293,-1.0007,0.0013041,0.00067522,-0.00097417,0.71648,-2.5891,0.38911,-34.019,0.3466,18.655,-2.4601,-15.634,0.011267,0.0073095,-0.011111,-0.97637,-0.0024167,0.0106,-0.0076944,-0.96473,-1.7535,-1.3978,-31.776,-0.88645,17.677,1.6507,-14.927
56.9,0.021666,0.0065324,0.014705,-1.0041,-0.006056,0.0022166,-0.0026568,0.99854,-2.772,-2.1678,-34.591,0.056219,19.87,1.4528,-16.044,0.0011142,0.0084638,-0.012194,-1.0083,-0.0041427,-0.0059434,-0.001415,-0.3912,-2.3429,-0.27407,-33.523,-0.36375,16.424,1.743,-16.161
57,-0.0033193,0.0059122,0.0060431,-0.99765,-0.00028992,0.013179,0.0016523,0.14005,-3.3052,0.19063,-35.113,0.61621,20.02,-0.82892,-17.464,-0.014745,0.0088506,0.0089095,-1.0092,-0.0055937,0.0042557,0.00072396,0.88286,0.61651,-1.0246,-35.452,1.433,17.274,1.3637,-13.939
57.1,-0.012023,0.0051024,-0.002574,-1.0022,0.0050604,-0.0063773,-0.003982,-1.3726,-2.8981,-0.14039,-35.25,-0.18415,18.704,-0.84067,-17.014,0.0075312,0.0078793,-0.0082764,-0.99369,-0.0018218,-0.0014081,-0.010734,2.1007,-2.2889,2.0075,-33.752,0.57502,19.266,-0.12485,-14.172
57.2,0.0091795,-0.00095663,0.01912,-0.99071,0.0015221,-0.0037139,-0.0042334,-1.5971,-3.0952,-0.22733,-35.98,-0.39229,18.88,-0.10301,-16.59,3.756e-05,-0.0096425,-0.0042476,-1.0094,0.0017684,-0.0027434,0.012681,1.8738,-4.0108,-0.34725,-32.879,-2.2882,18.575,-2.4903,-15.665
57.3,0.011044,0.011798,-0.013308,-1.0005,-0.0053673,-0.0095163,-0.0023939,1.6656,-2.2821,1.7734,-35.076,-0.69828,18.528,-1.4936,-16.884,-0.020805,-0.010031,0.0023789,-0.9996,0.0038831,0.0036171,-0.0064173,-1.3002,-3.4276,-0.26912,-33.986,1.3393,16.347,-0.31846,-15.226
57.4,-0.0080739,-0.0051222,0.0046988,-1.0011,0.0024779,-0.0024082,0.0042949,-0.43932,-2.7686,-0.06356,-34.528,0.68252,18.803,-0.49011,-17.814,0.016694,0.002567,0.0010138,-1.0138,0.0015036,0.0060411,-0.0041636,-2.9655,-3.8355,-2.076,-35.346,0.67797,17.663,-0.36937,-14.499
57.5,-0.0095513,-0.0036048,0.0013607,-0.99564,-0.0021642,-0.005024,-0.00055134,0.091431,-5.049,-0.78233,-35.827,1.5783,19.458,0.42648,-17.742,-0.013505,-0.0037586,-0.01087,-1.0115,0.010041,0.0075234,0.00016033,-0.83291,-0.33931,0.17036,-34.618,1.2627,18.31,-0.29805,-12.511
57.6,-0.0035247,-0.022358,0.015488,-1.0117,-0.0063041,-0.005784,0.005715,0.74456,-4.6234,-1.5977,-33.476,0.89412,20.464,1.0649,-16.084,-0.0061727,-0.00091276,0.0080123,-1.0048,-0.0063323,0.0036298,-0.0013542,0.36729,-1.2958,1.6044,-34.349,0.48338,16.721,-0.56889,-15.761
57.7,0.0024568,0.0083876,0.0022046,-1.0103,0.0049267,0.0037508,-0.0043333,1.8101,-2.4615,1.1743,-35.791,0.13743,19.291,-1.1156,-16.624,0.012113,0.0089017,0.013088,-0.99826,-0.0048128,-0.0044392,0.013786,2.2763,-0.8958,1.0045,-33.92,-0.67121,16.977,-1.7421,-14.089
57.8,0.0071202,0.014529,0.0036931,-0.99394,-0.0029414,0.0042159,0.00055109,-0.44365,-3.474,0.71207,-32.851,-1.1163,18.531,-0.99971,-16.148,0.010618,-0.002381,-0.00055978,-0.99554,0.009922,-0.00083953,-0.0048389,1.0874,-1.4891,0.75961,-35.188,-1.177,15.395,0.34601,-14.579
57.9,0.0032939,-0.0030889,-0.0010768,-1.0002,0.0045745,-0.0046316,-0.0063284,-0.66415,-3.149,-1.5506,-35.193,0.05637,18.623,-1.1931,-15.9,-0.00087149,0.019805,0.0045919,-0.99229,-0.00061857,-0.0027758,0.0085476,0.079382,-3.8432,-1.3817,-32.864,0.19593,16.593,0.8129,-13.731
58,-0.00659,0.0035774,-0.018202,-1.0132,0.0011708,-0.0029017,-0.007861,0.23275,-4.988,-1.8469,-34.965,0.6922,17.364,1.047,-16.381,-0.025352,-0.015377,0.0047421,-1.0061,-0.0018767,-0.00083745,-0.0045567,-1.7903,-2.5527,0.66767,-33.595,-0.20267,18.471,0.25635,-14.138
58.1,-0.0025762,0.012656,-0.025086,-0.98706,0.00065977,0.0032634,-1.7364e-05,1.803,-3.4702,1.3375,-34.876,3.7285,19.872,-0.34836,-17.039,-0.0087194,0.0071903,-0.013555,-1.0023,-0.0015363,0.0043734,0.0077691,0.48051,-0.82679,0.047019,-33.876,0.99111,17.319,-0.88888,-14.269
58.2,0.0010958,-0.0080232,-0.0048917,-0.99877,-0.0027203,0.00046291,-0.0023972,0.84005,-3.9822,0.090825,-35.299,-0.11406,19.905,-0.63797,-17.089,-0.0091693,0.006153,-0.00072745,-1.01,0.0087399,-0.0064874,-0.0097951,-0.12002,-1.3064,-0.67798,-34.366,-0.61662,17.475,-0.75642,-14.062
58.3,0.009052,0.0032823,-0.0070256,-0.99079,0.0025364,0.0085583,-0.0012849,1.5673,-3.1529,1.7955,-36.982,0.73096,18.454,-1.4922,-17.767,-0.0055013,-0.0047625,0.0035977,-0.99515,0.0065602,0.0015605,-0.0098628,1.7819,-3.8735,0.76897,-34.96,-1.182,17.565,0.91213,-13.938
58.4,-0.0061331,-0.0048244,-0.022653,-0.99807,0.0097355,0.00020906,0.011447,1.5662,-3.4084,-0.15389,-35.734,0.34117,19.426,-1.5579,-16.75,-0.0026419,0.019263,0.0057303,-1.0014,0.003211,-0.00013764,-0.0060009,1.0419,-2.427,-1.1272,-33.658,0.94854,17.378,0.49936,-15.197
58.5,-0.0081607,0.0084357,0.0035108,-1.0071,-2.5177e-06,0.0072864,-0.0047338,-0.5774,-3.9082,0.15333,-36.766,-0.4681,17.686,2.0981,-16.833,-0.0078518,-0.0094442,-0.0092472,-1.019,-0.0034674,0.0041306,-0.0055056,-1.8203,1.6156,-0.73906,-34.333,0.63344,17.26,0.59139,-14.494
58.6,0.0043479,-0.0088162,-0.015234,-1,-0.0066801,-0.0047693,0.0015136,0.82858,-3.5497,-0.043256,-34.499,1.7631,19.627,-0.51697,-15.836,-0.0031564,0.0065196,0.021663,-0.99607,-0.002267,0.0023545,0.0091061,1.274,-1.325,0.94865,-37.544,-1.7697,19.421,-0.42636,-14.453
58.7,0.0013885,0.0071758,0.020058,-1.0034,0.0028055,-0.0041632,0.0016075,-0.54414,-3.6628,-0.2228,-37.485,1.1707,17.396,-1.4365,-17.864,-0.0053992,0.0054649,-0.014531,-0.99582,-0.0049545,0.0075155,-0.00032997,0.3924,-3.2428,0.49497,-34.151,-1.0681,17.438,-0.25167,-13.19
58.8,-0.0061734,-0.0050349,0.0062624,-1.0127,0.00016129,-0.0050235,-0.0023577,0.21278,-3.9433,0.4713,-34.177,0.047338,18.557,-1.4458,-15.937,0.0083413,-0.0072113,-0.0082964,-1.0103,0.0034235,-0.0089285,-0.0029601,-0.60269,-2.5403,-1.6721,-32.038,0.57772,17.954,-0.35985,-14
58.9,0.0023865,-0.0099871,-0.010945,-0.99176,-0.0014217,-0.0024913,0.0047848,1.6545,-4.6361,-1.8005,-35.96,1.1629,18.084,-2.155,-16.063,-0.00067902,0.0024432,-0.021335,-0.98557,-0.0016211,-0.0079371,-0.00090449,0.97718,-1.1715,-1.6799,-33.837,1.0044,17.239,1.3826,-14.977
59,0.0081572,-0.0020252,0.00047766,-1.0077,0.0031196,-0.003409,0.0043694,0.60943,-0.8663,0.14164,-37.111,0.29515,19.521,-2.0742,-19.233,-0.0055169,0.0040023,-0.0032227,-0.98619,0.0048442,0.006609,0.0028378,0.86946,-3.595,-0.32495,-35.544,0.69082,15.862,0.14643,-15.584
59.1,0.0067457,-0.0096347,0.0047772,-0.9814,0.0048992,-0.0029867,-0.0027047,-1.2364,-3.0108,-1.1018,-36.884,0.50884,18.303,0.76832,-15.171,0.011954,-0.0020788,-0.0010169,-0.99973,-0.0060714,-0.0052241,-0.0061949,0.11624,-0.73477,0.89341,-35.494,0.96274,15.457,0.26325,-13.147
59.2,-0.0080787,0.00022567,-0.011909,-1.0156,0.010516,0.010118,-0.0042293,1.6181,-1.9585,-1.2181,-37.94,-0.63591,19.659,0.6761,-14.823,-0.0050978,-0.0046432,0.0098117,-1.0142,-0.0090017,0.0089735,0.0018661,1.0058,-0.13487,-0.1679,-34.623,-0.38766,17.071,0.048814,-14.206
59.3,0.0091316,-0.010722,-0.011389,-1.0107,-0.007038,-0.0059896,0.0069432,0.38878,-2.9244,1.674,-34.226,-0.8797,19.481,-0.63729,-16.738,-0.013658,0.00073678,0.004437,-1.0058,0.0027508,-0.010491,-0.0016957,-1.815,-1.6396,1.6462,-34.748,-1.1208,18.618,2.0099,-14.345
59.4,-0.005887,-0.023224,-0.0088081,-1.0119,-0.0021929,0.010042,-0.0028451,-2.3067,-3.3004,-0.6754,-34.727,0.18676,19.791,-0.46987,-15.854,0.011522,0.010524,0.0014214,-0.99136,0.0014092,-0.0014491,-0.0070837,-0.49894,-2.8387,-0.70119,-36.119,0.63004,17.249,0.20325,-15.395
59.5,-0.0030424,-0.012129,-0.0015419,-0.99707,-0.0027495,-0.0073654,-0.0036401,-2.7184,-3.5331,-1.6167,-36.577,-0.9814,20.48,0.94746,-17.288,-0.0020033,0.0044136,-0.015311,-0.99715,0.005269,-0.0014053,-0.0013754,-1.0872,-2.1933,-1.126,-34.172,1.8002,17.292,-0.31923,-14.03
59.6,0.0064731,0.0059939,0.0081731,-1.0021,-0.0030277,0.0013379,0.0033377,1.2565,-3.3125,0.35437,-36.971,1.3809,18.809,0.66352,-15.735,0.0022041,-0.0025521,-0.0032804,-1.0104,-0.00040662,0.01026,-0.00079845,-1.3687,-2.2787,0.50419,-33.427,-0.16345,17.814,-0.5523,-13.236
59.7,0.001068,-0.0079657,0.021754,-0.99253,-0.0028742,0.0015095,-0.0090765,1.6783,-3.6036,-0.5899,-37.334,0.55304,18.796,-2.5658,-17.423,-0.01411,-0.00081325,-0.015331,-1.0108,0.0016181,-0.00040999,0.0029127,2.3765,-2.4876,-0.26748,-35.485,-2.0664,14.69,-1.4902,-13.595
59.8,0.014361,0.014227,-0.0065108,-1.0174,-0.013763,0.014451,0.0089482,0.35159,-2.2824,-0.49802,-36.161,-0.66741,17.897,-0.43355,-17.17,0.012703,0.00081588,-0.0024627,-0.97772,0.00062954,0.0060442,0.00068289,1.681,-1.2019,0.41572,-34.805,-0.087567,16.822,0.76047,-13.412
59.9,-0.0072163,-0.015905,0.00042674,-1.0086,-0.010056,-0.002016,-0.0037859,0.21407,-4.8313,-0.99502,-37.297,-0.044212,19.73,0.39613,-17.3,-0.012963,-0.012999,0.011562,-1.0149,0.0035017,-0.0089798,1.5513e-06,-1.5983,0.11686,-1.1711,-36.072,-0.64696,17.652,0.13656,-12.696
60,-0.0092381,-0.0014737,-0.00074253,-1.0168,0.0034074,-0.012579,-0.0052864,-1.1504,-2.604,-0.17821,-36.99,1.4909,19.147,0.92947,-16.976,0.0053335,-0.0076586,0.0063526,-0.9975,-0.0080433,0.0048163,-0.0051088,-1.1581,-1.5214,-0.12455,-34.437,0.42062,17.37,-0.57599,-14.022
