time,q1_healthy,q2_healthy,q3_healthy,q4_healthy,omega1_healthy,omega2_healthy,omega3_healthy,wheel1_i_healthy,wheel1_w_healthy,wheel2_i_healthy,wheel2_w_healthy,wheel3_i_healthy,wheel3_w_healthy,wheel4_i_healthy,wheel4_w_healthy,q1_faulty,q2_faulty,q3_faulty,q4_faulty,omega1_faulty,omega2_faulty,omega3_faulty,wheel1_i_faulty,wheel1_w_faulty,wheel2_i_faulty,wheel2_w_faulty,wheel3_i_faulty,wheel3_w_faulty,wheel4_i_faulty,wheel4_w_faulty,
0,0,0,0,0,0,0,0,0,0,0,0,0,0,0,0,0,0,0,0,0,0,0,0,0,0,0,0,0,0,0
0.1,-0.70215,0.0075338,0.11028,-0.70179,0.01033,-0.002646,0.0036963,-0.77849,-0.044615,1.324,-0.47505,-0.97924,-1.0734,-0.19294,0.53868,-0.70116,0.010921,0.12821,-0.70701,0.0020405,-0.0031329,0.0043415,0.12772,-0.65587,0.73266,0.66221,-1.2259,-0.81958,-1.7201,-0.28932
0.2,-0.71131,-0.021353,0.13269,-0.70017,0.002081,0.0048984,0.0039275,1.5641,0.9379,0.44646,2.0416,-1.4935,-0.48821,-0.98826,-1.765,-0.71125,0.014047,0.1234,-0.70026,0.00028414,-0.0072648,-0.0075427,1.5158,1.3797,-0.066063,0.83273,-1.7849,-0.24157,-1.4083,-1.4721
0.3,-0.69098,0.0009648,0.11061,-0.68494,0.00016869,-0.00016281,-0.00068698,0.51279,1.005,1.1228,-0.60668,-1.8883,1.9587,-2.9655,-0.22817,-0.7165,0.022554,0.1204,-0.70576,-0.0041314,0.0014741,0.011728,-1.113,-0.16656,-0.84691,-0.50809,-1.8824,-1.6591,-1.1429,-1.4695
0.4,-0.72206,0.013882,0.11764,-0.71095,-0.0098514,0.004195,0.0047528,0.93734,1.9908,1.0405,-0.91491,-0.70144,-0.51223,-2.4528,-2.1108,-0.70595,0.0031536,0.1165,-0.6828,-0.0052305,0.0024976,0.017092,2.1763,-1.0816,-0.40091,0.8039,0.66358,-1.1926,-0.48535,-0.18838
0.5,-0.71093,-0.012572,0.12681,-0.69505,-0.0046711,-0.0092883,9.0301e-05,0.41709,1.2923,-0.26198,-0.45705,-1.2513,-2.1554,-1.2907,-1.5347,-0.70188,0.00040596,0.12429,-0.68506,-0.0066056,-0.011407,-0.0040126,1.4595,1.6392,2.2454,0.82372,-2.1487,-0.72469,-1.6154,-1.0512
0.6,-0.70504,-0.00080668,0.12187,-0.69248,-0.0088036,-0.0037032,0.0048436,0.069264,-0.087378,-2.1616,0.95222,0.38259,-1.126,-0.51174,-2.9778,-0.70852,6.5012e-05,0.13788,-0.70399,-0.002955,-0.0090117,0.0042138,-1.0646,2.2544,-2.4448,1.487,0.039709,-0.48259,-2.3069,-1.0646
0.7,-0.7154,0.014505,0.099139,-0.70846,-0.013958,-0.002419,0.0086232,1.6017,2.6935,0.19443,-1.3461,0.23913,-1.7408,-1.7847,-2.0887,-0.70581,0.0063059,0.11524,-0.67633,-0.006483,-0.0091622,0.0036034,0.074116,2.3277,-3.0148,-0.58304,-1.0022,-2.0681,1.9104,-3.7836
0.8,-0.73334,0.011408,0.14606,-0.68061,-0.013214,-0.0066688,0.017543,0.62441,1.7318,0.55531,-1.2029,-3.242,-1.8077,-2.3463,-1.2129,-0.70996,0.0072826,0.1315,-0.67924,-0.010789,0.0018306,0.0098978,1.0936,2.7356,-0.26883,-0.38812,-1.4115,-1.65,-1.5371,-3.176
0.9,-0.68554,0.0084559,0.13931,-0.69649,-0.018716,-0.0099509,0.010943,0.12101,3.2159,2.7887,-0.6784,-0.41682,-2.0924,-0.98505,-2.3906,-0.70947,-0.01497,0.12139,-0.70958,-0.011962,0.00095367,0.010763,-0.24101,3.26,-0.19251,-0.43303,0.34959,-1.4871,-0.83669,-1.3117
1,-0.6861,0.0012564,0.1093,-0.71386,-0.0091783,0.0029492,0.016476,1.4523,2.7634,-0.56154,-0.479,-0.58026,-2.2252,-0.11555,-2.5436,-0.70269,0.011618,0.1257,-0.69339,-0.02068,-0.002962,0.018598,2.7302,3.26,-0.5581,0.075832,-0.52826,-2.9499,-0.17656,-3.834
1.1,-0.70524,-0.0042088,0.13122,-0.68731,-0.0070758,-0.01217,0.014981,0.25094,1.4559,0.0077997,-0.48262,-0.52683,-1.5033,-1.4687,-6.3047,-0.7137,0.012136,0.12801,-0.69428,-0.008611,-0.012265,0.01058,1.6929,3.5213,-0.39251,-1.5388,-1.8139,-2.0714,-0.601,-2.2922
1.2,-0.7074,0.0055848,0.12083,-0.69237,-0.023542,-0.0053317,0.0099411,-0.17626,3.6478,0.94862,-0.12443,-2.0434,-4.699,-0.49658,-4.5398,-0.69431,-0.010576,0.10744,-0.68321,-0.019567,-0.0017963,0.019933,1.3281,3.0554,-0.52216,0.87566,-0.5175,-1.8356,-1.8986,-3.6463
1.3,-0.69918,-0.0021676,0.12557,-0.71625,-0.025673,0.0035839,0.018593,1.2823,4.3972,0.30374,-2.0938,-1.2235,-7.1254,-2.1265,-1.7896,-0.68493,0.014271,0.10977,-0.69788,-0.015845,-0.016231,0.016465,-1.2565,3.5854,0.37556,-1.1763,-0.43033,-4.5277,-2.5884,-4.981
1.4,-0.70271,0.032976,0.1196,-0.69649,-0.012642,-0.0093453,0.017914,1.475,4.6099,-0.18181,-0.012778,-0.66092,-6.0554,-2.2774,-4.8436,-0.71769,0.0095258,0.13664,-0.69435,-0.013242,-0.0017261,0.021779,1.7748,5.2853,-1.8818,0.41094,-0.96048,-4.76,-2.1358,-3.6166
1.5,-0.71722,-0.021859,0.098902,-0.70901,-0.023422,-0.011362,0.029894,0.56796,4.2934,0.93161,1.4057,-1.5087,-5.4244,-1.6121,-3.6276,-0.70317,0.0063013,0.11955,-0.68584,-0.02591,-0.015861,0.026778,-0.4577,5.1976,-1.3567,-0.73247,-2.1283,-5.2094,-0.045311,-5.4896
1.6,-0.69939,0.040738,0.097793,-0.68082,-0.017603,-0.0067053,0.024152,2.075,4.6043,-0.58972,2.8281,-0.18102,-4.7975,-1.2576,-3.5286,-0.69839,0.0086175,0.13888,-0.69037,-0.01965,-0.0059809,0.026608,0.71694,6.3289,-0.5249,-0.22553,-2.4735,-5.6258,-1.5582,-5.6953
1.7,-0.70929,0.0025709,0.11856,-0.71043,-0.026808,-0.011233,0.030145,-0.58541,4.0801,1.503,-1.8664,-2.0018,-5.5449,0.60155,-5.4631,-0.70222,-0.0030565,0.12855,-0.69215,-0.032222,-0.015123,0.025359,0.84206,4.2876,0.65964,-1.9209,-0.31333,-4.0605,-1.3493,-6.8046
1.8,-0.7074,0.0083995,0.10722,-0.70419,-0.026167,-0.0076558,0.023427,0.48544,2.1164,-0.085704,0.50458,-0.53468,-6.8574,-3.6627,-7.9043,-0.69747,0.0053821,0.11187,-0.72159,-0.027733,-0.014643,0.022047,0.15005,4.5351,-0.99951,-0.27076,-1.2454,-7.6136,-1.3794,-6.2837
1.9,-0.69248,0.0037542,0.11583,-0.69401,-0.026728,-0.013553,0.026889,-0.027461,4.9259,-1.2725,-0.073459,-1.4112,-6.8788,-1.9598,-7.0982,-0.71347,0.0071895,0.10874,-0.70307,-0.033787,-0.0066973,0.027277,1.1772,4.6945,0.74176,-1.1768,-2.9513,-6.701,-1.0937,-7.4653
2,-0.70436,0.017261,0.11699,-0.71772,-0.031085,-0.0017349,0.033703,0.51773,5.5551,0.02558,-1.5544,-0.52368,-7.6274,-1.0311,-7.2394,-0.67914,0.0068723,0.12673,-0.71266,-0.038324,-0.021794,0.029776,2.2807,2.91,0.49622,-0.079886,-0.97402,-5.68,-1.8933,-7.74
2.1,-0.68994,-0.0018399,0.11272,-0.72472,-0.036478,-0.0026132,0.028932,3.8883,6.0034,1.4235,-1.1819,-0.29446,-8.6175,-2.6957,-6.9606,-0.69285,0.025216,0.10018,-0.70652,-0.029184,-0.0091162,0.036959,0.95364,4.8393,-0.19027,-0.39107,0.2782,-7.8412,-0.98599,-7.3439
2.2,-0.68298,0.013359,0.098329,-0.69706,-0.031023,-0.0020347,0.03104,1.5269,5.4964,0.56973,-1.6589,-2.3697,-7.5342,-0.82027,-6.8071,-0.68154,0.037928,0.09165,-0.70673,-0.030579,-0.0088601,0.031256,1.1193,3.9307,-0.16432,-0.15539,-1.3925,-8.3776,-1.9722,-6.476
2.3,-0.68321,0.018383,0.12035,-0.69591,-0.029948,-0.011583,0.043278,0.71404,4.8334,-0.87398,-0.14945,0.062037,-7.9253,-1.2543,-8.8934,-0.69755,0.0065609,0.11536,-0.71013,-0.035229,-0.010489,0.031191,0.35001,5.9062,-1.9188,0.30577,-1.5494,-8.8455,-1.8421,-8.3174
2.4,-0.70287,0.00013208,0.11954,-0.71311,-0.037636,-0.0073716,0.027752,1.2879,6.5282,-0.73923,-1.1273,-0.64299,-6.6126,0.51239,-7.1564,-0.6962,-0.0030259,0.10438,-0.71454,-0.03123,-0.016497,0.040015,-1.0283,5.4531,0.3577,-4.4925,0.77538,-8.2242,-1.4638,-8.1875
2.5,-0.67211,-0.0017572,0.12063,-0.72667,-0.036014,-0.0069737,0.036625,-0.072893,7.6222,-0.41422,-1.7592,-0.57377,-7.0233,-3.3075,-8.0362,-0.67546,0.01742,0.11656,-0.70877,-0.030059,-0.0075937,0.034225,-0.71426,7.1027,0.34643,-2.0664,-1.4013,-9.0655,-1.9521,-8.4517
2.6,-0.67277,0.024295,0.10609,-0.71278,-0.039786,-0.016066,0.039806,-0.33758,6.8199,-0.24859,-2.0145,-0.47943,-8.5484,-1.5791,-8.5256,-0.69859,0.022747,0.10964,-0.71381,-0.02955,-0.021004,0.038871,0.00018962,6.3993,-1.1243,-2.4689,-1.114,-8.2933,-1.5146,-8.1628
2.7,-0.6875,0.0055339,0.12672,-0.71033,-0.038073,-0.0086094,0.037215,2.0566,7.1166,-0.023524,-2.7662,-1.8931,-9.3509,-0.7492,-7.6332,-0.70848,0.0050741,0.091793,-0.70209,-0.04074,-0.013717,0.038185,1.2915,7.5103,0.13244,-0.3125,0.26118,-9.3424,-0.84168,-7.7677
2.8,-0.67826,0.034258,0.1235,-0.70392,-0.041625,-0.016494,0.037212,0.4384,7.9974,-0.25504,-1.2985,-1.313,-9.1797,-1.2807,-10.295,-0.68333,0.023228,0.10298,-0.70936,-0.049228,-0.019688,0.044991,1.2979,6.7049,-1.6322,-1.6004,-3.3245,-8.8566,-1.8018,-7.2102
2.9,-0.68019,0.04547,0.11107,-0.71727,-0.049125,-0.0177,0.042181,2.0359,8.9387,-1.8422,-1.615,-1.3108,-9.4898,-1.0851,-12.283,-0.68849,0.016084,0.093839,-0.70965,-0.045407,-0.013008,0.041093,1.0049,8.1421,-0.38557,-0.9873,0.22923,-9.4684,-0.39791,-11.445
3,-0.67916,0.034566,0.11026,-0.70989,-0.048167,-0.015452,0.049779,0.50244,6.3398,-0.19808,-1.8918,0.63235,-9.8512,-2.2739,-9.6548,-0.69933,0.034917,0.093507,-0.71769,-0.043639,-0.027473,0.04233,2.2126,7.3388,-1.0259,-1.0935,-0.38429,-9.1623,-1.2465,-10.836
3.1,-0.68448,0.025613,0.097371,-0.71587,-0.04668,-0.010218,0.04387,0.77623,8.1563,-1.0132,-5.1669,-2.8002,-9.4989,-1.6187,-11.013,-0.67855,0.013476,0.10674,-0.72911,-0.046523,-0.013274,0.049242,-0.38959,9.5231,-1.6104,-1.7485,-1.1808,-8.6373,-1.8694,-11.744
3.2,-0.68627,0.014547,0.12102,-0.74023,-0.040804,-0.0098933,0.056812,1.2772,8.0735,-0.54538,-0.80637,-2.6772,-10.426,-0.030055,-12.308,-0.67157,0.041335,0.10044,-0.73222,-0.052658,-0.0097895,0.049656,0.51031,9.4526,0.33004,-2.3032,-0.86849,-10.867,-1.8712,-9.7302
3.3,-0.68301,0.038753,0.10157,-0.72832,-0.04753,-0.012972,0.040374,-0.50643,8.4686,-2.776,-2.813,-1.6314,-11.138,-2.0805,-13.024,-0.70068,0.041711,0.11631,-0.71742,-0.056296,-0.015671,0.056064,0.33181,9.5056,0.38832,-2.3908,0.52137,-9.0518,-0.69861,-10.053
3.4,-0.68116,0.052681,0.11352,-0.71269,-0.064921,-0.01376,0.058128,0.069829,10.294,-1.7547,-4.761,-1.8014,-11.723,-1.6286,-10.951,-0.66605,0.0513,0.091291,-0.73682,-0.047884,-0.011731,0.058311,1.2448,8.2082,-1.1341,-3.4544,-2.2742,-10.725,-1.7362,-12.293
3.5,-0.67773,0.031037,0.095202,-0.72283,-0.048077,-0.014668,0.058724,-0.98818,9.9124,-0.23053,-2.2195,-1.4963,-11.034,-2.0518,-13.201,-0.6719,0.044229,0.11086,-0.73974,-0.057731,-0.015331,0.05593,-0.28233,10.534,-0.71901,-2.3881,-1.0353,-12.105,-1.6233,-11.451
3.6,-0.67652,0.05174,0.12045,-0.73707,-0.050351,-0.011532,0.056687,-0.68245,11.45,0.094467,-1.704,-1.9013,-11.624,-0.15883,-11.222,-0.66511,0.033778,0.088842,-0.73027,-0.055616,-0.012571,0.053841,1.0352,8.0733,-3.3871,-2.6491,-0.91174,-14.87,-2.4,-12.59
3.7,-0.67154,0.023795,0.10394,-0.72829,-0.042705,-0.017418,0.056392,0.47623,10.18,0.11798,-3.6622,0.014242,-11.786,0.47235,-13.347,-0.66945,0.030931,0.086185,-0.73397,-0.058551,-0.016593,0.037325,2.1901,10.284,-0.56074,-2.9023,-1.379,-12.98,-1.9235,-14.327
3.8,-0.66709,0.051078,0.10265,-0.73436,-0.046845,-0.011672,0.057726,1.698,11.01,-3.7104,-4.1856,-0.65369,-12.704,-0.91357,-15.039,-0.65738,0.037233,0.095454,-0.73832,-0.055923,-0.020882,0.052602,1.2376,9.3073,-2.3218,-2.5008,0.1544,-13.045,-2.0705,-13.57
3.9,-0.66382,0.036242,0.091588,-0.73438,-0.058353,-0.019384,0.059251,1.5449,11.194,-0.91052,-2.2879,-1.4666,-13.405,0.28008,-13.729,-0.66697,0.041287,0.087786,-0.74227,-0.046964,-0.011169,0.056027,1.609,9.8664,-1.7236,-2.7753,0.88147,-11.731,-2.4637,-14.492
4,-0.65822,0.053465,0.096253,-0.74689,-0.053227,-0.014313,0.059008,1.902,11.18,1.0421,-4.1245,0.75305,-12.485,-3.2443,-14.657,-0.67308,0.03043,0.086805,-0.72995,-0.053154,-0.006704,0.054372,-0.49039,10.68,-3.461,-3.764,-1.4752,-12.635,-1.8808,-14.248
4.1,-0.66385,0.031049,0.081391,-0.75646,-0.060845,-0.021123,0.057701,2.4398,9.8474,0.45214,-3.6492,-0.13083,-12.741,0.32284,-15.569,-0.65475,0.043783,0.077739,-0.73718,-0.063779,-0.017629,0.055063,0.03138,10.313,-1.0718,-3.3901,-1.2041,-13.732,-0.46966,-15.933
4.2,-0.67405,0.049069,0.085802,-0.71237,-0.062446,-0.013917,0.054516,-0.5002,11.657,-1.9465,-5.3413,0.62572,-14.765,-1.48,-13.732,-0.67496,0.055528,0.10511,-0.76712,-0.05935,-0.0089404,0.066326,-0.14281,12.09,-1.8264,-2.4802,-0.42207,-13.606,-0.39434,-15.911
4.3,-0.64877,0.054483,0.094087,-0.74043,-0.052799,-0.018379,0.060112,0.089519,10.13,0.94644,-3.2433,-0.52999,-12.826,-2.0638,-15.516,-0.64221,0.048089,0.084507,-0.75092,-0.067041,-0.01533,0.061783,-0.72762,12.26,-2.4817,-6.4483,-0.86134,-13.948,2.0869,-15.842
4.4,-0.65998,0.078983,0.071163,-0.74695,-0.065271,-0.015121,0.060159,-0.4202,11.232,-0.73794,-6.0251,0.72644,-12.341,-1.3848,-16.069,-0.66578,0.053571,0.091412,-0.76326,-0.070745,-0.00684,0.062815,0.14725,9.7395,-2.1796,-5.9958,-1.4759,-12.859,-2.0673,-13.941
4.5,-0.64918,0.052578,0.091708,-0.7435,-0.071298,-0.02344,0.054707,0.1742,12.244,-0.46544,-5.8146,-0.85586,-12.756,-1.1566,-17.229,-0.67501,0.065304,0.09073,-0.76045,-0.065608,-0.017753,0.068621,1.0051,12.284,-0.78851,-3.934,1.2446,-13.01,-1.9306,-16.855
4.6,-0.65428,0.059403,0.089744,-0.75965,-0.065549,-0.021759,0.069262,0.23779,11.937,-1.678,-5.6644,-0.34318,-13.857,-2.8198,-16.992,-0.64919,0.06441,0.091263,-0.7692,-0.070541,-0.012769,0.068845,-0.22337,12.121,1.4934,-4.8256,-0.72617,-10.629,-0.69568,-17.22
4.7,-0.65789,0.049747,0.065205,-0.74961,-0.068758,-0.013343,0.075012,2.7888,10.261,-0.82177,-6.4669,-0.69294,-14.348,-1.6885,-17.992,-0.63884,0.061601,0.092938,-0.75504,-0.067748,-0.0046365,0.064438,-0.21263,12.081,-0.78258,-5.7723,0.55964,-11.333,-0.77089,-16.783
4.8,-0.64976,0.065245,0.081563,-0.77231,-0.067241,-0.021306,0.070512,1.1469,12.605,-0.12046,-7.6251,-0.40152,-13.683,-0.60967,-17.342,-0.64107,0.069235,0.077898,-0.7436,-0.068129,-0.01546,0.064916,0.9713,14.32,-1.5159,-6.6197,-0.8993,-14.703,-0.2317,-17.59
4.9,-0.6313,0.068565,0.062573,-0.76308,-0.073159,-0.02043,0.06366,0.04601,13.959,-1.032,-5.7906,-0.15729,-13.01,-1.282,-15.761,-0.64643,0.065659,0.066804,-0.75203,-0.067514,-0.012806,0.061028,0.87011,11.582,-0.68196,-5.5208,-0.86644,-13.839,-2.7516,-18.681
5,-0.64466,0.082675,0.072307,-0.77742,-0.066608,-0.023973,0.075215,1.5857,11.402,-3.6633,-8.2992,0.39716,-13.462,-0.64098,-18.984,-0.64272,0.061344,0.063553,-0.78504,-0.072224,-0.016722,0.066549,1.392,11.865,-0.90102,-7.2732,0.5866,-12.849,-0.59162,-17.799
5.1,-0.62047,0.060016,0.078919,-0.78381,-0.07861,-0.008159,0.078786,1.1294,13.245,0.0125,-7.1319,0.51002,-13.388,-0.17949,-17.858,-0.62867,0.077694,0.071063,-0.74977,-0.070834,-0.015942,0.062104,0.63782,14.492,-1.7384,-8.6287,-0.19238,-14.507,-3.2802,-17.87
5.2,-0.63857,0.090748,0.088271,-0.76634,-0.082014,-0.012681,0.067221,1.7597,12.878,-1.5283,-7.9588,-1.3309,-14.491,-0.14328,-17.931,-0.64029,0.077815,0.073041,-0.78584,-0.091987,-0.011835,0.071262,2.0597,15.284,-0.90971,-7.8192,0.63093,-11.721,-0.62003,-17.666
5.3,-0.63165,0.080006,0.0685,-0.7834,-0.077183,-0.01295,0.067882,0.27482,12.091,1.1229,-8.4467,-0.13602,-12.784,-0.4714,-21.919,-0.63068,0.075789,0.064266,-0.76851,-0.073883,-0.011688,0.071401,1.2824,15.528,-1.2005,-7.94,0.25335,-13.424,-1.393,-20.067
5.4,-0.61327,0.077843,0.086373,-0.78807,-0.074905,-0.011124,0.071191,0.073626,13.305,-1.4688,-8.3388,-1.4596,-15.5,-2.2876,-19.274,-0.63101,0.076859,0.086824,-0.76868,-0.076993,-0.015346,0.071416,-0.051443,15.225,-2.1781,-8.6166,-1.4738,-13.731,0.4129,-18.068
5.5,-0.63524,0.0887,0.062308,-0.77742,-0.074439,-0.0083498,0.061508,1.434,14.11,-0.61157,-8.8835,-1.8709,-15.819,-0.83545,-20.436,-0.60949,0.088472,0.074907,-0.77949,-0.07674,-0.0059417,0.065649,2.6933,12.973,-1.5095,-6.9903,0.19945,-14.462,0.47548,-18.706
5.6,-0.61964,0.07993,0.071868,-0.78935,-0.085994,-0.014262,0.078011,0.45282,16.847,-0.1468,-10.109,-0.74966,-13.463,-0.2579,-19.166,-0.61965,0.075425,0.054921,-0.7678,-0.087212,-0.011449,0.074065,1.4887,14.405,0.76952,-8.2523,-1.1687,-14.619,0.65181,-22.39
5.7,-0.62298,0.082939,0.06161,-0.78678,-0.079163,-0.005518,0.068943,2.0536,14.833,-2.6049,-10.728,-0.22727,-13.398,-1.4161,-21.184,-0.62308,0.097854,0.076692,-0.7792,-0.074987,-0.0068722,0.081641,2.286,15.467,-0.99185,-9.4421,1.5553,-13.245,-2.0974,-20.139
5.8,-0.61183,0.095485,0.068436,-0.79445,-0.092811,-0.0072438,0.074412,1.9475,15.96,-2.2984,-9.3212,-0.54937,-15.248,-1.3923,-20.949,-0.60357,0.083735,0.045201,-0.7789,-0.082688,-0.016351,0.082756,0.72628,15.966,-0.11386,-10.331,-0.018726,-14.258,-0.7123,-21.247
5.9,-0.6254,0.088035,0.048353,-0.7794,-0.092467,-0.012352,0.075041,1.3129,15.553,-0.63719,-12.965,1.2374,-14.139,-3.8331,-21.974,-0.60381,0.095033,0.067035,-0.7923,-0.082133,-0.0090601,0.070243,0.34371,16.407,-1.0231,-12.196,-0.20171,-14.54,-1.3695,-22.597
6,-0.58232,0.099704,0.06993,-0.7922,-0.08946,-0.010941,0.076242,-0.58645,15.224,-0.6329,-10.731,1.2643,-13.772,-2.5348,-22.232,-0.62409,0.08662,0.059787,-0.79221,-0.088245,-0.018661,0.0746,-0.74065,15.585,-1.6187,-11.875,0.062625,-13.819,-1.8177,-22.718
6.1,-0.6096,0.095915,0.062414,-0.8062,-0.08759,-0.013903,0.066997,1.1377,16.156,0.5125,-10.451,0.65778,-15.296,-1.5922,-22.084,-0.59448,0.10945,0.04539,-0.79252,-0.093767,-0.0095661,0.071037,0.29816,16.552,-2.1884,-10.921,0.97911,-14.643,-1.6366,-23.067
6.2,-0.58353,0.090861,0.060575,-0.78665,-0.090067,-0.011201,0.078635,0.29311,14.893,-3.378,-13.525,-1.1323,-15.288,-1.2333,-22.659,-0.58979,0.10376,0.038758,-0.79866,-0.088064,-0.012325,0.075561,2.8414,15.231,-1.0895,-12.768,0.29399,-14.906,-0.3698,-21.283
6.3,-0.58494,0.08952,0.051215,-0.80149,-0.087288,-0.011998,0.081924,2.1582,15.658,-0.71214,-14.738,0.73291,-12.895,-1.975,-21.929,-0.58981,0.10387,0.033212,-0.78458,-0.095133,0.0053552,0.07592,1.5057,16.077,-2.6312,-12.702,-0.51942,-12.006,-1.3699,-22.547
6.4,-0.5719,0.1101,0.040342,-0.78846,-0.090779,-0.0090906,0.082336,0.99848,15.607,-1.3233,-12.744,-1.1407,-13.686,-1.379,-25.381,-0.58395,0.093937,0.032943,-0.82126,-0.078818,-0.003931,0.074728,0.93577,16.497,-2.3941,-11.484,-0.54691,-15.286,0.24194,-22.872
6.5,-0.59979,0.11261,0.039203,-0.80436,-0.098812,-0.0060849,0.07809,0.94815,17.165,-1.8597,-12.921,0.64126,-13.052,-1.63,-23.083,-0.57121,0.10989,0.045054,-0.80086,-0.094926,-0.012268,0.088147,2.0832,14.431,-2.6773,-11.91,1.3377,-13.678,-0.78279,-24.718
6.6,-0.58053,0.11274,0.038841,-0.79808,-0.10148,-0.0081538,0.077614,0.55593,17.76,-1.7247,-12.72,-0.65774,-12.411,-1.1321,-25.374,-0.58761,0.11045,0.053585,-0.81523,-0.096705,-0.0071101,0.076342,0.49703,14.219,-2.0171,-13.187,2.0768,-13.517,-1.8917,-24.455
6.7,-0.57705,0.11455,0.058958,-0.80307,-0.092457,-0.013869,0.073377,-0.76871,18.695,-1.0778,-14.535,1.7808,-11.575,-0.33971,-25.588,-0.57122,0.11667,0.032989,-0.80476,-0.098149,0.0053206,0.077901,0.29091,15.048,-1.3684,-14.246,-0.46571,-13.552,0.91337,-24.75
6.8,-0.57457,0.12852,0.038463,-0.82979,-0.087493,-0.013478,0.075655,1.8279,15.68,-2.568,-14.189,0.64792,-13.564,-1.138,-25.57,-0.57084,0.10092,0.036542,-0.81728,-0.094207,-0.0082597,0.083367,-0.18835,16.999,-1.6786,-12.797,0.54798,-13.119,-1.6658,-25.26
6.9,-0.56976,0.13986,0.014979,-0.82532,-0.098165,-0.0066673,0.080153,0.36053,18.372,0.051152,-14.964,-1.3439,-12.781,-2.4757,-25.844,-0.56397,0.11073,0.027599,-0.82195,-0.10236,-0.0028815,0.080569,2.7068,17.82,-0.82523,-15.202,-0.086717,-11.633,-1.3751,-24.423
7,-0.56053,0.10713,0.025739,-0.82499,-0.10099,-0.0053574,0.083057,0.077825,17.815,-0.70706,-14.696,1.2394,-12.298,-0.6872,-24.777,-0.57103,0.11704,0.039253,-0.82182,-0.098075,-0.010342,0.075316,2.7014,17.64,-0.40115,-16.418,-0.17109,-13.041,-1.1102,-26.267
7.1,-0.55883,0.12043,0.02256,-0.81428,-0.10243,-0.0012388,0.090301,0.64194,20.145,0.34729,-15.625,0.7852,-12.792,-1.0441,-27.979,-0.54781,0.11359,0.035363,-0.81219,-0.10607,-0.0023911,0.07554,1.0731,18.356,-0.7396,-14.93,-0.91066,-14.05,-1.2126,-26.666
7.2,-0.53775,0.12228,0.032191,-0.84168,-0.10873,0.0006633,0.078851,1.3876,18.892,-0.056105,-16.469,0.7153,-13.894,-2.2251,-28.791,-0.53942,0.11014,0.033573,-0.83501,-0.10674,-0.0016707,0.079193,0.1252,21.358,-0.54757,-15.04,-0.45552,-11.105,-0.20465,-28.071
7.3,-0.56322,0.13319,0.035681,-0.83213,-0.10426,-0.0095068,0.081181,-0.44151,18.348,-1.1345,-15.655,-0.32712,-12.521,-1.9373,-27.334,-0.54196,0.11422,0.02278,-0.81492,-0.10333,-0.0081168,0.086517,1.8122,20.777,-0.76087,-15.272,1.7437,-13.524,-0.6442,-26.803
7.4,-0.53457,0.1343,0.023272,-0.8384,-0.1082,-0.0043232,0.081802,1.1185,18.074,-0.93416,-15.396,-0.99984,-11.172,-2.2601,-28.203,-0.53868,0.11353,0.017994,-0.83447,-0.10451,-0.0058819,0.089282,-0.17974,19.328,0.55216,-17.262,0.83604,-13.201,-2.018,-27.88
7.5,-0.53367,0.13601,0.0089109,-0.82456,-0.1138,-0.010043,0.088758,0.70804,18.934,-1.9115,-15.384,1.5703,-12.282,-2.4041,-28.841,-0.53721,0.13141,0.041021,-0.85703,-0.11424,-0.0038976,0.08438,1.1165,20.23,-0.50459,-15.463,-0.74247,-13.183,-0.20898,-28.612
7.6,-0.53276,0.12435,0.028122,-0.83206,-0.11695,-0.0072334,0.077358,1.4482,21.154,-1.3198,-18.376,0.54356,-12.909,-1.6883,-29.024,-0.5376,0.13056,0.016126,-0.84829,-0.11196,-0.011615,0.069293,0.33893,21.169,0.069009,-16.893,-0.196,-10.529,-1.4993,-29.1
7.7,-0.52263,0.11812,0.016736,-0.82532,-0.10843,-0.0092057,0.081024,0.94783,21.471,-3.5064,-17.425,-0.23525,-11.368,-0.66258,-27.094,-0.52179,0.14842,0.012032,-0.83437,-0.10581,-0.011239,0.082828,2.4655,21.501,-1.2749,-18.307,0.95367,-12.17,-2.1577,-28.808
7.8,-0.51491,0.15182,0.016126,-0.8399,-0.11165,7.5702e-05,0.073098,1.5844,19.578,1.8765,-18.744,1.6978,-9.9348,-2.3885,-28.633,-0.52339,0.12916,0.019067,-0.82675,-0.11705,-0.0054488,0.076938,1.7829,19.928,-0.35869,-15.999,1.4705,-12.018,-1.1693,-29.732
7.9,-0.53144,0.13801,0.013807,-0.8394,-0.11796,-0.00010203,0.083912,1.2799,20.496,-1.9908,-19.75,0.088818,-11.502,-1.8717,-31.099,-0.51666,0.1335,-0.011761,-0.8449,-0.11222,-0.0027908,0.088339,3.0501,21.237,-0.56728,-19.864,1.5238,-11.693,0.064687,-28.658
8,-0.50176,0.13763,0.01292,-0.8463,-0.11461,0.0067012,0.081466,0.15248,18.779,-0.40433,-19.931,-0.48685,-8.6823,-3,-29.827,-0.50875,0.14648,0.011549,-0.84597,-0.11637,-0.005402,0.075715,0.96695,21.546,-1.0167,-20.155,-0.22596,-11.515,-0.14896,-32.119
8.1,-0.50393,0.13253,0.010824,-0.86645,-0.11817,0.0012567,0.081011,2.2896,20.856,-0.9019,-19.83,0.60623,-10.177,-1.9784,-29.78,-0.49891,0.12156,0.0038447,-0.84374,-0.11007,-0.006048,0.07388,2.1537,22.568,-1.9805,-19.041,0.060123,-9.7494,-1.2856,-28.548
8.2,-0.49947,0.14056,0.0018113,-0.85881,-0.13037,-0.014904,0.080973,-1.4414,19.68,0.34557,-19.389,0.17683,-9.6952,-1.207,-29.943,-0.49085,0.14168,0.0080322,-0.86052,-0.11619,-0.0092614,0.073519,0.013541,20.485,-1.2693,-19.639,-0.93316,-9.9181,-2.4179,-29.899
8.3,-0.50173,0.1356,-0.003928,-0.8666,-0.12867,-0.012146,0.073025,-0.62547,20.819,0.75784,-20.062,1.1645,-6.6412,-1.0756,-31.617,-0.48108,0.15993,-0.011418,-0.86999,-0.11481,0.0059538,0.080637,2.7805,21.023,-1.3396,-19.59,-0.80082,-9.4359,-1.9551,-31.699
8.4,-0.49572,0.15784,0.0028798,-0.85781,-0.13002,-0.0068559,0.075017,-0.97333,21.446,-0.044349,-16.6,1.1421,-8.2376,-2.7517,-30.808,-0.4941,0.14971,-0.011221,-0.84936,-0.12876,-0.00014212,0.080932,2.0056,22.16,-1.8485,-19.043,2.6347,-10.49,-1.2027,-32.345
8.5,-0.4814,0.14716,-0.018268,-0.85918,-0.12501,-0.014244,0.083096,1.3579,19.32,-1.1421,-21.375,1.84,-7.9202,-2.3442,-33.051,-0.46792,0.14389,-0.010906,-0.86852,-0.12409,-0.0029134,0.074495,-1.4951,21.99,-0.33746,-21.193,0.42478,-8.7395,-0.35891,-30.362
8.6,-0.49329,0.16719,-0.0073698,-0.86158,-0.12141,-0.0025961,0.07162,0.57922,21.365,-1.698,-20.043,0.12301,-8.5359,-0.13596,-32.1,-0.46132,0.16415,-0.029566,-0.87004,-0.11876,0.00085137,0.065829,1.0696,23.446,-1.2871,-21.097,1.3078,-8.4613,-0.068717,-33.241
8.7,-0.46294,0.15637,-0.012727,-0.86827,-0.12386,0.0031371,0.078824,-0.39398,25.146,-1.7766,-20.598,1.6895,-10.337,-1.2119,-32.67,-0.45894,0.16337,-0.0026221,-0.87322,-0.12645,-0.010939,0.078532,-0.35093,22.507,0.50971,-22.081,1.9143,-7.6835,-2.7774,-33.682
8.8,-0.4612,0.15256,-0.024159,-0.89853,-0.12074,-0.0093438,0.082542,1.1649,21.497,-1.5416,-20.512,1.5064,-7.1282,-0.72742,-30.866,-0.45646,0.14947,0.00095458,-0.87182,-0.1261,-0.007176,0.082071,-0.86932,21.967,-2.1257,-22.82,1.0127,-8.0484,0.12217,-33.073
8.9,-0.46935,0.15632,-0.022998,-0.87298,-0.11962,0.00010131,0.083311,0.42285,23.451,-1.8203,-22.719,1.6541,-7.7152,-1.6058,-32.53,-0.45856,0.15945,-0.025559,-0.88537,-0.12855,0.00014131,0.085054,-0.9167,23.175,0.38221,-21.88,-0.11103,-7.8407,-1.5669,-32.953
9,-0.46015,0.17975,-0.0067028,-0.90209,-0.12313,0.0043507,0.083458,2.2764,22.3,-0.090576,-25.297,-0.097131,-6.6092,0.55058,-32.805,-0.4467,0.1598,-0.025043,-0.88265,-0.12584,0.0019688,0.080359,2.1451,22.728,-1.12,-22.895,0.30039,-6.6696,-1.1484,-32.978
9.1,-0.42183,0.1618,-0.013578,-0.88467,-0.12934,0.0035711,0.076142,-0.25101,22.48,-2.3059,-22.273,1.4026,-7.5607,0.026476,-32.677,-0.45317,0.17961,-0.033075,-0.86789,-0.12859,-0.0045365,0.068029,0.55446,22.783,0.077198,-22.447,0.75874,-6.6097,-0.31987,-32.035
9.2,-0.42893,0.176,-0.041996,-0.88829,-0.12826,-0.0050755,0.075109,1.1003,22.264,-2.2462,-21.807,0.61504,-6.8879,-0.29956,-32.457,-0.42679,0.17158,-0.0425,-0.87763,-0.12899,0.0053952,0.082457,-0.34258,23.253,-0.032268,-22.476,2.6612,-7.1182,-1.0028,-32.378
9.3,-0.42798,0.15561,-0.037896,-0.89045,-0.1314,0.0015393,0.082826,2.5922,23.172,-0.67078,-22.872,0.53876,-8.5097,-1.6372,-33.823,-0.42268,0.16839,-0.026392,-0.88009,-0.12878,0.00015933,0.076203,1.3544,23.171,-3.2967,-21.917,0.38707,-6.2844,1.6516,-33.298
9.4,-0.41349,0.16912,-0.027742,-0.87259,-0.13486,-0.0041418,0.076612,0.79763,25.194,-1.6319,-25.058,0.60433,-6.669,1.5438,-34.737,-0.43251,0.1769,-0.028626,-0.8899,-0.14107,-0.0013879,0.074413,-0.25568,23.695,-0.13735,-24.154,1.1597,-6.0474,0.61468,-33.825
9.5,-0.41068,0.16276,-0.036793,-0.8981,-0.12982,0.0017955,0.070887,1.5826,23.271,-3.5924,-24.137,2.3546,-6.109,0.82896,-32.227,-0.40632,0.16538,-0.013295,-0.90685,-0.14023,0.0077897,0.081308,0.70537,24.422,-1.3651,-26.444,0.82431,-5.6385,-0.16968,-34.455
9.6,-0.41895,0.16644,-0.02102,-0.902,-0.14194,0.0054066,0.07243,1.3818,23.339,-2.8302,-25.681,0.10147,-2.9798,0.72379,-33.308,-0.40628,0.18724,-0.032296,-0.89341,-0.1308,0.0076575,0.084665,1.5988,24.438,-0.34998,-24.516,1.1523,-6.0929,-1.0438,-34.17
9.7,-0.39805,0.18117,-0.024207,-0.89778,-0.13771,0.0075885,0.065773,2.4193,23.957,-0.58437,-23.545,-0.40535,-3.4893,-2.147,-33.36,-0.41607,0.16796,-0.035356,-0.90582,-0.13465,0.0039153,0.080175,0.73799,22.226,-0.29995,-26.828,1.8911,-4.7841,0.9915,-35.659
9.8,-0.39934,0.18144,-0.050408,-0.91554,-0.13267,0.011883,0.077268,0.53295,25.237,-2.6442,-26.283,0.85227,-4.1374,-0.59252,-34.547,-0.38759,0.18841,-0.03933,-0.90549,-0.14028,0.0027403,0.07709,0.8214,24.773,0.057841,-25.005,0.70812,-5.5433,2.1742,-32.93
9.9,-0.39509,0.19626,-0.026622,-0.89926,-0.13649,0.0043257,0.077986,0.86122,24.609,-1.5794,-26.112,0.30701,-2.1626,-0.22117,-34.981,-0.37851,0.17739,-0.036203,-0.88377,-0.13427,-0.0025678,0.077434,-0.91695,24.195,-1.9139,-25.941,2.086,-6.6361,-0.62205,-34.323
10,-0.398,0.17764,-0.019136,-0.91672,-0.14314,0.014708,0.081177,1.6787,24.415,-0.95069,-27.96,-0.11696,-4.0266,-1.2933,-32.618,-0.3746,0.17627,-0.030151,-0.89938,-0.14642,0.0057903,0.077406,0.57247,26.457,-1.4191,-25.49,-0.60492,-4.0232,-0.39252,-32.976
10.1,-0.40031,0.18074,-0.045515,-0.92311,-0.14299,0.0018529,0.06726,3.0568,25.409,-2.2264,-25.146,1.6357,-2.4605,0.49842,-32.968,-0.37402,0.18484,-0.033248,-0.88198,-0.13269,0.0068668,0.071862,1.3716,26.576,-0.38916,-26.508,0.81203,-5.3161,-0.41093,-33.762
10.2,-0.37517,0.18962,-0.052626,-0.91462,-0.14217,0.013504,0.066857,0.63246,26.978,-2.1582,-29.494,2.0531,-5.3867,2.8103,-34.061,-0.38084,0.18423,-0.034453,-0.92742,-0.14902,0.0099469,0.068012,1.4365,25.938,-4.1006,-27.833,0.002326,-1.7333,0.90301,-31.667
10.3,-0.37043,0.16619,-0.044814,-0.91401,-0.13495,0.0021028,0.064761,0.42913,25.467,-1.5564,-27.133,1.6552,-2.6195,0.33353,-30.426,-0.35868,0.18663,-0.032275,-0.90382,-0.13968,0.0096666,0.077852,0.44536,26.428,-0.25148,-27.658,0.81581,-3.201,0.45182,-31.606
10.4,-0.3684,0.18262,-0.062871,-0.90137,-0.13687,0.011623,0.06242,1.6913,26.746,-0.69546,-28.79,0.65441,-4.0054,0.37176,-32.555,-0.357,0.17129,-0.053442,-0.89794,-0.14363,0.019317,0.062834,1.9622,24.3,-3.0338,-27.501,0.64798,-2.4336,-0.87673,-30.736
10.5,-0.33913,0.18762,-0.036956,-0.92877,-0.1419,0.011926,0.064052,-0.21837,25.467,-1.3549,-29.778,1.5582,-1.7332,-0.42253,-33.301,-0.341,0.17982,-0.043833,-0.91914,-0.13943,0.012408,0.057066,1.4787,26.263,-0.73343,-28.776,1.5212,-2.3827,1.8076,-32.238
10.6,-0.35625,0.16648,-0.05306,-0.91129,-0.14315,0.020262,0.055032,1.0703,25.193,-1.152,-29.663,0.12265,-3.0076,1.6624,-30.099,-0.34725,0.20086,-0.039549,-0.92177,-0.14101,0.017922,0.060821,-0.013657,27.601,-0.072811,-28.672,-0.50374,-2.8277,1.1935,-32.495
10.7,-0.34013,0.19246,-0.037419,-0.93265,-0.1473,0.01365,0.061804,1.7062,25.053,-0.60249,-28.114,1.2691,-2.0071,0.79837,-31.165,-0.33919,0.17937,-0.056304,-0.91741,-0.13985,0.022865,0.058965,0.85947,27.601,-0.43521,-29.834,0.63428,-2.9643,0.36831,-33.289
10.8,-0.32637,0.19329,-0.064015,-0.92248,-0.13951,0.018138,0.06993,1.9091,28.605,-0.32479,-27.58,1.5665,-1.0564,2.7592,-30.551,-0.30804,0.20605,-0.053203,-0.92666,-0.13624,0.021663,0.06678,2.635,27.64,-2.0506,-30.949,0.89032,-2.2105,1.4293,-30.407
10.9,-0.32185,0.19048,-0.048326,-0.92922,-0.13183,0.01387,0.061384,0.070715,27.046,-2.3652,-29.155,0.61812,0.20124,2.4339,-31.187,-0.33053,0.19347,-0.063578,-0.93961,-0.13947,0.020925,0.062419,1.5438,27.042,-0.49122,-30.297,2.7088,-1.6947,1.2195,-30.518
11,-0.29552,0.17017,-0.053756,-0.93783,-0.14155,0.024199,0.056076,0.74783,27.832,-1.8736,-30.706,1.7661,-0.45338,-0.7645,-29.702,-0.29219,0.19165,-0.054538,-0.92991,-0.13794,0.017555,0.055253,1.1015,26.824,-2.3306,-29.572,0.010448,-1.0897,1.728,-30.686
11.1,-0.31604,0.21098,-0.065965,-0.95135,-0.14385,0.013682,0.056438,1.7306,26.231,-0.86209,-27.933,-0.093527,-0.73211,0.46417,-29.144,-0.30998,0.19738,-0.056697,-0.96384,-0.13499,0.018113,0.059463,0.56517,27.057,-0.95226,-30.673,0.81709,-1.1123,0.12618,-27.704
11.2,-0.29988,0.19379,-0.056592,-0.94387,-0.13259,0.023934,0.050143,0.12221,28.048,-1.7425,-29.558,0.7386,-0.91611,1.159,-28.416,-0.28974,0.19333,-0.044406,-0.92533,-0.14393,0.021663,0.059158,0.29434,27.88,-0.50656,-31.246,-0.86778,-0.7035,-0.26981,-27.634
11.3,-0.29174,0.18023,-0.070295,-0.92799,-0.14434,0.025008,0.049528,-0.43407,29.055,-1.4223,-31.077,-0.92486,-1.0596,0.80549,-29.423,-0.29727,0.17925,-0.058176,-0.93224,-0.14828,0.030605,0.058178,-0.27486,27.58,-1.1202,-29.918,1.0691,1.5603,0.23006,-30.284
11.4,-0.27463,0.18831,-0.090581,-0.93692,-0.13867,0.019634,0.046294,0.44338,27.57,-1.048,-28.969,-0.808,-0.0039314,2.2127,-29.186,-0.28135,0.18035,-0.092882,-0.93417,-0.14618,0.022441,0.054419,2.1076,26.428,-0.055568,-30.431,-0.31621,-0.7759,0.61521,-30.052
11.5,-0.27428,0.17251,-0.076847,-0.94685,-0.13836,0.040003,0.043301,0.57034,28.495,-2.5969,-32.184,0.80205,2.3858,2.4378,-28.783,-0.27456,0.18565,-0.048097,-0.96169,-0.14828,0.02591,0.05025,-0.71421,30.147,-0.49295,-31.463,-0.46994,0.47629,0.12039,-28.765
11.6,-0.25641,0.19885,-0.078178,-0.93362,-0.14189,0.028325,0.043448,1.2201,29.21,1.1738,-31.366,1.8745,3.1603,0.38252,-28.465,-0.2715,0.1696,-0.067995,-0.93615,-0.14034,0.02565,0.054527,1.9451,26.043,-1.9687,-33.23,1.9344,1.6197,2.7973,-29.016
11.7,-0.24298,0.172,-0.089986,-0.94789,-0.14536,0.028553,0.045599,2.4313,28.744,1.4025,-33.232,0.11626,1.1255,0.91473,-28.222,-0.24069,0.18158,-0.08007,-0.96892,-0.15116,0.031588,0.060193,1.2632,28.856,-3.4394,-35.521,2.0711,0.96085,0.61626,-28.86
11.8,-0.26599,0.19457,-0.068045,-0.93568,-0.13897,0.028794,0.040103,-0.39331,29.557,-0.98886,-34.34,-0.66645,2.2745,1.2332,-27.403,-0.26471,0.17046,-0.096718,-0.95272,-0.13645,0.029494,0.048392,-0.61205,30.505,0.33992,-31.939,-0.11002,1.8747,1.4782,-28.52
11.9,-0.24466,0.18694,-0.053061,-0.9327,-0.14649,0.030724,0.042581,0.24234,29.351,-3.4926,-34.338,0.31691,3.8494,1.3309,-27.899,-0.24404,0.17651,-0.072487,-0.94735,-0.13982,0.028923,0.042184,2.4027,29.631,0.34343,-33.339,2.1017,2.1424,0.62405,-26.659
12,-0.2446,0.19297,-0.093966,-0.94471,-0.13513,0.032574,0.046293,1.0552,29.128,-0.41005,-34.508,1.3855,1.8334,0.65619,-27.073,-0.23264,0.18937,-0.074571,-0.95092,-0.13687,0.032634,0.04488,-0.20969,29.5,0.45943,-34.998,1.6771,0.96415,1.6138,-27.86
12.1,-0.23967,0.19195,-0.063033,-0.9566,-0.13192,0.03411,0.036803,0.95857,29.955,-2.1593,-33.521,0.4142,2.3425,0.20211,-25.902,-0.24771,0.18004,-0.082242,-0.97155,-0.14248,0.033525,0.03779,0.26366,32.297,-0.84493,-32.28,0.78264,-0.071546,0.66727,-25.139
12.2,-0.23176,0.17493,-0.073793,-0.95093,-0.13946,0.032115,0.045788,1.6918,30.236,-0.61447,-34.833,0.75408,4.2437,-1.9608,-26.085,-0.23134,0.17832,-0.087868,-0.95598,-0.14368,0.036025,0.039089,2.3592,31.196,-1.6451,-36.383,-0.15124,2.1701,-0.34982,-26.479
12.3,-0.23467,0.17382,-0.081284,-0.94686,-0.13812,0.03518,0.040599,-1.9399,29.709,-2.151,-34.32,-0.22211,4.8453,0.28076,-26.252,-0.23447,0.18887,-0.082833,-0.96433,-0.14005,0.040182,0.042168,1.767,32.109,-1.3223,-34.925,0.49935,1.2162,3.1244,-25.623
12.4,-0.22036,0.20626,-0.065595,-0.9613,-0.14218,0.034622,0.03585,0.77541,29.646,-2.492,-37.714,-0.20281,2.5102,-0.42369,-25.417,-0.21325,0.19733,-0.074556,-0.9393,-0.14321,0.033398,0.028639,2.2897,29.489,-2.4433,-37.207,-0.82238,3.0666,0.29838,-27.268
12.5,-0.19665,0.19215,-0.073856,-0.96731,-0.13928,0.038255,0.031544,0.65959,32.633,-0.3556,-36.782,-0.72156,4.0239,0.3673,-25.129,-0.19671,0.18748,-0.087986,-0.94008,-0.14621,0.035554,0.03837,-0.22382,30.083,0.20993,-35.866,-0.15337,5.2654,0.19333,-24.53
12.6,-0.17614,0.17178,-0.077014,-0.97212,-0.1445,0.035249,0.036109,0.21605,30.911,0.5098,-36.556,1.4621,5.1742,1.2641,-26.818,-0.21596,0.17033,-0.092076,-0.96324,-0.14672,0.051916,0.041363,-0.4601,31.652,-1.7836,-34.932,0.23826,3.4021,1.3307,-24.289
12.7,-0.20039,0.19216,-0.08399,-0.94962,-0.15211,0.038132,0.03178,1.4123,32.367,-1.1315,-38.303,1.5346,4.4657,1.523,-23.841,-0.19834,0.17202,-0.076329,-0.96096,-0.149,0.042683,0.032125,0.44945,30.394,1.688,-37.628,-0.016053,2.4591,0.17057,-25.586
12.8,-0.17337,0.17302,-0.061489,-0.96653,-0.14736,0.034044,0.045775,1.7957,29.484,-0.25726,-37.32,0.41711,3.0942,0.2248,-26.027,-0.1943,0.17748,-0.079168,-0.97188,-0.14407,0.046147,0.042861,0.20295,31.195,-0.97321,-37.875,0.35002,4.2476,-0.85658,-22.089
12.9,-0.17368,0.16848,-0.06083,-0.97494,-0.15033,0.039705,0.028337,1.248,31.466,-0.24417,-37.895,0.72758,5.3399,-1.2433,-24.399,-0.17171,0.16679,-0.065105,-0.94566,-0.1443,0.040946,0.040545,1.2568,32.154,-1.3677,-37.33,-0.8423,3.518,0.50483,-23.781
13,-0.15684,0.15959,-0.077827,-0.95453,-0.14675,0.037572,0.028224,0.58331,31.663,-1.804,-38.246,0.21369,5.2314,0.89026,-25.555,-0.19104,0.16447,-0.074515,-0.96428,-0.14954,0.031871,0.03812,1.4611,32.399,-0.62474,-38.823,0.88444,4.2436,-0.30593,-23.446
13.1,-0.13785,0.18012,-0.053523,-0.9603,-0.14332,0.046993,0.031739,0.84634,32.116,-0.044711,-35.331,0.025592,4.5245,-0.83735,-23.826,-0.16262,0.17757,-0.08882,-0.95999,-0.14052,0.050304,0.03104,-1.667,32.046,-1.6954,-37.529,1.3062,3.5037,1.9593,-23.588
13.2,-0.14244,0.17343,-0.10085,-0.99173,-0.14756,0.049319,0.036483,0.41472,34.571,-0.37215,-38.406,-0.65319,6.3969,1.1823,-24.291,-0.14772,0.17639,-0.080541,-0.95865,-0.1509,0.0585,0.035191,-0.99045,31.984,-0.75845,-39.584,1.4508,4.7687,-0.28053,-22.818
13.3,-0.14717,0.17785,-0.076182,-0.96961,-0.15073,0.050812,0.035457,0.55018,33.491,-0.036943,-40.165,0.5661,6.1697,0.29566,-22.339,-0.1537,0.19756,-0.099083,-0.94454,-0.13981,0.054369,0.035782,-0.19387,33.999,-1.6709,-38.25,1.24,4.63,1.9344,-24.069
13.4,-0.12524,0.13923,-0.070281,-0.96795,-0.14641,0.063096,0.027556,-0.62427,31.263,-0.60622,-37.213,0.53294,5.9405,1.7491,-21.758,-0.14134,0.16004,-0.071211,-0.97126,-0.13459,0.05505,0.027764,-1.0054,32.294,-1.0427,-40.435,0.099666,5.3232,1.327,-22.867
13.5,-0.10298,0.16773,-0.073585,-0.98263,-0.14651,0.063706,0.0206,-0.7214,33.884,-2.3569,-40.435,0.77966,5.1764,2.7667,-18.699,-0.12649,0.17433,-0.057689,-0.96686,-0.14726,0.05755,0.031321,-1.9016,34.346,-0.19167,-41.559,1.4149,4.1348,1.8815,-21.98
13.6,-0.11095,0.1657,-0.063282,-0.96917,-0.14472,0.055656,0.021413,-1.1001,30.568,-1.5434,-41.172,0.256,7.3248,1.6038,-22.614,-0.10465,0.15871,-0.10805,-0.98931,-0.13923,0.05945,0.026647,-0.082885,33.582,-1.664,-41.512,1.6921,5.1563,1.9668,-22.683
13.7,-0.11991,0.15996,-0.094307,-0.98875,-0.13646,0.049147,0.022188,-0.025334,32.703,-1.5899,-39.661,1.0201,6.6178,0.68524,-21.294,-0.11749,0.17273,-0.091094,-0.97554,-0.14732,0.058286,0.015818,-1.3536,31.311,-1.1562,-39.218,0.47726,3.3708,0.34921,-22.895
13.8,-0.11413,0.1665,-0.085067,-0.98895,-0.13784,0.057766,0.025273,-0.61405,31.948,-1.6341,-41.025,2.5013,7.3051,0.90527,-21.609,-0.11238,0.17054,-0.091267,-0.97833,-0.14354,0.051508,0.02598,-0.65857,31.959,-0.60776,-42.438,-0.73878,5.1858,3.3823,-22.813
13.9,-0.11306,0.15495,-0.057083,-0.97089,-0.13658,0.063664,0.025624,-0.88452,29.445,-0.35495,-41.523,1.6457,7.2476,0.82939,-20.14,-0.09276,0.15224,-0.092403,-0.98313,-0.1278,0.062628,0.030733,-0.973,30.285,-0.45042,-43.198,0.26759,5.7374,-0.30702,-20.052
14,-0.095778,0.16787,-0.084264,-0.98039,-0.13349,0.055281,0.017481,-0.00064849,30.153,-0.77917,-42.52,-0.39365,7.2574,1.3622,-21.227,-0.09715,0.16453,-0.075488,-0.9745,-0.12196,0.063725,0.016737,-2.3767,30.495,-2.8996,-41.413,0.032903,6.653,0.62637,-21.598
14.1,-0.09962,0.16207,-0.085147,-0.97165,-0.13468,0.065939,0.019409,-0.50103,29.534,-0.030239,-43.077,-0.38454,7.2502,0.37051,-19.798,-0.075723,0.15167,-0.08942,-0.96523,-0.12794,0.064777,0.02851,-2.5035,29.993,-1.3162,-43.266,1.2356,6.7161,2.2694,-20.829
14.2,-0.090455,0.14213,-0.086743,-0.97011,-0.13677,0.063551,0.01114,-3.1115,28.803,-1.493,-43.804,0.6588,7.9436,-0.6391,-19.791,-0.083811,0.15615,-0.077462,-0.98078,-0.13166,0.061484,0.020442,-2.1932,31.598,-1.1283,-41.152,1.2801,6.8438,0.84987,-19.958
14.3,-0.069316,0.15454,-0.087293,-0.97615,-0.1214,0.058047,-0.00013769,-1.0392,28.428,-1.8933,-44.686,2.0912,8.6916,0.45489,-19.827,-0.066645,0.13126,-0.085867,-0.95449,-0.12848,0.068719,0.019981,-0.47173,29.671,-0.18412,-43.228,0.83268,7.1826,-1.2397,-20.339
14.4,-0.070123,0.14603,-0.10302,-0.98145,-0.13155,0.063356,0.019029,-0.13066,28.467,-2.6273,-43.203,0.67051,8.2683,2.276,-18.805,-0.065692,0.15126,-0.094283,-0.97574,-0.12943,0.067447,0.017358,-1.9318,27.01,-1.4803,-43.918,0.9798,7.7007,0.42035,-19.17
14.5,-0.062943,0.14135,-0.090673,-0.99353,-0.12488,0.066896,0.017467,-1.4873,27.829,-1.9162,-44.465,1.8445,10.566,-1.0635,-18.802,-0.04518,0.14418,-0.10502,-0.98434,-0.12154,0.062705,0.016038,-3.4087,25.937,-0.66668,-43.373,0.50825,8.6147,0.82926,-19.713
14.6,-0.045198,0.13242,-0.073457,-0.98191,-0.1218,0.064866,0.007756,-0.17906,25.602,0.40269,-43.408,-0.70013,7.8676,-0.87404,-20.52,-0.031642,0.15651,-0.089873,-0.98774,-0.12552,0.075589,0.015794,-2.6572,28.502,-0.28722,-42.533,-1.3095,8.5672,1.3284,-19.898
14.7,-0.026225,0.13213,-0.086317,-0.98805,-0.12913,0.077648,0.0042148,-0.26193,27.405,-1.9003,-46.239,1.511,9.0414,1.7049,-20.346,-0.05061,0.12107,-0.076389,-1.0074,-0.11104,0.071419,0.01418,-0.97607,26.622,-2.8971,-44.942,1.1143,7.5578,1.8501,-18.445
14.8,-0.046742,0.13456,-0.0766,-0.97636,-0.12859,0.065211,0.0073159,-1.5226,26.13,-0.28558,-44.851,0.18222,6.9566,-0.98594,-16.712,-0.025951,0.1291,-0.081364,-0.98388,-0.11403,0.081587,0.017839,-4.2575,27.713,-1.2298,-47.176,-0.82973,9.0683,-0.86964,-18.204
14.9,-0.018184,0.12968,-0.081582,-0.9793,-0.1193,0.069485,0.016743,-1.0575,28.269,-2.5776,-45.678,1.5667,9.709,1.4583,-17.951,-0.053438,0.14181,-0.083069,-0.97506,-0.11286,0.078402,0.0079022,-1.2483,25.725,-1.0198,-46.673,1.7492,9.0426,1.0746,-18.034
15,-0.044856,0.13102,-0.085967,-0.9949,-0.11155,0.081451,0.013546,-1.8168,27.335,-1.8179,-47.034,0.79331,9.7842,0.90856,-19.604,-0.019016,0.11587,-0.078036,-0.98318,-0.11889,0.067149,0.012778,-2.4917,25.369,-1.7256,-46.923,-0.083304,8.6059,1.3588,-18.216
15.1,-0.025216,0.13122,-0.1017,-0.98651,-0.10348,0.077789,0.0078734,-0.98042,24.67,-2.6317,-46.226,0.36624,11.23,1.1118,-19.411,-0.024966,0.11616,-0.083826,-0.97122,-0.12005,0.070683,0.0067358,-2.192,24.501,-1.3557,-47.394,-0.35165,7.9382,2.3575,-15.965
15.2,-0.010947,0.12221,-0.08501,-0.97416,-0.11034,0.076252,0.0054456,-1.3907,24.905,0.21847,-46.307,-1.1549,11.654,1.3992,-16.479,-0.024879,0.14447,-0.077452,-0.99986,-0.11937,0.080324,0.0045647,-0.64415,24.271,-0.1404,-46.621,-0.52686,9.0166,-0.11137,-16.666
15.3,-0.006391,0.12749,-0.075496,-1.0006,-0.10995,0.082205,0.0092922,-0.97564,21.855,-3.6731,-47.159,2.5457,11.453,-0.52303,-16.688,-0.015537,0.1196,-0.080183,-0.97833,-0.10741,0.079145,0.0064373,-2.4069,24.566,0.07801,-46.782,1.0082,10.18,-0.13625,-15.844
15.4,-0.0095727,0.11822,-0.081934,-0.98652,-0.10097,0.078699,0.0023331,0.052869,23.957,1.8812,-48.223,-0.19397,9.3374,0.16999,-14.644,-0.0095378,0.12861,-0.076422,-0.97134,-0.1129,0.085058,0.0038644,-0.34985,22.377,-1.9253,-47.334,0.51059,9.0791,-0.10599,-16.8
15.5,0.019946,0.10684,-0.096715,-0.97978,-0.097713,0.084937,0.0010705,-0.27791,23.979,-1.2112,-46.573,-0.56547,10.431,0.46891,-13.673,0.0028396,0.11314,-0.084968,-0.98301,-0.1052,0.07805,0.009118,-0.56844,24.579,-1.3719,-48.342,1.1521,9.2671,0.74873,-16.41
15.6,0.006706,0.092508,-0.079106,-0.97761,-0.1026,0.077943,-0.0029167,-1.7939,21.398,-0.9991,-46.769,1.7545,11.223,-0.698,-16.254,0.014152,0.12114,-0.083863,-0.98899,-0.099118,0.076841,0.007031,-0.41731,22.221,-0.81644,-50.175,-1.7525,9.7409,1.1515,-17.035
15.7,0.010532,0.087374,-0.077248,-0.97906,-0.098964,0.08849,-0.0030503,-0.76869,22.472,0.063733,-49.796,-0.18329,13.326,0.4707,-15.487,0.0091249,0.098859,-0.083569,-0.99838,-0.10537,0.076223,-0.0010552,-2.3996,23.389,-1.8092,-49.519,0.092215,9.9057,-0.75782,-16.299
15.8,0.030844,0.095868,-0.085103,-0.9809,-0.096345,0.097804,-0.0015415,-0.13117,22.285,0.12917,-47.998,0.78214,9.9095,1.3382,-14.268,0.02279,0.097557,-0.069138,-1.0093,-0.092522,0.092389,-0.011975,-0.95084,22.039,-1.7316,-47.343,0.7417,10.38,0.56934,-14.999
15.9,0.027726,0.10931,-0.081544,-0.98309,-0.096825,0.092067,-0.001643,-1.8285,19.16,-0.19932,-48.824,0.70239,12.724,-0.068631,-15.37,0.018797,0.090799,-0.087858,-0.98869,-0.088113,0.093037,-0.0039607,-1.9913,19.622,0.38233,-48.817,0.17961,11.756,2.1385,-13.335
16,0.0077919,0.091534,-0.080778,-0.98956,-0.088376,0.094276,-0.0047952,-3.7578,21.563,-0.44917,-49.172,0.54534,10.836,-0.40499,-15.453,0.032783,0.10711,-0.099973,-0.99229,-0.088687,0.079697,5.9749e-05,-2.6999,23.478,-1.0018,-51.287,2.8615,11.59,1.1535,-13.858
16.1,0.031211,0.085948,-0.072177,-0.98306,-0.098708,0.090822,-0.0060395,-0.43249,21.889,-0.94421,-48.302,-0.098408,13.577,1.3276,-13.272,0.03086,0.080544,-0.074377,-0.98829,-0.091432,0.08539,-0.0066641,-0.49089,21.1,-1.8728,-49.825,1.9219,13.728,0.62667,-12.42
16.2,0.045204,0.1125,-0.069058,-0.99987,-0.079389,0.092304,0.00029172,-0.51453,20.214,-0.44421,-50.439,0.567,12.475,0.60656,-13.483,0.023139,0.078208,-0.071918,-0.99123,-0.10352,0.091287,-0.0048844,-1.5966,19.913,0.022409,-51.352,0.27911,11.888,0.55621,-13.663
16.3,0.045991,0.091286,-0.061269,-1.0009,-0.090497,0.09144,-0.020061,-2.6081,18.757,-1.1916,-49.09,-0.30299,14.175,1.3016,-12.961,0.037078,0.093902,-0.083696,-0.99343,-0.092305,0.086471,-0.0002856,-1.1987,19.953,-0.69278,-49.956,-0.029721,10.535,1.4173,-13.559
16.4,0.045629,0.072712,-0.083162,-0.99104,-0.078653,0.084251,-0.0081525,-3.6827,17.995,0.18034,-49.556,0.31732,15.244,1.4629,-13.013,0.05326,0.063378,-0.09087,-0.98269,-0.081851,0.095727,0.0038542,-2.4073,18.858,-0.23159,-51.541,0.85727,12.52,-0.028601,-14.543
16.5,0.052924,0.086157,-0.07963,-0.99004,-0.090471,0.094884,-0.010166,-2.7513,19.674,1.305,-49.744,1.6142,13.955,1.1413,-11.719,0.059502,0.077468,-0.079478,-0.98626,-0.084972,0.095809,-0.0076939,-3.4667,18.453,1.5877,-51.623,0.1774,11.025,0.70902,-13.381
16.6,0.066855,0.065174,-0.072616,-0.97909,-0.079403,0.083934,-0.01785,-0.87028,18.866,0.48426,-50.289,0.21954,16.216,0.53305,-11.715,0.066638,0.065027,-0.085551,-0.99244,-0.085606,0.089543,-0.011481,-1.3377,19.777,-0.4074,-50.127,0.74954,13.14,-0.3599,-11.107
16.7,0.05143,0.057396,-0.064759,-0.98826,-0.087122,0.090925,-0.016816,-2.5257,18.063,-2.2057,-52.191,1.3982,15.296,-0.89681,-11.236,0.049593,0.083024,-0.055688,-0.98576,-0.076081,0.092342,-0.0013496,-0.88016,18.673,0.80833,-48.954,0.93003,14.379,0.1721,-12.106
16.8,0.054441,0.040423,-0.071031,-0.99801,-0.075351,0.09331,-0.012052,1.508,16.52,-0.6637,-49.815,1.1314,17.225,1.0519,-11.978,0.079567,0.067742,-0.089058,-0.98096,-0.068111,0.094414,-0.0026987,-2.0765,18.163,0.96811,-47.935,-0.52203,12.079,-0.95632,-12.734
16.9,0.080862,0.079949,-0.073848,-0.99075,-0.064825,0.10462,-0.0052355,-1.6773,17.26,-0.97356,-48.372,-0.50168,14.857,-0.68757,-10.087,0.061582,0.064283,-0.086113,-0.99395,-0.080651,0.083988,-0.010425,-0.77478,17.768,1.7073,-50.052,2.3364,13.397,1.4421,-11.083
17,0.082498,0.052019,-0.073973,-0.9978,-0.074735,0.094167,-0.016212,-2.0388,15.957,2.1236,-49.821,0.40542,15.022,1.9247,-10.72,0.068315,0.058221,-0.07467,-0.98085,-0.070829,0.09594,-0.018185,-2.1046,13.254,0.23398,-48.921,1.2425,14.232,-0.40565,-11.095
17.1,0.072922,0.042628,-0.065941,-1.0076,-0.073821,0.094932,-0.0078265,-0.075639,15.872,1.4206,-47.907,0.89359,15.211,1.0672,-10.824,0.075349,0.045728,-0.072045,-0.99898,-0.059607,0.087761,-0.016115,0.052013,16.487,1.2041,-48.611,0.20525,15.97,-0.086295,-11.408
17.2,0.071853,0.049223,-0.067305,-1,-0.067908,0.091151,-0.017389,0.28962,16.734,0.86086,-47.491,0.93417,14.332,0.52073,-9.9558,0.062064,0.039644,-0.066805,-0.99988,-0.062291,0.093437,-0.015358,-2.2263,14.964,-1.479,-49.321,-1.1035,15.141,-0.48907,-10.642
17.3,0.067384,0.035666,-0.081274,-0.9917,-0.072546,0.082855,-0.031544,-2.6005,15.773,0.77551,-46.087,2.3313,16.616,0.031965,-9.5064,0.08809,0.05065,-0.073949,-0.9942,-0.067604,0.09185,-0.017195,-1.0202,14.518,-0.79668,-47.661,0.041051,15.186,2.0968,-9.4854
17.4,0.090652,0.033161,-0.062736,-1.0147,-0.057462,0.090979,-0.023387,-1.7944,16.123,1.3197,-47.069,-0.61799,14.797,1.747,-9.5211,0.068583,0.023783,-0.065044,-1.0083,-0.0653,0.079676,-0.016879,-0.049593,15.941,0.43674,-48.843,-0.20702,14.259,1.0708,-9.9117
17.5,0.083519,0.041528,-0.066769,-0.99365,-0.05959,0.082744,-0.022194,-1.1407,16.488,1.3293,-49.698,0.39524,16.457,0.9461,-9.4127,0.081429,0.024132,-0.07295,-0.99106,-0.059372,0.086248,-0.018412,-3.0164,15.221,-1.2695,-45.433,2.2343,17.32,2.5839,-11.845
17.6,0.082446,0.040432,-0.060822,-1.0013,-0.054964,0.092958,-0.022411,-1.7589,12.147,0.6064,-47.846,0.78203,16.524,1.6819,-11.267,0.088731,0.026361,-0.06239,-1.0065,-0.052051,0.091851,-0.012615,-0.7156,13.67,-0.43929,-47.081,-0.10527,14.758,-0.71054,-8.4045
17.7,0.084932,0.027477,-0.044532,-1.0043,-0.055454,0.083245,-0.023146,-1.4061,13.639,0.97703,-47.883,0.096523,16.782,-1.4951,-9.1685,0.080683,0.011261,-0.0755,-1.0165,-0.056739,0.089719,-0.027063,0.87432,13.386,1.106,-46.234,-0.3061,15.881,0.23572,-7.0801
17.8,0.10799,0.024621,-0.068678,-0.99286,-0.059899,0.091163,-0.020048,-1.5933,13.268,1.1806,-44.922,0.95198,17.592,-0.58311,-9.8397,0.093139,0.016741,-0.068481,-0.99957,-0.053708,0.083829,-0.022601,-1.6838,14.732,0.94795,-45.762,1.4567,16.532,1.431,-9.5689
17.9,0.083006,0.011749,-0.061362,-0.99249,-0.04668,0.088418,-0.035002,-0.25863,12.852,0.4534,-45.806,0.36754,16.597,-0.22633,-8.4111,0.10141,0.010768,-0.071522,-0.99113,-0.05214,0.083376,-0.023217,-0.56906,13.568,1.881,-46.295,1.7863,14.691,1.8584,-8.2646
18,0.10827,-0.007239,-0.063142,-1.0014,-0.056276,0.08355,-0.025358,-1.2692,10.811,0.3515,-45.067,1.623,16.732,0.21127,-7.317,0.10825,0.010935,-0.069204,-0.99034,-0.058845,0.087078,-0.026571,-1.4211,10.357,1.7718,-46.412,-1.0888,13.808,-0.73253,-7.5889
18.1,0.09304,-0.0004838,-0.035125,-0.97756,-0.04508,0.081646,-0.029076,-1.4012,10.785,0.79303,-45.813,-0.43399,17.804,0.59088,-9.237,0.11794,0.016887,-0.053914,-1.0022,-0.043882,0.0911,-0.015665,-1.9143,11.505,0.24087,-47.19,1.7342,15.468,0.54773,-7.0985
18.2,0.097645,0.018943,-0.044241,-1.0032,-0.042272,0.083578,-0.029124,-0.65896,11.407,0.99635,-45.558,-0.91383,16.087,3.2596,-7.0149,0.12989,0.016593,-0.036949,-0.98977,-0.046327,0.094,-0.025726,-0.32985,10.683,-0.080752,-46.561,0.68717,14.419,0.25986,-6.4666
18.3,0.10896,0.0062555,-0.042117,-0.99502,-0.037031,0.087406,-0.030943,-1.924,10.441,-0.068179,-45.816,1.5309,18.849,-0.2321,-6.2184,0.10039,-0.011877,-0.046157,-1.0007,-0.046348,0.083237,-0.02881,-0.57539,9.4049,-0.35836,-45.479,0.16203,15.996,2.5668,-5.6106
18.4,0.11632,9.7421e-05,-0.04975,-0.99339,-0.040269,0.080912,-0.022845,0.10693,10.331,2.798,-45.609,1.2389,17.141,2.0411,-7.238,0.099667,0.00078553,-0.055794,-0.97141,-0.041088,0.088428,-0.030331,-1.1637,11.783,1.0325,-43.887,-0.21671,16.55,0.45736,-7.1784
18.5,0.10822,-0.0069258,-0.052276,-0.98942,-0.037511,0.08444,-0.031508,0.83709,9.6485,1.0583,-44.273,1.2166,18.334,1.3347,-7.2492,0.14139,0.010754,-0.051712,-0.97049,-0.04631,0.087823,-0.026394,-0.99798,10.36,-0.5224,-44.862,-0.42583,16.386,1.7528,-5.4032
18.6,0.12062,-0.013262,-0.046983,-0.9835,-0.036215,0.089227,-0.021484,-1.2537,7.2434,1.2916,-42.565,0.53794,18.496,0.33388,-5.433,0.12915,-0.021858,-0.051338,-1.0093,-0.046435,0.09027,-0.032343,-0.97236,9.9779,-0.85751,-44.527,2.5085,18.554,-0.3849,-5.3045
18.7,0.11443,-0.0051761,-0.042608,-1.0161,-0.043091,0.087656,-0.034254,-1.0371,8.7172,0.85939,-43.791,1.1562,18.615,1.1278,-6.3695,0.11407,-0.030844,-0.063505,-1.0016,-0.044653,0.08616,-0.030887,-1.2619,10.362,-0.1523,-44.812,-0.4887,17.461,0.97023,-6.65
18.8,0.12819,-0.02551,-0.035558,-0.99209,-0.03456,0.075293,-0.025836,-1.2153,8.8844,-0.11946,-42.093,0.44907,18.458,1.0647,-4.8142,0.11625,-0.035441,-0.056982,-0.99183,-0.037128,0.083938,-0.018952,-1.9797,9.4541,3.0731,-44.444,-0.7174,16.947,-0.41236,-5.674
18.9,0.12421,-0.038527,-0.034969,-0.99487,-0.030897,0.078189,-0.04097,-2.6976,8.5506,0.61279,-43.437,-1.2394,19.676,0.17592,-3.5141,0.13434,-0.031175,-0.048798,-0.98773,-0.038977,0.082676,-0.038554,-1.7176,6.6403,0.96126,-43.725,0.36899,17.757,1.7302,-5.0843
19,0.13904,-0.029598,-0.019972,-0.97984,-0.033502,0.073795,-0.035754,-0.32389,9.0104,-0.43203,-41.871,-1.7483,18.996,-0.47149,-5.4538,0.14544,-0.023714,-0.035959,-0.98211,-0.030167,0.080012,-0.022777,-0.62043,8.709,-1.1928,-44.061,-1.3629,16.165,-0.10432,-3.5979
19.1,0.12124,-0.0218,-0.02255,-0.98829,-0.025714,0.087081,-0.032637,-0.86155,6.1262,1.1711,-42.659,-0.59705,18.21,0.46045,-4.6648,0.11768,-0.034061,-0.064611,-0.99195,-0.02923,0.077195,-0.034261,-1.156,6.5096,2.1108,-43.003,-0.058808,16.08,2.9742,-4.6294
19.2,0.14333,-0.034427,-0.040607,-0.99417,-0.030354,0.080153,-0.033692,-2.1833,6.881,2.4415,-40.374,0.73779,18.606,1.5405,-5.3529,0.11238,-0.041322,-0.053718,-1.0019,-0.017029,0.084398,-0.029476,-1.0718,7.7423,-0.36287,-42.571,0.69633,17.299,1.0571,-5.1547
19.3,0.13172,-0.043495,-0.039196,-0.96669,-0.023072,0.080977,-0.032497,-0.37646,6.3005,0.25496,-41.679,-1.0526,17.801,-0.0050643,-3.6585,0.1406,-0.03211,-0.047879,-0.9865,-0.018836,0.080547,-0.021965,-2.1427,7.5034,0.15736,-41.681,1.822,17.417,0.74346,-5.7231
19.4,0.13362,-0.042615,-0.019167,-1.0008,-0.018363,0.071,-0.031466,-2.8767,6.425,1.635,-43.025,-3.3235,18.904,0.36315,-2.5021,0.12357,-0.042009,-0.043091,-0.97927,-0.021117,0.077558,-0.034425,-2.5712,4.5942,0.52764,-41.311,1.2792,15.547,1.6244,-3.1466
19.5,0.14231,-0.060151,0.0009028,-0.974,-0.019109,0.069942,-0.03224,-0.22791,5.6384,-0.57831,-41.272,-0.57864,17.958,0.2534,-4.3063,0.14869,-0.044496,-0.031707,-1.0032,-0.012609,0.082481,-0.03117,-2.5697,6.6034,0.21826,-41.541,-1.2137,14.992,-0.11409,-2.2979
19.6,0.15036,-0.037484,-0.019898,-0.99302,-0.019818,0.073596,-0.032965,-1.271,2.8053,-0.65049,-41.169,0.31117,16.615,1.2649,-2.8019,0.12802,-0.040759,-0.050303,-0.99752,-0.020575,0.067689,-0.026723,-0.9626,4.387,0.79143,-40.576,0.22541,15.894,-1.8963,-3.5076
19.7,0.14808,-0.057289,-0.038067,-0.98517,-0.018723,0.081368,-0.033138,-3.2044,4.8584,0.86415,-42.473,0.18184,18.411,-1.3972,-3.6745,0.13074,-0.03186,-0.034119,-0.98428,-0.012836,0.078368,-0.02765,-0.39119,4.0211,0.43474,-40.754,0.68577,17.401,-0.29298,-4.3773
19.8,0.1457,-0.061731,-0.027929,-0.99821,-0.010966,0.078826,-0.034671,-0.78701,4.4861,1.3485,-40.562,-0.70995,17.114,-1.1905,-4.7544,0.14944,-0.075055,-0.012689,-1.0046,-0.015088,0.082817,-0.033284,0.11441,4.7818,-0.46381,-39.424,-2.73,17.843,-0.056375,-2.5259
19.9,0.13112,-0.089459,-0.0042865,-0.98905,-0.018168,0.075969,-0.033943,-1.3264,5.282,0.98459,-40.753,0.18875,15.81,0.51986,-4.2149,0.15386,-0.061727,-0.025128,-0.98128,-0.0045614,0.069217,-0.037922,-1.2392,5.6678,1.6191,-40.952,0.52216,15.862,-0.063642,-2.1475
20,0.1373,-0.052768,-0.011752,-0.99794,-0.011745,0.068728,-0.030353,-2.1393,4.0025,1.2022,-40.762,1.449,15.801,0.30759,-4.4483,0.13327,-0.073766,-0.048085,-1.0014,-0.010601,0.076018,-0.025434,-0.33195,2.9254,0.12158,-41.116,-1.007,15.395,0.37463,-4.1841
20.1,0.13328,-0.075851,0.0026503,-0.99159,-0.010346,0.065418,-0.029385,-2.3326,2.2303,0.89924,-40.327,0.86803,16.933,1.7936,-3.2042,0.13096,-0.059735,-0.026913,-0.99097,-0.0027231,0.069599,-0.025864,-0.26063,1.3802,0.49993,-39.424,-0.22437,16.43,0.095425,-1.6287
20.2,0.11561,-0.083654,-0.010784,-0.97775,-0.0056161,0.070648,-0.030852,-2.5288,3.0138,1.3916,-38.75,-0.86715,15.699,-0.99142,-3.2747,0.15264,-0.070271,-0.018505,-1.0056,-0.0086819,0.065326,-0.03211,-2.4657,1.4319,2.298,-40.247,-0.98931,15.891,0.16801,-2.8888
20.3,0.1604,-0.077101,-0.0030823,-0.98328,-0.0079095,0.061682,-0.030054,-3.0606,2.7749,2.2115,-38.99,-1.8817,14.335,-0.35461,-3.6226,0.16029,-0.069717,-0.014631,-0.99068,-0.011136,0.07699,-0.032235,0.78687,1.7282,1.1314,-41.44,-0.39305,16.844,-1.0084,-2.3391
20.4,0.14964,-0.077088,0.0046159,-0.98419,-0.0021662,0.063824,-0.026228,-0.52079,1.9856,1.5182,-37.997,-1.5603,16.704,-0.80346,-5.3977,0.13583,-0.067919,-0.021941,-0.98624,-0.0079275,0.066981,-0.034749,-0.58166,2.7681,1.1775,-36.056,-1.3294,13.49,0.84727,-2.5701
20.5,0.14296,-0.078287,-0.022601,-0.99527,-0.0056123,0.054668,-0.025937,0.037602,1.0057,1.0263,-37.04,-1.4651,15.689,-2.4444,-4.6682,0.14107,-0.097702,-0.01522,-0.98366,-0.0061877,0.068312,-0.033101,-0.28788,3.1425,0.24818,-39.156,-1.1025,15.023,-0.92308,-2.7361
20.6,0.13963,-0.080523,-0.0015122,-0.98391,-0.014271,0.077375,-0.019376,-0.11275,1.697,0.694,-37.462,0.14865,15.864,-0.47201,-5.6225,0.13826,-0.089119,-0.0072788,-0.97917,-0.0076378,0.066626,-0.030065,-0.11941,2.7287,0.083189,-38.178,-0.12203,15.89,-1.2018,-2.7629
20.7,0.15087,-0.093041,0.0047101,-1.0079,-0.010436,0.064673,-0.025243,-3.0307,-1.2605,-0.46973,-38.544,-0.18873,13.934,-0.43901,-4.7093,0.13512,-0.10007,-0.017681,-0.99524,-0.0043098,0.0732,-0.031584,-1.3112,-0.31216,2.9861,-36.966,-0.87753,15.203,-0.73396,-1.1763
20.8,0.1424,-0.077231,-0.0066253,-0.99548,-0.0034638,0.062762,-0.013951,-2.422,0.22813,0.45119,-38.633,-0.94546,13.305,-0.22462,-3.971,0.13523,-0.094606,0.010815,-0.98945,0.0029212,0.061935,-0.017641,-2.5216,-1.15,1.8886,-36.779,0.99002,14.628,-0.4336,-3.6468
20.9,0.12708,-0.091935,-0.022784,-0.96112,0.0018189,0.062203,-0.0287,-1.0231,-1.4661,1.358,-35.97,-2.1289,15.001,-0.22513,-5.5473,0.1621,-0.10277,-0.005307,-0.99174,-0.0017409,0.06701,-0.027159,-0.12673,-0.27696,0.71547,-39.113,-0.8911,16.584,0.34301,-3.0789
21,0.15798,-0.090585,0.0022858,-0.97037,-0.010857,0.052669,-0.017422,-0.83127,-0.96313,0.63328,-37.007,-0.37789,15.202,-0.94869,-6.44,0.14412,-0.092079,0.005226,-0.97023,0.0014054,0.064313,-0.021884,-2.4005,-0.59599,-0.28605,-37.356,-1.1138,13.841,-0.065469,-2.4539
21.1,0.13779,-0.10769,0.0076863,-0.98441,0.0082622,0.059914,-0.026823,-0.25283,-0.31869,2.2614,-35.182,0.72178,13.891,-0.81128,-5.9266,0.14661,-0.10117,0.00084893,-0.971,0.0031934,0.058196,-0.032476,-2.4831,-2.5355,1.0641,-36.071,-2.4973,13.887,-1.56,-4.9752
21.2,0.1427,-0.11487,-0.0042916,-0.99202,-0.0023213,0.064142,-0.018095,-2.1624,-1.8584,0.83246,-36.881,0.83925,12.782,1.2838,-5.2761,0.14068,-0.092576,0.011608,-1.0076,0.0066125,0.06877,-0.023278,0.040013,-1.9178,2.2355,-35.396,0.96454,14.051,-0.89233,-3.1622
21.3,0.15329,-0.11215,-0.010842,-0.96966,-0.01026,0.066446,-0.019752,-1.2518,-2.8053,0.069072,-36.359,-0.88802,13.838,0.5782,-6.2823,0.13916,-0.096488,-0.006495,-0.98085,0.006801,0.055907,-0.019103,-0.34528,-1.2056,2.052,-34.533,-1.7806,14.579,0.52669,-5.7377
21.4,0.14356,-0.10414,0.027695,-0.9778,0.0073405,0.055622,-0.0087764,-2.7519,-2.6588,0.68097,-35.15,-0.52782,12.166,-0.30037,-4.9498,0.11599,-0.11584,-0.00076825,-0.981,0.0062136,0.054785,-0.011828,0.3373,-1.8604,-0.17854,-36.385,0.77863,13.222,0.85029,-6.3676
21.5,0.13434,-0.09652,0.022659,-0.97993,-0.0042774,0.060961,-0.016137,-0.44897,-3.6442,0.87348,-34.031,-1.685,13.665,-1.5847,-8.0643,0.13982,-0.10805,0.0068211,-0.96729,-0.0025137,0.056923,-0.015078,0.64794,-1.3822,0.79369,-35.303,-0.41417,13.932,-0.9676,-4.8521
21.6,0.12135,-0.11189,0.010345,-0.98692,0.0057967,0.050376,-0.0077703,-0.76381,-1.9128,0.73005,-33.579,-2.1141,10.715,-0.7394,-8.0311,0.12375,-0.12722,0.010436,-0.98077,0.003589,0.055173,-0.018595,-0.33369,-2.8962,-0.75708,-33.928,-0.886,13.48,-1.0878,-5.9557
21.7,0.13871,-0.12073,0.015802,-0.97561,0.0083506,0.048671,-0.0054158,-0.67742,-4.1821,1.2696,-34.394,-1.5785,11.563,-1.8876,-7.8453,0.14232,-0.097168,0.015833,-0.99688,0.0027642,0.049655,-0.0096661,-0.40964,-2.5149,-0.14736,-34.002,-1.157,10.683,-0.8155,-4.0188
21.8,0.1416,-0.11516,0.038649,-0.97704,0.013158,0.051872,-0.01909,0.4164,-4.6465,0.25274,-34.593,-1.0671,10.927,-0.36903,-3.9544,0.12657,-0.12665,0.016602,-0.99061,0.0075061,0.05544,-0.020015,-1.3513,-3.4551,0.31992,-35.666,0.10615,11.272,-1.557,-5.7132
21.9,0.1528,-0.11535,0.014976,-0.97754,0.0065179,0.05034,-0.0063376,-0.89181,-3.7533,0.17247,-32.844,0.2857,11.861,-0.93814,-7.4627,0.16546,-0.12522,0.01357,-0.98315,0.015056,0.04545,-0.0064127,-1.5132,-1.8126,0.81482,-35.11,-1.5463,11.881,-0.029882,-6.7969
22,0.16272,-0.12436,0.013411,-0.98901,-0.0011944,0.038877,-0.015537,-0.50857,-3.9015,1.9695,-32.144,-1.4277,11.181,-0.37192,-8.1054,0.16255,-0.14174,0.032815,-0.98128,0.016,0.043992,-0.015155,-1.2431,-3.0578,-0.52215,-33.58,-1.0547,9.7737,-1.3828,-4.8312
22.1,0.13912,-0.13442,0.019955,-0.98383,0.00068156,0.042776,-0.0015562,-1.759,-3.8925,-0.041864,-34.59,-0.27958,10.726,-1.4241,-8.1758,0.13648,-0.12558,0.01801,-0.95722,0.011307,0.043279,-0.012645,-1.6538,-3.9836,-0.73921,-33.78,-0.76745,9.4427,-1.0571,-5.4264
22.2,0.13498,-0.11436,0.0010553,-0.974,0.0095198,0.045003,-0.004962,-1.6581,-5.5678,-1.5248,-33.332,-1.8753,9.4194,-1.5261,-7.4157,0.13107,-0.10448,0.0050608,-0.96726,0.011968,0.047037,-0.01499,-0.62994,-4.9527,-0.49564,-33.433,1.1482,11.189,-1.9172,-7.9252
22.3,0.14382,-0.12935,0.0088015,-0.97735,0.011141,0.043465,-0.0070545,-1.8038,-4.6274,1.069,-31.772,0.69408,11.164,-0.21682,-9.3774,0.12817,-0.14288,0.017723,-0.97718,0.014817,0.046333,-0.015165,-1.4329,-3.9585,0.40438,-32.406,-3.4069,9.8056,0.24304,-8.6609
22.4,0.14136,-0.14908,0.017245,-0.97511,0.011621,0.042425,0.0070938,-0.33743,-7.5971,1.0885,-32.081,-0.97119,11.316,-1.1173,-9.0832,0.14981,-0.1199,0.020593,-0.99119,0.011392,0.038165,-0.013313,-0.99782,-5.4465,0.24694,-33.414,-1.9068,10.269,-1.4708,-7.2041
22.5,0.12042,-0.13779,0.035075,-0.99354,0.010193,0.050839,-0.007553,-1.7087,-5.6761,1.5673,-33.279,-1.345,9.7815,-0.47115,-10.387,0.13949,-0.12055,0.016972,-0.9891,0.013005,0.03806,-0.0069001,-1.15,-7.9472,-1.2746,-32.802,-0.52123,10.08,-1.7572,-6.3776
22.6,0.14561,-0.1391,0.023952,-0.96854,0.01362,0.044737,-0.00088426,-2.2704,-7.1889,0.15305,-31.342,-0.43494,7.2346,-0.31361,-10.964,0.12838,-0.12905,0.019861,-0.99476,0.018111,0.043173,-0.0097395,-0.57151,-7.1622,1.1747,-32.177,-0.69313,11.171,-0.92548,-8.3162
22.7,0.15057,-0.13577,0.033734,-0.98692,0.013037,0.02978,0.0020943,-0.61667,-6.4499,2.0039,-32.215,-0.19054,8.3192,-1.0087,-9.5915,0.1332,-0.14341,0.025483,-0.981,0.02303,0.040411,-0.010114,-2.0753,-7.4456,-0.43574,-31.627,0.68576,8.9187,-1.2455,-8.2334
22.8,0.14816,-0.13827,0.019147,-0.98742,0.010459,0.039665,-0.0029949,-1.3547,-7.1149,-0.36656,-31.803,-1.2675,8.642,-0.13051,-9.3811,0.15168,-0.12675,0.0075129,-0.99099,0.016567,0.031753,-0.00083753,-1.075,-7.5365,-0.21039,-31.714,-2.2495,9.5924,-2.5766,-9.9975
22.9,0.11513,-0.15705,0.014986,-0.97663,0.0010416,0.03698,0.00050909,-1.3282,-7.7512,0.028548,-30.361,1.6549,9.1082,-2.0423,-9.6044,0.12852,-0.12867,0.010565,-0.98244,0.020252,0.034284,-0.0065145,-0.81115,-7.2982,0.11813,-31.429,-1.798,8.2249,-2.1931,-7.8647
23,0.14325,-0.158,0.012007,-0.9764,0.010834,0.026871,0.0080025,-2.3094,-6.5598,0.93243,-31.339,-0.012542,8.9449,-2.6118,-11.795,0.13161,-0.1306,0.019402,-0.96908,0.012225,0.02667,0.010236,-1.6296,-9.0183,1.3713,-31.406,0.39787,7.7533,-1.5735,-10.858
23.1,0.14076,-0.14529,0.011935,-0.97825,0.016405,0.032609,0.012254,-1.8229,-9.5853,1.0508,-32.116,-1.2886,6.7005,-0.32731,-12.341,0.13886,-0.14864,0.016419,-0.98556,0.015634,0.03308,-0.0045658,-0.73393,-8.4171,1.9663,-29.84,-1.1745,8.1361,-1.0667,-10.644
23.2,0.14352,-0.1431,0.017533,-0.98531,0.018495,0.032377,0.0052762,-1.5036,-8.2886,1.1379,-30.101,-1.6703,7.1112,-2.6888,-12.065,0.13775,-0.13852,0.021346,-0.99679,0.020565,0.02656,0.0032289,-1.6903,-8.8653,0.23949,-30.99,-1.1123,9.781,-2.0475,-11.302
23.3,0.13067,-0.13824,0.024589,-0.99301,0.023259,0.022353,-0.00050319,-1.2086,-8.7523,0.19665,-27.356,-1.9608,8.2121,-1.4319,-11.705,0.13414,-0.17121,0.020101,-0.99181,0.026508,0.025002,0.002755,-1.1054,-8.9718,0.26261,-28.076,-1.1531,7.5788,-2.061,-9.9446
23.4,0.12721,-0.13398,0.0099977,-0.97884,0.019685,0.021618,0.0079848,-1.8305,-10.198,1.535,-30.352,0.36248,7.6951,-1.1452,-12.429,0.13533,-0.145,0.025802,-0.98196,0.021934,0.023987,-0.0014348,-0.56106,-8.8749,-1.2813,-29.829,-0.17043,7.5591,-0.84394,-9.2685
23.5,0.13946,-0.16182,0.02745,-0.973,0.014287,0.024491,0.0074204,-0.90508,-10.081,1.3429,-28.005,-0.59155,7.077,-0.37148,-12.287,0.13233,-0.16146,0.017854,-0.99982,0.021782,0.025908,0.015853,-1.2557,-10.967,1.8804,-29.941,-0.81576,8.6798,-0.45828,-12.281
23.6,0.12142,-0.14685,0.021472,-0.98683,0.014401,0.027701,0.012033,-0.27359,-9.4862,1.1743,-28.817,0.080818,7.3154,-2.1454,-13.176,0.13693,-0.14971,0.015421,-0.98017,0.026902,0.021969,0.010042,-0.018207,-10.027,1.3679,-30.706,0.38962,7.7863,-1.1733,-11.765
23.7,0.13264,-0.1537,0.022862,-0.99434,0.026757,0.02632,0.012134,-1.2814,-11.956,-0.62239,-28.814,-0.37962,5.3402,0.48579,-11.637,0.12212,-0.14847,0.020319,-0.98768,0.024586,0.026103,0.0041777,-1.3622,-11.33,2.5864,-26.834,-0.90476,6.5919,-2.1265,-13.124
23.8,0.11625,-0.14474,0.02603,-0.97493,0.015103,0.022938,0.01983,-1.8634,-10.925,1.3516,-27.617,1.199,6.6307,-1.9607,-14.424,0.11653,-0.16762,0.020708,-0.97376,0.024293,0.030689,0.0046711,-1.668,-9.9149,2.9821,-27.188,-1.3545,6.6249,-2.0943,-13.161
23.9,0.12975,-0.16275,0.0093966,-0.98412,0.0218,0.016544,0.015791,-4.1111,-12.409,0.40426,-27.554,-0.52359,4.5269,-1.1825,-13.993,0.10794,-0.14259,0.040616,-1.0123,0.016799,0.029319,0.0054708,0.77451,-11.795,1.4651,-28.272,-0.57434,6.7556,-2.2746,-13.973
24,0.12258,-0.1609,0.0094991,-0.97559,0.026197,0.023532,0.011948,-0.22206,-10.759,1.4682,-29.149,-0.2187,6.22,-0.40109,-13.731,0.12462,-0.15345,0.029601,-0.97338,0.027193,0.016894,0.012593,-1.6702,-11.295,0.4266,-26.007,0.22041,6.6116,-3.7317,-13.916
24.1,0.10051,-0.13793,0.021564,-0.9844,0.031907,0.017209,0.011034,0.50802,-11.239,0.79007,-29.135,-1.0981,6.0415,-0.54608,-14.233,0.11978,-0.16548,0.02206,-0.97032,0.034819,0.016225,0.012971,-1.5082,-13.409,0.49399,-27.918,-0.2469,8.1613,-0.30339,-12.237
24.2,0.11881,-0.16416,0.011193,-1.0065,0.031671,0.015044,0.012834,-0.89955,-12.062,1.7989,-28.472,-1.8257,6.6278,-0.68343,-14.659,0.136,-0.14859,0.015655,-0.98671,0.026773,0.013609,0.018639,-1.7586,-13.057,-0.21865,-26.487,-0.29536,7.0992,-0.37172,-13.744
24.3,0.10966,-0.14098,0.0078989,-0.9803,0.020779,0.019402,0.019285,-1.9191,-12.672,0.035794,-26.164,0.90879,6.4588,-0.2231,-15.083,0.13188,-0.15657,0.024117,-0.97615,0.026778,0.0080466,0.020365,-1.8486,-13.535,0.78218,-24.971,-0.32189,6.9943,-1.4004,-13.365
24.4,0.10376,-0.14808,0.020426,-0.99258,0.032665,0.012234,0.018544,-2.0925,-13.505,2.8433,-25.276,0.22182,4.8301,-1.1879,-16.315,0.11825,-0.15665,0.0031754,-0.9756,0.027018,0.0070909,0.019203,-0.071312,-13.605,1.1908,-26.533,-2.3583,6.5052,-1.6391,-15.235
24.5,0.12484,-0.16843,0.026196,-0.98658,0.02786,0.0093786,0.011067,-2.1477,-10.909,2.1351,-25.087,-1.0567,4.4541,-2.4286,-16.699,0.13059,-0.16309,0.025229,-0.99091,0.021722,0.013838,0.017873,-4.1871,-13.058,0.61931,-25.392,0.56235,4.6133,-0.59704,-15.787
24.6,0.11296,-0.15433,0.030093,-0.98746,0.022693,0.0093319,0.019046,-2.1249,-13.554,1.1544,-24.446,0.86418,5.3824,0.60225,-16.898,0.10556,-0.18228,0.023503,-0.97286,0.025063,0.014022,0.021897,-0.6642,-12.38,0.46233,-26.761,-1.6852,5.4529,-0.74018,-13.757
24.7,0.1057,-0.15793,0.020654,-0.98266,0.020222,0.016247,0.020587,-3.1752,-15.238,0.68184,-23.213,-1.739,7.0466,0.53812,-17.294,0.11022,-0.14912,-0.0060439,-0.97678,0.020485,0.0043271,0.022077,-1.4494,-15.353,-0.49196,-25.436,0.69701,5.6962,-1.2067,-14.957
24.8,0.12229,-0.14662,0.020018,-0.96625,0.030303,0.0035935,0.023999,-0.09564,-15.082,0.027026,-24.723,1.0515,6.5483,-1.5792,-16.564,0.12234,-0.1608,0.008163,-0.98959,0.030566,0.0061162,0.018793,0.21339,-15.844,2.5044,-24.899,1.383,4.2201,-2.182,-15.377
24.9,0.1116,-0.16956,0.031531,-0.99102,0.030156,0.006729,0.036146,-0.52696,-16.049,0.90789,-23.835,-0.27574,6.4714,-2.876,-16.583,0.11379,-0.14361,0.012281,-0.97274,0.024228,0.0065787,0.024238,-1.0463,-14.374,0.067229,-23.274,0.79923,5.8863,-0.50783,-18.661
25,0.10377,-0.15676,0.037922,-0.9793,0.041006,-0.0014045,0.015277,-1.3185,-15.495,0.99573,-24.024,-1.0693,7.3386,-1.8463,-17.853,0.1192,-0.17409,0.035191,-0.99364,0.025101,0.00064331,0.019467,-0.91147,-16.71,0.12195,-24.625,0.45243,6.0804,-0.80753,-19.077
25.1,0.12362,-0.15878,0.0014467,-0.97156,0.036428,0.0012235,0.018774,0.33626,-17.156,0.43293,-22.38,0.7505,4.9765,-0.89598,-17.489,0.11957,-0.16299,-0.0012723,-0.98569,0.032589,0.0026558,0.022016,-3.6732,-17.24,0.58723,-24.789,0.020371,6.3203,-1.5121,-17.825
25.2,0.10272,-0.15889,0.0037374,-0.99676,0.032118,-0.0067531,0.024312,-0.39363,-17.122,-0.85793,-23.721,0.97079,4.7423,-1.5437,-17.495,0.098997,-0.14281,0.019268,-0.99346,0.034757,-0.0011724,0.022019,-2,-17.259,1.5617,-23.313,-1.334,5.5131,-0.24759,-17.915
25.3,0.11266,-0.1397,0.014825,-0.98818,0.040282,0.0061175,0.027771,-2.6409,-16.448,0.072279,-25.064,0.49283,5.019,-0.65889,-18.428,0.10459,-0.14864,-0.0036928,-0.99874,0.025397,-0.0032639,0.02007,-1.2083,-17.976,-0.13297,-25.262,0.0023484,6.8792,-1.5184,-17.716
25.4,0.096586,-0.16071,-0.00050014,-0.98064,0.032773,-0.010392,0.026707,-2.2368,-18.785,0.24152,-22.588,-0.28011,4.1373,-1.0225,-17.304,0.12098,-0.16638,-0.012491,-0.98176,0.025859,-0.0066395,0.031864,-0.25553,-19.049,0.1583,-22.664,0.20864,5.3989,-0.64828,-17.816
25.5,0.10232,-0.15947,0.0056665,-0.98616,0.033063,-0.0076326,0.027054,0.19407,-17.126,2.0721,-21.491,0.76127,7.9572,-0.86563,-17.846,0.10602,-0.17439,0.00030311,-0.97865,0.037693,-0.0082526,0.02334,-0.15138,-18.526,0.87752,-24.206,-1.4848,6.1813,-1.8437,-19.01
25.6,0.11343,-0.17025,-0.0073576,-0.99833,0.0405,-0.013278,0.022539,-3.4274,-18.933,2.7575,-22.052,2.5019,5.8586,0.21535,-18.134,0.10006,-0.18738,-0.024315,-0.97338,0.041719,-0.0057738,0.02992,-2.5329,-18.968,0.63285,-22.899,1.9757,7.2666,-0.63856,-18.779
25.7,0.087194,-0.16274,0.011834,-0.99579,0.031366,0.0040757,0.027028,-2.7865,-19.619,1.134,-20.331,-0.30644,7.4578,-0.52906,-20.167,0.085884,-0.15836,-0.010816,-0.97241,0.035182,-0.0075464,0.027418,-1.4389,-18.262,2.7903,-24.611,0.68527,8.2296,-1.6094,-18.071
25.8,0.10893,-0.15237,-0.00084902,-0.99274,0.035223,-0.01571,0.026737,-0.72849,-17.595,-1.9484,-20.819,1.557,5.1934,-0.78539,-19.736,0.091525,-0.14394,0.0063578,-0.96954,0.043203,-0.012741,0.025971,-1.0216,-20.429,1.0076,-22.062,0.54871,5.9689,-1.6731,-20.011
25.9,0.096014,-0.13101,-0.0003591,-0.9879,0.043058,-0.0053019,0.024332,-0.78014,-19.457,0.33411,-22.06,0.79442,5.3679,-0.98853,-21.191,0.095624,-0.15491,-0.003793,-0.98048,0.025748,-0.017211,0.024127,-2.5827,-20.618,0.69695,-22.613,1.075,7.0171,1.1875,-18.982
26,0.10495,-0.15474,-0.0060861,-0.98983,0.036147,-0.020368,0.040648,-0.52597,-17.839,2.3537,-20.449,2.1027,7.1496,1.5572,-21.147,0.071645,-0.1688,0.011222,-0.99376,0.037204,-0.016427,0.024342,-3.2287,-20.302,1.2571,-22.323,-0.65188,5.2354,-1.1279,-21.299
26.1,0.081712,-0.15016,0.01131,-0.98442,0.045037,-0.011006,0.025052,-1.0486,-20.906,1.7988,-21.45,1.6264,6.7071,-1.0066,-22.06,0.081112,-0.14616,0.013121,-0.97687,0.037735,-0.014851,0.026787,-0.45754,-20.397,-0.86446,-21.189,1.7733,6.753,-0.20468,-20.316
26.2,0.092661,-0.16321,-0.004468,-0.98604,0.042053,-0.014169,0.033578,-2.6246,-19.867,-0.70137,-20.887,2.292,7.6541,-1.4512,-21.456,0.077846,-0.15797,0.017719,-0.99263,0.039442,-0.019893,0.021679,-2.8116,-18.537,0.53151,-20.212,-0.77413,6.196,-0.58075,-23.012
26.3,0.078662,-0.15074,-0.015479,-1.0095,0.042186,-0.017081,0.033013,-0.36803,-20.762,1.8632,-20.784,-0.2811,7.3276,-0.76777,-21.822,0.073464,-0.1566,0.012974,-0.99838,0.030862,-0.015422,0.0332,-0.05545,-20.406,0.46672,-22.907,-0.072996,6.0072,-0.53061,-21.082
26.4,0.094246,-0.14276,-0.01716,-0.98048,0.03894,-0.023286,0.020949,-2.5011,-20.493,1.5775,-19.222,0.99502,8.0384,-1.7785,-23.324,0.097321,-0.16808,0.0015318,-0.99942,0.039665,-0.016404,0.025052,-1.2978,-22.019,1.986,-20.798,0.041075,9.5743,-0.58048,-21.185
26.5,0.079986,-0.15687,-0.008292,-0.99803,0.042854,-0.021566,0.035839,-1.4279,-21.503,-0.061877,-18.342,1.4311,9.011,0.99644,-22.038,0.08494,-0.16777,-0.005558,-0.99496,0.049267,-0.024587,0.033122,-1.3255,-22.438,1.1753,-19.115,2.8982,8.2237,-1.0184,-22.56
26.6,0.094453,-0.14644,0.0012153,-1.0028,0.038242,-0.022542,0.027832,0.47822,-23.431,0.49871,-17.561,2.9063,8.2866,-1.7147,-24.847,0.077506,-0.15089,-0.010164,-0.98146,0.038268,-0.015185,0.019055,-1.5431,-20.975,0.01385,-19.316,0.45152,8.4482,0.6877,-25.267
26.7,0.067576,-0.15352,-0.0039115,-0.98461,0.037398,-0.022939,0.028186,-1.2577,-21.367,0.047472,-19.085,0.057575,6.0281,-0.57465,-25.397,0.072612,-0.16062,0.0017662,-0.99554,0.041054,-0.025069,0.028672,-2.7003,-20.578,2.0962,-22.031,1.0846,9.3305,-2.1076,-21.815
26.8,0.067831,-0.13292,-0.00038895,-0.99298,0.045977,-0.019907,0.030051,-1.9819,-23.299,0.75344,-18.342,0.31386,8.3206,-2.2505,-22.957,0.064989,-0.1575,-0.016472,-0.99067,0.042784,-0.030139,0.031154,-0.87857,-22.672,0.046221,-18.264,3.2317,7.1682,-0.20988,-23.582
26.9,0.066092,-0.14735,-0.015645,-0.9693,0.046413,-0.034603,0.024523,-1.8574,-22.95,1.4713,-16.161,0.91995,9.8888,0.09973,-22.765,0.060643,-0.15139,0.0050587,-0.99234,0.042758,-0.024669,0.022566,-1.5334,-23.485,-0.53081,-18.507,1.2599,10.39,-1.2975,-22.624
27,0.070337,-0.13742,-0.021534,-0.97907,0.042435,-0.023753,0.031098,-1.236,-24.147,-1.6698,-17.012,2.5383,9.474,-0.89477,-25.77,0.067925,-0.17122,-0.0036257,-0.96397,0.036461,-0.027158,0.035909,-0.89681,-25.035,0.71257,-18.873,0.036784,9.6241,-1.1095,-24.585
27.1,0.060461,-0.13196,-0.014262,-0.98401,0.051631,-0.029986,0.028261,-1.1547,-24.103,-0.44183,-18.397,1.1851,9.1951,-0.76449,-24.882,0.080046,-0.14532,-0.021371,-0.99082,0.04706,-0.03431,0.018845,-1.1256,-24.259,0.92867,-18.958,-0.7603,9.4238,-0.68632,-25.435
27.2,0.076444,-0.14098,-0.032611,-0.99614,0.058361,-0.03044,0.024165,-3.3309,-23.565,1.1709,-18.061,1.0841,11.081,-2.244,-26.231,0.068038,-0.14408,-0.004374,-0.98417,0.04083,-0.031238,0.030145,-1.1673,-25.757,-0.54548,-17.672,-0.59304,9.4544,-2.1383,-24.84
27.3,0.082475,-0.15358,-0.014335,-0.9946,0.044084,-0.039722,0.023401,-0.41116,-23.837,0.99335,-17.099,1.8135,10.042,0.58228,-24.078,0.060483,-0.15671,-0.017891,-0.99113,0.044302,-0.036664,0.027137,-1.0736,-23.679,1.5663,-18.122,-0.049615,10.247,-0.32507,-23.15
27.4,0.060071,-0.14498,-0.0080399,-0.98281,0.04902,-0.032041,0.02936,-1.6109,-23.766,-0.43151,-18.264,0.93956,10.78,-1.1132,-25.112,0.075137,-0.13041,-0.023253,-0.99341,0.04686,-0.032713,0.020412,-0.041837,-24.652,0.75266,-15.892,0.85779,10.665,-1.2831,-25.825
27.5,0.049085,-0.14482,-0.0054711,-0.9811,0.055239,-0.030218,0.025809,-1.5315,-24.904,-0.50285,-16.361,0.085269,11.237,-1.165,-26.294,0.04456,-0.13527,-0.014515,-0.98966,0.049028,-0.031619,0.031882,-0.67417,-23.749,-0.57204,-16.659,0.078753,10.885,-0.36981,-24.899
27.6,0.063024,-0.12887,0.0037001,-1.0028,0.046431,-0.036749,0.02121,0.76469,-24.886,2.0102,-17.223,-0.2106,11.062,-0.53167,-25.112,0.04482,-0.14398,-0.022279,-1.0047,0.040584,-0.042076,0.023478,-1.1013,-24.857,1.0665,-16.112,2.128,9.5279,-0.25463,-24.656
27.7,0.072678,-0.15552,-0.013061,-1.0008,0.049633,-0.034224,0.0269,-1.4054,-26.232,2.3871,-15.872,0.86976,11.078,-1.1835,-26.616,0.070585,-0.13651,-0.018685,-1.0071,0.038792,-0.031763,0.031346,-1.8407,-23.583,2.3322,-14.764,-0.13414,9.928,-1.5022,-25.635
27.8,0.052092,-0.1125,-0.026351,-0.99748,0.050378,-0.030586,0.025803,-0.47488,-27.38,1.7844,-15.714,3.3084,11.57,-0.55268,-25.174,0.04168,-0.15762,0.0017464,-0.98277,0.043417,-0.047083,0.023487,-0.08315,-24.465,1.4625,-15.507,0.14082,11.087,0.33857,-25.945
27.9,0.049185,-0.12848,-0.0099423,-0.98769,0.05546,-0.036192,0.034288,0.49172,-25.842,0.48605,-14.33,0.25668,11.354,-0.3055,-27.518,0.043316,-0.12283,-0.0091087,-0.99516,0.045408,-0.046459,0.03126,0.67323,-25.799,1.6,-17.455,0.65394,10.591,-2.0448,-27.011
28,0.052618,-0.12545,-0.014962,-0.98869,0.051997,-0.034102,0.020506,-1.2209,-25.604,0.45635,-14.896,0.73955,11.184,-1.0115,-26.583,0.042529,-0.12743,-0.03156,-1.0153,0.046934,-0.051838,0.02439,-1.3907,-26.656,1.172,-12.85,0.466,10.333,-0.18824,-26.844
28.1,0.050689,-0.10838,-0.041342,-0.98622,0.054886,-0.042404,0.031563,-0.48707,-26.135,1.2269,-14.759,-0.25408,11.031,-1.9891,-25.011,0.051966,-0.12754,-0.011655,-0.98521,0.040487,-0.040618,0.034615,-0.25813,-25.695,0.66885,-14.509,0.034213,12.548,0.011655,-26.967
28.2,0.052041,-0.11429,-0.037727,-0.97916,0.050279,-0.047705,0.029579,-0.9433,-26.123,2.3748,-14.572,1.2727,11.847,-0.57692,-28.089,0.019755,-0.14422,-0.030655,-1.0018,0.047625,-0.058444,0.023005,-0.71106,-27.113,0.30533,-14.399,0.17009,10.62,0.62853,-27.89
28.3,0.032389,-0.11596,-0.014261,-0.99473,0.051638,-0.045168,0.029892,-0.50795,-26.793,1.3031,-13.164,0.8715,12.852,-0.23174,-27.306,0.039496,-0.12952,-0.0082409,-1.0002,0.041623,-0.051064,0.02698,0.30071,-26.096,-0.90795,-12.425,1.7018,10.995,-1.6239,-28.064
28.4,0.050364,-0.1231,-0.022279,-1.0087,0.041314,-0.047722,0.031224,2.6434,-25.745,0.13568,-13.506,0.56628,12.838,-0.69726,-27.124,0.041898,-0.14571,-0.031882,-1.0026,0.048027,-0.054644,0.029885,0.27099,-24.253,0.63266,-14.791,1.6997,12.999,-1.8404,-27.178
28.5,0.034697,-0.12629,-0.03666,-0.97487,0.046378,-0.052313,0.023124,0.65897,-26.139,0.19788,-13.422,-0.96142,13.776,-1.0315,-28.481,0.026519,-0.12663,-0.012253,-0.98383,0.044992,-0.048036,0.032402,-0.36208,-25.527,0.42266,-14.205,2.1414,11.243,1.0709,-27.926
28.6,0.029196,-0.12118,-0.034476,-0.99252,0.037334,-0.057213,0.020656,0.56781,-25.895,0.054752,-14.466,1.6878,14.458,0.31168,-28.793,0.037186,-0.12527,-0.013987,-0.98951,0.047074,-0.040953,0.026151,-0.18443,-27.623,1.4899,-12.343,3.0533,12.092,-1.9092,-27.685
28.7,0.0074979,-0.11299,-0.035884,-0.99683,0.037141,-0.049798,0.025472,1.6368,-25.461,1.7004,-11.947,0.20871,13.599,-1.4849,-27.623,0.020715,-0.13301,-0.015359,-1.0148,0.048782,-0.052221,0.019793,-0.68248,-23.608,2.2396,-13.383,-0.11157,13.708,1.3439,-29.071
28.8,0.03437,-0.10183,-0.028309,-0.96173,0.039119,-0.051033,0.025744,1.3244,-24.992,0.036518,-12.09,2.2272,15.152,-0.63568,-27.804,0.025292,-0.11525,-0.030577,-1.0046,0.042991,-0.064681,0.035837,1.0804,-24.86,1.395,-13.216,0.60685,13.297,1.6528,-28.573
28.9,0.018033,-0.10207,-0.0449,-0.99305,0.045149,-0.053733,0.025638,-0.81549,-24.171,1.2776,-11.945,-0.64695,14.419,-0.52549,-27.455,0.042513,-0.12624,-0.031226,-1.0098,0.03806,-0.046592,0.033921,0.96939,-24.781,1.208,-12.307,0.083237,12.917,-0.77023,-29.443
29,0.023473,-0.1091,-0.0086686,-0.99375,0.042976,-0.058035,0.024299,0.8757,-26.022,0.15275,-12.935,0.76659,14.585,0.27903,-28.707,0.026811,-0.11172,-0.052403,-0.99251,0.040597,-0.060168,0.018792,2.4028,-25.216,0.49914,-11.906,0.50002,14.181,0.020105,-28.828
29.1,0.017636,-0.10409,-0.029444,-1.0272,0.032656,-0.062531,0.01913,-0.4493,-23.918,0.82111,-10.361,1.346,13.337,1.9683,-28.36,0.034307,-0.1155,-0.028354,-0.97636,0.040837,-0.048644,0.022716,0.0087995,-25.006,1.9115,-10.391,0.66977,12.984,-0.34857,-27.717
29.2,0.030395,-0.098853,-0.026099,-0.9932,0.023158,-0.061402,0.025232,2.0612,-23.083,0.26721,-11.186,-0.84929,14.654,-0.20762,-28.602,0.018088,-0.095565,-0.021005,-0.98445,0.045895,-0.050046,0.029388,-1.0404,-23.675,0.69269,-11.997,0.70126,14.96,2.2745,-28.438
29.3,0.023495,-0.09672,-0.013697,-0.99144,0.045493,-0.057337,0.027642,-0.097086,-22.891,-0.64284,-8.3152,0.72552,14.332,1.2114,-28.004,0.0069556,-0.083111,-0.027121,-0.98432,0.036386,-0.060305,0.022529,-0.2794,-23.925,-0.40709,-10.606,2.0907,14.113,0.29899,-27.612
29.4,0.0064379,-0.10267,-0.012822,-0.98298,0.03275,-0.058527,0.02819,-0.42614,-22.685,1.1613,-8.8427,-1.6393,14.517,-0.83346,-27.891,0.0074566,-0.088849,-0.031556,-0.98661,0.042839,-0.056178,0.018258,1.1693,-22.527,1.1438,-9.8595,-0.41143,12.819,0.045034,-29.181
29.5,0.019473,-0.093045,-0.032539,-0.9994,0.033968,-0.058366,0.017229,0.20114,-22.355,1.6993,-11.971,2.0671,14.36,0.29458,-28.099,0.01359,-0.10247,-0.049286,-0.99868,0.037957,-0.056402,0.020416,0.052775,-22.91,0.14931,-11.034,0.44789,15.017,1.2856,-26.3
29.6,0.01044,-0.095138,-0.044829,-0.97123,0.04705,-0.057998,0.01532,2.1617,-21.625,-0.33297,-8.6155,1.5474,16.134,-0.81892,-27.503,-0.0022549,-0.088999,-0.026479,-0.98594,0.03744,-0.056458,0.016926,-1.3654,-23.334,-1,-10.637,0.98317,15.507,0.19709,-29.444
29.7,0.012722,-0.076182,-0.03718,-0.99209,0.033922,-0.060652,0.022372,0.59966,-21.766,0.38924,-10.367,1.1381,15.536,0.65459,-27.964,-0.0065595,-0.089353,-0.038776,-0.98772,0.031518,-0.065057,0.020716,1.8898,-22.846,1.2261,-10.569,2.983,13.797,-0.80203,-26.824
29.8,-0.002043,-0.093732,-0.035,-1.0064,0.043719,-0.073143,0.014276,0.58684,-22.658,3.6442,-9.9923,2.757,16.743,1.1926,-28.491,-0.0030298,-0.081212,-0.048953,-0.99307,0.034085,-0.057546,0.01743,0.95497,-23.048,3.4462,-8.3368,1.5532,15.466,0.74792,-27.751
29.9,0.0057918,-0.08928,-0.028734,-0.99106,0.03701,-0.064474,0.018,1.4438,-22.387,0.53781,-8.7162,-1.2068,16.573,1.3143,-26.909,-0.0033174,-0.080177,-0.035568,-1.0113,0.037361,-0.060405,0.016938,1.7262,-22.488,-0.15154,-8.3391,-0.014078,15.228,0.21512,-26.693
30,-0.0071011,-0.075951,-0.035753,-1.0008,0.026767,-0.064031,0.011412,1.6045,-21.747,2.6533,-8.0261,0.76538,18.189,0.35142,-27.56,0.012608,-0.081035,-0.034673,-0.98279,0.031307,-0.054359,0.016349,0.33057,-20.841,1.8914,-8.3929,1.1522,13.987,0.39681,-26.202
30.1,0.0024616,-0.068118,-0.048131,-0.99677,0.032908,-0.063046,0.0090824,0.36793,-23.085,0.47045,-9.369,-0.36825,16.726,-1.1971,-25.166,0.0070678,-0.065498,-0.032819,-0.98432,0.027256,-0.069705,0.012113,0.4354,-22.082,1.8066,-6.4909,1.5066,16.223,0.56765,-27.24
30.2,-0.0087512,-0.042786,-0.053043,-0.99812,0.033257,-0.067733,0.015363,0.114,-19.453,0.19061,-6.1149,0.45682,17.953,0.91357,-26.757,-0.0056631,-0.06347,-0.033841,-1.0028,0.026482,-0.067953,0.011313,2.3259,-20.051,1.3154,-6.966,0.78728,15.3,0.94772,-24.819
30.3,-0.013741,-0.091778,-0.017594,-1.0086,0.02704,-0.076438,0.021867,0.57208,-19.454,-1.0764,-7.4898,1.2665,18.819,2.2271,-25.218,0.00183,-0.071324,-0.033764,-0.99145,0.03374,-0.061342,0.015923,0.58873,-20.168,-0.9487,-6.1103,0.71079,15.612,-0.02494,-26.995
30.4,-0.027976,-0.075112,-0.033111,-0.98395,0.031296,-0.072309,0.010628,1.7972,-21.579,0.0029723,-7.849,2.0958,17.673,1.2838,-25.002,-0.013016,-0.0801,-0.053509,-1.004,0.020996,-0.058209,0.0087326,-0.34625,-20.24,1.1014,-8.2783,1.6725,16.683,-1.561,-25.058
30.5,-0.025165,-0.059474,-0.039456,-0.99108,0.03413,-0.067063,0.01181,1.7165,-20.557,-1.2001,-6.4183,-0.055,17.84,1.1455,-25.434,-0.021493,-0.077357,-0.045891,-0.99806,0.038074,-0.065939,0.012428,0.87973,-20.154,1.5648,-6.8662,0.5018,16.724,0.10374,-23.889
30.6,-0.013886,-0.075932,-0.041157,-0.99989,0.034309,-0.064149,0.007522,1.4207,-20.178,-1.3319,-6.9857,1.2656,20.075,1.5107,-25.998,-0.0047237,-0.059429,-0.063403,-0.98584,0.021519,-0.067701,0.013945,2.4504,-20.602,0.59145,-6.6306,-2.3543,17.457,3.1701,-24.502
30.7,-0.022247,-0.057219,-0.038449,-0.97594,0.026572,-0.064344,0.0071277,1.2912,-20.652,-0.82285,-8.7237,-0.34865,19.806,0.57555,-27.498,-0.017635,-0.06634,-0.041753,-1.0012,0.027363,-0.065789,0.01817,0.51713,-18.605,0.3249,-7.1564,0.74046,17.509,0.45916,-24.413
30.8,0.0001712,-0.049975,-0.063485,-1.0043,0.023784,-0.060741,0.0076241,0.82635,-18.708,1.9555,-6.1485,1.2045,17.979,0.37758,-23.02,-0.015573,-0.060482,-0.040025,-0.99204,0.035561,-0.056659,0.0042622,0.66248,-20.114,0.58441,-7.808,-0.48721,15.02,2.2913,-25.87
30.9,-0.0096677,-0.044871,-0.039626,-0.99766,0.027423,-0.064836,0.0028133,0.40689,-19.731,-2.1417,-7.6604,1.2942,19.441,-0.94383,-24.806,-0.010948,-0.060188,-0.037985,-0.9981,0.022088,-0.064371,0.0076317,-1.6041,-18.011,-0.078945,-7.2763,0.072245,17.83,-0.18516,-25.282
31,-0.020032,-0.060273,-0.054554,-0.98783,0.021585,-0.065551,0.0044296,1.6265,-18.735,-2.4896,-7.959,1.0439,19.945,1.3468,-25.032,-0.027996,-0.056488,-0.061514,-1.0086,0.026364,-0.062473,0.013521,-0.51019,-17.596,-1.8631,-6.4118,-0.54608,18.826,0.18272,-22.525
31.1,-0.01444,-0.055194,-0.034676,-1.0097,0.021286,-0.058153,0.0068774,1.1252,-16.707,-0.80497,-8.2209,0.49392,21.098,1.5669,-23.96,-0.017853,-0.036857,-0.049354,-1.0044,0.017675,-0.062167,0.0088074,0.39733,-19.551,-0.77116,-8.9425,-0.2152,18.18,0.22923,-23.784
31.2,-0.020179,-0.03748,-0.030292,-0.96585,0.036255,-0.055576,-0.00092636,0.70029,-19.665,-0.0046074,-7.2068,1.3054,19.504,0.032595,-22.396,-0.0178,-0.044202,-0.032788,-0.98175,0.02435,-0.064608,0.012315,1.4976,-18.069,-0.039465,-6.971,0.92667,19.173,0.48788,-22.679
31.3,-0.011387,-0.043191,-0.041593,-1.0009,0.036547,-0.054236,0.0063882,1.7034,-17.373,-0.25716,-8.9033,-0.97965,20.67,1.264,-23.031,-0.03715,-0.052427,-0.038368,-1.0087,0.034492,-0.065904,0.0074463,1.0875,-16.756,-0.92853,-5.6307,-0.71775,17.904,1.5027,-24.442
31.4,-0.034201,-0.015589,-0.059079,-0.98869,0.029363,-0.055544,-0.0061278,1.9301,-15.315,-1.6826,-11.123,1.1845,19.723,0.68799,-22.688,-0.035737,-0.043367,-0.04746,-0.98279,0.027963,-0.060769,0.00049337,2.4515,-16.146,-1.0187,-6.4804,0.59852,19.427,0.48222,-22.787
31.5,-0.020206,-0.033064,-0.031043,-0.99839,0.024927,-0.055076,-0.0050759,0.82912,-16.938,-0.78541,-10.256,-0.62008,20.621,1.46,-23.023,-0.036837,-0.033064,-0.047337,-0.99373,0.029333,-0.052998,0.00019195,1.6256,-16.727,-1.2759,-10.286,0.38243,18.503,2.3917,-22.5
31.6,-0.042459,-0.020473,-0.043511,-1.0032,0.020216,-0.052015,-0.0034688,0.23011,-17.041,-2.7778,-9.7575,1.4214,22.031,0.17898,-21.784,-0.039613,-0.023144,-0.05223,-0.99663,0.026026,-0.05134,-0.0012758,0.74789,-16.905,-1.5321,-8.7331,-0.91335,19.544,1.2183,-22.352
31.7,-0.028759,-0.029842,-0.028969,-1.0012,0.027881,-0.045167,-0.0037635,0.38011,-14.286,-1.1438,-11.308,-0.25684,20.767,1.5633,-22.1,-0.028111,-0.031285,-0.0402,-0.99833,0.024137,-0.043694,0.0044198,0.91353,-15.456,-1.0018,-10.141,0.62189,20.521,2.3385,-21.356
31.8,-0.030458,-0.022732,-0.025264,-0.99542,0.028646,-0.051015,-0.0012641,0.081581,-16.123,0.056901,-10.736,0.44613,20.133,-2.0277,-20.652,-0.034531,-0.023143,-0.049312,-0.97677,0.028609,-0.053813,0.0024284,-0.18864,-15.982,-1.9548,-9.8929,-0.14607,19.035,-0.61325,-21.276
31.9,-0.044311,-0.020364,-0.040969,-0.9846,0.026044,-0.042405,0.0006864,0.54177,-16.359,-1.9119,-12.047,0.042969,20.476,0.66292,-18.826,-0.037589,-0.010453,-0.040858,-1.0095,0.019994,-0.044133,0.0018532,0.70025,-17.133,-1.6824,-9.8952,0.78312,20.138,1.6055,-19.818
32,-0.043587,-0.0075697,-0.041267,-1.0209,0.021657,-0.045001,-0.009984,1.8329,-16.782,-0.041755,-11.269,2.0575,21.869,-0.54702,-21.897,-0.025868,-0.023806,-0.047222,-0.99562,0.032526,-0.04368,-0.0097118,1.2851,-13.191,-1.4133,-10.853,-0.03624,20.129,0.72101,-20.901
32.1,-0.021424,-0.0099092,-0.043896,-0.98988,0.023057,-0.046576,-0.010836,0.98432,-12.371,-2.0382,-12.167,0.86064,22.65,-0.10423,-18.423,-0.039828,-0.014591,-0.054083,-1.0091,0.021988,-0.052228,-0.0016189,1.0393,-14.084,-2.3129,-10.977,1.4762,20.137,-0.20803,-20.237
32.2,-0.028982,-0.0051472,-0.031335,-1.0117,0.024188,-0.045006,-0.0089778,-0.47639,-14.635,-0.69699,-11.214,2.2701,21.364,2.4133,-21.066,-0.029601,0.0051923,-0.060414,-1.0071,0.018521,-0.046528,0.0010298,0.27829,-13.482,-2.5888,-11.428,1.0854,20.118,0.78067,-21.67
32.3,-0.04102,-0.019435,-0.031069,-0.99432,0.01554,-0.039241,-0.007474,0.87331,-14.282,-0.39807,-12.07,1.0165,21.072,-0.15379,-20.422,-0.027891,-0.022418,-0.031735,-1.0024,0.029398,-0.03869,-0.0024039,1.3353,-14.799,-0.90734,-11.683,0.31894,24.002,-0.2557,-20.116
32.4,-0.035629,0.0009423,-0.030055,-1.0091,0.022667,-0.035259,-0.0078578,-1.3784,-13.09,-2.2982,-13.329,0.23047,21.128,0.80721,-19.702,-0.032285,-0.0062692,-0.032768,-1.0068,0.023971,-0.04101,-0.012743,0.15434,-12.978,-1.904,-12.372,0.17047,19.422,1.0745,-19.539
32.5,-0.024477,-0.0072331,-0.03626,-1.0059,0.016634,-0.037414,-0.0073845,0.23247,-13.993,-0.74036,-12.559,0.8351,23.201,-1.815,-20.241,-0.028545,-0.014705,-0.041065,-0.9819,0.020848,-0.048724,-0.004405,-0.1732,-13.772,-0.75324,-12.195,1.6973,20.92,0.84042,-18.407
32.6,-0.036348,-0.010428,-0.024522,-0.99574,0.018349,-0.034135,-0.013045,1.79,-14.798,0.077398,-12.917,-1.0699,23.239,0.67956,-21.295,-0.032827,-0.022813,-0.046283,-0.98057,0.014391,-0.031725,-0.012865,0.27858,-12.502,-1.1019,-13.538,2.7665,21.716,2.0048,-20.1
32.7,-0.04196,-0.01017,-0.028368,-1.0037,0.021065,-0.028201,-0.0075984,2.0816,-14.22,1.168,-14.283,0.8883,22.356,0.14946,-18.992,-0.041806,-0.0092999,-0.046561,-0.98568,0.027604,-0.045687,-0.011551,0.8997,-12.131,-0.55367,-12.68,-0.11292,21.95,0.36182,-19.362
32.8,-0.043563,-0.0087677,-0.034639,-1.0091,0.016128,-0.026079,-0.019717,0.16227,-13.784,-0.79112,-13.658,0.67965,23.003,0.88189,-18.904,-0.057123,-0.0081811,-0.041812,-1.0041,0.022009,-0.038913,-0.0097555,2.7209,-12.346,-1.85,-14.001,1.8465,21.886,0.7632,-19.195
32.9,-0.043499,-0.015504,-0.051437,-1.0089,0.017592,-0.039961,-0.01208,-1.9006,-11.221,-3.3238,-15.039,0.49063,24.668,-0.7398,-18.376,-0.039104,0.0031175,-0.044282,-1.0014,0.021679,-0.034307,-0.018808,-0.70893,-10.744,0.43793,-15.486,0.47301,20.858,1.8995,-17.28
33,-0.058978,0.0025302,-0.028237,-0.98791,0.0087994,-0.03011,-0.014884,1.7078,-11.496,-0.41371,-15.369,-1.1379,22.642,0.6772,-19.627,-0.042209,0.0011889,-0.06069,-0.99628,0.020941,-0.031905,-0.011545,1.2127,-11.57,0.34009,-15.854,0.67621,22.404,0.3226,-18.674
33.1,-0.039174,0.0095639,-0.041477,-1.0146,0.016555,-0.029012,-0.011565,1.4319,-12.032,-1.47,-17.222,1.5228,24.826,-0.46422,-18.662,-0.041753,0.0099941,-0.040382,-0.98536,0.017575,-0.029764,-0.019104,-1.4244,-10.547,-0.049217,-14.759,1.2229,23.202,-2.6127,-15.784
33.2,-0.042034,0.0109,-0.03233,-1.0045,0.02649,-0.034188,-0.014396,0.63067,-11.461,-0.324,-18.247,-0.3812,24.808,0.3057,-18.624,-0.022117,-0.008376,-0.048644,-0.98192,0.0095463,-0.03612,-0.0064344,1.0166,-9.2975,-0.22313,-12.366,-0.063561,21.678,-0.83701,-19.133
33.3,-0.054408,0.00033654,-0.043313,-1.0042,0.011663,-0.030263,-0.013211,2.4721,-11.75,-1.873,-18.204,-0.27044,23.383,-1.1545,-20.125,-0.049222,-0.021648,-0.048966,-1.0249,0.015957,-0.032307,-0.018807,-0.77697,-9.8517,-0.47593,-17.08,-0.099354,23.554,-0.9813,-19.354
33.4,-0.038258,0.0062813,-0.032016,-1.0062,0.0043278,-0.02637,-0.011974,0.28863,-13.865,-1.2537,-16.508,0.82719,25.668,-0.49385,-19.478,-0.038615,0.0077474,-0.040696,-0.99127,0.0097844,-0.027868,-0.019289,0.56426,-11.768,-1.3142,-16.547,0.21617,24.392,0.39753,-17.571
33.5,-0.054096,0.006237,-0.0088987,-0.99934,0.0029171,-0.032355,-0.015383,-1.8647,-10.177,-0.34554,-17.678,1.8367,25.318,0.18836,-18.76,-0.063096,0.021813,-0.046097,-1.0007,0.021417,-0.027638,-0.015552,-0.072791,-8.8236,-2.8161,-17.201,1.6303,21.504,0.017891,-17.688
33.6,-0.052911,0.011896,-0.039067,-0.99085,0.0028088,-0.030766,-0.017577,1.6096,-11.142,0.1802,-17.462,0.58663,25.259,1.5436,-20.123,-0.04382,-0.0036417,-0.051568,-1.0007,0.011111,-0.030011,-0.01977,1.8531,-9.285,0.53467,-19.641,1.0239,22.569,0.01628,-16.417
33.7,-0.058801,0.017372,-0.026398,-0.98877,0.011917,-0.020572,-0.012043,-1.7197,-10.264,-2.3475,-18.412,1.2733,26.009,0.45303,-18.892,-0.04751,0.0063894,-0.042705,-1.0057,0.011769,-0.022605,-0.01491,2.2485,-10.421,0.088159,-18.724,1.3767,22.165,-0.82854,-17.832
33.8,-0.043286,0.0040284,-0.031902,-0.99011,0.011224,-0.026896,-0.016756,0.29051,-7.8727,0.16175,-17.77,-0.2614,25.733,-0.54846,-18.612,-0.04595,0.003573,-0.027525,-0.97285,0.0043921,-0.023415,-0.017136,-0.13421,-9.6846,-0.76,-18.383,-0.093627,23.425,-2.5202,-19.249
33.9,-0.038403,0.0064127,-0.016475,-1.0115,-0.0047762,-0.024113,-0.019014,2.4509,-9.072,-0.57051,-20.326,-0.18157,28.604,-0.57307,-20.103,-0.04417,-0.014351,-0.023192,-0.98852,-0.0016744,-0.020001,-0.020493,-0.059492,-8.9224,-1.3079,-17.4,-0.53066,24.918,-1.4684,-15.864
34,-0.070706,0.019983,-0.032725,-0.98812,0.011265,-0.025713,-0.021906,-0.75281,-7.8435,-0.0027976,-17.388,-0.22948,26.472,-2.2454,-17.424,-0.059105,0.016055,-0.04088,-1.0057,0.0050397,-0.023353,-0.023881,2.0493,-9.6741,-1.6996,-20.117,0.19194,22.994,-0.35423,-18.028
34.1,-0.045116,0.015016,-0.034809,-1.0036,0.0093446,-0.029904,-0.022131,-0.31516,-6.7025,-0.71818,-18.853,1.3829,24.052,-2.4867,-18.927,-0.038227,0.027364,-0.042778,-0.99982,0.0048112,-0.016751,-0.015996,0.62638,-9.7785,-2.9768,-18.573,0.081669,26.129,0.83555,-19.7
34.2,-0.042056,0.0038843,-0.011133,-1.0079,-0.0017669,-0.023402,-0.01529,0.086361,-7.879,-2.134,-20.544,0.94842,27.839,0.16938,-20.04,-0.063605,0.024128,-0.027353,-0.99349,-0.0027012,-0.020564,-0.01343,0.20813,-7.4216,-0.1524,-17.647,0.83772,26.548,-2.4542,-17.318
34.3,-0.042812,0.01493,-0.029054,-1.0001,0.0054281,-0.024131,-0.016808,1.1133,-6.4144,-1.373,-19.878,-1.2748,26.157,-2.2072,-19.825,-0.036904,0.01957,-0.018915,-0.99141,0.00014793,-0.024336,-0.014818,0.095937,-7.7741,0.47353,-20.867,-0.30867,25.842,-0.0081265,-19.587
34.4,-0.042924,0.025219,-0.035522,-0.99572,-0.002854,-0.023172,-0.025505,1.5018,-4.9837,-1.2085,-20.847,0.99545,25.348,-0.47912,-20.879,-0.066399,0.015529,-0.017915,-0.99336,0.0056027,-0.023542,-0.017905,-0.09922,-7.5069,0.50259,-19.244,2.5809,23.186,-1.4094,-17.652
34.5,-0.035416,0.047389,-0.022931,-0.99972,-0.0018382,-0.013161,-0.019185,0.70356,-6.6286,-0.52578,-20.687,-2.5613,26.096,0.2134,-20.43,-0.049562,0.012579,-0.041417,-0.99741,0.0041424,-0.019351,-0.021761,-0.85581,-8.0527,-2.347,-21.187,1.2106,25.641,0.052636,-18.038
34.6,-0.065364,0.030907,-0.039501,-0.99771,-0.0014836,-0.014286,-0.023591,1.0069,-7.0153,-0.56832,-22.474,0.8943,26.828,0.76839,-19.066,-0.058414,0.022065,-0.031919,-0.98625,0.014336,-0.019152,-0.014859,-1.5824,-6.5351,-2.0237,-20.682,-1.0845,24.55,0.42983,-20.396
34.7,-0.035106,0.041804,-0.031233,-0.99827,0.0055017,-0.016613,-0.013606,0.70957,-5.0485,-3.2578,-21.758,1.1289,24.368,-0.30319,-19.508,-0.044443,0.028681,-0.043303,-0.99979,0.0031666,-0.0084541,-0.026051,-1.6713,-5.1513,-0.81383,-19.813,-0.073031,26.627,-0.5981,-17.959
34.8,-0.047679,0.025844,-0.033316,-1.0072,-0.011272,-0.015599,-0.011706,-0.022147,-5.9179,0.092825,-22.909,0.26067,26.256,0.96044,-21.082,-0.061069,0.027498,-0.022828,-1.0037,0.00050733,-0.017698,-0.019276,-0.43666,-6.0153,-0.83066,-22.162,-2.4777,26.315,-1.7583,-16.669
34.9,-0.050872,0.017139,-0.022597,-1.0112,-0.0054037,-0.010277,-0.014727,0.81321,-5.5528,0.66914,-22.497,-1.6768,25.945,-0.58367,-20.847,-0.049791,0.0083335,-0.027477,-1.0033,0.0014932,-0.017818,-0.022428,1.2515,-5.8714,0.35555,-23.139,-1.0855,24.745,-1.6682,-19.413
35,-0.06371,0.030646,-0.01723,-0.99954,-0.0081113,-0.0063828,-0.013179,0.84879,-5.7709,-1.87,-24.911,1.7627,26.745,0.050358,-21.039,-0.05142,0.023717,-0.03502,-0.99637,0.0041088,-0.014427,-0.012545,1.4168,-6.2269,-0.64517,-24.34,0.86389,24.536,-1.4615,-16.555
35.1,-0.044028,0.026381,0.013343,-0.99933,-0.015985,-0.021629,-0.025603,0.038055,-4.0825,-3.7702,-25.38,-0.11178,25.827,-0.35234,-21.823,-0.036366,0.032488,-0.025707,-0.98789,-0.0024056,-0.011346,-0.030338,0.8046,-4.7543,-2.85,-24.653,-0.1229,25.031,-0.39289,-19.301
35.2,-0.043349,0.028685,-0.0049111,-0.9825,0.0021411,-0.0053551,-0.023363,1.1733,-4.9521,-0.62626,-24.874,-0.56996,25.156,-1.8916,-20.831,-0.045285,0.026009,-0.033544,-0.99104,-0.0028868,-0.019139,-0.020213,1.8312,-4.1998,-0.73113,-24.805,1.1175,25.966,-0.93214,-20.037
35.3,-0.06616,0.0058448,-0.004933,-0.99934,0.0017027,-0.007778,-0.0040077,-0.11632,-3.4355,0.74939,-25.045,-0.075251,26.824,-0.26855,-21.364,-0.069411,0.0049581,-0.017558,-0.99567,-0.0085248,-0.019479,-0.011773,1.0825,-3.5805,-1.4572,-25.625,0.4864,27.578,-1.2758,-18.134
35.4,-0.046151,0.030489,-0.014487,-0.96938,-0.017298,-0.013907,-0.0060524,-0.04861,-3.4801,-1.8606,-24.524,-0.77881,24.567,-2.5546,-21.021,-0.023459,0.042528,-0.041091,-0.98803,-0.014564,-0.0061841,-0.023444,1.3259,-5.096,0.24765,-23.554,-0.78022,26.585,-1.1747,-19.27
35.5,-0.048532,0.022054,-0.021691,-0.99569,-0.004643,-0.010995,-0.016549,-2.0019,-2.238,0.53816,-24.665,-1.2209,25.084,0.3715,-20.425,-0.037365,0.01874,-0.024617,-0.99347,-0.0093797,-0.012015,-0.015938,0.94851,-5.2305,-1.5966,-25.065,-0.022108,25.808,-0.60909,-19.601
35.6,-0.061925,0.03525,-0.010848,-0.99074,-0.020044,-0.012147,-0.011598,-0.91679,-2.627,-2.1558,-25.787,-1.3915,25.843,-0.43842,-21.067,-0.022438,0.0026276,-0.013063,-1.0015,-0.012738,-0.024786,-0.0098432,-0.28027,-4.0023,-1.8716,-23.77,-0.66412,25.012,-1.5001,-18.584
35.7,-0.034609,0.023325,-0.01165,-0.98794,-0.01469,-0.0052215,-0.021074,-0.5576,-2.4559,-1.2134,-24.183,-1.3414,25.679,-1.3499,-20.832,-0.040168,0.012066,-0.017118,-0.99103,-0.0096953,-0.0042242,-0.021638,0.80575,-2.8677,-2.7081,-26.862,-1.1561,24.56,0.28348,-18.861
35.8,-0.040163,0.032425,-0.022414,-1.0129,-0.021319,-0.004464,-0.017162,1.8543,-2.7817,-1.0075,-26.102,-0.71408,24.415,-0.30157,-22.284,-0.044669,0.010609,-0.0038433,-0.97914,-0.013083,-0.0069072,-0.019699,2.496,-0.27784,-0.7164,-27.025,-0.60662,25.287,-0.075913,-18.843
35.9,-0.035872,0.025028,-0.019059,-0.98866,-0.025308,-0.0045363,-0.012487,0.61762,-3.4023,-1.7373,-28.359,0.10432,23.785,1.0774,-20.298,-0.055793,0.035008,-0.0139,-1.0128,-0.011033,-0.0072567,-0.012573,0.25339,-1.9473,-2.0787,-27.227,-0.81853,26.255,-0.50377,-17.966
36,-0.054584,0.037219,0.0058075,-0.98483,-0.018855,0.0074583,-0.0073118,0.87624,-1.53,-0.26098,-26.952,-0.99434,24.091,0.38455,-20.425,-0.04716,0.007854,0.0016027,-0.99402,-0.022705,-0.013854,-0.017,1.1211,-1.2776,-1.8252,-25.457,-1.1019,25.872,1.2207,-18.688
36.1,-0.047204,0.039569,-0.021064,-0.98437,-0.015423,-0.021162,-0.0093458,0.78989,-1.2148,-0.64715,-29.326,1.7857,24.389,-0.18182,-22.244,-0.057121,0.036752,-0.0074927,-1.0065,-0.017286,-0.0090746,-0.017351,1.0064,-1.5927,-1.3306,-25.933,-1.1052,23.934,-1.0306,-19.081
36.2,-0.032214,0.035182,-0.0093389,-1.0032,-0.013283,0.0036846,-0.002924,1.0109,-0.78448,-2.6814,-25.669,0.21697,24.047,-1.2386,-19.835,-0.046175,0.012088,-0.014167,-0.99833,-0.016379,-0.003518,-0.018108,1.4552,-0.4968,-0.69295,-26.328,-1.6227,22.55,1.6075,-19.251
36.3,-0.032463,0.042032,-0.02121,-1.0149,-0.014225,0.00031177,-0.0066283,-0.22561,0.90604,-2.4488,-28.749,1.4825,21.991,-0.57232,-20.647,-0.040276,0.037048,-0.022225,-0.99675,-0.020435,0.0050692,-0.0068752,2.9623,-2.5839,-3.3821,-26.923,0.49738,23.946,-0.30043,-21.783
36.4,-0.049837,0.024603,0.0062518,-0.9802,-0.01714,-0.0037853,-0.0063281,0.90625,0.73636,-0.2156,-29.301,-1.4688,22.725,0.58372,-20.736,-0.036832,0.032901,-0.00040027,-0.97776,-0.021576,-0.0021281,-0.011186,1.0727,-1.5748,-2.4925,-29.666,-0.36156,24.217,-0.66936,-20.86
36.5,-0.022183,0.026144,-0.0083375,-0.99717,-0.020698,-0.00028785,-0.010371,1.0557,1.0008,-2.4176,-29.139,-0.69576,22.06,-0.99546,-19.845,-0.034161,0.02523,-0.011564,-1.0059,-0.014917,-0.00056246,-0.011892,0.78986,-0.62501,-0.76314,-28.8,-0.034899,22.199,0.95346,-19.056
36.6,-0.019529,0.019791,-0.0095879,-0.98438,-0.018803,0.0052854,-0.011851,1.7376,-1.1217,-1.7185,-29.79,-0.94624,23.474,-0.17011,-21.124,-0.035776,0.019,-0.022941,-0.99047,-0.030795,-0.0069874,-0.011845,1.0294,-3.2038,-0.52299,-29.335,-2.5945,23.013,0.16389,-20.755
36.7,-0.041475,0.024727,-0.0078205,-0.99571,-0.024653,0.005185,-0.0023657,1.3402,1.3045,-1.6405,-28.298,-2.1018,20.318,1.1689,-20.657,-0.046903,0.0037072,-0.010432,-1.0068,-0.014654,-0.0050145,-0.019577,-0.18743,0.86358,-0.88367,-30.383,-1.3141,23.809,-0.82053,-18.107
36.8,-0.041652,0.023771,-0.018112,-0.98603,-0.012598,0.00087663,-0.015965,0.90549,0.90889,-1.2367,-32.024,-1.4419,23.424,-0.49278,-19.504,-0.015209,0.036651,0.0060688,-0.99299,-0.019793,0.0038032,-0.01381,0.53449,0.38623,-2.0155,-30.922,-1.4442,20.284,0.66236,-20.262
36.9,-0.035831,0.023689,-0.0048059,-0.9961,-0.022669,0.0064555,-0.013747,1.76,1.0118,-2.1018,-30.185,-2.3642,20.064,0.66065,-19.712,-0.035353,0.031433,0.0082054,-1.0099,-0.016014,0.00036375,-0.0088147,0.13039,0.57228,-0.53139,-30.13,-0.43862,21.279,-0.49348,-18.283
37,-0.035565,0.042226,0.0063927,-1.0029,-0.023646,0.0095368,-0.010329,-1.7988,1.7413,-0.1437,-33.7,0.56596,19.949,-0.31067,-21.073,-0.038197,0.01555,-0.0019048,-1.004,-0.021784,0.0064958,-0.008244,0.6893,-0.17471,-1.585,-30.018,-0.32253,22.575,-0.26868,-19.033
37.1,-0.027626,0.022594,-0.0040978,-0.99033,-0.033143,-0.0022393,-0.0019802,0.34632,-0.59113,0.94652,-33.079,0.17698,23.397,-0.054856,-18.112,-0.045313,0.017356,-0.0051507,-0.9927,-0.021817,-0.00038916,-0.0016412,-0.58088,2.4467,-0.34752,-30.542,-1.2659,21.832,0.070555,-20.136
37.2,-0.012754,0.021496,0.0012211,-1.0119,-0.026675,0.0078345,-0.010612,0.94512,0.15495,0.14053,-33.464,0.41837,21.598,-0.69027,-16.122,-0.034751,0.028187,0.011126,-1.0084,-0.032752,0.01049,-0.011074,1.1307,2.1835,-0.029198,-31.728,-0.48558,20.943,0.4759,-19.948
37.3,-0.022718,0.030941,-0.014835,-0.9887,-0.022371,0.016011,-0.0059331,0.28164,0.7423,-1.3997,-32.519,-0.82374,20.627,-1.5968,-18.493,-0.046267,0.019809,-0.0051386,-1.0034,-0.024521,0.01588,-0.015475,1.5175,2.7259,-2.1191,-32.018,-0.26243,22.778,0.6467,-18.026
37.4,-0.032932,0.031627,-0.0102,-0.99782,-0.025728,0.023606,-0.0013171,0.42077,3.1119,-2.0513,-32.33,-0.46655,21.959,0.67118,-18.054,-0.040793,0.023019,0.006391,-1.0104,-0.037899,-0.0011515,-0.019062,1.0977,4.3723,0.45119,-32.595,0.16365,20.75,1.1546,-17.075
37.5,-0.019296,0.035785,0.0025084,-0.99361,-0.012929,0.012817,-0.0057455,1.0265,2.5873,-1.5944,-34.875,-2.8023,18.981,0.12195,-18.993,-0.032948,0.017996,-0.0091568,-1.0148,-0.031814,0.0024225,0.0062524,-1.7417,1.7865,-2.4036,-33.671,-0.28118,21.265,0.57655,-18.365
37.6,-0.032013,0.021669,-0.01227,-1.0081,-0.023332,0.010327,0.0021593,1.0315,4.4006,0.67518,-34.07,0.14181,20.114,0.77863,-18.337,-0.0099233,0.014077,0.018595,-1.0056,-0.025464,0.014523,-0.0068432,-1.7886,1.9371,-1.8556,-32.022,-1.6925,20.406,1.8775,-16.652
37.7,-0.033297,0.039292,0.0043184,-1.0079,-0.023317,0.026566,0.0011789,-1.1046,0.91322,-2.8185,-32.491,-1.6846,17.929,0.94211,-18.081,-0.020702,0.02672,-0.010003,-0.99735,-0.025886,0.022454,-0.013648,-1.9669,1.6879,-1.7825,-32.888,-1.5052,18.918,0.96438,-19.383
37.8,-0.013072,0.022243,0.0042169,-1.0021,-0.023904,0.0082331,-0.0096118,0.72473,0.15829,-1.6534,-34.524,-1.8665,19.301,0.33569,-17.619,-0.027628,0.011339,0.0077448,-0.98244,-0.023389,0.011707,-0.014708,-0.68638,0.99176,-0.24793,-33.073,0.44371,19.023,-0.80506,-20.244
37.9,0.0012716,0.021945,0.0096174,-1.0058,-0.022634,0.013278,-0.00082037,-0.43461,0.28205,-2.1986,-34.634,-0.098458,17.452,1.6843,-18.098,-0.019395,0.044453,0.0043347,-0.99972,-0.020315,0.023814,-0.018882,0.26026,0.47888,-1.3254,-34.487,-3.1657,18.451,-1.2619,-17.906
38,-0.016355,0.028156,-0.0049952,-1.0062,-0.0154,0.017987,-0.0057571,0.1383,-0.07137,-1.261,-35.974,-0.93692,17.825,0.27808,-16.787,-0.02424,0.047638,-0.00046088,-1.0137,-0.022756,0.021235,-0.002588,-1.1601,1.1246,-1.7651,-35.989,-1.4776,19.221,1.5068,-18.75
38.1,-0.0051277,0.031036,0.014756,-1.0104,-0.022243,0.026151,-0.003295,0.57699,2.6163,1.708,-35.842,0.39489,17.639,-1.2256,-16.699,-0.0126,0.018525,-0.0049906,-1.0051,-0.016261,0.027469,-0.0008301,-0.81305,0.74596,-0.65083,-35.421,-1.4281,18.897,-1.5908,-17.703
38.2,-0.018613,0.010119,-0.013847,-1.0128,-0.020549,0.028046,0.0080914,-1.2944,0.96252,-0.57308,-34.806,0.50539,17.478,-0.65888,-18.301,-0.031503,0.01885,-0.0060807,-1.0054,-0.016918,0.020526,-0.0073034,-0.23991,-0.93529,-1.079,-35.737,-1.025,19.042,-1.0635,-17.285
38.3,-0.0066907,0.0054109,-0.022884,-1.013,-0.020288,0.024509,-0.012278,-0.75213,-2.4893,0.88166,-33.814,0.66341,17.945,0.61988,-16.947,-0.036192,0.013981,0.0053948,-0.997,-0.015003,0.025601,-0.0085358,-1.0862,-0.45639,1.6888,-34.686,0.2961,18.849,-1.6765,-18.418
38.4,-0.023469,0.02655,-4.038e-05,-1.0001,-0.01477,0.021872,0.003747,-1.497,0.63168,0.84666,-35.428,1.344,19.731,1.7098,-16.653,-0.026152,0.034946,-0.0058943,-1.0039,-0.021516,0.0095504,0.0043546,0.53575,1.0084,2.6361,-34.652,-0.3393,17.947,0.14108,-18.711
38.5,-0.021924,0.0096423,-0.0082542,-0.99175,-0.018842,0.017389,0.0035133,-0.26007,-0.49691,0.62699,-34.183,-0.12149,18.267,-1.1536,-18.621,0.0082951,0.015894,-0.0058062,-0.97881,-0.02263,0.018388,0.0029897,-2.2528,-0.45956,0.80624,-34.645,0.38665,18.023,-0.36871,-17.913
38.6,-0.01024,0.028558,-0.0070749,-0.99318,-0.017622,0.017097,-0.0052523,-0.18806,-0.4337,0.88919,-36.262,0.49441,18.043,-0.68398,-18.379,-0.018685,0.023314,0.0042794,-1.0073,-0.014666,0.014813,-0.0015848,-0.85205,0.82244,0.42015,-35.139,1.3928,17.929,-0.05115,-19.147
38.7,-0.049771,0.019225,-0.01246,-1.004,-0.018834,0.017312,0.0011943,-1.545,-1.2958,1.0878,-34.625,0.72779,19.348,-0.6443,-16.073,-0.030554,0.019198,0.010296,-0.98618,-0.014529,0.024504,-0.0040766,-0.45757,-0.86085,1.4993,-33.73,-0.86389,16.73,-1.7437,-18.099
38.8,-0.007366,0.018428,-0.015956,-1.0109,-0.012382,0.012216,-0.0078297,0.020389,-0.45379,-0.56272,-32.86,1.0247,19.4,-0.64846,-18.727,-0.016796,0.013592,0.012589,-0.99315,-0.014714,0.016137,-0.0059181,-1.3138,1.5067,1.5217,-33.289,2.1379,19.386,-0.94925,-18.331
38.9,-0.016006,0.013504,-0.0021448,-0.99359,-0.01449,0.018399,-0.0058815,-1.8899,-1.3826,-0.55302,-31.885,-0.55195,17.809,1.9397,-18.362,-0.01297,-0.017211,-0.0058549,-1.0176,-0.01096,0.0076357,-0.0024335,-2.1396,-0.28458,1.1656,-33.011,1.438,18.362,0.10939,-19.388
39,-0.019553,0.02069,0.007369,-0.98837,-0.014131,0.01233,-0.0024466,0.001796,-2.028,0.14362,-32.85,-0.0080711,18.2,-0.41209,-16.195,-0.011468,0.0090082,0.0065316,-1.0002,-0.011751,0.0078467,-0.0075058,-1.0029,-0.81795,2.0528,-30.43,1.833,18.564,0.72179,-18.462
39.1,-0.033142,0.0047719,-0.0023901,-1.019,-0.0091304,0.014368,-0.0026021,-1.0154,-0.95773,0.55417,-33.128,0.12024,16.706,-1.4592,-18.623,-0.034603,0.015455,-0.010513,-0.99824,-0.014962,0.0048594,0.0048332,0.86245,-1.3495,-0.92467,-33.837,0.6703,19.315,0.54466,-18.783
39.2,-0.0038625,0.0038289,0.0019782,-1.0067,-0.012501,0.0058158,0.00092693,-1.0347,-3.5902,-1.9911,-32.549,-0.25612,18.022,0.29455,-17.435,-0.02198,0.010182,0.0033001,-1.0053,-0.012886,0.0036941,0.0051803,-1.5747,-2.4455,-0.28136,-30.555,-1.0505,19.405,-1.9131,-18.048
39.3,-0.015701,0.018311,-0.0033721,-0.97874,-0.015041,0.010143,-0.007392,0.1261,-4.1393,0.558,-31.764,0.35054,19.577,0.41091,-18.883,-0.023608,0.002317,-0.0079911,-1.0067,-0.0083473,0.0040395,0.0062426,-0.30487,-4.1248,0.32139,-31.039,-1.4239,19.504,0.45335,-17.524
39.4,-0.022846,0.0038468,-0.001027,-1.0021,-0.017458,0.013685,-0.0058135,1.2334,-2.3519,0.72549,-34.226,0.14576,16.697,-0.59468,-16.847,-0.013402,0.0082237,-0.013145,-1.001,-0.023123,0.0037823,-0.006167,-2.363,-0.12591,-0.51994,-32.151,-0.15363,17.36,-0.57704,-18.221
39.5,-0.023527,-0.0019034,-0.0028586,-0.9972,-0.014052,0.013216,-0.0054739,-0.99915,-4.379,-2.1114,-32.991,-0.88399,19.646,0.10626,-19.387,-0.021108,0.0045392,-0.01396,-1.003,-0.0071521,0.016034,-0.003622,-0.84602,-1.9535,0.26088,-32.256,-0.10827,18.882,1.9695,-17.009
39.6,-0.00021962,-0.0078877,0.0068868,-0.98356,-0.013595,0.01288,0.0068195,0.18595,-4.0116,0.42694,-30.414,-0.99575,18.399,0.81914,-17.434,-0.012473,0.003089,7.0246e-05,-0.98497,-0.011691,0.0082846,-0.0022541,-1.1384,-3.8995,-0.90865,-33.753,0.75481,18.4,0.057278,-16.905
39.7,-0.01245,0.019218,0.00048574,-0.99562,-0.0089236,0.0033955,-0.0080432,-1.5651,-1.9654,0.49829,-30.864,-0.50323,19.224,0.58419,-19.026,-0.014939,0.014812,-0.0076833,-0.99087,-0.01164,0.0026159,0.0057765,-0.15609,-3.9165,0.80835,-32.108,0.39374,19.327,-0.096554,-17.863
39.8,-0.013674,0.00268,-0.0066074,-0.99668,-0.0073683,0.0017008,-0.011006,-0.78338,-2.7391,0.86926,-32.946,-0.98856,18.736,2.0876,-18.12,-0.010225,-0.0015386,-0.00080072,-1.0126,-0.015425,0.0059048,-0.0013894,1.8502,-2.9957,2.0053,-30.663,0.15328,19.851,0.24938,-17.302
39.9,0.020693,0.016645,-0.002268,-0.98243,-0.01112,0.0042451,0.0052413,1.5266,-2.9144,0.63986,-32.466,0.98927,16.779,-0.75811,-16.756,-0.016127,-0.0065276,0.014638,-0.99723,-0.0060185,0.016822,-0.011568,0.31268,-2.6269,1.8083,-29.98,1.1146,18.019,0.83971,-19.007
40,-0.013285,0.016662,-0.014899,-0.99437,0.0024658,-0.00028393,-0.001079,0.18342,-2.8938,-0.22484,-33.604,-0.66145,18.616,1.703,-18.465,-0.0098706,0.0094179,0.00076766,-1.0037,-0.0081565,0.010293,0.0057627,-0.3637,-0.82609,-1.5213,-31.61,0.081355,21.219,1.2703,-18.293
40.1,-0.0046998,0.012125,-0.0052531,-0.99638,-0.0094269,-0.0055955,-0.0078391,-1.012,-3.984,0.33441,-31.337,0.12251,16.802,-1.1941,-18.031,-0.011249,-0.013564,-0.00043179,-1.0152,-0.0086519,0.0082231,0.0029102,0.91058,-3.1691,-0.27636,-29.847,-0.32487,17.979,0.85308,-17.791
40.2,-0.011518,0.0028751,-0.012567,-0.99319,-0.0050724,0.001633,-0.0018095,-0.87765,-1.5861,-1.1463,-31.303,1.2788,17.447,0.33888,-16.832,-0.018767,-0.0022467,0.0008042,-0.99823,-0.0079608,0.0036372,-0.0081163,0.80984,-3.9597,1.9282,-32.387,-0.10291,17.708,-0.41817,-18.054
40.3,-0.0069365,-0.0040751,-0.0017399,-0.9909,0.0012062,0.0034995,-0.0057357,-0.44772,-2.6103,-0.2497,-30.938,0.91152,16.825,-0.87492,-17.68,-0.023933,0.0064077,-0.0061327,-1.0071,-0.0061184,0.009793,-0.0047644,1.0173,-5.0517,0.36306,-30.947,-0.17726,17.191,-1.173,-18.007
40.4,0.00097085,-0.0018385,-0.0075719,-1.011,-0.010539,0.0055643,0.0071547,1.0817,-4.3001,0.21678,-30.66,-0.14011,18.69,-2.3584,-16.862,0.0080139,0.0059863,-0.018584,-1.0193,-0.0015702,0.0047827,0.014234,0.35605,-3.6258,-1.0651,-32.203,0.74944,17.869,0.4139,-18.244
40.5,0.0030157,-0.0012808,-0.0092113,-0.98786,9.5965e-05,-6.2893e-05,0.010352,0.085975,-2.692,1.2067,-30.342,1.7782,17.83,0.80053,-18.079,0.0045413,0.0011119,0.0028815,-1.006,-0.0053588,0.0050932,0.0080335,-0.77315,-3.2938,-0.82676,-31.285,-1.213,18.227,-0.86222,-18.522
40.6,-0.0018108,0.0055176,0.0016896,-0.99103,-0.0085384,0.0057118,-0.007264,-1.3915,-2.9388,-0.3646,-30.63,1.3305,16.375,-2.2147,-17.518,-0.024789,-0.0019144,0.00071553,-1.0037,0.0018895,0.0020265,-0.0023657,-1.579,-3.7064,-0.19746,-30.361,1.2536,16.76,1.4476,-19.31
40.7,0.0040203,0.0076371,0.011344,-0.99448,-0.0051211,-0.0022397,-0.0008131,-1.1305,-4.4193,-1.2445,-29.983,0.50062,18.447,2.7098,-16.91,-0.023141,0.014766,-0.012673,-0.9967,0.0025858,-0.00069697,-0.0067179,0.16327,-3.3489,-0.2285,-29.787,1.7238,18.125,-0.84961,-18.407
40.8,-0.020484,-0.00055464,-0.00075902,-0.99712,-0.0049232,0.0037226,-0.0050008,-0.21201,-1.9476,-0.88871,-34.308,3.158,17.977,0.64514,-18.566,0.011498,-0.0032324,-0.0068717,-0.98888,-0.008648,-0.0070335,0.004485,-0.69945,-3.5922,1.5967,-31.683,1.29,16.735,-1.5867,-16.873
40.9,0.0027392,-0.0032644,0.0089881,-1.0182,0.0035716,-0.0010249,-0.0043498,0.37756,-4.4593,-0.75557,-30.77,-1.3132,17.599,0.67357,-16.798,-0.0045886,0.0033391,0.016716,-0.99862,-0.0058945,-0.0050224,-0.0002909,0.30213,-4.3973,1.2904,-29.142,-0.7692,18.007,-1.3228,-16.99
41,0.00078423,-0.00040413,0.00038475,-0.99621,-0.0062698,0.016212,0.0034013,1.3719,-4.5962,1.1368,-31.396,-0.11183,20.251,0.06463,-19.164,-0.015953,0.024576,0.0014668,-0.98311,-0.002429,0.0026697,-0.0073239,-2.7991,-1.5298,-1.3391,-32.413,-0.1418,17.391,-0.55304,-16.473
41.1,-0.021924,0.0054078,0.012525,-0.99951,-0.012562,-0.0042562,0.01181,-0.77492,-4.6483,0.93981,-30.464,0.41769,18.322,-1.6694,-18.695,0.0022117,0.0060078,0.0022441,-1.0118,-0.0020716,0.011484,-0.0016472,-2.1582,-4.1459,-0.4094,-30.002,-1.8911,17.712,1.3148,-18.208
41.2,0.0020968,-0.0014576,-0.0036582,-0.98758,0.001447,0.0029811,-0.0027536,-1.5086,-3.96,-1.5555,-29.945,0.72186,18.42,0.86502,-19.825,0.011643,0.0029999,0.011987,-1.0097,-0.0031206,0.0098089,0.0083188,-1.3897,-5.0291,0.19861,-31.327,-0.22723,20.327,-0.16402,-16.905
41.3,0.0022325,0.0027161,0.0053044,-1.0114,0.0037725,0.0055633,-0.0022994,0.38343,-5.8592,-0.71782,-28.372,-0.34274,18.702,1.2809,-18.133,0.013144,-0.0010938,-0.0084514,-1.0017,-0.00039373,0.0042889,0.0028918,-0.3413,-3.7557,-0.72058,-32.863,-1.3764,16.472,1.1322,-15.799
41.4,-0.019973,-0.005073,-0.003348,-0.99434,-0.0062705,-0.00037437,0.0038375,1.3363,-5.6239,-0.64222,-31.883,0.38772,19.034,-0.85122,-17.764,0.0039502,-0.020651,-0.0049607,-0.99938,-0.001846,0.00047396,0.004019,0.97572,-3.5023,-0.7118,-28.472,-0.17475,16.485,-0.9966,-17.973
41.5,0.0092768,-0.013282,-0.0045516,-1,-0.0080394,0.0053154,0.00013407,0.68911,-4.6315,-0.04021,-31.446,0.36401,19.109,0.045875,-19.346,9.5617e-05,0.01447,-0.0044444,-0.99951,-0.002551,0.0024321,0.0020247,0.0358,-2.9755,0.49019,-30.437,-0.042886,17.884,-0.66632,-16.019
41.6,-0.0004765,0.0014866,-0.0054336,-1.0157,-0.0072326,0.0010822,0.00038659,0.11267,-5.7613,-1.456,-31.299,-0.68373,17.013,-0.22923,-18.898,-0.0071719,0.0061678,0.0053751,-1.0114,-0.0027554,0.010004,-0.0035062,0.6109,-5.1626,-1.2923,-30.839,2.1253,18.57,1.3656,-15.965
41.7,0.0012659,-0.0071024,0.0019867,-1.0049,0.0056978,0.010053,-0.0047561,-2.3757,-4.4524,0.42047,-29.194,-0.49793,17.031,2.5163,-18.014,-0.0032472,-0.0021467,0.0090159,-0.99914,0.0073451,0.0043334,-0.0022969,0.189,-4.9074,-2.0975,-29.804,0.046568,20.1,-0.15021,-17.512
41.8,-0.011287,0.03487,-0.0079097,-0.997,0.0072874,-0.0006419,0.01128,-0.91393,-4.0753,-0.49641,-34.155,-0.73972,18.332,0.5077,-19.81,0.014976,-0.00063508,-0.0036171,-0.99504,-0.0051998,0.0001239,-0.0045013,-1.5306,-2.7483,0.5906,-30.222,-0.0075435,19.115,-2.3376,-16.718
41.9,-0.014956,0.0039531,-0.0026563,-0.98926,-0.0018203,0.0073848,-0.0026794,-2.0999,-6.3111,-0.11082,-30.754,1.442,18.618,-2.0996,-17.972,0.0061291,0.0070143,-0.010308,-1.02,-0.0067053,-0.0028958,0.002662,0.026912,-3.5723,0.394,-30.04,0.025173,16.821,-0.35794,-16.1
42,0.0029206,-0.011259,-0.0017997,-0.99606,-0.00097911,0.0051169,0.0078651,-0.014413,-4.8101,0.88258,-30.766,0.78319,18.73,-0.84584,-18.754,-0.015294,-0.0034068,0.0015126,-1.0198,0.0026024,-0.0021222,0.0010973,0.33213,-4.158,-0.64585,-31.46,0.3322,15.658,1.1221,-18.43
42.1,0.0019145,0.0060577,-0.0032463,-1.0123,0.0032148,0.017731,0.0079114,-0.50435,-5.2138,-0.37352,-30.963,0.219,17.769,0.50583,-16.839,0.008214,-0.0023921,0.0057054,-1.0006,-0.00050672,-0.00075188,-0.0093869,2.14,-5.8902,0.31943,-31.653,2.1149,17.11,-1.2614,-16.239
42.2,-0.023327,-0.0011752,-0.001752,-0.98765,-0.0067515,0.010649,0.0046789,0.22108,-5.3886,-2.8693,-30.118,-0.55843,18.307,0.15071,-18.298,-0.0062096,-0.0013608,0.012194,-1.0198,-0.00018994,0.0016357,0.0028953,0.74468,-5.0182,-0.73736,-29.59,1.4746,16.894,-0.75211,-16.079
42.3,0.015964,-0.0030356,0.00061177,-0.98078,-0.010744,0.0029286,-0.00016327,0.8671,-4.5641,0.17569,-31.467,-0.29867,15.669,0.2166,-16.2,-0.0018003,0.0092653,0.0015319,-0.99848,-0.01355,0.0072156,0.0047962,-0.027567,-6.1171,0.45469,-30.327,-0.15561,18.237,0.87231,-18.183
42.4,-0.0071929,0.006289,0.006621,-0.98396,0.00043636,0.0013989,0.0063276,-0.50578,-5.1986,1.0431,-29.816,-0.91212,19.325,-1.3849,-16.709,-0.0020935,0.01952,-0.016539,-1.0117,-0.0027876,0.0048863,0.0023806,0.18993,-3.5726,-0.45128,-33.017,0.018816,17.364,-0.082315,-17.58
42.5,-0.0054649,0.014958,0.0010167,-1.0134,-0.006102,0.0097639,0.0002119,-0.053532,-5.2054,0.5894,-29.425,0.025751,17.362,-0.63043,-17.958,0.001294,0.021185,-0.0078001,-0.99275,-0.0076394,0.0063591,-0.0051637,-0.61151,-4.3664,0.43489,-30.301,1.5893,17.128,1.1654,-16.996
42.6,-0.013113,-0.0026636,0.0021583,-1.0025,0.0013302,-0.0031641,0.0069814,-0.2805,-5.418,0.57178,-29.378,-0.29268,18.576,-1.8429,-17.987,-0.0034718,-0.01718,-0.0054973,-1.0102,0.0016474,0.00036379,-0.0076341,0.075452,-3.8807,0.90595,-32.007,0.42741,19.295,-0.84082,-16.124
42.7,-0.021271,0.0072234,0.023075,-0.99852,-0.00568,5.6292e-05,0.0056565,-0.78046,-4.783,-1.2771,-30.572,0.90387,18.162,0.55975,-14.662,-0.00020848,0.0081445,0.0021316,-1.0058,0.00079441,-0.0087334,0.0016002,0.32525,-4.4648,-0.83273,-30.217,-0.86787,18.634,0.72653,-17.443
42.8,0.001057,0.0030894,0.00062323,-0.98762,-0.0058368,-0.0091154,0.01107,0.80907,-5.7059,-0.089208,-30.168,0.7993,17.924,-0.58288,-15.136,0.0029463,-0.0054368,0.0016894,-1.0097,-0.0045814,0.0015678,-0.0030578,1.3915,-4.1438,-1.313,-30.317,0.012217,17.422,1.0932,-15.902
42.9,0.0061257,0.0016586,0.012518,-0.98802,0.00030471,-0.005572,0.0028552,-2.6234,-5.5058,-0.92877,-31.834,-0.5768,17.491,-1.5694,-15.337,0.0053897,0.0098291,0.010318,-0.99293,-0.0048543,0.0023758,-0.0010879,0.53738,-5.4156,-2.3587,-30.148,-1.6078,16.496,-0.55699,-17.148
43,-0.015246,-0.0082833,-0.011725,-1.0032,0.0052886,-0.0052002,-0.0071985,1.0859,-3.8433,-0.015448,-31.717,-1.8745,18.115,-1.1536,-16.844,-0.010787,0.025334,-0.012141,-0.98679,-0.0024511,0.0068723,0.003782,1.7391,-5.8911,-0.60253,-32.367,-1.0308,18.9,1.6721,-15.495
43.1,-0.0078952,-0.0049759,0.0086792,-0.99227,-0.0069958,0.0098282,0.00052497,-1.685,-6.0004,-1.2122,-30.411,-0.33593,18.946,-0.60037,-16.408,-0.0048653,0.011679,0.0034481,-1.0027,-0.0078804,-0.0005975,-0.00601,0.2378,-5.6178,1.1636,-31.582,-1.175,17.953,0.38892,-17.078
43.2,-0.0094068,0.0071922,0.0010765,-1.004,0.0013239,-0.0016817,0.00059426,-1.4619,-4.1054,-0.2361,-29.534,0.097001,18.312,1.3607,-16.64,-0.0093352,0.0094396,-0.0016894,-1.0079,-0.0093406,0.005733,0.00072646,-1.063,-3.559,-1.1005,-29.433,1.9474,17.098,0.24834,-16.011
43.3,-0.008015,-0.017973,-0.011087,-0.99952,0.0011515,0.0053204,-0.0020426,-0.77718,-5.2928,-0.82974,-31.648,1.1692,17.182,0.049856,-16.659,0.0021435,-0.0095367,-0.0061205,-0.99092,0.00071732,-0.0042234,-0.002232,-1.1066,-5.0269,1.5455,-30.558,-0.38305,17.991,1.7147,-18.021
43.4,0.0070342,-0.0039036,0.0046364,-0.99648,0.0061569,0.0045311,-0.0059576,-1.2664,-3.6173,-0.88003,-32.043,1.218,17.597,0.47298,-16.773,-0.0045294,0.0044257,-0.0038302,-0.99298,-0.0050364,0.011922,-0.0081763,1.2915,-5.6342,0.66915,-30.481,2.0925,17.926,0.24405,-16.735
43.5,0.0030364,0.015643,-0.0099696,-1.005,0.005055,-0.013102,0.0023932,1.8415,-4.5769,1.2481,-29.821,-0.19409,16.606,-0.27898,-18.165,-0.0014638,0.0077029,-0.019148,-1.0052,-0.0035838,-1.1112e-05,0.0064317,0.036296,-5.5829,-1.3283,-28.919,-0.66795,16.58,-0.073733,-17.473
43.6,-0.0055411,-0.0047569,-0.0084562,-1.0138,0.00063137,0.0018258,0.008762,-0.34442,-5.3762,0.82109,-30.994,1.7238,15.417,-0.018348,-18.325,0.0065448,-0.01543,0.013718,-1.0121,-0.0014064,0.0060224,-0.0095948,1.7181,-4.0744,-1.0086,-30.375,-1.1897,16.382,0.58219,-17.734
43.7,0.019803,-0.0035431,0.0030575,-0.99443,-0.0050074,0.00063568,-0.0043224,0.73808,-5.4933,-2.2256,-31.992,0.4507,18.356,1.2553,-17.929,-0.00052883,0.0094845,-0.0046431,-1.0128,-0.0044985,0.00082218,-0.0025137,0.1012,-4.6634,-1.511,-30.893,1.213,18.696,0.99601,-16.592
43.8,-0.0039573,0.0067823,0.016871,-0.99043,-0.0019629,-0.0021136,0.00089574,0.28578,-5.0731,-1.6751,-29.725,0.11693,17.362,-0.51098,-16.004,0.0084024,0.011112,-0.023789,-1.0013,0.00030953,0.0023766,0.0029927,-0.40732,-2.828,-2.0939,-29.869,1.8098,17.793,0.89147,-17.122
43.9,-0.013278,0.0087899,-0.013651,-1.0083,0.0011372,0.0045383,-0.00069171,1.8994,-4.6178,-0.51306,-31.414,0.46737,17.199,0.11039,-17.254,0.011472,-0.0016134,-0.008352,-1.0022,-0.00097282,0.0011591,-0.0026135,0.32958,-3.5144,0.13817,-28.643,0.36885,16.349,0.20968,-17.316
44,0.020871,0.016192,0.0016434,-0.99755,-0.0016676,-0.00028249,-0.0053924,-0.46026,-2.8103,1.9606,-30.478,-1.5488,19.487,0.088869,-18.205,1.268e-05,-0.00036503,0.00020334,-1.0102,-0.011748,0.0061261,0.00060343,-0.1309,-2.8824,-0.4725,-31.052,-1.259,14.363,-0.85025,-17.973
44.1,0.00062568,-0.0038656,0.0065613,-0.99913,0.00085891,-0.00025535,0.0015901,0.7567,-3.3808,1.4912,-31.814,-0.51048,17.27,-1.1968,-17.507,0.010985,0.005226,-0.011722,-1.0005,0.006563,-0.0051552,0.0074661,-0.0016918,-5.9953,-0.26838,-30.081,-2.1501,18.118,-0.45996,-14.051
44.2,-0.011712,0.011663,7.1393e-05,-1.007,-0.00059334,-0.0020416,0.0086764,-1.0847,-3.7777,1.5373,-29.127,-0.36145,17.653,-0.87632,-16.798,0.0015153,-0.008904,0.01077,-0.98679,-0.0039,-0.0011593,-0.0027591,-0.99381,-4.0501,0.44988,-29.634,-1.3242,16.249,-0.21825,-16.146
44.3,0.014892,0.0046454,-0.014087,-0.98495,-0.0048634,0.0019838,0.001794,-0.63802,-4.2302,0.50596,-32.199,1.2825,17.864,0.51799,-17.331,0.0051371,0.00053544,0.0039155,-1.0006,-0.0002487,0.0058864,-0.0067492,0.68348,-3.7072,-1.421,-30.448,-0.47227,16.899,0.24867,-14.76
44.4,0.01196,-0.013918,0.0024967,-1.0168,0.00097779,-0.0011735,-0.0058975,-0.96984,-6.1728,0.86149,-30.536,0.74063,18.482,2.1113,-17.691,0.0045508,-0.0021716,0.0037566,-1.0006,0.0016273,0.0038343,-0.0022545,1.4288,-4.491,1.1697,-30.115,-0.39227,16.411,0.41108,-16.441
44.5,0.0056293,0.012123,0.014221,-0.98367,0.006408,-0.00014256,-0.00062272,0.30192,-4.7177,-0.46354,-30.516,-0.77841,17.548,-1.2071,-18.258,0.012904,0.010439,-0.012308,-1.0176,-0.00097199,-0.00015464,0.00096061,0.71613,-3.7999,0.40629,-30.917,1.1529,17.952,0.36144,-17.519
44.6,0.0021567,-0.0078379,-0.012173,-1.0197,0.0045375,0.0046599,-0.0024561,2.6149,-5.9044,0.27667,-30.984,-1.1649,17.361,-2.2583,-17.067,0.0021603,0.0054124,0.0084206,-1.0118,0.0014963,0.00039444,0.003379,0.0096898,-3.5774,1.0643,-30.382,0.58109,18.458,-1.9256,-17.941
44.7,-0.012729,-0.01082,-0.0060344,-1.0087,-0.0041825,0.00085418,-0.007625,-0.31399,-5.0552,-0.35351,-31.558,-1.4467,17.777,0.94208,-16.399,-0.0071867,0.0098858,-0.0015567,-1.0009,-0.00016954,0.0043946,-0.0026756,1.1683,-4.8726,0.40341,-30.363,-0.42873,18.624,0.33222,-15.804
44.8,0.010634,0.0060783,-0.014311,-1.0005,0.0041408,0.0033191,-0.0015916,-1.1869,-4.7537,-2.196,-30.145,0.59936,17.154,1.0141,-18.119,-0.014212,0.0075223,0.0061006,-1.0057,0.0064835,0.0045197,0.0031147,-2.2869,-4.7628,0.82499,-31.243,-2.2792,16.864,-0.33528,-15.775
44.9,0.011941,-0.0040483,-0.018375,-0.98907,-0.0052348,-0.0036582,-0.0015604,0.57083,-5.9439,-0.53718,-30.224,1.2074,19.084,2.3529,-16.701,0.0068196,0.014529,-0.0062775,-0.99822,-0.00061442,0.0011052,0.0060074,-0.11241,-4.9813,1.3377,-30.808,-0.62067,18.402,-1.4704,-18.367
45,-0.0040369,0.016491,-0.0033352,-1.0032,-0.0030025,0.0047571,-0.0099154,-0.99349,-4.5006,-0.31144,-30.13,0.21139,18.018,-0.91909,-17.579,0.0052521,-0.011983,0.010823,-1.0212,-0.010994,-0.0093545,-0.00077313,1.4119,-4.758,-0.45576,-29.315,1.1065,16.856,-0.70466,-17.328
45.1,-0.0081629,-0.011812,0.010375,-1.0097,-0.0018487,-0.0028123,0.0089246,1.1774,-4.5383,0.77324,-30.591,-1.6851,17.932,-1.5295,-17.622,0.013567,-0.0045554,-0.0057743,-1.0063,0.0020194,0.0049988,-0.006158,1.4593,-5.5978,-0.62376,-31.965,2.0233,17.845,0.65524,-16.561
45.2,0.010459,-0.020351,-0.0032161,-0.99609,0.0060556,-0.0052715,0.004333,-0.9622,-3.7482,0.76965,-29.676,1.7222,17.194,0.1665,-17.842,0.0029128,0.0038276,-0.014238,-1.0135,5.7882e-05,-0.0059259,0.0028928,-0.19954,-3.2852,-1.8498,-29.407,3.0398,17.18,-0.49045,-16.761
45.3,0.0063882,-0.0021793,0.00021137,-1.0006,-0.015072,0.0014354,-0.009726,-2.2604,-4.2663,-0.17047,-31.343,0.78426,18.529,-0.0834,-16.997,-0.010157,0.015122,0.0072309,-0.98465,-0.0092683,-0.0034798,-0.007949,1.2796,-5.8222,1.9179,-30.857,-0.52926,16.679,-1.4534,-15.55
45.4,-0.0029907,-0.0015726,-0.016068,-1.011,0.0050246,-0.0065715,-0.0017085,1.5954,-3.997,-1.0858,-29.062,-0.32341,17.801,-0.082876,-17.92,-0.01486,0.0071175,0.010234,-0.98798,0.0013738,0.0065604,-0.0056932,1.0058,-3.5061,0.52132,-29.961,-1.8143,17.914,-0.87196,-17.209
45.5,0.014164,-0.0047483,-0.00015803,-1.0177,-0.0040214,-0.0088059,-0.0031145,-0.59366,-4.8827,0.30204,-30.726,-0.53196,17.218,-0.26731,-16.34,0.0036616,0.0045711,0.0019795,-0.99335,-0.0046808,-0.00041226,0.00061996,0.904,-3.5632,2.1972,-28.637,-0.2381,18.518,0.26153,-16.99
45.6,-0.00014893,0.011319,-0.011845,-1.0082,0.00071005,0.0056227,-0.00084966,0.45669,-4.0661,-0.47643,-30.579,0.48188,17.402,1.8295,-16.719,-0.0054961,0.016837,-0.010321,-1.0033,-0.0089425,-0.0046987,0.0058092,-1.5725,-4.3225,0.20387,-30.388,0.00072734,17.534,-0.81252,-17.668
45.7,-0.00069838,0.028055,0.003789,-1.001,0.0029149,0.0022776,0.00087471,0.11623,-4.7279,-2.1608,-31.633,0.97596,19.048,0.43298,-17.451,0.0025939,0.0049077,-0.0070737,-1.0046,0.004753,0.0075665,-0.0019027,-0.75787,-5.6575,-1.1421,-32.245,0.75781,17.192,1.7675,-16.603
45.8,-0.00037832,-0.0035786,0.0055908,-1.0063,-0.0017614,0.0077579,0.0038991,-0.13849,-6.3525,-0.63473,-30.977,0.97194,17.341,0.15601,-14.86,-0.011441,0.01205,0.00019695,-0.99159,0.0029568,0.0061104,0.00032443,1.8075,-3.6985,-0.3403,-30.823,0.56426,18.664,-0.93053,-16.371
45.9,-0.015423,0.005485,-0.016,-0.99311,-0.0014288,0.00012937,0.000139,0.6025,-6.1776,-0.035987,-30.303,-0.38255,17.222,-1.2828,-15.554,-0.0034381,-0.014741,-0.0047583,-0.99583,0.0023804,-0.0018713,-0.00614,1.0572,-5.5366,1.3169,-30.946,-1.0757,16.863,-1.1691,-16.162
46,0.0046835,0.0012557,0.0033034,-0.99852,-0.0060108,-0.004087,0.011443,1.8666,-3.811,0.35862,-29.147,1.371,19.915,0.41728,-15.961,0.011158,-0.0067408,0.0026109,-1.0189,0.0068646,-0.0058921,-0.0030202,0.85089,-3.7447,-1.0915,-30.584,-0.73645,18.231,1.1963,-17.511
46.1,0.009661,0.010968,-0.0055326,-1.0011,-0.0076336,-0.0026293,0.00092163,0.32932,-3.3723,-0.95377,-30.168,1.4321,18.706,0.32405,-16.501,0.015733,-0.0064137,0.0049209,-1.0146,0.0046385,-0.011486,0.0034198,-0.98794,-3.2432,-1.4049,-28.419,0.5193,15.502,-0.16369,-14.934
46.2,0.0040613,-0.007198,-0.0033863,-1.004,0.0041473,0.0081095,-0.0049988,-1.2317,-5.4845,-2.0262,-30.94,-0.45963,18.725,2.9151,-17.119,0.0056747,0.0092367,0.016829,-0.99244,0.0085026,-0.0014374,-0.002751,0.04558,-3.8199,0.36508,-30.54,-1.301,17.056,1.7669,-15.677
46.3,-0.0042605,0.0066675,0.00096935,-0.98846,-0.0025285,-0.00067625,-0.0085312,-0.33192,-4.2957,1.0902,-32.087,-0.097311,16.449,0.94508,-15.899,-0.002711,0.00048764,0.0086791,-0.99748,-0.0039582,0.001098,-0.0015893,0.45119,-4.4784,2.1619,-27.949,-0.32381,16.46,0.48712,-15.708
46.4,0.0028032,0.005736,-0.0097574,-0.9992,0.00077981,-0.0041543,0.0082835,-1.4995,-3.4694,-0.09158,-33.472,-2.617,17.75,-1.7083,-17.038,0.001026,-0.0079352,-0.013398,-0.99337,-0.00029214,-0.00054534,-0.0045065,-0.98181,-5.2638,1.8784,-30.471,-2.1137,15.911,-0.82747,-17.908
46.5,0.003527,-0.0075616,-0.0069367,-1.0008,-0.0085331,0.0015296,-0.0042718,2.8084,-4.7758,2.4861,-30.752,0.49665,17.105,-0.22973,-16.151,-0.0060503,0.017786,0.009515,-1.0016,0.00048213,0.00084306,-0.0052013,1.0574,-5.8427,-0.35684,-29.877,2.4115,17.018,-0.32595,-16.482
46.6,-0.0061197,-0.0055279,0.0057015,-1.0012,-0.00086536,-0.0049299,0.0084331,0.18695,-3.971,-0.68193,-30.639,-0.8246,15.927,0.11058,-18.489,-0.0092071,-0.0097583,0.0056252,-1.0161,-0.010589,0.0018022,0.010806,0.16403,-3.0324,-0.75095,-30.735,-0.007778,16.606,1.1224,-17.634
46.7,-0.0059525,-0.0023498,-0.023248,-0.99797,-0.0047294,0.002212,0.00057139,-1.2669,-5.3724,0.038357,-32.039,-0.72395,15.759,0.0077627,-15.955,0.0081495,0.0095801,0.0053821,-0.99131,-0.0034159,0.00077786,0.0012765,-1.1927,-4.3631,-1.7954,-31.728,-0.40806,17.585,0.51695,-15.462
46.8,-0.012734,0.0062971,-0.0021375,-1.0039,-0.00050461,0.0013595,-0.0033854,-0.98997,-6.4028,-1.4388,-29.842,-0.26563,18.287,1.3865,-16.68,-0.0066091,-0.021836,0.015774,-1.0055,0.0070661,-0.0016703,-0.00015868,0.63607,-5.9363,0.2299,-30.407,1.2389,17.46,-1.0746,-13.742
46.9,-0.015566,-0.01404,-0.0065377,-1.0112,0.0040344,0.011342,0.0034679,0.053553,-5.7464,-0.78644,-30.891,1.1305,18.099,-1.7002,-17.631,-0.0066874,0.017801,0.0079242,-1.0011,-0.0046432,-0.0054823,0.00030312,1.1672,-3.5359,-0.6003,-30.421,0.29994,15.776,0.8751,-14.841
47,0.0011651,0.0015399,-0.0074488,-1.0155,0.0050235,0.0055263,-0.0089499,-0.72317,-4.2126,1.0823,-31.146,-0.40014,17.179,-1.3648,-14.674,0.005093,0.0091576,0.013534,-0.99768,-0.0069344,-0.0021393,0.015141,0.033347,-3.8752,0.97204,-28.801,-0.6245,17.988,-1.6809,-16.373
47.1,0.0033907,-0.0085799,0.0047718,-0.99502,0.0041185,-0.0011173,-0.00062833,-0.44525,-5.4955,1.653,-31.792,-0.73277,15.756,-2.7641,-17.196,0.0061903,0.0062396,0.0073855,-0.99793,0.0032147,-0.0050977,0.0054637,0.021316,-4.352,-0.0091802,-32.339,-0.37739,18.094,-0.91395,-16.364
47.2,-0.0019209,0.0037541,-0.0033017,-1.0059,-0.0011845,-0.0006549,0.0036936,-1.0654,-3.0412,0.33435,-33.083,1.7358,17.917,1.1902,-18.044,-0.0013718,-0.009542,0.020505,-0.99343,0.0045358,-0.0039405,0.0022123,-1.4892,-1.9178,-1.8359,-31.357,0.73563,16.222,0.83931,-17.395
47.3,-0.020971,-0.0017268,0.0062332,-0.99418,0.0070155,-0.0029026,-0.0068523,-1.5453,-5.8129,-1.3577,-32.092,0.48447,16.726,1.2338,-17.539,0.020855,0.018437,0.0013768,-0.987,0.0081832,0.0061514,-0.00149,-0.44882,-4.6932,-2.4953,-31.598,-0.17114,15.636,-0.27014,-16.385
47.4,0.0068115,0.0097769,0.0056633,-1.0127,0.0019194,0.0054882,0.0072683,-1.6267,-4.5383,-3.0767,-29.701,1.052,17.23,-0.65148,-16.515,0.019018,0.0032325,0.014534,-0.98098,0.00032192,0.012734,0.00036151,-0.97038,-4.5924,-0.82544,-33.339,2.0796,18.313,0.50708,-16.147
47.5,-0.0041145,0.0046645,0.010204,-0.98934,0.0080246,-0.0022789,0.009034,-1.0943,-5.1774,-1.3185,-32.253,-2.2333,19.903,-1.4071,-14.478,-0.0019473,-0.0085042,-0.001333,-1.0052,-0.0072671,-0.005381,-0.00037493,0.75513,-4.6529,-0.50344,-31.339,-1.0128,17.389,-3.0155,-16.698
47.6,-8.8707e-05,0.01027,0.0091344,-1.0028,-0.00032524,-0.0037603,0.0014886,-0.7334,-4.323,-0.68754,-29.787,-3.7446,19.062,-1.7381,-14.435,-0.0024961,0.0016925,-0.0023116,-1.0057,0.00054403,0.011474,-0.010611,0.42339,-4.0283,-0.56389,-29.447,-0.34355,16.71,0.090455,-16.295
47.7,0.0047011,0.0064638,0.0010844,-1.0041,-0.0014676,-1.3813e-05,0.0072841,0.52707,-4.252,-1.4913,-32.431,-2.6914,18.081,0.73509,-15.083,0.025162,-0.0037516,0.00024368,-0.98696,-0.0070911,-0.0026451,0.0098627,1.5106,-4.1825,-1.8075,-32.444,-0.074711,16.805,-0.97138,-16.574
47.8,0.010814,0.017683,-0.0088613,-1.0007,4.8018e-05,0.0076902,0.00070533,-0.65324,-4.8446,-1.3968,-34.467,0.056774,20.582,-0.31265,-17.595,0.0019909,-0.0093355,0.012612,-0.98637,-0.0079623,0.0020882,-0.0071302,-2.1244,-3.8397,-0.99203,-30.137,1.4668,18.921,0.82452,-18.499
47.9,0.003786,-0.00093334,0.012783,-0.98403,0.0131,0.0022152,-0.0036942,-0.063903,-5.6965,-1.1493,-31.813,1.1474,16.73,0.30331,-17.016,-0.0081248,0.0074557,0.021278,-1.0003,-0.0052734,0.0023063,-0.0075932,-1.8057,-4.3702,0.1047,-32.575,-1.0412,19.421,0.77469,-14.674
48,-0.0051246,-0.026872,0.00027182,-1.0045,0.0048051,-0.0048866,-0.0055373,0.16779,-4.219,2.2493,-31.192,0.77403,17.833,-2.8561,-16.304,0.0001079,0.017219,-0.0040609,-0.99013,0.0069383,-0.001916,0.0041848,-0.16832,-4.9747,0.67011,-30.878,-0.65878,18.985,-1.0048,-17.028
48.1,0.0077973,-0.0089856,0.004633,-1.0033,0.0085284,-0.0016797,-0.0077661,-0.24016,-4.2852,1.1542,-32.739,-0.26774,18.035,0.66257,-17.357,-0.011123,-0.012063,-0.0051522,-1.0196,0.0059771,-0.0039252,0.005776,-0.06139,-3.8634,0.96791,-30.97,-0.50371,17.574,-0.11923,-16.07
48.2,0.020997,-0.010505,0.00054961,-1.0055,0.0052565,-0.0029488,0.0016593,-0.86255,-6.1285,-1.4304,-31.824,-0.1979,17.309,0.35547,-17.674,-0.0038245,0.0086644,0.020076,-1.0101,-0.010187,-9.757e-05,-0.0025956,0.61128,-3.7904,-0.82921,-33.442,1.1153,16.688,0.25197,-16.322
48.3,-0.0022682,0.013175,0.0031465,-1.0012,-0.0028716,0.0007141,-0.002463,0.3533,-5.6948,-1.1586,-31.32,0.196,17.942,0.2326,-18.697,-0.0029476,0.0016641,-0.012732,-1.0191,0.0014562,0.0026372,-0.0034871,-1.7129,-2.1915,-2.4981,-31.103,0.71798,16.945,0.18507,-15.114
48.4,0.0047624,0.0033835,-0.0063133,-1.005,0.001856,0.0075475,0.0029445,0.31289,-4.0108,0.42526,-33.399,0.0089971,17.266,-0.47361,-16.577,0.0076091,-0.0089607,-0.0071593,-1.0104,0.00046758,0.002694,0.0053905,-1.0195,-4.5858,0.24649,-31.488,1.3567,16.767,1.9199,-15.04
48.5,0.016641,0.014312,-0.0037023,-1.0046,-0.00091998,0.0044281,0.010268,-0.15208,-4.8509,-0.099284,-32.635,0.27018,18.86,-1.6161,-15.401,-0.011743,2.0934e-05,0.0083963,-1.0029,-0.00029922,0.0053523,-0.0069575,1.2925,-5.5854,-1.1574,-33.131,0.092606,19.831,-1.2179,-17.128
48.6,0.0081871,0.011912,-0.00060992,-1.0094,0.0023414,-0.0015069,0.0074197,-1.4355,-4.4496,-0.34549,-33.46,-0.18475,18.968,0.11398,-17.501,0.0066332,0.020768,-0.0041132,-0.99063,0.0028948,0.0073071,0.0024294,1.1596,-3.0499,-1.1239,-33.163,-0.43933,16.738,-2.6673,-16.566
48.7,0.02249,0.008482,-0.0025921,-1.0184,0.0069454,-0.0030141,0.0090468,0.35371,-5.8728,0.80943,-31.465,1.338,15.969,0.84297,-17.082,0.012769,-0.0069041,0.006611,-0.99476,-0.0065237,0.013426,-0.0022335,-2.4975,-4.717,-0.57697,-31.302,-0.85758,18.03,1.0463,-16.05
48.8,0.0072925,-0.0014414,0.00015018,-0.99964,0.00081013,0.0044158,0.0044384,1.0558,-3.8123,-0.55502,-31.296,0.50322,18.699,-1.328,-19.399,-0.0077032,-0.012895,-0.0011186,-0.99619,0.0036803,-0.0031335,0.0025124,-1.0511,-3.3427,0.67135,-31.92,0.45914,18.106,-0.32465,-16.006
48.9,-0.010621,0.010676,-0.023445,-0.99742,-0.005987,0.00065706,-0.0016962,-0.010187,-4.987,1.2664,-32.156,-0.88284,17.209,-0.99006,-15.41,-0.0042799,0.0013,0.0072124,-1.0048,-0.0065203,0.00084852,-0.0011007,0.41338,-4.7497,-1.5005,-32.59,0.82319,17.067,1.1665,-15.201
49,0.010314,-0.015614,0.0038994,-1.0024,-0.0017303,0.0029213,0.0047192,-0.26674,-2.7823,-0.91049,-32.175,0.19055,18.804,0.056338,-17.848,0.0016039,0.0056024,-0.0095024,-0.99575,0.0048575,-0.0067169,0.00043225,-0.26138,-3.7127,0.082567,-31.941,1.2719,19.075,-0.71432,-14.599
49.1,0.012821,0.0093872,-0.015714,-0.99019,0.0015851,0.0095734,-0.0042259,-1.0914,-3.9114,-0.19081,-32.877,0.40417,17.205,1.4556,-16.485,-0.012335,-0.017369,-0.0092717,-0.98435,-0.0038399,0.004899,0.0054033,0.087613,-2.7898,-0.70504,-32.482,-0.63899,16.101,-2.4318,-16.917
49.2,-0.012908,0.010323,-0.024056,-0.99168,0.00064949,-0.0019603,-0.0049265,-2.4063,-4.3922,-1.6811,-30.552,0.12781,19.144,-0.41389,-16.147,-0.0038813,0.00061045,0.0053701,-0.98996,0.0053195,-0.0053588,0.0024298,0.31534,-2.7474,-0.66273,-30.416,0.9468,17.204,-1.2351,-15.401
49.3,0.0078184,0.001377,-0.005549,-1.0049,0.0065021,0.0043741,0.0041531,1.5937,-3.0379,0.48173,-33.274,2.0711,17.932,-0.15517,-16.361,0.0085968,0.012534,0.017138,-0.98669,2.1429e-05,-0.00021463,-0.0068593,-0.7626,-3.9612,-1.407,-33.591,1.0156,17.581,1.3546,-18.382
49.4,0.019854,-0.0010199,0.0042842,-0.97753,-0.0056416,-0.0007768,0.0036026,1.0609,-5.0262,0.21867,-32.292,0.25331,16.633,-0.50359,-17.902,-0.0099243,-0.0045165,0.00076405,-0.99747,0.0058397,0.0044053,0.0071362,-2.905,-6.1368,-0.069971,-32.258,1.7071,18.576,2.1777,-16.351
49.5,0.0040115,0.014758,0.0061742,-1.0044,-0.0036364,0.00092336,-0.0024937,1.179,-4.294,-0.77332,-32.512,-1.0666,18.282,1.5016,-18.206,-0.011163,-0.0048469,-0.0035241,-0.98963,0.00079798,0.005952,0.0081559,-0.098213,-3.6749,-0.83603,-33.183,-1.4202,16.66,-0.09419,-15.998
49.6,0.0060178,0.0019502,-0.004127,-0.96666,-0.0045577,0.0026762,0.0023643,-0.081825,-3.3505,-1.6198,-32.937,1.4698,15.085,0.11592,-17.33,-0.010463,0.013478,0.0052736,-1.0044,0.0045313,0.0067393,-0.0026813,0.080234,-5.1892,0.30556,-32.352,-0.98757,16.802,0.19568,-15.472
49.7,-0.011704,-0.0036235,-0.0021713,-0.99913,0.008673,-0.0040825,-0.0038605,-1.2571,-4.0265,0.81706,-31.162,2.0184,18.842,-0.36553,-15.254,-0.0082965,-0.007478,-0.01451,-0.98518,-0.0036444,0.0049394,-0.0045194,0.99746,-4.4214,-1.6282,-33.707,0.45973,17.753,-1.4207,-17.126
49.8,0.00044841,-0.015969,-0.00018074,-0.99731,0.0013396,-5.107e-06,-0.0081133,-1.3015,-3.3367,1.4825,-31.905,0.19333,17.134,-0.81303,-15.771,0.0034838,0.017069,-0.012261,-0.98937,0.013799,-0.0016373,0.00091465,-0.19232,-3.5636,0.33487,-31.497,0.92768,18.871,0.96587,-15.487
49.9,-0.0041545,-0.010946,-0.0052319,-0.99304,0.003249,0.0024977,0.0038287,-1.1756,-4.0202,1.6577,-30.784,-1.6507,18.997,0.18031,-15.877,0.002126,-0.0016033,0.0087904,-1.0162,-0.0082865,0.0012507,-0.0010092,1.2867,-5.6527,-0.54234,-30.751,3.0085,18.216,-1.3035,-14.646
50,-0.0024606,-0.0027691,0.0065077,-1.015,-0.0026676,0.00028426,-0.00026179,-0.25101,-3.8103,0.29589,-34.286,-0.84268,18.496,-0.66835,-17.557,0.0038983,0.0058134,0.0074985,-0.99581,0.002428,-0.00060358,0.0098383,-0.12667,-3.6161,-0.31375,-31.6,-0.35282,17.435,-0.34226,-16.941
50.1,0.0071453,0.012929,0.018919,-0.99677,-0.002438,-0.0044566,0.0049813,-2.5033,-5.7778,-0.25031,-32.161,-0.30737,18.732,1.559,-15.998,0.0037363,0.0038781,0.0044829,-0.99988,0.002717,-0.0059713,0.00018742,1.0898,-3.92,0.75657,-34.949,-1.7144,18.478,-0.98822,-17.868
50.2,0.012914,0.01027,-0.0018031,-0.9967,-0.0021958,0.0015321,0.0027643,0.66545,-4.0472,-1.7942,-31.149,1.1315,17.045,-0.56608,-17.643,-0.012968,0.0049098,0.0043887,-1.0095,0.0054601,0.0015506,0.0084422,1.2194,-2.9703,1.119,-32.78,0.98317,17.425,0.34587,-17.981
50.3,0.015046,-0.012658,-0.0082526,-0.99803,-0.0075645,0.0017943,-0.006827,0.65248,-4.3756,-0.2667,-33.007,-0.59817,17.89,-1.2251,-16.565,-0.0080867,-0.002341,0.013333,-1.0069,0.0053722,-0.0095295,-0.0059919,-0.52767,-3.4138,-1.0833,-31.408,0.57351,19.289,-0.13057,-16.171
50.4,0.0044956,0.012155,0.022454,-1.0096,-0.003814,-0.0048486,0.0056763,1.0677,-3.7993,-0.66352,-33.625,-0.37881,16.852,0.14609,-15.04,0.0073915,0.0094876,0.010355,-0.99801,-0.0026354,0.0019533,0.0040549,1.9305,-3.8694,-1.6855,-33.029,-1.1141,17.076,0.60679,-15.726
50.5,0.0090249,0.013967,-0.013218,-0.99285,0.0046841,-0.0047052,0.0045478,-0.14726,-5.7097,0.34116,-33.052,0.23499,17.081,0.33813,-15.316,-0.01165,0.015193,-0.0027125,-0.99526,-0.0026629,-0.005148,-0.0046091,0.07273,-3.3194,0.47408,-31.567,0.67671,16.964,-0.10773,-14.898
50.6,0.0015937,-0.011642,-0.007238,-0.9882,0.00019798,-0.00091784,0.0069913,-0.1434,-2.395,-1.7571,-32.709,2.1761,15.97,-0.46535,-16.638,0.024076,-0.0096449,-0.0010347,-0.98723,-0.0015493,0.0066844,-0.0067824,1.7167,-2.5098,1.1914,-33.865,-2.2094,18.604,-2.3266,-17.24
50.7,-0.013535,-0.0012027,0.0066485,-0.99642,0.0073219,0.001802,-0.0059053,-0.36117,-5.8439,-0.17033,-32.799,1.8647,17.286,-0.19861,-17.453,0.0054471,-0.022325,0.015989,-1.0056,-0.0007291,-0.0028792,-0.00054321,-0.2178,-2.215,-0.09155,-29.609,0.65456,17.981,-0.16941,-15.681
50.8,-0.0080427,0.011294,0.0074264,-1.0284,0.0033169,0.003952,-0.00015679,-0.89387,-5.1111,-2.0567,-32.073,1.0981,18.519,-1.415,-15.607,-0.0005709,-2.3914e-05,0.012055,-0.99553,0.0015945,0.00062593,0.0026252,-0.78956,-5.1745,0.02876,-32.313,-0.64498,16.372,1.6985,-13.955
50.9,-0.0087473,0.015693,-0.0020329,-1.0124,0.0082028,0.0054813,0.0068638,-0.060864,-4.3537,0.32453,-32.367,0.026047,16.684,0.28432,-14.89,0.00075823,-0.0026658,0.0073471,-0.98941,0.0060644,0.0049828,-0.0013304,-0.88344,-3.7903,-0.7301,-32.645,0.87052,15.396,1.0919,-17.008
51,0.0069355,0.0021204,-0.015375,-0.98666,-0.00061396,-0.0012653,-0.00069118,-0.2896,-2.3332,1.0301,-32.646,1.6634,17.552,0.45993,-16.858,0.0084922,-0.0044097,-0.013421,-0.99794,-0.0018059,-0.0043124,0.0056918,-0.10959,-5.224,-1.3453,-32.473,0.28606,19.212,-0.069923,-13.999
51.1,-0.014658,0.011326,-0.00014553,-0.98757,0.0052526,-0.0048224,0.0015341,0.066684,-4.6631,-2.1185,-31.069,0.78426,17.986,-0.36503,-17.013,-0.002808,0.0048808,-0.0062088,-0.98103,-0.003844,0.0046706,0.0067244,0.77284,-5.572,-0.52238,-32.369,-0.51489,17.279,-1.8333,-17.432
51.2,0.0025278,0.0049226,0.0042755,-0.98519,0.0039403,0.0077036,-0.0019825,-1.2868,-4.5907,-2.5203,-31.788,-0.14907,19.323,-0.28499,-15.654,-0.0065907,0.015883,-0.010387,-0.99846,-0.00082109,0.0029919,0.0016142,1.0916,-3.7075,0.51539,-31.374,-0.27985,16.014,-0.20916,-16.51
51.3,0.0093362,0.010903,-0.0052798,-1.0129,0.0075723,-0.0066371,0.0040768,0.38016,-3.9212,-0.76017,-34.074,-1.9672,19.005,-0.073986,-16.121,0.0033012,-0.0062282,0.023005,-1.008,0.010296,-0.0021609,-0.011043,-0.1649,-4.1693,-1.32,-32.593,0.96517,16.027,0.95317,-15.394
51.4,0.0075369,0.0091149,0.0096209,-1.0023,-0.0033671,-0.00062811,0.0033679,-0.94098,-6.2348,0.25064,-32.963,-0.32991,18.632,0.8199,-17.083,0.0037908,-0.019554,0.0033963,-1.0067,-0.0020114,0.0047467,0.0068356,-1.5661,-1.5338,-1.2933,-33.509,0.34772,16.564,0.88098,-15.307
51.5,0.0010584,0.019065,0.00036976,-0.99793,-0.0060549,0.0047122,0.00017474,1.1974,-4.4771,1.1364,-32.71,-1.0549,18.125,-1.27,-17.158,0.0087702,-0.023217,-0.0018326,-0.98597,0.0028374,-0.0029304,-0.0013555,2.1787,-2.0065,-0.080585,-32.809,0.6498,19.775,-1.1217,-16.698
51.6,0.00094913,0.0010429,-0.003425,-1.0256,0.0035765,0.0032643,0.0061235,0.90525,-5.1977,1.053,-33.21,0.30976,20.189,0.92828,-18.058,-0.0062647,0.012554,-0.003857,-1.0228,-0.0047066,-0.0059049,-0.00040992,0.97071,-2.7138,-0.018859,-31.866,-0.88738,16.587,0.46572,-16.815
51.7,0.022248,-0.0030079,-0.0035326,-1.0091,-0.0043318,-0.00061674,-0.0035032,-0.25266,-3.5786,0.45988,-32.112,0.091773,19.858,-0.21483,-18.41,0.0056495,-0.0032739,3.6313e-05,-0.9918,-0.0029941,0.0098407,0.0057043,0.36085,-4.305,-1.4529,-32.453,0.024053,18.074,0.74345,-15.718
51.8,0.0058107,-0.003249,0.0041444,-1.0058,0.0027307,0.01191,0.0034839,-1.4863,-5.3874,-0.66494,-33.085,1.5946,18.056,0.0412,-17.228,-0.018108,-0.01333,0.0013267,-0.99623,-0.0066112,0.0069591,-0.00020287,0.067974,-4.6077,-0.42804,-33.965,0.20636,16.882,-0.34867,-16.476
51.9,0.0069365,-0.0090762,-0.0034878,-1.0039,0.0026829,-0.00079305,-0.0022039,0.67484,-5.0046,-0.41787,-33.407,-0.027615,18.463,0.89358,-18.062,0.019313,0.0042084,0.0018945,-0.98096,-0.0059039,-0.0063797,0.0049154,1.9055,-4.7631,2.308,-31.963,-1.3606,18.313,-1.1897,-16.275
52,-0.0023951,0.0084916,0.018702,-0.99716,0.0024169,0.0044174,-0.005916,0.727,-4.7401,0.15222,-34.705,0.048385,20.693,-0.54596,-16.54,0.010549,-0.01406,0.00061058,-1.0004,-0.0060565,-0.0019733,0.0053173,0.14802,-2.0381,-0.011168,-33.602,-0.57194,19.269,-1.5281,-18.492
52.1,0.0012378,0.0082719,0.00040559,-0.99419,-0.0043085,0.0095885,-0.0011219,1.5391,-6.0251,-1.0201,-33.393,-0.049973,17.467,-0.64694,-16.335,0.0086937,0.0027596,-0.0142,-1.0045,-0.0091655,-0.0052195,0.0028699,1.2028,-3.7801,-1.7986,-33.501,0.9392,17.955,1.0424,-15.007
52.2,0.020444,-0.011073,-0.0080786,-0.99087,-0.0081626,-0.0012161,-0.0026054,1.0383,-4.4158,-0.16378,-33.607,1.5921,19.604,-1.1834,-17.157,0.0099738,-0.011749,-0.022637,-0.99323,-0.00097192,-0.0001545,0.0011527,-1.6145,-1.2462,-2.0369,-34.502,1.1314,18.313,1.0039,-16.986
52.3,-0.025929,-0.0094143,-0.0041949,-0.98157,-0.008306,0.0063707,-0.0054751,-1.8027,-4.3082,-1.2834,-33.5,0.79549,17.195,-0.67232,-16.559,-0.0012237,0.0030212,-0.00027107,-1.0033,0.00082786,0.0021379,-0.008661,-0.54091,-6.9052,-0.053064,-34.375,1.0709,17.679,3.0763,-14.39
52.4,0.0022208,0.012394,0.00056818,-0.98915,-0.001436,-0.0061719,-0.0030281,-1.2026,-2.9158,-0.64473,-32.755,0.57143,18.835,1.4235,-17.109,-0.0038777,-0.0050267,0.0021267,-1.0139,-0.010475,0.0017536,-0.0032752,-0.4148,-4.2861,0.75186,-35.521,0.41501,17.912,0.44073,-15.437
52.5,-0.0086202,0.0029259,0.016154,-1.0183,0.0093121,-0.0038651,-0.0036836,-1.5742,-3.3941,0.1524,-33.612,0.99126,17.225,1.653,-16.96,0.0084312,0.0010535,0.017454,-0.99608,0.0006429,-0.004731,-0.002393,1.0764,-4.1643,1.1315,-32.614,-0.32269,15.274,-0.02338,-16.925
52.6,-0.0050603,-0.0023282,0.00074748,-1.0121,-0.00049168,-0.0042783,0.0084914,0.11161,-2.7325,-0.7107,-34.315,-1.6082,19.674,-2.4638,-16.078,-0.0036757,0.0015529,0.0029152,-1.0072,-0.0007178,-0.01167,-0.0030865,-0.39211,-3.1392,-1.2947,-32.343,0.039383,16.148,1.4782,-16.588
52.7,0.0057428,0.01057,-0.00065654,-0.99764,-0.0107,0.0026992,0.0018257,1.4813,-2.8652,-0.31259,-33.017,-0.13263,21.331,-1.4464,-18.444,-0.0092209,-0.016682,-0.0054956,-0.98994,0.0049762,-0.012471,0.0079549,-0.16934,-3.6463,-0.46025,-34.766,-0.51972,18.689,1.0609,-18.113
52.8,0.010401,0.0074659,-0.0074754,-1.0199,0.0016225,0.0038114,0.0035454,-0.49859,-6.1552,0.084775,-33.53,-0.53793,17.162,-1.2063,-18.032,0.0061266,-0.0062757,6.0121e-05,-0.98639,0.0017625,-0.0057234,0.00015531,0.37403,-5.4667,-0.83585,-32.765,0.24745,16.925,0.62135,-16.811
52.9,0.01387,-0.01563,-0.0087057,-1.0075,-0.0069557,0.0041051,0.0043067,-2.7122,-4.7775,-0.46945,-34.013,1.3638,18.986,0.43189,-17.014,-0.012123,0.010398,-0.0091813,-1.0032,0.0035038,-0.0089168,0.0010795,0.44018,-4.3075,-0.21282,-34.569,1.4619,17.427,-0.032469,-13.295
53,0.021071,-0.018116,0.0017635,-1.0107,0.0031574,-0.0024697,0.0097791,2.9197,-5.3039,-1.6127,-34.727,0.46056,19.225,0.65321,-19.179,-0.0077545,0.0001178,-0.011404,-0.99688,-0.0068321,0.0044153,0.0020398,1.4246,-4.5822,-0.21566,-33.446,-0.63816,18.237,-0.43996,-17.126
53.1,-0.0023126,0.0033999,-0.015774,-0.99727,-0.0040629,-0.011699,-0.0010132,0.6446,-4.5147,0.60878,-34.066,1.6563,19.041,0.613,-17.472,0.022904,-0.0049161,0.0072114,-0.99684,-0.0079122,0.0041515,-0.0016027,0.74874,-3.9728,0.67004,-33.036,0.45964,17.798,-1.0018,-17.206
53.2,0.018026,-0.007399,0.0033936,-0.99128,-0.0052938,0.0038264,-0.0052698,-0.3555,-6.4716,0.2595,-35.629,-0.82606,19.228,0.0011956,-18.656,0.011954,-0.014594,0.017607,-0.99523,-0.0057241,-0.0026078,0.00042467,-0.098593,-4.0589,0.0046942,-31.52,0.13989,18.998,0.12083,-17.071
53.3,0.013676,-0.024879,0.0076857,-1.0017,-0.0025189,0.0032785,-0.0022701,-0.050144,-3.4843,-0.45299,-33.809,-2.2197,18.541,0.60043,-17.974,0.0065696,0.00067483,0.00033865,-0.98259,-0.00012528,-0.012281,-0.00054066,-0.33804,-4.12,-0.049049,-34.353,0.59007,18.181,0.21613,-16.122
53.4,-0.0049513,-0.011458,-0.0057477,-0.99567,-0.0012986,0.0010285,0.004282,-1.8833,-2.3542,-0.060099,-34.922,0.26145,20.007,-0.90092,-16.35,0.016961,-0.012063,0.016266,-0.99883,0.006315,-0.0028523,-0.0024677,-0.57463,-1.593,-0.77228,-33.345,-1.9336,18.274,-0.77883,-16.802
53.5,-0.015996,-0.013429,0.0080693,-0.99877,-0.00053863,-3.0096e-05,-0.0084576,-0.0010595,-4.4048,-0.1354,-34.696,1.0501,18.007,-0.71526,-18.425,0.005188,-0.0048549,0.0038134,-0.98681,-0.0029941,-0.0016031,-0.0034693,0.35062,-3.6878,1.9411,-32.835,-2.8068,16.907,0.44231,-17.512
53.6,0.0042933,-0.014873,-0.0089453,-1.0179,-0.0002036,0.011165,0.00054435,-0.89512,-3.2746,-0.7942,-33.474,0.15617,16.748,-0.51299,-17.136,-3.0065e-05,-0.00046669,0.015625,-1.005,0.0031567,0.0039951,0.0047001,0.79113,-4.4576,0.2618,-31.909,-0.69793,18.256,-0.42239,-16.29
53.7,-0.0078479,-0.021455,-0.0074938,-1.0054,-0.0062719,0.0073462,0.0022864,-1.0521,-5.3015,0.58648,-34.472,-0.72042,17.692,0.31411,-18.148,0.011019,-0.0099212,0.00017641,-1.0056,-0.0073931,0.0048782,0.0018676,0.59205,-3.7082,-0.11433,-33.661,0.53145,18.14,-1.3908,-16.91
53.8,0.0086832,0.00088515,0.024154,-0.99763,-0.0030727,0.0056513,0.0020437,-0.20323,-4.3158,-0.021876,-35.015,-1.428,18.934,1.4496,-18.573,0.012641,0.009588,0.011241,-1.0081,0.00091968,-0.0023164,0.0056748,-1.0607,-3.7543,-0.55519,-33.278,0.72021,18.338,-1.0384,-17.078
53.9,-0.0086818,-0.00022668,-0.01274,-0.99429,-0.005443,-0.00083301,-0.0054495,0.36641,-3.8365,-0.48977,-34.351,-1.9301,19.607,-0.37594,-17.805,-0.011289,-0.0047793,-0.0035197,-0.99465,0.0024651,0.013875,-0.0061149,-1.3617,-3.1566,-0.19237,-34.889,0.65462,17.65,1.2633,-17.234
54,0.0053698,-0.018532,-0.002494,-1.0018,0.00090284,-0.0057413,-0.0041556,-0.99152,-2.0852,-0.35337,-33.358,-0.17014,17.418,0.28239,-16.51,0.00086874,0.0031865,0.0032329,-1.0121,-0.004269,-0.0113,0.0055602,-1.4594,-4.6747,-2.0351,-34.666,0.71388,19.861,-0.36754,-17.694
54.1,0.019208,0.010216,-0.0007279,-1.0118,0.00084318,0.0068017,-0.0075786,-0.98606,-2.1104,-1.4779,-35.179,2.3839,18.188,1.8613,-17.938,-0.013777,-0.00020286,0.0011127,-1.0094,-0.011618,0.011118,-0.0033777,-1.521,-4.0972,0.6347,-33.774,0.12838,18.702,0.12058,-16.177
54.2,-0.006227,-0.009491,0.00057206,-1.0001,0.00013938,-0.0021088,-0.0029659,-1.1693,-4.0622,-0.80502,-34.212,1.0908,19.547,-1.3549,-15.183,0.010642,-0.0076954,0.011981,-1.0014,0.0066372,-0.0040455,-0.0048004,-1.3474,-3.2787,1.2107,-34.77,-1.0209,20.102,-2.7486,-17.199
54.3,-0.012876,0.0031093,-0.017369,-1.003,0.00021209,0.00013337,-0.0024242,1.2771,-4.2893,-1.4403,-33.13,0.78743,18.852,-0.79699,-16.296,-0.0033614,0.0046407,-0.010797,-1.0065,-0.0020462,-0.0086821,0.0042335,1.5913,-3.6259,0.18892,-33.495,-0.81498,17.532,0.21646,-17.554
54.4,0.0033091,0.0059545,0.0025195,-0.98579,-0.0030154,0.0026093,-0.0040797,0.88492,-4.6381,0.21747,-35.612,1.3589,17.185,-0.77722,-15.855,-0.019123,0.011866,2.7066e-05,-1.0046,-0.01143,-0.0077794,-0.01075,-0.73792,-4.1075,-0.66268,-33.683,-1.3241,20.24,0.5081,-16.864
54.5,-0.0041374,0.00067539,-0.0084855,-0.98864,0.01119,-0.0042561,0.0019239,-1.0449,-4.6979,-0.032667,-34.295,0.8471,17.546,1.23,-16.347,-0.0072865,-0.013494,0.012237,-0.99973,-0.0036314,-0.0039366,-0.0017843,-0.61516,-5.4131,0.85546,-35.026,-0.71807,20.063,-0.44338,-17.009
54.6,0.0026876,0.012893,0.0034859,-1.0057,-0.0024897,-0.0030169,-0.00075746,-0.52411,-3.403,0.72536,-34.167,-0.20308,18.631,-0.19591,-16.088,-0.017408,-0.0082654,-0.0097392,-0.99097,-0.0030877,-0.004459,-0.0055131,0.97188,-3.7349,-0.4364,-35.733,1.2208,18.123,0.95083,-16.488
54.7,0.022166,-0.0078509,-0.006077,-1.011,0.00079675,-0.00082536,0.002008,0.45973,-5.0057,0.74288,-33.644,-0.59901,17.737,-0.47619,-17.388,-0.0048559,0.00082783,0.0044836,-0.99067,0.005916,0.0014392,-0.0016482,0.17741,-3.917,0.057613,-34.279,-0.23862,18.873,0.79228,-16.181
54.8,-5.856e-05,-7.8279e-05,0.0024367,-1.0174,-0.0022513,-0.0023661,-0.0055374,0.066025,-2.435,1.0861,-33.261,-1.3593,17.776,1.2846,-18.455,-0.019735,0.011682,-0.0041179,-0.99098,0.0046132,0.0030399,-0.001273,0.93787,-4.181,0.89615,-33.724,-1.0066,18.923,-0.209,-19.028
54.9,-0.0077125,-0.0071975,0.016998,-1.0157,-0.0079449,-0.0048623,-0.012583,-1.4627,-4.3861,-0.31605,-35.672,-0.1628,17.366,-0.052954,-17.412,-0.0019026,-0.010464,-0.011011,-0.99205,-0.0034601,-0.0059081,-0.01265,0.81905,-3.8274,1.4987,-33.15,-0.15788,18.816,0.26253,-18.028
55,0.0066684,-0.014359,-2.7481e-05,-1.0009,-0.00046468,-0.0027508,-0.0044377,-3.3641,-5.6455,-0.068361,-33.99,1.1735,17.77,2.1377,-17.715,-0.011872,-0.0050238,0.0019679,-0.98553,-0.0053139,-0.0016559,0.00035721,0.24545,-3.2938,-0.75239,-34.151,0.0086438,18.305,0.81151,-15.825
55.1,0.0018652,-0.010022,-0.015762,-0.99832,0.00039951,0.011985,0.0022915,-0.61839,-4.1386,-2.2513,-33.536,-0.06624,19.564,-0.29016,-18.133,0.0016956,0.016411,-0.0042419,-1.0066,0.0047798,-0.0039907,0.0028333,-1.1008,-3.8961,-0.52753,-35.476,-1.4357,17.451,1.9861,-15.464
55.2,-0.007996,-0.0081627,-0.0031249,-1.0037,0.0027189,-0.0017862,-0.0087036,1.3281,-3.0346,0.7348,-35.022,1.5551,19.002,0.75872,-15.043,-0.0051918,-0.0082197,-0.0028213,-0.99135,-0.0035855,-0.00090335,-0.0010585,0.56856,-5.1325,-0.53901,-34.642,-1.3828,19.078,-0.44549,-17.754
55.3,0.0027958,-0.019235,0.0037525,-1.019,-0.0067669,0.0046085,0.0063591,1.5038,-3.0853,1.5208,-35.083,0.84507,19.547,-0.9874,-16.944,-0.0005222,-0.011972,0.010182,-0.99135,0.0070776,-0.0046134,0.00033314,0.86198,-5.0593,1.0734,-33.82,0.89811,18.104,-0.095908,-16.362
55.4,-0.020799,-0.011538,0.0171,-1.003,0.0030303,-0.0015845,-0.0019543,1.7639,-1.1504,0.084703,-34.703,0.52227,19.804,-1.9298,-16.331,0.020182,0.0016239,-0.0086279,-1.004,-0.0084935,-0.0059943,0.00075903,1.6674,-3.6299,0.46137,-35.376,2.3714,17.026,-0.5389,-16.899
55.5,-0.00034493,0.0037854,-0.0079362,-1.0014,-0.0050765,-0.0035872,0.00089587,-0.25597,-6.2015,-0.92724,-33.964,0.78501,18.674,1.2246,-16.563,-0.00085412,0.0010104,-0.00028038,-1.0124,-0.0058615,-0.0075547,-0.0010598,-0.25451,-5.4099,-1.2195,-33.808,0.94664,18.061,0.7644,-15.505
55.6,-0.0016434,0.0023295,-0.011995,-1.0054,0.0063079,-0.0025456,-0.0044175,-1.1011,-3.9987,-1.4189,-35.296,0.1809,19.317,-0.22799,-18.778,-0.0030268,0.0038945,-0.0025699,-1.0099,-0.0025091,-0.012453,0.0010875,0.37847,-4.2814,-0.85336,-35.33,0.62348,17.739,1.3311,-16.348
55.7,0.0054623,-0.005935,-0.0069136,-1.0057,-0.00083047,-0.0035662,-0.001236,-0.91295,-3.6906,-1.2467,-34.943,-2.7963,19.868,0.74312,-17.621,-0.0035563,0.010356,-0.020809,-0.99286,2.7489e-05,0.0074284,-0.0018487,-1.1926,-3.1599,0.045417,-35.979,-0.88579,19.462,-0.73673,-17.009
55.8,0.01748,-0.00043848,0.0031057,-0.99981,0.0065665,-0.005606,-0.0024073,-0.67598,-5.1417,1.0985,-35.223,-0.93599,19.604,0.39619,-17.908,-0.0037158,-0.00054309,-0.0027389,-1.0189,-0.00081618,0.0038093,-0.0046141,0.71988,-3.8892,-1.3989,-33.917,-1.4651,17.511,-0.37001,-16.837
55.9,0.0070735,-0.016156,0.016295,-0.99319,0.0023687,0.006047,0.0035448,1.3611,-4.4386,1.3135,-34.323,-0.18966,18.17,-1.6801,-19.97,0.018891,-0.0013799,0.0043712,-0.99192,-0.0016271,-0.0057534,0.003086,0.16695,-2.9231,-0.1928,-35.771,-1.3512,17.567,-1.3894,-16.895
56,-0.0055718,0.0015959,-0.00097384,-1.0096,0.0043225,0.0046113,0.0059338,1.5582,-3.8325,0.83223,-35.268,-1.0534,19.17,-0.14225,-17.803,-0.0066457,-0.0077121,0.0027246,-0.99931,-0.0025817,-0.010171,-0.0046565,0.60879,-4.2791,-1.1049,-33.557,1.102,17.769,0.0073271,-16.767
56.1,0.00027625,-0.0021861,0.0061573,-1.0013,-0.00071041,-0.0011467,-0.00030422,-1.3802,-3.3397,-0.8778,-36.304,0.42368,18.885,1.4279,-16.886,0.00077467,0.01667,0.017777,-1.0125,0.0023814,-0.0039044,0.00047578,0.24707,-2.8444,-0.67113,-34.135,-0.2566,17.648,-0.94541,-15.533
56.2,0.0071855,0.022227,-0.018484,-1.0031,0.0070998,-0.0018924,0.0097961,-1.4588,-3.7707,-1.4539,-34.805,0.4523,19.665,0.88557,-17.578,0.010813,-0.0053438,0.019197,-0.97898,-0.0013362,0.0075515,0.00041096,-1.6729,-3.319,-1.6475,-35.575,1.6858,18.848,-0.42243,-15.313
56.3,0.010911,0.0089726,-0.020771,-0.98175,-0.0028552,0.0059729,0.0081669,-0.63686,-4.9163,-0.29523,-34.944,2.5081,20.215,-0.4085,-19.253,-0.0013411,-0.0044046,-0.0072094,-1.0297,0.0025578,0.00049904,0.0063773,0.55482,-3.9936,1.1837,-33.734,0.083248,16.142,-0.6966,-16.464
56.4,0.0058278,0.0082994,0.0033577,-1.0114,-0.003052,-0.00080903,0.0028558,0.52221,-4.3016,1.6054,-34.171,1.7314,18.376,0.65612,-17.714,-0.024615,-0.0089795,-0.0030325,-0.99969,-0.00047204,0.0018823,-0.0058862,1.5124,-1.9277,-0.48883,-36.703,-0.32548,18.21,-2.2087,-16.138
56.5,0.0056175,-0.0045265,-0.011198,-1.0004,0.003603,0.0034522,0.00071687,0.41079,-2.4871,-0.84564,-36.357,2.0546,19.121,-1.2737,-17.854,-0.0068827,-0.008042,-0.012585,-0.98587,0.0042907,0.00054692,0.0087825,-0.27615,-1.9627,2.7907,-36.001,-0.087785,18.41,-0.80942,-17.416
56.6,0.0052601,0.0069203,0.0020911,-1.0193,0.0051497,0.0060535,-0.0063337,-0.97732,-3.0546,1.8536,-34.359,-0.12994,20.109,1.4466,-19.701,-0.00085763,-0.0085424,0.0013994,-1.0117,-0.0060043,0.013257,-0.0045297,-0.64155,-3.1927,0.20117,-35.094,0.25558,19.12,1.3714,-14.896
56.7,-0.0054038,-0.015685,-0.018426,-0.99634,0.0075355,-0.0070268,0.0047642,-0.44175,-4.4854,0.065816,-35.947,-1.0779,19.593,-0.62383,-17.123,0.011502,0.0017947,0.01009,-0.99072,-0.002231,0.00028856,0.0040833,0.96687,-4.6746,0.33339,-34.394,1.6221,18.626,-1.2219,-17.37
56.8,-0.001849,-0.0085078,0.0068861,-1.0076,-0.0034847,-0.012986,0.0073267,-0.33455,-4.4505,-1.0377,-35.468,0.5553,20.141,-0.64225,-16.118,-0.015962,0.012744,0.014979,-1.0134,0.0012642,-0.0012508,-0.0027117,0.38632,-2.2821,-0.9875,-34.533,0.95028,19.097,-1.3036,-16.119
56.9,0.0088796,-0.011205,0.016945,-0.99592,-0.0022435,-0.0063413,-0.0080807,-1.6763,-3.1377,-0.47159,-34.789,0.31832,20.089,-0.76954,-17.549,-0.011104,-0.0037353,0.013427,-1.015,-0.00012111,0.00044932,0.0058342,-0.53578,-2.9891,1.2126,-35.222,-1.5466,17.511,-1.2892,-16.33
57,0.0023008,-0.011485,-0.015036,-1.0142,0.0057897,-0.0062447,-0.012305,0.80029,-2.308,-1.6926,-35.045,1.4702,18.456,1.3354,-17.43,-0.0072181,-0.0071764,-0.0053523,-1.0134,0.00059764,0.0069465,0.0027989,0.018557,-1.802,-0.90876,-36.349,-0.12395,19.289,0.7889,-16.157
57.1,0.0031599,0.012216,-0.018391,-1.0144,-3.7764e-05,-0.0040433,0.0033029,-0.33151,-3.4979,1.4878,-33.836,0.50285,21.147,-0.65203,-18.147,-0.020184,-0.011021,-0.0090488,-1.01,0.0050688,0.0012762,0.0064738,-0.3483,-3.9005,-1.6583,-37.472,2.5314,18.858,0.66348,-15.634
57.2,-0.0033335,-0.016539,0.0011023,-0.99065,0.0034235,0.0036596,0.0021001,-1.8969,-3.7811,-0.5767,-34.944,-0.22118,17.98,1.3727,-17.141,0.0066076,-0.0063712,-0.0028344,-1.0054,-0.0026195,0.0018304,0.0083209,-0.083354,-5.2979,-0.7392,-35.961,0.89531,18.012,2.7054,-15.696
57.3,-0.00047026,-0.0077271,-0.015071,-0.99444,0.0082814,-0.0034184,0.0097558,0.40549,-4.0311,0.60353,-36.385,0.23385,19.726,0.80207,-17.354,-0.0062561,0.014336,-0.014206,-0.98915,0.0021327,0.00062232,0.001979,0.67632,-4.2597,-0.66301,-35.013,2.6563,19.138,-0.78474,-16.202
57.4,-0.024086,0.0058503,-0.0060285,-1.0123,0.0010016,-0.0084432,-0.0046906,0.099367,-3.902,0.46978,-36.586,1.6034,20.051,0.64369,-16.821,-0.013554,8.6814e-05,-0.013782,-1.0264,0.0013992,-0.0039205,0.0029755,2.592,-4.5079,0.92074,-34.513,0.69498,19.576,-0.39419,-17.399
57.5,-0.0045476,0.011757,0.0011652,-1.0067,0.0033229,0.0019377,-0.0068538,-0.062811,-3.7224,0.36079,-34.245,-0.34816,21.128,1.6004,-16.835,-0.0054359,0.016467,0.0017597,-1.0047,-0.00046026,0.010008,0.0068245,0.05808,-4.7382,-1.4122,-35.946,-0.12574,19.419,0.1262,-15.628
57.6,-0.0028152,9.9017e-05,0.01264,-0.99785,0.0041302,0.0050424,-0.0015334,-0.27442,-4.0179,-1.49,-35.694,0.81251,19.024,-0.16158,-18.739,-0.0066936,-0.0020683,0.002386,-0.99571,-0.0042681,-0.011815,-0.0026811,-1.0945,-1.8048,0.028545,-34.482,0.3655,19.353,1.9,-17.863
57.7,0.010439,-0.0085824,-0.03316,-1.0024,0.0054258,0.0012082,-0.002704,-0.63492,-3.7382,0.23028,-35.194,0.056235,20.753,-2.2845,-15.729,-0.0011863,-0.012354,0.0014267,-0.99788,0.007714,-0.00038769,-0.0042832,0.58846,-2.5813,-0.7759,-34.889,2.1149,18.529,-0.055062,-14.104
57.8,0.0071049,0.0069015,-0.0071588,-1.0032,-0.0012868,0.0090806,-0.00096001,2.0078,-3.434,-1.1956,-36.935,-1.0411,19.327,-1.8666,-18.165,-0.010175,-0.007464,-0.010323,-0.99502,0.0032047,-0.010866,-0.0022754,0.47193,-4.8561,0.22928,-36.396,-1.316,18.664,1.0469,-14.18
57.9,-0.014325,-0.0060989,-0.0097249,-1.0072,0.006515,-0.0064084,-0.0027887,-3.9008,-3.3857,-0.94941,-36.098,-0.46256,18.397,1.2132,-18.204,0.0085069,-0.0017728,-0.013937,-1.0173,-0.00027645,-0.0053859,0.0031276,-0.98442,-0.73388,-0.47809,-36.086,-1.322,16.492,-1.8967,-14.532
58,0.012012,0.011346,-0.0018549,-0.99573,0.00172,0.010864,0.0059092,-0.99297,-2.3226,-0.49241,-36.271,-0.6461,18.99,1.8435,-16.568,-0.008842,0.012124,0.0036355,-1.0248,-0.0079225,-0.0055118,0.0054487,1.1078,-3.943,-1.6765,-35.216,-0.47371,17.556,0.77424,-16.599
58.1,-0.0036463,0.012904,0.01256,-1.0042,-0.0049018,-0.0077644,-0.0058724,1.6612,-4.2898,-0.33751,-35.756,-0.62544,19.568,0.12367,-17.071,0.0031808,0.014577,-0.0073289,-0.98998,-0.0033908,-0.0090726,-0.006762,-2.2395,-2.3192,-1.0862,-35.216,0.95139,18.531,1.0128,-14.504
58.2,-0.0033761,-0.0066229,-0.0068563,-1.0247,0.0028304,-0.0063349,-0.0087246,0.042331,-4.4318,1.1431,-36.913,1.4699,17.812,-0.77619,-17.947,0.010273,-0.020963,-0.0053874,-0.97676,0.0089771,-0.0012398,0.0011255,0.76381,-2.0213,-0.77986,-34.724,1.5408,19.41,0.19901,-14.693
58.3,0.018568,0.0016473,0.0012124,-0.99987,-0.0075135,-0.001502,-0.0081789,-0.15994,-2.4728,1.4251,-35.506,0.62162,20.353,-1.4072,-17.276,0.012432,-0.0036435,0.01153,-0.98677,-0.003996,0.0049204,-0.0018541,-0.28856,-2.7666,0.58451,-35.856,-0.068893,17.221,-0.63858,-15.576
58.4,0.017499,0.0097077,4.2355e-05,-1.0125,-0.005285,-0.0041492,0.0053636,-1.1669,-3.8526,-0.24246,-34.335,0.39121,19.143,-0.21136,-17.45,-0.003288,0.012293,-0.018147,-0.99096,-0.0018908,0.0028595,-0.0024802,-0.38321,-3.743,0.37959,-35.199,-1.4241,18.184,0.74763,-15.985
58.5,0.0032097,-0.0015362,-0.01828,-0.98859,0.0025204,0.0015342,-0.00058993,-1.3647,-1.2603,-0.55488,-35.808,0.96622,20.009,0.54786,-18.806,0.00040339,0.0033911,0.0060315,-0.98939,-0.0023699,-0.0050586,-0.0035149,-0.3931,-2.8541,0.26323,-34.737,0.56914,18.372,0.35624,-14.29
58.6,0.0018893,0.0023912,-0.0011056,-0.99363,0.0031196,-0.0024113,-0.0038936,-0.11714,-5.0398,0.098522,-36.681,-0.4804,19.01,-0.39347,-17.248,-0.007283,-0.014402,-0.0044686,-1.0054,0.002422,-0.0089359,0.0077425,-2.0278,-4.097,0.028347,-35.901,1.5337,17.651,1.8083,-16.27
58.7,0.010389,-0.0044136,0.0091368,-0.9834,0.007286,0.001505,0.0003177,0.99084,-3.6969,0.45813,-35.213,-0.14831,19.008,0.66717,-16.18,0.0027258,0.0019829,-0.0014098,-1.0131,-0.0026699,0.010957,0.0028643,0.0098426,-2.6917,0.012868,-37.671,1.1742,18.74,2.9155,-15.094
58.8,0.006085,0.0022733,-1.5993e-05,-1.0128,0.0038068,-0.0021247,-0.0040541,1.033,-5.5981,-1.2965,-35.155,0.34427,19.587,0.44482,-15.633,0.002469,0.010357,-0.0092897,-1.0049,-0.0029844,0.0041298,-0.0031122,0.26689,-3.2765,-0.618,-34.807,-0.6321,18.592,-2.1134,-14.104
58.9,0.00042496,0.0048596,0.018255,-1.0014,-0.0042088,-0.0082398,0.0024807,-0.80859,-2.2195,-1.0143,-34.872,1.5812,19.025,0.86667,-16.684,0.018501,0.0031473,0.0053977,-1.0018,-0.00018296,-0.0012803,0.0025081,0.99434,-0.92613,-1.6628,-35.606,-1.3819,17.394,-0.0073303,-16.885
59,-0.0071055,0.0059141,0.013151,-0.98231,0.0053464,0.00029603,0.0071286,-0.35798,-2.7799,-0.6911,-35.268,-0.17766,18.636,-1.1824,-16.179,-0.0083754,-0.0030227,-0.010863,-0.98357,-0.00039354,-0.0041988,0.01178,0.84145,-3.1846,-0.66843,-34.826,0.19985,16.937,0.99236,-17.206
59.1,0.0077444,-0.0067011,0.0040738,-1.0041,0.0026102,0.0072942,-0.0072649,-0.83417,-4.6896,-0.95687,-36.036,-0.055834,19.481,0.92062,-15.993,0.0033825,-0.017169,-0.0088693,-1.013,0.0039747,-0.001812,0.0022252,-0.68506,-4.5029,0.37045,-34.968,0.47239,18.698,1.8775,-15.715
59.2,0.0082035,-0.019469,0.0068466,-0.99924,-0.00012783,0.00019755,-0.0026395,-1.1471,-5.3935,1.9067,-35.322,2.2345,19.18,0.21219,-18.641,0.013895,0.009944,0.0063855,-1.0056,0.008213,-0.00021287,-0.0029047,-2.3733,-3.1588,2.357,-35.732,0.28636,18.588,0.92859,-14.938
59.3,-0.0033673,0.0026648,0.0072911,-1.0156,-0.0098831,-0.0080419,0.0001585,0.50692,-3.6083,2.0459,-35.95,-0.88554,17.344,-1.1028,-16.905,0.02217,0.010596,-0.011439,-0.99292,-0.00063457,-0.0047513,-0.0034116,1.3204,-0.55873,-2.1795,-35.328,0.048766,18.378,-0.2018,-15.01
59.4,-0.0011203,-0.0012773,0.006637,-1.0156,-0.0067945,0.0022266,0.0036785,0.097345,-4.2755,-2.8273,-34.976,-4.0607,18.19,0.60566,-16.115,-0.012165,0.0057368,0.0024075,-1.0084,-0.0024008,-0.0036169,-0.0030223,0.89316,-4.1102,0.82342,-34.542,-1.6563,18.035,-2.3516,-15.751
59.5,0.0037279,-0.0021599,0.0029178,-0.98823,-0.00096756,-0.0027962,-0.0054905,0.47958,-3.2639,-1.3484,-35.568,-0.32369,19.274,0.86143,-16.428,-0.0058861,0.024454,-0.0047361,-0.99525,0.0054258,0.0028529,-4.1129e-05,1.9982,-1.675,0.64113,-34.08,0.68454,19.584,-1.5208,-13.98
59.6,-0.0078566,0.0048919,-0.0039069,-0.99829,-0.0010778,-0.0034574,0.0019464,-0.096824,-3.0811,2.125,-37.203,0.709,19.484,-0.31368,-17.447,-0.00035421,0.015859,0.0083093,-0.99933,-0.00030357,-0.0002156,0.0030348,-0.73031,-1.6822,-1.0166,-34.707,-0.50137,17.095,0.69748,-14.42
59.7,-0.0081168,0.0058649,-0.0039883,-1.0007,-0.00023748,0.0096675,-0.0069123,1.5142,-3.6887,0.91558,-37.009,0.65362,19.246,-1.3164,-18.167,0.012295,0.0056611,0.0074289,-1.0034,-0.0039644,-0.00024742,0.0048886,-0.12582,-1.5173,-2.1781,-35.985,2.7474,17.596,0.13052,-15.454
59.8,0.0079318,-0.001424,0.012078,-1.0101,0.0045805,0.0085659,0.0087879,-0.083721,-3.414,0.28345,-36.03,-2.1913,19.509,-0.27648,-16.858,0.00071494,0.0035022,-0.01307,-1.0015,0.0055082,0.0040835,-0.0034791,1.3371,-2.7382,0.12086,-35.316,-1.0328,17.826,0.6981,-13.167
59.9,0.0093751,-0.004002,0.006019,-1.0061,0.0036397,-0.0029715,0.002027,-0.31028,-2.5797,-0.60973,-36.959,0.43684,18.322,-1.1946,-15.243,0.011131,-0.0059131,-0.0042045,-0.99795,0.0097932,0.0011725,0.0079758,0.37807,-2.0788,0.24616,-36.146,-0.52872,17.911,-0.3712,-15.588
60,0.0014844,0.022312,0.008319,-1.0066,-0.00075131,-0.0021553,-0.0056679,-2.3,-3.2637,-0.42288,-34.041,0.50734,19.685,1.8236,-18.383,-0.01025,-0.0037379,-0.0045334,-0.99295,-0.0086172,-0.0021621,0.004951,0.83242,-2.9693,1.1473,-34.971,-2.2812,18.439,1.1027,-14.67
