time,q1_healthy,q2_healthy,q3_healthy,q4_healthy,omega1_healthy,omega2_healthy,omega3_healthy,wheel1_i_healthy,wheel1_w_healthy,wheel2_i_healthy,wheel2_w_healthy,wheel3_i_healthy,wheel3_w_healthy,wheel4_i_healthy,wheel4_w_healthy,q1_faulty,q2_faulty,q3_faulty,q4_faulty,omega1_faulty,omega2_faulty,omega3_faulty,wheel1_i_faulty,wheel1_w_faulty,wheel2_i_faulty,wheel2_w_faulty,wheel3_i_faulty,wheel3_w_faulty,wheel4_i_faulty,wheel4_w_faulty,
0,0,0,0,0,0,0,0,0,0,0,0,0,0,0,0,0,0,0,0,0,0,0,0,0,0,0,0,0,0,0
0.1,-0.70592,0.01634,0.12743,-0.71222,-0.0078754,0.00097255,-0.00655,-0.091498,-0.81043,-0.57291,-0.91027,-0.25483,2.9281,-1.6919,0.018609,-0.7019,-0.0023991,0.12144,-0.7029,0.0042937,-0.0068997,0.0017326,-0.0491,0.97132,-1.4671,0.72048,0.60613,-1.8608,0.92151,2.0402
0.2,-0.72574,0.014024,0.12273,-0.71107,0.00041348,-0.005215,0.0027979,-0.46407,1.8195,-0.080929,0.30066,1.3755,-1.3288,-0.55214,-0.77233,-0.71625,-0.0061828,0.13566,-0.69518,-0.0080887,0.0019151,-0.0037962,-1.1477,1.1994,1.1499,-0.92397,-0.54833,0.51174,-1.2328,-1.1146
0.3,-0.71711,0.011975,0.12874,-0.69846,-0.0090061,-0.0037539,-0.0045086,0.45358,1.9676,-1.4813,0.69871,0.47515,-0.89446,-1.1904,1.0075,-0.69535,-0.0057315,0.12944,-0.70823,-0.0092747,0.0033748,0.0030737,0.26858,1.274,-0.99768,1.7115,0.019385,0.067963,-2.7663,-0.3622
0.4,-0.70433,-0.0024657,0.11877,-0.67671,-0.0090357,0.0072265,-0.00063615,1.0924,0.29105,1.093,1.3935,0.55856,-0.51221,-0.33786,0.60717,-0.70767,0.0075026,0.12633,-0.69971,-0.00065262,-0.0035553,0.010029,1.4131,2.1407,-0.23703,-0.88219,-0.70625,-1.8551,-2.033,-2.1621
0.5,-0.70153,-0.0076099,0.1241,-0.67742,-0.00029436,0.00052437,0.011365,-0.30578,1.4369,-0.15326,1.5234,-1.6166,-0.60541,-0.69144,-3.9567,-0.70422,0.00026637,0.11958,-0.70441,-0.0067454,-0.0012959,0.012356,0.36588,3.2616,0.47091,-0.59009,0.53028,1.0602,-0.42179,1.2835
0.6,-0.71177,-0.017222,0.13338,-0.68723,-0.0051051,-0.0002235,0.0049867,2.2168,2.7446,-1.023,-0.17451,-1.6408,-2.4115,-0.64163,-1.4482,-0.71774,-0.018589,0.12229,-0.7009,-0.011282,0.0057704,0.0059637,1.5874,1.2789,-0.8195,-1.0303,-2.2153,-0.93825,-1.7645,-1.144
0.7,-0.71086,0.0038976,0.12098,-0.6914,-0.0037627,-0.0051634,0.0096518,2.5994,1.8186,0.30309,0.097877,-0.0031895,-2.2809,0.27525,-2.1471,-0.70224,-0.0011576,0.12327,-0.71517,-0.0053404,-0.001693,0.01096,2.6675,1.8435,-0.15967,-0.50481,-1.2901,-2.5121,-1.0516,-1.3778
0.8,-0.74071,0.0066224,0.13473,-0.70695,-0.011702,-0.010586,0.012113,0.062917,1.5402,1.3057,-0.45751,-1.6828,-0.034123,-1.0493,-2.9698,-0.69661,0.0074785,0.11795,-0.71881,-0.013181,-0.0064543,0.011974,1.6421,3.4498,0.69901,-0.2687,-0.64806,-2.0393,-0.31238,-1.0227
0.9,-0.68949,-0.004849,0.093971,-0.70234,-0.022678,-0.0017265,0.015705,-0.20984,3.1355,-1.4331,-0.84215,-1.5754,-2.8495,-1.134,-2.938,-0.70134,-0.0042139,0.11736,-0.70949,-0.020733,0.0007642,0.013944,2.4214,0.80173,1.3585,-0.1671,-0.87624,-2.9947,-3.1808,-3.0725
1,-0.69139,0.0014975,0.12321,-0.70044,-0.017466,-0.0046803,0.010082,1.1416,2.8477,-1.8481,0.11797,-1.2448,-0.15069,0.44549,-2.4256,-0.70881,0.00059122,0.116,-0.69833,0.0011355,-0.0038391,0.0034902,2.2114,4.3254,-0.31214,-2.2208,-2.6583,-2.7304,-0.21118,-2.3749
1.1,-0.69171,0.011537,0.11046,-0.70561,-0.01743,-0.0040811,0.019524,0.9619,2.8539,-1.4841,-1.8353,-0.18547,-4.2986,-2.5242,-2.6096,-0.69632,0.0010971,0.12692,-0.69828,-0.02249,-0.0014197,0.018714,0.60066,3.912,-0.80582,-0.66992,1.8368,-4.4658,-0.8306,-4.1456
1.2,-0.68196,-0.0013633,0.12368,-0.69503,-0.01774,-0.0097956,0.01369,1.1619,2.9425,-1.3466,-0.3203,-0.79331,-4.6893,-1.1356,-2.7914,-0.68615,0.0092407,0.12981,-0.71427,-0.017415,-0.0042483,0.022934,-0.42977,3.9365,-0.68826,1.8371,-1.4354,-2.6272,-0.19993,-3.9435
1.3,-0.70803,0.014516,0.12399,-0.71752,-0.01447,-0.005414,0.010408,-0.17732,2.5281,-1.3853,-2.9901,-1.1695,-2.8827,-0.11491,-4.2711,-0.69747,7.4852e-05,0.11107,-0.7101,-0.019853,-0.0032542,0.022821,1.3882,3.785,-0.82559,-1.6276,-1.0945,-4.4962,-1.0335,-5.0389
1.4,-0.69277,0.0054444,0.12622,-0.7141,-0.016883,-0.0060592,0.022234,-1.4923,3.1637,0.78162,0.16657,-2.4671,-2.4603,-1.4965,-3.9664,-0.69625,0.0097258,0.10846,-0.68702,-0.025194,-0.0018467,0.027633,1.0119,3.0742,-1.5312,-1.8485,-2.5068,-4.6119,-2.645,-5.1596
1.5,-0.69864,-0.00851,0.13768,-0.70413,-0.020038,-0.016084,0.028056,0.054293,5.9079,-1.2423,-0.76899,-0.54136,-5.3645,-2.0938,-5.0552,-0.70365,-0.012886,0.10581,-0.69224,-0.027086,-0.0078908,0.028126,1.6388,2.9744,-0.13675,-0.18589,1.6756,-5.1451,-0.089327,-5.6472
1.6,-0.71191,0.020993,0.13415,-0.70058,-0.02159,-0.0092093,0.02388,0.63633,5.184,-0.10968,0.10703,1.0299,-5.839,0.33737,-7.0875,-0.69177,0.0054046,0.12616,-0.70615,-0.014596,-0.0047967,0.018244,2.8818,4.8897,-0.29307,0.46037,0.70545,-7.6138,-0.94152,-4.0705
1.7,-0.7058,0.013716,0.11892,-0.69998,-0.017541,-0.010184,0.014362,-1.1911,4.4698,-1.5336,-0.25686,-0.14301,-6.8866,-1.4016,-6.1393,-0.69476,0.015194,0.12641,-0.70712,-0.02308,-0.01738,0.024442,-0.15479,4.7124,-0.71617,-1.111,-0.16205,-5.7753,-1.4525,-6.4036
1.8,-0.6927,0.005091,0.10047,-0.70729,-0.030156,-0.003598,0.026948,1.4741,3.9363,1.0394,-0.75528,-2.2304,-5.631,-2.3045,-6.2348,-0.70235,0.010807,0.12703,-0.70603,-0.035176,-0.0084827,0.024601,2.0471,3.866,0.70908,-2.0459,-1.818,-6.9287,-1.3881,-6.1576
1.9,-0.71722,0.015368,0.13381,-0.69751,-0.01968,-0.0090292,0.020741,0.84139,4.5721,-1.4225,-1.1241,-0.03254,-7.016,-0.37445,-5.7008,-0.6757,0.0037389,0.11301,-0.68509,-0.032416,-0.010705,0.036789,3.1078,6.5096,1.3298,-0.96217,-0.26427,-6.6403,-1.9007,-6.7461
2,-0.69828,0.016735,0.11454,-0.70668,-0.0321,-0.0056241,0.034826,0.43751,5.3997,-2.4134,-0.28644,-2.0726,-5.3329,-2.1177,-5.6723,-0.69128,0.018635,0.10529,-0.70666,-0.028168,-0.0078025,0.033326,2.2165,3.9234,-1.238,-1.3363,-0.79952,-6.5743,-1.1523,-5.7868
2.1,-0.68157,0.018867,0.12625,-0.72366,-0.027633,-0.0070115,0.02807,0.59253,5.1589,-0.084568,-1.5199,0.28711,-7.3968,-1.4475,-7.5337,-0.69145,0.035626,0.11085,-0.71834,-0.027905,-0.017003,0.034519,1.1928,5.4293,-2.5392,-0.80168,-1.3415,-8.6834,-2.2504,-7.6824
2.2,-0.69938,0.0043229,0.12711,-0.7083,-0.037875,-0.010356,0.033118,0.15878,6.6919,-0.53856,-1.2886,-0.1588,-7.9764,-1.2576,-6.8025,-0.69795,0.021104,0.12975,-0.69249,-0.027913,-0.01553,0.032104,0.067515,5.5909,-0.032607,-0.4905,-1.0824,-8.311,-1.519,-6.0461
2.3,-0.69116,0.010712,0.11688,-0.70931,-0.028586,-0.007392,0.03296,0.87341,5.1859,-0.071503,-0.82216,-0.51219,-9.095,-2.53,-8.015,-0.67938,0.01802,0.10531,-0.72327,-0.025208,-0.010757,0.037022,1.4428,6.7995,0.19839,-0.34735,0.56494,-6.3437,-1.5122,-8.9954
2.4,-0.68616,0.023738,0.11275,-0.68916,-0.036803,-0.011952,0.046144,-0.36092,6.8667,0.14579,-1.9368,-0.25313,-8.9273,-2.8884,-8.6981,-0.71118,0.012032,0.11699,-0.69685,-0.03434,-0.0082304,0.037847,0.94966,6.605,-0.31189,-1.5918,-2.3332,-8.1612,-0.79901,-9.4719
2.5,-0.67896,0.025411,0.11068,-0.70801,-0.036024,-0.0032324,0.04238,2.5079,6.3986,-2.4943,-2.2317,-1.5359,-8.6439,0.74355,-10.054,-0.67841,0.020698,0.12691,-0.71336,-0.036605,-0.0097803,0.035387,1.9782,6.8029,-0.56317,-0.47942,0.73941,-6.3215,-0.021252,-10.08
2.6,-0.68444,0.039833,0.11892,-0.7121,-0.036292,-0.012258,0.028973,0.71944,6.7813,-1.3102,-3.6402,-1.1348,-8.2605,-0.34546,-9.4132,-0.68141,0.014165,0.11417,-0.72,-0.038436,-0.0076486,0.039187,0.25767,6.595,-1.6945,-1.6335,0.00038879,-10.112,-0.84509,-9.0392
2.7,-0.69916,0.02311,0.11898,-0.70907,-0.037667,-0.012634,0.041824,1.5837,5.2007,-1.0966,-3.5215,-1.9837,-10.407,-1.4101,-8.2887,-0.68716,0.046641,0.10782,-0.71984,-0.037632,-0.013478,0.036271,1.2826,9.1978,-0.21054,-0.12946,-1.0457,-8.1802,-1.8199,-8.2005
2.8,-0.69177,0.013077,0.1009,-0.7117,-0.042866,-0.020066,0.048884,1.6715,6.9453,0.3275,-1.9895,-1.0781,-9.6971,-2.1505,-9.6962,-0.68074,0.016015,0.11379,-0.71055,-0.04269,-0.01521,0.047125,-0.8621,8.2879,-0.57388,-0.88338,-0.56407,-8.0535,-0.42881,-10.539
2.9,-0.67813,0.010125,0.12573,-0.71142,-0.03622,-0.021279,0.044808,1.8693,8.321,0.76359,-4.1622,-1.6802,-9.4366,0.47368,-10.319,-0.68345,0.025982,0.097055,-0.71786,-0.045046,-0.0102,0.047299,-0.74917,7.4139,-1.9703,-2.3211,0.17616,-10.786,0.16554,-8.9706
3,-0.6771,0.027932,0.10432,-0.71968,-0.041328,-0.014803,0.040451,1.2444,8.8786,-0.96684,-0.90503,-1.1697,-11.107,-2.3679,-10.945,-0.68891,0.029471,0.10766,-0.73145,-0.039124,-0.009807,0.04606,1.0874,7.6234,-0.92943,-1.7917,0.50434,-9.2237,0.37207,-11.298
3.1,-0.67887,0.036041,0.095725,-0.71285,-0.043746,-0.015363,0.053364,0.64743,7.9011,-0.96777,-1.4082,0.61903,-11.631,-1.5307,-11.172,-0.6823,0.030034,0.099292,-0.73466,-0.046451,-0.018132,0.04663,0.42793,10.878,-0.76015,-1.5104,-1.3463,-9.37,-0.89348,-8.4783
3.2,-0.66732,0.035339,0.099218,-0.72227,-0.045193,-0.0044382,0.047559,-1.9148,7.8512,-0.68734,-3.0506,-0.47374,-12.956,-1.4884,-12.784,-0.68112,0.0293,0.1102,-0.73167,-0.050419,-0.014736,0.049715,1.3615,7.9316,0.61205,-3.2041,-0.1036,-11.121,-0.77554,-11.461
3.3,-0.69841,0.025629,0.103,-0.73304,-0.045567,-0.027111,0.052095,1.6829,9.3434,-0.96407,-1.0126,0.042564,-11.543,-1.2068,-11.329,-0.66648,0.037024,0.10488,-0.75371,-0.052492,-0.015432,0.048901,1.7644,6.7168,-0.88282,-3.575,-0.40653,-11.144,2.192,-11.387
3.4,-0.67459,0.040136,0.10074,-0.72144,-0.060628,-0.01351,0.056333,2.4711,8.6268,0.79585,-1.2175,-2.4299,-12.365,-1.3396,-14.781,-0.68188,0.037662,0.096948,-0.7112,-0.042784,-0.014766,0.047289,0.53761,9.4038,-2.8011,-1.849,-1.1199,-13.713,-0.112,-13.48
3.5,-0.67481,0.023963,0.10883,-0.72326,-0.05727,-0.0073115,0.044743,1.2384,8.1042,-0.56511,-1.718,0.39142,-12.434,-1.9602,-14.548,-0.66151,0.058182,0.099347,-0.74052,-0.050266,-0.018779,0.04769,1.6782,10.297,-0.019708,-3.2458,-0.70547,-12.464,-2.9698,-12.563
3.6,-0.66817,0.037811,0.10521,-0.72584,-0.053597,-0.015535,0.061305,0.25606,10.313,-0.26085,-2.5188,-1.6968,-12.315,-2.7894,-11.586,-0.67455,0.043252,0.11055,-0.74485,-0.042278,-0.018914,0.047047,1.4692,11.21,0.54548,-2.2138,-2.0779,-11.395,0.37858,-11.344
3.7,-0.67363,0.036867,0.097915,-0.7315,-0.041849,-0.018924,0.053505,0.20186,8.8176,0.17584,-4.293,-0.084751,-12.436,-0.3334,-12.638,-0.64829,0.031493,0.10767,-0.75633,-0.059159,-0.01783,0.051957,1.2023,9.7526,-1.4975,-2.4797,1.0851,-11.18,-2.1426,-12.936
3.8,-0.66253,0.048311,0.094066,-0.74664,-0.057534,-0.0078741,0.055781,-0.72435,9.2641,-1.6269,-3.6931,-0.73992,-11.336,0.34267,-13.812,-0.66131,0.03775,0.086897,-0.73159,-0.053831,-0.012904,0.051517,1.6238,13.317,-1.448,-3.7641,-1.5119,-12.815,-2.5417,-14.206
3.9,-0.66798,0.040049,0.098166,-0.72562,-0.060933,-0.019362,0.053512,-0.51977,9.5059,-0.33288,-3.4836,0.62449,-12.982,-2.5695,-13.469,-0.68336,0.04679,0.087285,-0.73298,-0.06155,-0.0071928,0.066662,1.5291,10.506,-1.0673,-4.3052,-0.13634,-11.54,-1.5591,-14.185
4,-0.65677,0.052299,0.096318,-0.75004,-0.055039,-0.017186,0.054047,0.76605,11.205,-1.6104,-3.7734,-0.64699,-13.41,-0.084885,-14.293,-0.66776,0.063206,0.09858,-0.75473,-0.059904,-0.014923,0.056708,0.3936,10.948,-0.14407,-3.1612,-0.57722,-12.24,-0.51671,-16.391
4.1,-0.66102,0.033987,0.096208,-0.74522,-0.052035,-0.010381,0.064488,0.025526,12.867,-0.45212,-4.5092,1.5475,-12.355,-2.1936,-13.555,-0.66474,0.027621,0.10382,-0.73438,-0.055961,-0.0074541,0.057133,2.0994,8.7202,1.2944,-6.4037,0.19894,-13.936,-1.3682,-12.763
4.2,-0.64413,0.047794,0.086774,-0.74394,-0.063619,-0.017804,0.064748,1.3865,11.675,-1.8666,-6.338,-0.51878,-13.133,-1.1226,-14.237,-0.67576,0.046095,0.11102,-0.75397,-0.063947,-0.0077238,0.057323,2.7842,12.92,-1.7367,-5.9413,-2.2685,-12.046,-3.0166,-16.213
4.3,-0.65295,0.043991,0.089224,-0.74999,-0.066991,-0.0020231,0.0535,0.036219,10.075,-1.7427,-3.7349,-0.48764,-13.423,-1.4282,-16.889,-0.65799,0.058071,0.10997,-0.75413,-0.061038,-0.018078,0.053753,2.2524,10.476,-3.0427,-3.0075,-0.43363,-11.948,-0.69259,-14.328
4.4,-0.67023,0.063015,0.095913,-0.74752,-0.05699,-0.01387,0.056797,0.73674,11.812,-0.17082,-5.6202,0.22077,-12.923,-2.4159,-15.677,-0.64283,0.069005,0.072784,-0.74239,-0.060511,-0.022313,0.064874,2.2647,11.462,-0.7626,-5.7849,0.79253,-14.754,-1.1833,-15.997
4.5,-0.66648,0.06141,0.092846,-0.75427,-0.061132,-0.017195,0.05905,0.37428,12.43,0.9671,-6.568,-1.7239,-12.923,-1.1167,-15.278,-0.64629,0.060225,0.07561,-0.75463,-0.065675,-0.008813,0.063441,1.8782,13.229,0.79264,-4.7777,-1.4539,-14.659,-1.4617,-16.619
4.6,-0.66548,0.058265,0.08161,-0.75996,-0.065144,-0.011966,0.072759,2.3187,11.704,-0.76966,-7.258,1.5556,-12.917,-1.5669,-16.368,-0.64694,0.058074,0.084937,-0.7645,-0.057458,-0.0071168,0.067495,1.0893,12.786,-1.0026,-5.2909,0.022107,-11.14,0.26436,-18.048
4.7,-0.63943,0.077383,0.085213,-0.75262,-0.063792,-0.010274,0.066284,0.087714,11.55,0.4687,-6.4456,-0.68543,-13.335,-0.22934,-17.166,-0.64208,0.074673,0.090514,-0.77132,-0.063607,-0.014675,0.066956,-0.22204,12.851,-0.28114,-6.4851,-0.00079729,-12.017,-1.2635,-16.573
4.8,-0.63665,0.058546,0.085664,-0.7566,-0.077114,-0.015312,0.061066,2.373,10.998,-1.4099,-5.3643,-1.624,-12.622,-2.8859,-17.975,-0.64239,0.0467,0.085914,-0.77069,-0.06993,-0.014955,0.072474,0.69088,12.21,1.0093,-7.184,-0.27306,-15.772,-3.3228,-17.908
4.9,-0.64394,0.068415,0.084516,-0.78359,-0.078722,-0.015729,0.072322,1.0611,12.959,-1.3187,-6.8133,-2.2391,-13.157,-1.7573,-19.299,-0.63529,0.068917,0.089287,-0.75506,-0.063713,-0.013782,0.072434,1.7659,13.72,-2.0034,-6.3981,1.0299,-13.892,-1.3762,-18.681
5,-0.62499,0.077785,0.066735,-0.76608,-0.078507,-0.015187,0.066709,0.4632,14.35,-1.6235,-7.1086,1.3801,-13.824,0.79514,-18.509,-0.64144,0.062827,0.093097,-0.75689,-0.071485,-0.0020733,0.070679,2.1799,12.569,-0.75913,-6.6998,-1.8518,-16.64,-3.1238,-18.412
5.1,-0.62072,0.067736,0.072291,-0.76213,-0.079428,-0.017006,0.074463,0.64005,14.49,-2.2595,-7.6521,0.06822,-13.634,-1.4175,-17.544,-0.62151,0.069567,0.084145,-0.77367,-0.076733,-0.015023,0.073261,1.1144,13.885,-0.89688,-8.6124,0.23775,-14.379,0.10662,-18.712
5.2,-0.62874,0.076348,0.086405,-0.7671,-0.073514,-0.0088695,0.066117,0.83463,14.962,-2.1579,-8.3506,0.62319,-15.685,0.58598,-16.835,-0.63279,0.088433,0.070372,-0.74724,-0.076533,-0.021012,0.067906,-0.40391,13.462,-1.383,-7.3852,-2.0877,-15.27,-1.7854,-18.491
5.3,-0.61582,0.066454,0.062888,-0.77477,-0.079267,-0.017831,0.070478,0.37031,13.423,-0.23019,-6.8575,-0.1619,-14.007,-2.3221,-20.437,-0.62806,0.082095,0.072041,-0.77685,-0.088987,-0.016226,0.066733,1.0726,13.874,0.010804,-7.143,-0.56205,-15.057,-1.2516,-18.446
5.4,-0.62828,0.074702,0.073267,-0.80271,-0.090296,-0.017265,0.065818,2.7,14.907,-0.24924,-7.7827,-0.92161,-14.235,-1.2528,-18.666,-0.62421,0.073843,0.05935,-0.7743,-0.081681,-0.020913,0.070638,-0.80222,14.663,-0.0057248,-8.3848,-0.15432,-14.296,0.23972,-17.722
5.5,-0.61371,0.090289,0.07544,-0.77723,-0.075523,-0.00022178,0.06411,1.6211,15.286,-1.7677,-8.4953,-3.1099,-13.609,-0.21044,-21.712,-0.62374,0.08885,0.068307,-0.7739,-0.080534,-0.015132,0.0714,0.18467,15.829,-2.0904,-8.9201,0.67063,-15.29,-3.182,-21.104
5.6,-0.59611,0.089504,0.091193,-0.77973,-0.087842,-0.014507,0.071994,0.60446,14.776,-0.58536,-9.8216,-0.37761,-13.46,-1.4055,-19.856,-0.60432,0.075782,0.059602,-0.78648,-0.081865,-0.007715,0.076959,0.15055,15.538,-1.3228,-11.694,-1.3657,-13.778,0.55648,-19.449
5.7,-0.6176,0.093135,0.073956,-0.78338,-0.083687,-0.018466,0.073478,0.6087,14.858,-0.22453,-8.9969,0.029398,-13.073,-1.2405,-21.163,-0.61911,0.083777,0.052191,-0.78898,-0.087618,-0.017341,0.073267,0.95827,12.825,-1.2951,-10.296,-0.57055,-14.67,-1.5221,-20.266
5.8,-0.61573,0.077183,0.076576,-0.78654,-0.082024,-0.018108,0.079421,1.9837,12.911,-1.9706,-8.4683,0.63663,-12.426,-1.5528,-19.814,-0.59998,0.082527,0.04901,-0.80745,-0.085792,-0.010675,0.070069,1.5157,14.266,-2.4539,-9.5273,-0.23913,-14.179,-0.84524,-22.86
5.9,-0.62045,0.074894,0.059864,-0.79676,-0.087134,-0.01055,0.074128,1.7708,14.397,-2.4578,-12.624,1.934,-14.287,-0.96178,-22.162,-0.60396,0.095477,0.067241,-0.79297,-0.094215,-0.012007,0.080362,1.1473,16.435,-1.1702,-11.079,0.10749,-14.185,-1.3838,-20.621
6,-0.5981,0.080597,0.06185,-0.79378,-0.088729,-0.0094578,0.075015,0.15523,16.242,-1.6094,-12.562,-0.08614,-14.17,0.13658,-22.441,-0.60528,0.091055,0.050728,-0.78281,-0.091553,-0.015888,0.074304,1.4871,16.547,-1.2577,-12.173,0.66034,-12.693,-0.85394,-21.705
6.1,-0.59714,0.095709,0.075674,-0.7987,-0.08891,-0.011652,0.073682,0.59174,16.372,-1.3768,-10.922,-0.39848,-11.859,-1.9329,-23.702,-0.61534,0.09974,0.053124,-0.79308,-0.083472,-0.0091588,0.073142,-0.19568,15.463,-1.8776,-12.566,-0.76003,-14.208,-1.7042,-23.854
6.2,-0.59153,0.078113,0.055689,-0.80065,-0.085902,-0.0008922,0.073494,2.8879,16.135,-1.5769,-12.204,-2.1943,-13.534,-2.4837,-22.885,-0.58836,0.1039,0.031745,-0.79075,-0.096296,-0.0097544,0.08602,3.1653,15.567,-0.53576,-11.597,0.14275,-13.486,-1.5544,-23.656
6.3,-0.6074,0.10392,0.048237,-0.80545,-0.093423,-0.011031,0.078205,0.92776,14.783,-2.25,-12.793,0.3827,-14.091,-1.079,-22.606,-0.58864,0.099406,0.031106,-0.80692,-0.090473,-0.0088466,0.075311,2.721,16.999,-1.9899,-12.774,1.2626,-15.261,-2.4819,-22.226
6.4,-0.57975,0.10158,0.029275,-0.79294,-0.090799,-0.0071952,0.075257,2.3802,15.527,-0.87441,-13.002,1.5971,-13.552,-0.64884,-25.171,-0.57254,0.11149,0.044463,-0.79825,-0.098975,-0.013657,0.067904,0.36261,15.274,-2.4,-12.442,-0.51454,-12.927,-3.8922,-22.54
6.5,-0.56741,0.12386,0.053495,-0.80449,-0.092346,-0.010883,0.08344,0.11208,17.449,-1.3301,-11.455,0.74001,-12.799,-0.66599,-24.153,-0.57016,0.10372,0.037021,-0.80483,-0.092387,-0.011714,0.075073,1.8396,17.276,-1.3243,-13.537,2.048,-15.79,-1.7223,-25.453
6.6,-0.56817,0.11165,0.034427,-0.79963,-0.10266,-0.012514,0.088817,2.1859,16.278,-1.5996,-13.206,0.097773,-12.243,-2.857,-25.225,-0.56529,0.097012,0.046821,-0.79582,-0.098746,-0.015164,0.079176,1.5806,17.973,-1.4205,-14.285,-0.64206,-12.786,-1.9338,-24.895
6.7,-0.56353,0.094119,0.035282,-0.81705,-0.10068,-0.0080331,0.074966,-0.60254,17.766,-0.63802,-14.083,-0.99921,-14.912,-0.3199,-25.292,-0.56291,0.10532,0.046569,-0.80868,-0.10857,-0.0080596,0.07922,2.117,18.073,-0.9978,-12.085,0.40391,-12.471,-3.8772,-24.096
6.8,-0.55822,0.11853,0.037227,-0.81256,-0.096783,-0.0051445,0.060365,2.2181,17.598,-1.8591,-13.821,0.94118,-12.421,-1.0467,-22.248,-0.55105,0.10005,0.036234,-0.83047,-0.098686,-0.0012688,0.08092,2.7406,16.213,-3.6027,-13.886,0.79738,-12.915,-0.90038,-23.333
6.9,-0.56054,0.11381,0.039605,-0.82229,-0.10097,-0.0099502,0.082927,2.0913,17.821,-0.48216,-14.364,0.031532,-11.768,-1.1627,-28.157,-0.54012,0.11276,0.025196,-0.82574,-0.093193,-0.006819,0.080127,-0.42232,17.591,-2.2189,-14.885,1.9409,-14.078,-2.3337,-25.247
7,-0.54451,0.10162,0.034687,-0.8313,-0.092336,-0.00086885,0.081086,1.5515,17.203,-2.2617,-14.834,0.97967,-13.684,-3.366,-25.619,-0.56992,0.11243,0.029805,-0.82255,-0.093648,-0.00032875,0.080926,-0.46077,17.561,0.71568,-15.452,1.9993,-13.309,-2.7261,-24.843
7.1,-0.57428,0.10281,0.042415,-0.8182,-0.10272,-0.014261,0.076026,-1.192,18.704,-1.3044,-14.935,-0.093222,-11.719,-0.96171,-25.798,-0.55921,0.12402,0.035412,-0.8164,-0.093819,-0.0021952,0.075047,1.6852,18.616,-0.33479,-14.569,-1.4285,-13.915,-0.38412,-25.486
7.2,-0.56009,0.13912,0.028693,-0.82758,-0.10534,-0.0096292,0.088906,1.5844,17.858,-2.5685,-16.611,0.15885,-12.932,-1.9169,-25.237,-0.57669,0.1149,0.027784,-0.8282,-0.10496,-0.0081918,0.069941,1.7705,18.525,-2.5677,-14.514,-0.85614,-13.82,0.5431,-26.595
7.3,-0.53937,0.12707,0.019325,-0.82322,-0.10015,-0.0052149,0.08424,3.1318,17.802,-2.6274,-16.394,1.1904,-10.729,-0.59306,-28.23,-0.56118,0.12584,0.028631,-0.82457,-0.098945,-0.009886,0.089038,1.095,17.978,-1.2734,-15.144,1.0803,-11.137,-0.52774,-27.189
7.4,-0.54334,0.13775,0.022188,-0.83337,-0.10183,0.0027642,0.08195,-1.5374,19.607,-1.7789,-17.347,3.7089,-12.573,-1.5783,-28.211,-0.54433,0.13822,0.0066106,-0.84623,-0.10982,-0.013677,0.087083,-0.42704,18.898,-1.6294,-16.276,1.1247,-10.574,-1.0905,-27.214
7.5,-0.53482,0.12341,0.012003,-0.84135,-0.10937,-0.0049021,0.085772,1.3784,20.718,-0.963,-17.286,0.80231,-11.866,-1.491,-28.952,-0.5316,0.11826,0.019441,-0.83708,-0.1013,-0.0068876,0.076628,-0.021262,19.15,-1.0299,-15.701,0.24682,-12.28,-2.3763,-27.976
7.6,-0.53784,0.14077,0.0029888,-0.8324,-0.11631,-0.011442,0.081502,0.58116,18.185,-2.4363,-16.781,1.3686,-10.841,-1.5701,-27.614,-0.53314,0.13768,0.020713,-0.85241,-0.11978,-0.014557,0.080481,-0.68181,20.407,0.33861,-17.954,0.5905,-10.222,-1.6795,-28.07
7.7,-0.53013,0.12704,0.014881,-0.82617,-0.11127,-0.014847,0.071658,2.363,21.522,-0.75808,-16.362,0.90213,-12.436,-1.2187,-26.598,-0.52985,0.1195,0.0059073,-0.87018,-0.10213,-0.0058489,0.087706,0.95594,19.444,-0.27747,-17.835,0.90452,-10.607,-0.62698,-28.066
7.8,-0.53642,0.11523,0.014394,-0.84566,-0.11327,-0.0045085,0.089151,3.061,20.086,-1.4612,-17.517,0.49634,-11.162,-1.1212,-29.638,-0.51144,0.14712,0.020794,-0.81941,-0.11757,-0.012695,0.07676,1.8588,19.772,-1.4235,-18.672,1.4206,-9.6492,-1.3836,-30.437
7.9,-0.50056,0.13719,0.025316,-0.85445,-0.11769,-0.0038623,0.082363,1.6791,20.893,-2.198,-18.914,1.345,-8.5518,-1.745,-29.626,-0.51275,0.13686,-0.0026169,-0.84528,-0.11827,-0.0042848,0.076508,-0.94533,21.264,-1.8916,-18.436,0.61638,-11.387,-1.7896,-31.531
8,-0.50184,0.13005,0.0061162,-0.84643,-0.11058,-0.0057479,0.083478,-0.41744,19.799,-2.3117,-18.791,-1.3072,-11.43,0.093813,-31.179,-0.52902,0.14209,0.019599,-0.86069,-0.11379,0.0034345,0.079893,1.3633,20.69,-0.089986,-18.695,0.6895,-9.8964,-0.57373,-28.911
8.1,-0.48597,0.13891,-0.0079842,-0.86641,-0.11907,-0.0042164,0.074042,0.23616,20.298,-0.64223,-18.565,1.875,-10.937,-1.659,-30.536,-0.48842,0.13085,0.0054683,-0.86256,-0.11425,-0.0017742,0.080984,-1.1842,19.48,-1.4485,-18.014,0.63797,-9.0007,-0.11302,-29.38
8.2,-0.48342,0.15859,0.021859,-0.85299,-0.11721,-0.0063636,0.071281,2.796,19.937,-0.70016,-19.618,-0.75274,-6.5409,-1.6564,-32.012,-0.48878,0.16247,-0.01331,-0.85325,-0.12205,-0.00049964,0.08028,0.84223,21.729,-0.3108,-20.19,1.428,-7.2962,-0.85757,-31.951
8.3,-0.50562,0.15901,-0.0075502,-0.86337,-0.11693,-0.0019715,0.074972,0.37723,21.406,-0.11082,-21.275,0.38936,-9.2877,-1.0186,-30.291,-0.48968,0.14469,-0.015937,-0.86113,-0.11667,0.0012118,0.077461,0.41756,19.577,-1.8542,-19.495,3.1353,-10.839,-0.45161,-31.575
8.4,-0.47514,0.14573,-0.016435,-0.87896,-0.11911,-0.0046118,0.081998,-1.0206,20.823,-0.26945,-20.15,-1.4401,-10.49,0.68642,-32.286,-0.49202,0.14124,-0.0060368,-0.86498,-0.11442,0.0011541,0.077335,1.9521,21.962,-0.66613,-20.87,0.71886,-9.0565,-2.5396,-31.229
8.5,-0.47707,0.13722,0.017056,-0.84639,-0.11769,0.0012091,0.074756,1.0562,20.825,-2.458,-19.929,1.0808,-7.6371,-0.83846,-32.243,-0.4969,0.15065,0.0085745,-0.86118,-0.1213,-0.0068797,0.076388,2.1345,22.381,-0.87129,-17.13,3.1715,-8.1777,-0.34495,-29.949
8.6,-0.47804,0.14315,-0.0079758,-0.85088,-0.11665,-0.0055279,0.080305,1.726,22.236,-1.169,-20.258,1.174,-9.4155,-3.4807,-29.99,-0.46474,0.13611,-0.0026691,-0.87242,-0.13222,-0.0019824,0.08221,1.232,21.254,-1.7547,-21.552,-0.50102,-8.3328,-1.096,-31.94
8.7,-0.47938,0.14132,-0.0070185,-0.87061,-0.13002,-0.0063835,0.077431,-0.58667,22.071,-0.29301,-21.781,1.5978,-7.3664,-1.8449,-30.683,-0.46185,0.14318,-0.022017,-0.87369,-0.12816,-0.0070643,0.073629,0.088305,22.457,-0.82792,-20.375,1.7676,-6.465,0.68664,-30.725
8.8,-0.46905,0.1458,-0.020947,-0.87529,-0.13272,-0.014219,0.084797,1.6908,21.329,-1.4606,-21.79,1.9063,-5.0779,-1.7392,-32.182,-0.46242,0.17209,0.0070018,-0.88737,-0.12098,0.0035577,0.070179,1.7198,23.783,-0.967,-21.436,1.3668,-7.015,1.4185,-34.422
8.9,-0.44579,0.1485,-0.0056481,-0.8785,-0.12939,0.0057496,0.077985,-1.0214,22.89,0.33244,-21.847,1.2654,-7.0616,-0.26431,-31.648,-0.45374,0.14888,-0.0052322,-0.87086,-0.12887,-0.0015326,0.084001,0.74364,23.531,-1.5611,-21.221,0.62944,-7.5751,-0.63657,-33.295
9,-0.44458,0.14976,-0.021004,-0.88294,-0.13757,-0.00054136,0.075399,1.6728,23.686,-2.2384,-21.724,1.0402,-6.5477,0.28138,-32.58,-0.45243,0.15969,-0.032611,-0.88378,-0.1236,0.0073262,0.079649,0.85953,21.707,-1.3446,-21.154,1.8844,-7.6769,1.1998,-33.496
9.1,-0.44499,0.16846,-0.015834,-0.88703,-0.12629,0.0018427,0.07681,-0.14966,23.358,-3.3044,-20.753,1.4644,-5.5553,-1.8445,-34.183,-0.44334,0.1565,-0.0096542,-0.88917,-0.13085,0.0051512,0.076368,1.2695,24.001,-1.704,-23.239,1.697,-6.3315,-1.4791,-34.038
9.2,-0.43237,0.18255,-0.031734,-0.87992,-0.12076,-0.0078807,0.068741,0.93119,22.48,-2.0562,-24.24,4.4599,-6.6913,1.0499,-32.771,-0.44448,0.18413,-0.021413,-0.89129,-0.13285,-0.01089,0.064519,-0.71598,23.616,-0.74116,-21.881,0.4065,-5.7982,1.7032,-32.76
9.3,-0.43315,0.16959,-0.023606,-0.87808,-0.13797,0.0051991,0.071885,2.1851,21.812,-1.4328,-22.313,1.9318,-6.6388,0.47192,-33.969,-0.44115,0.18164,-0.041857,-0.9007,-0.13468,0.0066735,0.075204,-0.031414,24.186,-2.0085,-22.167,-1.5952,-5.5048,-1.8267,-34.82
9.4,-0.40804,0.16956,-0.037303,-0.89352,-0.13167,0.0066794,0.08016,-0.66348,24.249,-1.1021,-24.947,0.31432,-5.7475,-1.2722,-32.963,-0.42332,0.16588,-0.034171,-0.91031,-0.13172,0.0049162,0.06568,0.21533,24.696,-1.9008,-23.463,-0.30009,-5.6977,0.023868,-31.925
9.5,-0.41152,0.17741,-0.029417,-0.8901,-0.1284,0.0063354,0.06585,1.1996,24.87,-0.97318,-22.646,1.2535,-5.31,-1.9884,-34.219,-0.41469,0.1682,-0.042993,-0.90122,-0.13758,0.00037582,0.075071,1.2689,22.85,-0.24011,-25.488,-1.256,-5.9061,-0.10171,-34.527
9.6,-0.42165,0.17188,-0.043049,-0.89106,-0.14041,0.0047601,0.067823,0.34402,26.169,-2.2477,-24.264,1.3649,-4.3368,-2.6789,-34.43,-0.3996,0.16545,-0.029204,-0.90572,-0.13253,0.010984,0.074953,1.2531,25.845,-2.6251,-24.32,1.3737,-5.4842,0.75752,-34.475
9.7,-0.40979,0.15554,-0.027606,-0.90693,-0.12894,-0.0080577,0.073414,0.94524,24.127,0.32594,-24.597,-0.1036,-6.3979,0.34813,-34.063,-0.40007,0.19193,-0.022738,-0.89338,-0.1393,0.0070062,0.074739,-1.1862,23.616,0.9103,-23.739,1.2474,-2.9097,0.85144,-32.293
9.8,-0.37614,0.17809,-0.029486,-0.90143,-0.13942,0.0068179,0.074055,0.56333,24.799,-0.62351,-25.31,0.28687,-4.1809,0.76747,-33.67,-0.41517,0.19713,-0.033929,-0.89321,-0.13897,0.012291,0.074641,1.281,25.79,-0.93393,-24.989,-0.075917,-3.9501,-0.70343,-31.928
9.9,-0.38865,0.19306,-0.03119,-0.90174,-0.12759,0.011423,0.077106,-0.96527,25.477,-1.5907,-26.965,0.48675,-5.1435,0.52574,-32.627,-0.39202,0.19013,-0.015858,-0.90853,-0.13103,0.015713,0.074344,-0.30703,25.192,-1.3021,-26.785,0.58464,-4.8209,-0.063277,-31.212
10,-0.38334,0.17838,-0.033214,-0.91753,-0.13558,0.010527,0.070557,3.0638,25.712,-0.17673,-26.16,1.8136,-3.9039,0.63515,-35.627,-0.37904,0.15663,-0.042517,-0.91676,-0.13442,0.0083802,0.064828,1.6281,24.122,-0.26065,-26.97,1.5248,-2.9636,0.014485,-33.264
10.1,-0.37143,0.18072,-0.03668,-0.90158,-0.12887,0.0088468,0.067042,0.74106,25.123,0.51446,-28.925,0.30313,-3.3631,0.25624,-33.344,-0.38152,0.1728,-0.053666,-0.90577,-0.13519,0.0092941,0.070072,0.72638,26.102,-1.7634,-25.916,1.0066,-4.0361,-0.39441,-32.931
10.2,-0.36254,0.16204,-0.047297,-0.90458,-0.14521,0.0080743,0.072017,0.52792,27.139,-0.52998,-26.545,0.37957,-3.5563,-1.1388,-33.006,-0.36849,0.18984,-0.042637,-0.92066,-0.13467,0.0040029,0.065272,0.20921,26.353,-0.84253,-27.695,2.3096,-1.1353,0.014621,-32.505
10.3,-0.3604,0.18929,-0.055969,-0.92844,-0.14074,0.0065258,0.058948,0.2797,25.015,-0.86228,-29.21,0.21734,-3.7181,0.78325,-32.277,-0.36582,0.1791,-0.037108,-0.92288,-0.13839,0.016589,0.059944,0.34932,27.629,0.063255,-26.068,0.96392,-2.9934,0.80916,-30.978
10.4,-0.3399,0.18906,-0.052526,-0.9234,-0.14402,0.018622,0.063298,1.281,27.196,-2.0158,-27.526,-0.16044,-1.7467,-0.96515,-32.205,-0.35676,0.17174,-0.038987,-0.9173,-0.13658,0.011009,0.056734,0.10846,27.277,-1.6788,-27.353,0.88943,-1.4748,0.95301,-32.041
10.5,-0.35624,0.20681,-0.052541,-0.94138,-0.1414,0.012467,0.063478,0.53621,25.879,-1.7305,-28.198,0.91419,-1.1871,1.5561,-32.173,-0.34355,0.17333,-0.049938,-0.8985,-0.13046,0.011632,0.052713,2.2501,27.675,-1.4881,-28.326,0.40999,-1.9019,-0.66098,-31.803
10.6,-0.32207,0.17846,-0.036529,-0.91915,-0.13941,0.013241,0.060203,-1.2384,25.868,-1.0235,-30.61,1.4465,0.012569,1.2127,-32.192,-0.33958,0.16905,-0.058539,-0.92327,-0.13661,0.0097927,0.057785,-1.1335,27.872,-1.1631,-27.974,3.2997,-1.1112,0.94573,-29.788
10.7,-0.33455,0.18073,-0.044767,-0.93361,-0.13514,0.014389,0.052331,-1.6926,26.752,-2.3809,-29.82,0.95174,-3.787,0.9878,-31.646,-0.32981,0.17985,-0.053774,-0.91152,-0.13836,0.016085,0.062766,0.39163,27.412,-2.2852,-28.872,-0.43312,-2.8232,0.87533,-30.74
10.8,-0.34256,0.18862,-0.043201,-0.91821,-0.14195,0.0091365,0.063871,1.7596,27.311,1.2962,-29.146,0.7455,0.22502,1.4283,-31.416,-0.3194,0.19462,-0.043545,-0.91867,-0.13928,0.010353,0.058069,0.7407,29.395,-0.47808,-30.055,0.30367,-1.8564,1.4165,-30.16
10.9,-0.32817,0.18484,-0.067961,-0.91721,-0.13727,0.022129,0.058976,2.2228,25.902,0.46698,-31.947,0.908,-2.1064,0.50156,-29.803,-0.32663,0.17472,-0.059562,-0.93688,-0.1436,0.023294,0.056548,-0.2698,28.303,-1.1495,-29.984,1.312,0.25862,1.3114,-29.19
11,-0.3089,0.18802,-0.033396,-0.90137,-0.13221,0.014865,0.059305,1.3178,27.949,-1.3914,-31.161,0.72461,-2.1542,0.99542,-31.017,-0.30046,0.19197,-0.055627,-0.91787,-0.13605,0.020697,0.056476,1.6617,28.333,-0.94397,-30.195,0.82713,-1.4917,0.75601,-30.938
11.1,-0.31001,0.19632,-0.056837,-0.90825,-0.13427,0.022803,0.058302,0.54526,28.967,-1.6389,-31.172,0.54821,-0.8166,0.11062,-30.196,-0.31828,0.18024,-0.04335,-0.92545,-0.12848,0.022599,0.051284,-0.92448,30.035,-1.373,-28.829,1.0434,-1.0215,1.9204,-29.793
11.2,-0.29079,0.18652,-0.038587,-0.93994,-0.13959,0.019202,0.047337,1.3429,26.499,-1.5805,-29.806,0.94824,-0.58976,-0.036218,-28.946,-0.29795,0.18249,-0.068104,-0.91972,-0.14328,0.01975,0.051366,0.44613,28.635,-1.4479,-31.934,1.3959,0.020066,0.19746,-31.197
11.3,-0.29097,0.18462,-0.05682,-0.91692,-0.13643,0.023311,0.052355,0.65835,27.961,-0.97175,-30.514,-0.72715,0.22436,0.79368,-29.697,-0.28908,0.19839,-0.050236,-0.94006,-0.13708,0.016175,0.04994,3.0064,28.162,-1.0497,-31.371,1.1367,-1.6572,0.82004,-29.935
11.4,-0.28833,0.17063,-0.064323,-0.94771,-0.13942,0.015865,0.057153,-1.423,28.894,-1.6199,-31.322,1.9414,0.49574,3.2707,-28.698,-0.28051,0.18724,-0.058005,-0.93726,-0.13969,0.023752,0.045769,0.91146,28.615,-0.35791,-32.808,1.851,0.13311,-1.7589,-29.485
11.5,-0.28052,0.19237,-0.083504,-0.95656,-0.13886,0.020218,0.048516,-0.89743,28.485,-1.7233,-32.122,1.234,1.809,0.81539,-28.848,-0.29414,0.19442,-0.06525,-0.93932,-0.14297,0.029483,0.05013,-0.43229,28.05,-1.7583,-30.534,-0.32492,0.072801,2.1772,-28.346
11.6,-0.27744,0.16243,-0.070518,-0.92523,-0.14234,0.033756,0.048598,0.43237,26.659,0.023599,-33.666,1.047,1.4193,0.037971,-28.439,-0.25166,0.18799,-0.075885,-0.92368,-0.1388,0.030636,0.046083,-0.54276,28.305,-0.60247,-32.878,1.451,1.6743,1.6417,-27.863
11.7,-0.25094,0.17908,-0.073766,-0.9517,-0.14393,0.023696,0.043437,2.2525,29.808,0.34923,-34.006,-1.1088,1.1043,-0.24387,-26.881,-0.28434,0.18974,-0.076986,-0.94705,-0.14548,0.03167,0.041454,0.77479,29.381,-1.0858,-33.878,0.15394,1.3886,-0.43191,-27.601
11.8,-0.26747,0.19032,-0.085762,-0.95162,-0.13912,0.026955,0.04934,-0.65097,28.155,-1.5309,-33.41,0.7353,2.1642,0.12162,-28.646,-0.26388,0.18201,-0.069407,-0.94915,-0.14342,0.0311,0.038831,-1.4525,27.919,-2.8747,-34.083,1.9778,1.9159,-1.0834,-28.465
11.9,-0.2546,0.18016,-0.069526,-0.95888,-0.13741,0.021645,0.037878,1.7329,28.278,0.82227,-33.608,3.6855,1.1968,0.40448,-25.443,-0.24447,0.2114,-0.06874,-0.93208,-0.15217,0.036183,0.031219,-0.74498,29.915,-1.8018,-36.411,0.95384,2.0839,-0.048122,-28.312
12,-0.24259,0.1791,-0.077611,-0.95815,-0.13768,0.040301,0.039436,1.8122,29.911,-1.8668,-35.049,0.71673,3.8221,0.96099,-27.307,-0.22564,0.19439,-0.055114,-0.93915,-0.13508,0.041282,0.047044,0.75837,28.764,-1.8252,-35.566,-0.9591,4.2045,0.54072,-25.648
12.1,-0.21685,0.1782,-0.068587,-0.94066,-0.1374,0.032739,0.040634,0.37626,30.651,-2.0369,-33.298,1.4184,2.9558,1.5985,-25.787,-0.22973,0.18071,-0.080639,-0.94291,-0.1435,0.036649,0.038463,0.73796,31.338,-0.82916,-36.165,-0.37145,2.9615,-0.0050999,-28.163
12.2,-0.23199,0.20371,-0.075658,-0.9459,-0.13927,0.037603,0.034326,0.4994,31.422,-1.6369,-35.984,0.040327,5.4556,0.79011,-26.907,-0.2191,0.19012,-0.075224,-0.95177,-0.14178,0.025025,0.034254,-0.26857,29.602,0.90306,-35.709,0.52446,2.7031,0.76265,-25.375
12.3,-0.20653,0.18711,-0.070393,-0.95528,-0.14433,0.047862,0.036783,1.0097,30.823,-1.4165,-34.889,1.2465,5.6988,1.0462,-26.851,-0.21954,0.16365,-0.07832,-0.95075,-0.139,0.045983,0.041251,0.74586,29.488,-0.044386,-35.463,2.9333,2.3788,0.81923,-26.796
12.4,-0.19313,0.19835,-0.080649,-0.94908,-0.15275,0.043471,0.042695,-0.08988,31.044,-0.46842,-36.733,0.074518,2.2281,0.5541,-26.717,-0.22188,0.18043,-0.070903,-0.95679,-0.14261,0.033869,0.032781,-0.51196,32.239,-0.15253,-37.17,1.3918,3.1809,1.4084,-26.356
12.5,-0.20127,0.16477,-0.068964,-0.9599,-0.14478,0.034593,0.036099,0.01942,31.004,-1.5597,-36.935,0.33605,3.8201,1.4697,-26.524,-0.19706,0.17858,-0.07231,-0.94874,-0.14245,0.043142,0.024171,0.87663,30.98,-0.56648,-35.411,0.12097,3.5805,0.94918,-26.749
12.6,-0.22027,0.19533,-0.082217,-0.95183,-0.14417,0.03657,0.044003,0.31951,31.016,-1.7699,-37.139,0.4429,3.2054,0.17732,-26.939,-0.20811,0.16424,-0.078344,-0.94871,-0.14325,0.04004,0.034964,0.59194,31.645,-3.454,-37.09,0.74489,4.1813,2.8869,-25.195
12.7,-0.18117,0.18911,-0.075419,-0.95926,-0.1546,0.043751,0.032256,0.29457,32.608,-0.77509,-38.656,1.3084,5.2765,0.35017,-24.66,-0.19306,0.19787,-0.072487,-0.9457,-0.13561,0.048809,0.035031,0.54809,31.31,-0.18827,-37.451,2.609,4.9863,-0.4361,-26.997
12.8,-0.18366,0.18218,-0.098177,-0.96741,-0.13976,0.049185,0.026047,0.40962,32.971,-2.7041,-38.43,-1.6348,2.3894,-0.39426,-24.771,-0.18764,0.18851,-0.064056,-0.95244,-0.13648,0.039098,0.041039,0.075334,32.638,0.3283,-37.326,2.2145,4.4244,1.4869,-24.628
12.9,-0.16817,0.18324,-0.098106,-0.95936,-0.15288,0.039945,0.026948,0.14603,32.446,-2.5427,-38.13,-0.29857,4.6511,1.2394,-25.079,-0.16344,0.18221,-0.076359,-0.94569,-0.14726,0.053813,0.029233,0.98438,32.49,-0.56819,-37.792,2.7965,4.3337,0.54733,-23.205
13,-0.14611,0.17865,-0.074439,-0.97405,-0.14722,0.045835,0.023158,0.41543,31.986,-1.5653,-37.989,1.2995,3.7686,-1.341,-25.38,-0.17763,0.1917,-0.070287,-0.93554,-0.15109,0.039679,0.038741,-0.10883,32.975,-0.89383,-36.392,1.7826,5.5677,0.046922,-23.943
13.1,-0.14824,0.16312,-0.11358,-0.96209,-0.13754,0.0528,0.02607,-0.90836,31.536,-1.2822,-38.821,-0.57054,6.1771,-0.031611,-22.534,-0.16292,0.16568,-0.070495,-0.96797,-0.14148,0.058274,0.039355,1.2435,33.716,-1.5483,-39.39,-0.0037805,5.2085,0.17597,-23.648
13.2,-0.15073,0.15787,-0.092606,-0.96824,-0.14558,0.044915,0.021302,-1.313,32.949,-0.63881,-38.339,0.35166,5.1818,0.56103,-22.134,-0.16371,0.17614,-0.073349,-0.96595,-0.14147,0.056328,0.048107,-1.1644,31.112,-0.52941,-38.937,2.0757,3.6316,1.6127,-23.554
13.3,-0.1359,0.17175,-0.07868,-0.95663,-0.15158,0.04431,0.028974,-1.3563,32.484,-2.2015,-38.813,1.5062,6.2053,2.6772,-24.644,-0.14157,0.16139,-0.072541,-0.96587,-0.1542,0.048491,0.023496,-0.78524,33.923,-2.3672,-39.256,-0.054047,4.6033,0.18792,-22.33
13.4,-0.11535,0.18273,-0.082648,-0.97207,-0.15393,0.052634,0.022677,0.33008,32.839,0.23896,-38.245,1.7567,4.9276,1.3127,-24.745,-0.1513,0.1678,-0.082537,-0.98002,-0.13631,0.053139,0.028412,-1.5011,34.419,-1.679,-40.306,0.88359,6.1887,1.2158,-22.815
13.5,-0.12404,0.18012,-0.086317,-0.98028,-0.14245,0.064944,0.018606,0.3978,32.548,-1.1748,-41.411,3.4211,5.7277,-0.21667,-22.214,-0.13227,0.17948,-0.096568,-0.97973,-0.146,0.051963,0.024252,-0.83452,33.181,-2.709,-40.056,2.4824,5.8905,2.471,-21.968
13.6,-0.11887,0.18072,-0.094282,-0.97423,-0.14724,0.054963,0.021917,-0.42294,31.248,-2.1722,-39.293,3.5257,5.759,0.88655,-21.115,-0.11898,0.17023,-0.07866,-0.97657,-0.13731,0.052486,0.031656,-0.50982,32.352,-1.8338,-40.256,0.90257,5.392,1.2794,-22.859
13.7,-0.078696,0.17055,-0.089701,-0.95925,-0.14103,0.065731,0.02402,-1.6226,29.136,-0.63016,-40.661,2.9519,7.3061,-0.33534,-20.673,-0.1271,0.15842,-0.08292,-0.97953,-0.1354,0.056927,0.015826,-0.70192,32.347,-1.265,-41.052,0.28988,6.1123,0.81522,-20.931
13.8,-0.10852,0.18229,-0.087301,-0.98962,-0.14481,0.060451,0.015501,0.64255,31.745,-2.1066,-42.92,-0.31684,6.732,1.4573,-23.763,-0.095092,0.15912,-0.090371,-0.97422,-0.12455,0.061062,0.015837,-1.3426,32.626,-0.60299,-41.226,1.9166,8.4093,0.93791,-21.089
13.9,-0.097282,0.1493,-0.08387,-0.96363,-0.14711,0.065228,0.025269,-1.5106,31.169,-0.95418,-42.07,1.1891,8.6331,-1.3867,-20.388,-0.088795,0.14975,-0.074675,-0.97961,-0.14324,0.06144,0.022626,-1.7033,32.263,-1.8254,-41.912,1.7243,7.016,0.34592,-21.217
14,-0.089059,0.15452,-0.079816,-0.97068,-0.13892,0.064001,0.016214,-1.9061,29.584,-2.7306,-41.273,0.56661,9.7954,2.0491,-19.266,-0.087491,0.15672,-0.091997,-0.97534,-0.13434,0.071208,0.015399,-1.2273,31.337,-0.61832,-42.002,0.86866,8.2259,-0.68145,-19.308
14.1,-0.08832,0.15461,-0.083289,-0.97276,-0.12326,0.071951,0.014722,-1.9103,30.843,2.1328,-43.115,-0.3253,9.0663,1.4216,-21.03,-0.087781,0.1572,-0.076938,-0.97592,-0.12399,0.064984,0.017492,-2.0533,28.501,-0.75912,-44.145,2.3386,8.22,0.56468,-18.254
14.2,-0.096091,0.16009,-0.088137,-0.97651,-0.13338,0.052587,0.028285,-1.9355,27.97,-1.5217,-43.02,-0.099313,10.409,0.67834,-19.396,-0.087057,0.15356,-0.076612,-0.99426,-0.12761,0.062057,0.01573,-1.5975,30.31,-1.2916,-41.849,-2.0597,6.9277,-0.09157,-20.882
14.3,-0.063012,0.1443,-0.088617,-0.98275,-0.13143,0.063835,0.016815,-2.7449,29.65,0.26356,-42.544,1.3482,9.9347,-0.010139,-20.116,-0.062968,0.14744,-0.08605,-0.98342,-0.12438,0.067664,0.018284,-1.49,28.404,0.48356,-43.377,0.65728,9.3748,1.8756,-18.895
14.4,-0.07141,0.1373,-0.095298,-0.98417,-0.13126,0.065955,0.012382,-1.9876,29.417,-0.62398,-45.08,1.4444,9.799,-0.16631,-21.821,-0.056016,0.14101,-0.069289,-0.98725,-0.12512,0.07202,0.010431,-2.0093,28.157,-0.46309,-43.345,0.80384,8.6546,0.82615,-19.12
14.5,-0.05664,0.15447,-0.079851,-0.99879,-0.12366,0.071698,0.0069947,2.0024,26.796,-0.33261,-44.126,0.75169,9.3082,0.063764,-19.524,-0.071186,0.1228,-0.088944,-0.96999,-0.11956,0.075139,0.0107,-2.5879,26.799,-3.034,-43.791,0.50205,10.459,0.45005,-19.411
14.6,-0.040776,0.15443,-0.081464,-0.98654,-0.12578,0.073177,0.017855,0.1375,27.101,-0.013194,-44.896,0.89861,8.2197,0.69301,-19.337,-0.053745,0.14197,-0.086881,-0.98398,-0.11942,0.064704,0.0066785,0.4355,28.215,-0.012926,-45.074,0.45223,10.392,2.6948,-18.237
14.7,-0.060255,0.13922,-0.066228,-0.9862,-0.12076,0.072536,0.0025307,-0.67597,26.309,0.81376,-45.009,1.6301,8.9279,1.8763,-18.7,-0.04789,0.13745,-0.089759,-0.97909,-0.12588,0.07468,0.0073034,1.2332,26.855,-2.3528,-43.971,-2.1141,8.9809,-0.60007,-19.893
14.8,-0.037172,0.14591,-0.089543,-0.97403,-0.11969,0.064532,0.0071099,-0.48463,26.897,-0.72334,-46.103,2.1301,10.503,1.8329,-19.907,-0.034355,0.13147,-0.095102,-1.0024,-0.11745,0.072463,0.012848,0.46984,26.678,-2.3638,-46.229,-0.18092,8.8423,-0.49995,-16.898
14.9,-0.042418,0.12661,-0.065929,-0.99168,-0.11793,0.077478,0.0076171,-1.3231,24.479,-0.88743,-46.161,-0.22819,8.9751,0.78954,-17.47,-0.03109,0.1227,-0.080908,-0.97587,-0.1203,0.077638,0.013483,-2.2828,26.158,-0.90287,-45.939,1.5539,9.3586,0.193,-18.448
15,-0.030121,0.12349,-0.079378,-0.98923,-0.11965,0.083631,0.0039659,-1.2541,25.353,-1.3617,-45.437,1.3561,10.322,-0.40882,-18.961,-0.024675,0.12529,-0.085695,-0.97915,-0.11199,0.073704,0.01085,-1.6689,25.674,-0.74127,-47.529,2.3685,9.8832,2.8221,-17.707
15.1,-0.030746,0.11923,-0.096822,-0.98747,-0.1059,0.078662,0.0028094,-0.73702,26.188,-0.63381,-47.807,0.77149,11.958,0.82747,-18.297,-0.020288,0.14111,-0.077602,-0.98598,-0.11345,0.070652,0.00091676,-0.60396,26.797,-1.1442,-47.764,-0.39445,9.9563,1.1861,-16.93
15.2,-0.020406,0.13075,-0.078698,-0.97623,-0.11204,0.086033,0.0087752,-0.090078,25.255,0.247,-48.983,2.2739,10.25,0.60436,-18.696,-0.011053,0.098926,-0.084905,-1.002,-0.10503,0.08011,0.0065658,-1.4871,24.582,-0.7754,-47.955,2.2535,10.584,1.6851,-16.533
15.3,0.0025929,0.13351,-0.066698,-0.99163,-0.10925,0.079979,-0.0016724,-2.5536,23.782,-1.5613,-49.072,1.8012,12.848,0.50863,-18.514,-0.01525,0.11086,-0.068416,-0.98541,-0.10831,0.089101,0.0066973,-0.21659,24.24,-1.1267,-46.829,2.1446,12.126,0.51362,-16.971
15.4,0.0034363,0.12064,-0.083065,-0.99687,-0.10398,0.08379,0.0015525,-1.9881,22.035,0.41947,-46.649,1.4826,11.8,0.16899,-15.242,-0.0078783,0.12788,-0.08852,-0.99074,-0.10759,0.091287,0.0056568,-0.99302,24.875,-1.7974,-47.897,-0.42222,10.46,-0.089161,-17.527
15.5,-0.0089139,0.098672,-0.072051,-0.98313,-0.10752,0.083412,0.004365,-2.2413,22.475,-0.70017,-48.426,1.4109,10.2,0.26134,-15.274,0.0028232,0.095732,-0.083714,-0.99298,-0.10412,0.082764,0.00060431,-2.1414,24.053,-0.67172,-48.263,1.8085,11.635,-0.93147,-15.83
15.6,0.00076296,0.12351,-0.078777,-0.99092,-0.098839,0.086536,-0.0032499,-0.66303,22.461,-1.4364,-47.443,0.69094,12.757,1.0837,-16.031,0.0051773,0.11136,-0.086109,-0.97567,-0.097647,0.084073,0.0049103,-0.89483,22.031,-1.9209,-49.145,0.52823,10.626,0.76903,-15.581
15.7,-0.0096417,0.10398,-0.089332,-1.003,-0.1002,0.072407,-0.0019419,-0.49211,22.723,-1.6817,-52.502,0.53729,12.581,1.2232,-14.915,0.00089135,0.10294,-0.078527,-1.0013,-0.09456,0.088985,0.0032158,-0.39297,21.891,-0.33964,-48.686,0.63407,11.398,-1.4141,-15.748
15.8,0.014851,0.086827,-0.080709,-0.98372,-0.102,0.089518,-0.0076337,-2.92,22.632,-0.42118,-49.118,1.1969,13.876,0.82269,-16.589,0.014552,0.10411,-0.05827,-1.0036,-0.097592,0.089535,-0.0070481,-2.1969,22.83,-0.69597,-49.191,-2.2615,13.563,0.31712,-14.692
15.9,0.019274,0.085522,-0.075222,-0.99441,-0.097443,0.084689,-0.0073788,-1.2923,21.714,2.0148,-49.064,1.2175,14.306,1.0015,-13.656,0.015008,0.1013,-0.077572,-0.9785,-0.087613,0.093152,-0.0090236,0.1803,22.043,0.61297,-48.866,-0.19784,10.88,-1.1382,-16.729
16,0.023442,0.11029,-0.07139,-0.98643,-0.093846,0.089941,-0.0019754,-0.16838,23.166,1.6145,-49.739,2.8856,12.957,1.1235,-14.049,0.033592,0.0919,-0.064556,-0.98347,-0.090842,0.098384,-0.00552,-1.8288,20.043,-0.19832,-48.979,0.032395,13.118,0.98533,-14.846
16.1,0.04334,0.086885,-0.077387,-0.99314,-0.094005,0.094415,-0.011048,-0.3528,20.276,-0.61217,-50.467,0.61814,12.879,0.99002,-12.076,0.034655,0.090205,-0.055025,-0.99864,-0.09891,0.088982,-0.003035,-2.1501,20.274,-0.57548,-50.085,0.63579,12.168,2.1131,-13.039
16.2,0.028025,0.062684,-0.074191,-0.9826,-0.090547,0.094084,-0.012618,-2.0128,19.027,-2.6399,-50.798,1.2432,12.93,1.6433,-15.193,0.040011,0.082071,-0.07883,-1.0037,-0.094516,0.089164,-0.0016576,0.16648,20.261,0.53222,-49.709,1.0881,12.779,1.7319,-13.434
16.3,0.041072,0.073362,-0.071257,-0.98464,-0.085933,0.084854,-0.0087121,-0.26886,20.239,0.17463,-48.996,0.76944,14.651,0.70166,-13.357,0.038038,0.055648,-0.066536,-0.98077,-0.083211,0.088379,-0.011594,-1.8534,18.991,1.3132,-50.295,1.4112,13.805,0.8692,-15.028
16.4,0.039158,0.058962,-0.049566,-0.99389,-0.083371,0.099346,-0.0060299,-2.3217,19.706,-0.44925,-49.397,-0.23486,13.659,-0.30922,-14.115,0.030695,0.086957,-0.076992,-0.98037,-0.084056,0.096523,-0.0039801,-2.3409,20.404,0.88965,-50.274,-2.1696,13.124,-0.158,-13.538
16.5,0.049704,0.074755,-0.096964,-0.9988,-0.08545,0.0966,-0.0082818,-0.59936,18.875,0.85016,-48.622,0.20081,13.926,1.6313,-13.986,0.04724,0.091521,-0.074842,-0.9757,-0.076123,0.094161,-0.0037066,-1.4799,18.864,0.63722,-48.523,-0.22607,14.423,0.62523,-14.155
16.6,0.053083,0.057331,-0.090257,-0.97622,-0.085992,0.088366,-0.013561,0.48695,17.552,-0.29174,-49.856,-0.89971,15.778,2.6983,-13.107,0.064765,0.070289,-0.070693,-0.99527,-0.08362,0.08721,-0.011754,-1.5262,19.191,1.1921,-49.684,1.1134,16.274,-0.51224,-12.706
16.7,0.0534,0.063742,-0.057551,-0.97941,-0.07444,0.087509,-0.014641,-0.55723,16.716,0.26357,-48.744,-0.37528,14.845,1.4715,-12.558,0.054938,0.064107,-0.077684,-0.99356,-0.08061,0.094183,-0.015315,-1.1672,15.297,-0.58615,-48.358,2.8951,14.903,0.99537,-12.976
16.8,0.057453,0.061578,-0.073238,-0.98325,-0.081274,0.084327,-0.011858,1.2355,16.653,-0.7804,-49.345,1.8822,15.368,-0.4668,-12.621,0.078958,0.047647,-0.067791,-0.98015,-0.077777,0.091587,-0.017035,-1.4295,17.265,1.2908,-49.625,-1.1376,15.208,0.42636,-12.287
16.9,0.062309,0.059956,-0.065031,-1.0159,-0.082726,0.096342,-0.022275,-0.62847,17.557,0.69515,-48.468,0.39416,15.332,-0.80821,-11.832,0.054888,0.059447,-0.05785,-0.99927,-0.068422,0.091483,-0.011711,0.13485,17.062,-0.51578,-49.471,0.84793,16.116,0.9431,-11.972
17,0.086342,0.045068,-0.058111,-1.0034,-0.06848,0.089073,-0.011752,-1.4094,13.707,2.0825,-48.925,1.0089,15.46,2.0893,-13.67,0.074683,0.061636,-0.06133,-0.9823,-0.0841,0.08868,-0.017888,-3.1488,16.039,0.63921,-50.015,-0.37438,14.886,0.88937,-12.571
17.1,0.071811,0.044107,-0.060956,-0.99426,-0.069033,0.091063,-0.019781,-2.824,17.342,-0.18873,-47.94,0.175,15.282,0.40323,-10.628,0.060199,0.03805,-0.057372,-0.97996,-0.071261,0.089055,-0.018124,0.3672,16.024,0.71643,-48.364,-0.43765,17.253,0.52578,-10.174
17.2,0.059421,0.055765,-0.058204,-0.98501,-0.061597,0.082731,-0.021984,-1.3144,15.156,0.67909,-49.41,2.1672,14.668,1.7873,-11.081,0.081217,0.050008,-0.081901,-1.0043,-0.066294,0.08086,-0.015458,-2.9035,16.004,0.76753,-48.274,1.6412,13.69,0.65627,-10.93
17.3,0.083912,0.031825,-0.053877,-0.9951,-0.064844,0.089162,-0.020078,-0.93391,15.638,0.38278,-47.25,1.3639,16.494,1.3317,-10.551,0.084083,0.040934,-0.050205,-1.0086,-0.060742,0.091519,-0.018211,-2.5348,14.796,1.3387,-45.96,0.43973,16.792,0.7235,-10.401
17.4,0.091032,0.036497,-0.060864,-0.99792,-0.074132,0.087457,-0.02056,-2.5147,15.004,1.2153,-48.062,0.23522,17.586,0.54885,-8.024,0.077241,0.029215,-0.06845,-0.99453,-0.065419,0.088403,-0.018045,-1.0923,14.833,-0.23254,-47.357,-0.13033,16.132,0.35035,-8.8263
17.5,0.10306,0.010521,-0.065291,-0.99593,-0.069862,0.093664,-0.024918,-1.2643,14.044,0.14792,-45.988,1.3626,16.544,-1.3476,-8.5432,0.091146,0.025176,-0.042692,-1.0126,-0.061933,0.088059,-0.013944,0.10862,15.61,-0.65294,-47,1.3068,15.021,2.1487,-10.143
17.6,0.097234,0.029088,-0.05397,-0.98568,-0.055367,0.092767,-0.028042,-0.79967,13.891,1.3258,-47.192,1.2446,18.205,0.20229,-9.5407,0.10816,0.017746,-0.050651,-0.99142,-0.061768,0.091541,-0.029344,-1.9276,13.734,2.2978,-47.938,0.88395,16.007,0.82442,-7.4856
17.7,0.096955,0.017815,-0.042644,-0.99856,-0.054262,0.086496,-0.028783,-0.96992,12.342,2.1188,-45.518,0.68824,16.004,0.15875,-10.539,0.10381,0.022035,-0.053956,-0.98822,-0.061139,0.09021,-0.027261,-1.5988,11.552,-1.0274,-48.169,1.4235,16.793,-0.29764,-8.1091
17.8,0.10434,0.0029031,-0.04809,-0.98898,-0.051799,0.08783,-0.019834,-3.1512,14.075,-0.078872,-46.752,-0.2241,17.14,2.2039,-7.7157,0.1157,0.011315,-0.036344,-0.99661,-0.058728,0.10061,-0.026572,-2.3572,14.674,-0.43983,-47.166,2.6935,16.831,-0.5334,-10.061
17.9,0.11207,0.028193,-0.04455,-1.0008,-0.059185,0.097184,-0.030841,-0.27982,12.653,-0.3014,-47.53,1.4567,16.833,-0.009865,-9.2884,0.11034,0.03492,-0.05458,-0.98438,-0.050543,0.081591,-0.024116,-2.217,12.407,-0.93605,-45.968,-0.16302,17.837,0.92362,-8.2175
18,0.10189,0.013061,-0.050747,-0.99174,-0.049171,0.094756,-0.028072,-0.9993,13.093,-0.10227,-46.165,0.24523,18.891,1.4165,-7.1924,0.11221,0.0052242,-0.063719,-0.98998,-0.057713,0.082245,-0.023693,0.84307,13.54,0.5104,-46.176,1.2762,17.89,0.17777,-7.499
18.1,0.13012,0.030329,-0.036991,-1.0168,-0.050966,0.085623,-0.021155,-2.1988,10.592,0.78968,-44.945,0.42523,16.359,-1.3344,-7.165,0.11916,-0.0073123,-0.060667,-0.97859,-0.049616,0.084521,-0.022761,-0.77691,10.399,0.94049,-45.121,0.48758,17.548,1.5065,-8.6945
18.2,0.1097,-0.0012695,-0.046075,-0.98796,-0.047321,0.079593,-0.02106,-2.2024,9.8899,0.19215,-43.308,0.71096,18.437,1.7641,-6.2784,0.11714,-0.0084143,-0.049139,-0.99688,-0.0439,0.092513,-0.025611,0.15725,10.243,0.5854,-44.922,0.25013,19.134,1.0953,-5.611
18.3,0.10117,-0.013504,-0.035534,-1.0063,-0.046016,0.077447,-0.023783,-1.0983,12.633,2.7865,-44.156,3.2487,18.029,0.049392,-7.2229,0.11792,0.014524,-0.029189,-0.98759,-0.044926,0.082299,-0.032928,-2.1326,11.084,0.22507,-45.095,-0.18212,18.81,0.12196,-6.4374
18.4,0.12614,-0.0021234,-0.037623,-1.0078,-0.0416,0.090534,-0.033169,-1.4895,8.7669,1.0944,-44.085,0.60161,17.155,-0.51109,-6.8805,0.10587,-0.004901,-0.068962,-0.98301,-0.03456,0.080458,-0.036697,-1.3277,11.356,1.4171,-45.026,0.21425,18.655,1.0819,-8.3197
18.5,0.10878,0.0013415,-0.047464,-0.9918,-0.035457,0.084873,-0.037132,-1.6324,11.364,1.2923,-44.219,0.75344,19.309,0.32086,-5.7597,0.10493,-0.00097896,-0.061476,-0.99118,-0.034322,0.086534,-0.024793,-1.3168,9.9633,-0.83412,-44.793,1.7882,17.345,1.5436,-5.7995
18.6,0.11746,-0.0078036,-0.029101,-0.98856,-0.039094,0.082245,-0.036478,-1.4801,10.276,1.4756,-42.988,-0.045137,17.493,0.35757,-6.2943,0.10808,-0.015472,-0.051302,-0.99036,-0.036934,0.090782,-0.024184,-2.7283,10.279,-0.28089,-43.03,-0.13365,17.452,1.4597,-4.4811
18.7,0.12951,-0.032639,-0.037804,-1.01,-0.032629,0.082176,-0.034406,0.0025605,10.191,2.2358,-44.304,-2.2674,19.337,-1.2008,-6.002,0.13774,-0.0042689,-0.037153,-0.99843,-0.026899,0.083618,-0.031336,2.0691,9.5292,-0.42311,-44.023,-0.041154,18.044,-0.2849,-3.3182
18.8,0.13656,-0.018954,-0.037692,-1.0056,-0.032683,0.080276,-0.028281,-0.53423,8.2054,1.3613,-42.771,-0.82514,18.372,2.184,-5.2008,0.13392,-0.016828,-0.033804,-0.98571,-0.031525,0.083552,-0.035798,-0.53819,8.5486,0.8628,-43.276,-1.2089,18.472,1.1379,-6.0189
18.9,0.11853,-0.035305,-0.026071,-0.98005,-0.032525,0.075844,-0.033832,-2.8031,8.1795,0.48506,-43.998,0.49129,19.073,0.042762,-6.6215,0.12214,-0.041791,-0.0035547,-0.98929,-0.02987,0.072916,-0.027624,-1.4279,8.4461,0.97159,-43.389,0.21988,21.16,-0.67036,-4.4736
19,0.096232,-0.036264,-0.022412,-1.0015,-0.024314,0.081582,-0.033663,-2.0649,7.2188,0.46917,-42.207,1.4483,19.242,0.42487,-3.9038,0.12965,-0.024927,-0.029006,-0.97759,-0.022117,0.082199,-0.021147,-1.7145,8.4803,0.0043476,-42.802,0.44238,18.173,1.2806,-4.0832
19.1,0.12796,-0.038331,-0.037805,-0.98576,-0.02392,0.072506,-0.039345,-0.92922,6.2028,0.71216,-41.472,2.7809,17.149,-0.61533,-5.984,0.13079,-0.032093,-0.048664,-0.99637,-0.029802,0.071075,-0.03844,-2.8246,6.8302,1.1647,-44.068,-1.5278,17.899,-0.78281,-4.7913
19.2,0.13022,-0.027384,-0.02913,-1.0009,-0.018767,0.073153,-0.030287,0.20955,6.9732,0.49796,-42.871,1.6743,18.683,1.687,-5.4382,0.13699,-0.034599,-0.031354,-0.9969,-0.023535,0.081558,-0.034478,-0.81881,4.3758,1.2574,-42.483,-1.2201,20.556,1.4954,-5.2676
19.3,0.13647,-0.038161,-0.016257,-0.98797,-0.027533,0.076067,-0.028732,-2.8566,6.4132,-0.24435,-42.512,-2.325,16.648,0.80495,-4.3008,0.12879,-0.020919,-0.027734,-0.98,-0.027483,0.07441,-0.032565,-0.51573,4.5555,1.7459,-43.279,-0.71235,17.641,-0.09965,-4.0434
19.4,0.12278,-0.044797,-0.019806,-0.99474,-0.015269,0.068578,-0.027696,-1.1445,6.9422,0.96301,-42.247,0.28751,16.97,-0.7055,-3.4566,0.1383,-0.059251,-0.032223,-0.97375,-0.020916,0.078197,-0.040198,-1.8778,5.7088,1.3792,-42.638,0.053369,19.155,-0.45031,-2.8893
19.5,0.11955,-0.044425,-0.032272,-1.0055,-0.015823,0.078833,-0.034671,0.48184,5.2089,1.099,-41.577,-1.7626,17.406,0.47338,-3.9146,0.13674,-0.058821,-0.019328,-0.99306,-0.021157,0.073939,-0.031249,-1.5556,3.6519,1.5756,-41.919,0.48429,18.008,0.28218,-3.6856
19.6,0.14444,-0.062285,-0.015406,-0.98917,-0.014839,0.082109,-0.023755,-0.52374,5.6583,0.6983,-42.236,1.6037,17.352,-0.12718,-5.8321,0.1295,-0.049116,-0.033474,-0.98264,-0.025826,0.075447,-0.028714,-0.3718,5.0756,0.085984,-40.977,-2.0227,16.895,0.35587,-2.0836
19.7,0.15474,-0.071686,-0.017568,-0.97739,-0.01292,0.08343,-0.024292,-0.11013,3.5655,-1.3654,-39.558,0.09725,18.26,1.5088,-5.2859,0.13692,-0.04529,0.0041585,-0.98675,-0.01387,0.07786,-0.034944,-0.87294,5.8038,1.5645,-41.823,-0.67421,17.24,-0.63375,-3.912
19.8,0.15829,-0.05231,-0.010996,-1.0026,-0.0060205,0.071023,-0.030339,-1.9548,3.0254,0.050894,-40.234,-0.99105,17.977,0.31437,-2.8938,0.15517,-0.06707,-0.012377,-0.99184,-0.017245,0.073822,-0.03278,-3.3291,4.1211,0.8406,-39.2,-0.50323,15.758,-1.064,-4.851
19.9,0.14459,-0.038534,-0.016554,-0.98192,-0.016181,0.077894,-0.025656,-1.2135,3.0469,0.15118,-39.695,-0.67611,16.576,-1.5067,-3.7179,0.15182,-0.055837,-0.012034,-0.98018,-0.015545,0.077853,-0.030183,-1.0953,4.3171,0.62919,-39.272,0.27233,16.805,-0.92914,-3.9079
20,0.13366,-0.055629,-0.0066166,-0.99559,-0.010374,0.074833,-0.038527,-3.3035,4.2692,0.32451,-39.977,-0.085611,17.041,-0.31199,-4.6968,0.12181,-0.062207,-0.021123,-0.97596,-0.024768,0.07826,-0.029286,-2.8837,3.2731,1.1892,-40.212,-0.83249,15.645,0.023299,-3.0344
20.1,0.1347,-0.0689,-0.018686,-1.0159,-0.024269,0.067472,-0.031205,-2.4559,2.5888,2.1195,-40.121,-0.25004,16.875,-2.8048,-6.1462,0.14221,-0.067768,0.0036499,-0.98845,-0.010153,0.068301,-0.030412,-0.66254,4.0754,-0.20181,-40.508,0.18485,16.815,0.16736,-5.0852
20.2,0.13711,-0.082086,-0.015454,-0.97955,-0.0097179,0.067056,-0.029653,-2.1331,2.506,1.0366,-39.429,-0.26764,15.908,0.81665,-4.3467,0.15827,-0.063134,-0.016531,-0.99166,-0.017938,0.066209,-0.032045,-0.084757,2.5731,2.229,-39.329,0.074422,14.024,-1.1994,-4.0917
20.3,0.13078,-0.074834,-0.019068,-1.0048,-0.0064243,0.067468,-0.023587,-1.4976,3.4552,-1.4972,-38.004,-0.13569,16.378,0.86203,-3.0458,0.13939,-0.069783,0.015188,-0.98686,-0.018299,0.07065,-0.032185,-1.6631,1.8442,-1.5727,-39.254,1.2952,15.468,-1.7073,-6.0184
20.4,0.13217,-0.080596,-0.0092963,-0.98066,-0.001757,0.063835,-0.020676,-1.2176,3.9979,1.7767,-36.249,-2.1205,17.124,-0.045975,-4.146,0.16457,-0.08129,7.0299e-05,-0.97914,-0.0038017,0.065809,-0.026252,-0.87809,1.9258,0.22234,-38.487,-0.73534,16.485,1.4518,-4.5564
20.5,0.13512,-0.074236,-0.014184,-0.98822,-0.0037762,0.062141,-0.033098,-0.4126,1.401,-0.20378,-39.366,0.080097,15.466,0.27798,-4.3049,0.12859,-0.081848,-0.0045858,-0.98914,-0.0021491,0.059111,-0.028781,-0.67794,1.309,1.5938,-36.004,-0.54674,14.138,-0.27091,-2.6735
20.6,0.14655,-0.090807,-0.0093349,-0.99456,-0.0061426,0.05683,-0.021137,-1.253,-0.66755,3.5675,-37.196,0.35249,14.1,-0.42206,-4.4198,0.15145,-0.084934,0.0085475,-0.98129,-0.008741,0.06761,-0.031099,-0.48464,1.2304,0.70262,-37.229,-0.062173,15.091,-0.22271,-4.697
20.7,0.13842,-0.083625,-0.0010323,-0.99164,-0.0081304,0.0564,-0.025849,-0.70736,0.30029,0.78833,-35.732,-2.51,14.972,-0.60035,-5.2498,0.15891,-0.081236,-0.0088354,-0.97478,-0.00049099,0.061318,-0.020357,0.1028,0.84675,0.4088,-38.325,-1.0326,16.097,-1.1748,-3.3409
20.8,0.13162,-0.09672,-0.0069816,-0.98963,-0.000934,0.057884,-0.021503,-2.0186,-0.21874,0.5576,-37.949,-0.57039,14.424,-2.0708,-6.1088,0.14059,-0.080276,0.0067086,-0.98798,0.0026876,0.065682,-0.021209,0.8911,-0.28808,-0.56551,-36.076,-0.081422,15.141,0.67002,-4.35
20.9,0.12821,-0.093208,0.0091291,-0.98438,-7.2457e-05,0.051542,-0.014767,0.23863,-1.4643,-0.34702,-36.404,-1.4755,14.954,-0.60765,-5.0398,0.13984,-0.097124,0.01291,-1.0006,-0.0066474,0.054183,-0.025872,0.066405,-2.1054,0.69694,-36.771,-0.59496,14.848,0.44724,-6.0124
21,0.13858,-0.09744,0.015511,-0.99165,-0.0027888,0.05647,-0.017299,1.3153,-2.3516,1.6991,-35.202,-1.8091,14.786,-1.2108,-5.8765,0.13812,-0.09004,0.00010174,-0.97557,-0.0043994,0.058336,-0.019855,-0.81897,-1.1952,0.41472,-36.831,-0.29819,14.03,-0.25085,-6.4017
21.1,0.15974,-0.10901,-0.0027953,-0.96202,0.0026426,0.064902,-0.010481,-1.3615,0.072934,1.9511,-36.05,-2.5842,13.898,-0.16132,-4.3664,0.13815,-0.094241,0.012775,-0.98628,0.0066671,0.053765,-0.021859,-0.29486,-2.3322,0.74103,-36.683,-1.4814,12.86,-1.7879,-7.8171
21.2,0.14037,-0.096436,-0.01109,-0.98994,-0.0055274,0.063721,-0.023084,-0.19928,-0.060708,-0.38922,-37.642,0.06564,14.34,-0.75388,-4.4561,0.15319,-0.094281,-0.010089,-0.98177,-0.0040425,0.057208,-0.020038,-1.2952,-1.7588,0.26602,-36.067,-0.33791,13.74,0.017335,-5.9881
21.3,0.13672,-0.10398,0.026122,-0.98298,0.004622,0.053326,-0.017461,0.33765,-2.4364,1.3759,-35.869,-0.37163,11.573,-0.36766,-6.901,0.1366,-0.096106,0.009457,-0.97728,0.0037937,0.057582,-0.018077,-2.1171,-1.397,0.88925,-33.913,-2.3972,13.832,-1.9006,-5.4045
21.4,0.13775,-0.11281,-0.0027541,-0.98531,0.00042702,0.049356,-0.0002162,0.49107,-2.2398,1.1938,-34.328,-0.16039,13.369,0.18496,-8.2369,0.14437,-0.11123,0.017024,-0.97574,0.00064455,0.052306,-0.019058,0.69712,-1.5766,0.20992,-36.916,-0.63385,13.243,0.82954,-6.4821
21.5,0.14756,-0.098662,0.014965,-0.96312,0.0033761,0.052802,-0.022232,-1.6203,-2.5659,-0.89791,-37.491,-3.1907,12.784,-1.9508,-5.391,0.15163,-0.12976,0.013684,-0.98217,0.0073034,0.052436,-0.01282,-0.99205,-0.69516,0.14888,-34.359,-0.63915,12.518,-1.0556,-6.7291
21.6,0.1338,-0.093435,0.019433,-0.96455,0.0044184,0.053586,-0.0088151,0.12621,-3.4679,-0.21246,-37.475,-0.053874,13.013,-1.6626,-6.3658,0.13451,-0.12072,0.017294,-0.9703,-0.00044398,0.052044,-0.015319,0.43577,-3.7815,-0.98878,-36.233,-1.2071,11.264,-0.93202,-5.6028
21.7,0.16508,-0.12427,0.0015732,-0.99985,0.0077005,0.054364,-0.015175,-3.3211,-3.5427,0.75814,-34.884,-0.60658,11.331,-0.62076,-5.0435,0.13587,-0.096115,0.010163,-0.99696,0.0050661,0.050419,-0.0087731,0.34825,-4.1668,0.28473,-37.373,-2.0819,10.454,-1.6851,-5.9618
21.8,0.14915,-0.13324,0.0055668,-0.97791,0.0057578,0.054733,-0.0045267,-1.0242,-4.9853,0.70102,-33.882,0.23103,11.789,-1.606,-7.9747,0.1425,-0.10628,0.021697,-0.97364,0.0063097,0.048097,-0.011391,-3.437,-4.9609,1.7828,-31.694,-1.2437,11.293,-0.21874,-7.3413
21.9,0.13537,-0.11685,0.021581,-0.97766,-0.00053654,0.054859,-0.0017025,-1.0722,-3.2151,1.5608,-33.71,-0.22196,11.514,-1.1342,-8.8041,0.14596,-0.10385,0.014841,-0.98035,-0.0017186,0.049421,-0.0087091,1.0902,-3.7554,1.324,-31.149,-1.5398,8.1772,-0.66638,-9.7301
22,0.15283,-0.12665,0.017199,-0.99331,0.0092528,0.042175,-0.0018947,-2.8687,-4.5147,-0.14503,-32.384,-0.36271,9.6537,-1.5166,-7.9738,0.13801,-0.10436,0.0086472,-0.98838,0.0011504,0.048319,-0.01773,-1.3029,-3.6714,0.54209,-31.944,-0.43084,10.146,-0.37953,-7.1697
22.1,0.1405,-0.11451,0.013867,-0.97502,0.010183,0.034859,-0.0071228,-0.31766,-5.5337,3.0257,-33.125,0.40144,9.3643,1.0966,-8.0491,0.13912,-0.1314,0.012901,-0.98698,0.0012105,0.047249,0.0046522,-1.2919,-4.3119,1.9564,-31.707,-0.57706,11.112,-1.58,-6.8188
22.2,0.15776,-0.11387,0.025884,-0.97486,0.014373,0.040497,0.0040601,-1.6212,-6.5802,1.4981,-33.315,-0.9309,9.73,-1.3493,-8.057,0.1352,-0.14051,0.027686,-0.98252,0.0066938,0.050565,0.0042477,-2.4491,-5.583,1.7916,-33.361,-0.56108,9.5597,-0.97391,-8.4881
22.3,0.14594,-0.13403,0.0013512,-0.98931,0.012513,0.045369,-0.018213,-2.0816,-4.952,0.34669,-32.308,0.19521,9.2169,0.16641,-9.3631,0.14061,-0.12509,0.028193,-0.99312,0.020002,0.035168,-0.0057364,-0.62004,-6.2386,1.8403,-32.418,0.37753,11.855,-0.5906,-8.6646
22.4,0.12584,-0.12521,0.026051,-0.9772,0.0091147,0.038527,-0.012859,-0.64673,-7.3303,0.30873,-29.914,-1.0222,9.1417,-1.1733,-8.5399,0.13557,-0.13261,0.029931,-0.97621,0.012692,0.041553,0.0023484,-2.1168,-4.6419,-1.2344,-32.619,1.1213,10.916,-1.0557,-9.7819
22.5,0.12989,-0.12952,0.015392,-0.9851,-0.00018356,0.040633,-0.0027168,-0.4913,-5.3374,-0.28798,-32.132,-0.15878,9.3498,-1.8466,-8.0228,0.12884,-0.14697,0.030183,-0.9822,0.0075022,0.037931,-0.00068463,-1.1246,-5.6886,1.6032,-32.545,-1.0359,10.514,0.46561,-10.274
22.6,0.14515,-0.14362,0.029308,-0.96744,0.019243,0.040796,0.0082276,-0.30915,-6.8233,-0.93241,-30.089,-1.0928,10.175,-1.1001,-10.075,0.13178,-0.13092,0.0090225,-0.96133,0.0064182,0.038815,0.0010636,-0.81785,-6.7372,2.2068,-30.236,-0.67525,8.6386,-1.581,-10.567
22.7,0.13458,-0.13199,0.02795,-0.97823,0.010468,0.038864,-0.0073953,0.3904,-7.4431,1.2361,-30.374,-0.17897,10.032,-0.16285,-8.2937,0.14718,-0.14229,0.029794,-0.97076,0.0043255,0.031949,0.0047521,-2.0369,-8.4262,-1.0619,-30.909,-0.64472,10.419,-2.1244,-10.594
22.8,0.14256,-0.12821,0.037704,-0.97743,0.0093867,0.0332,0.0035364,-1.3322,-6.8556,1.8435,-31.034,-1.9495,6.5617,-2.1842,-11.724,0.12742,-0.14179,0.018133,-0.96842,0.010369,0.029367,0.0082415,0.034466,-7.0746,1.0578,-29.984,0.085523,9.448,0.57104,-11.259
22.9,0.14749,-0.14444,0.029618,-0.97594,0.012163,0.036731,0.0085136,-1.7519,-9.7261,2.2983,-30.689,0.41959,9.0936,-0.74977,-11.338,0.12728,-0.14133,0.0062149,-0.97124,0.013036,0.032992,0.0021006,0.077264,-7.8521,0.41868,-28.685,0.32003,8.4967,-0.066766,-11.42
23,0.13385,-0.13278,0.024607,-1.0034,0.017842,0.037407,0.0090823,-1.6232,-8.1094,1.8775,-30.151,-0.3494,7.7011,-1.7721,-11.19,0.14008,-0.12092,0.013517,-0.9687,0.013588,0.027547,0.0023448,-1.3708,-8.0502,1.5529,-30.636,-0.32454,8.6409,-2.4277,-10.552
23.1,0.12459,-0.13779,0.019827,-0.98854,0.023252,0.045415,0.011255,-1.2659,-8.36,0.97769,-28.713,-0.75839,6.714,-1.9709,-11.785,0.13864,-0.12612,0.0014846,-0.97964,0.011165,0.02701,0.015345,-1.8278,-9.073,1.7064,-28.281,-2.0455,7.6626,-1.604,-11.142
23.2,0.14913,-0.13153,0.023089,-0.9767,0.015915,0.026772,0.0038794,0.5805,-9.6293,1.1662,-29.522,2.1728,8.6512,-1.1174,-11.005,0.12791,-0.14031,0.0064072,-0.99846,0.012587,0.025084,0.0070971,-0.67927,-8.2573,3.2064,-29.372,0.24997,6.7018,-1.4929,-12.48
23.3,0.14186,-0.13906,0.0055073,-0.99206,0.0089397,0.027162,0.0070571,-3.4855,-8.8791,1.1808,-30.262,-1.2519,7.8714,-4.1998,-10.891,0.13727,-0.14266,0.021661,-0.98037,0.011888,0.034804,0.0081532,-0.58517,-9.7532,1.1655,-29.013,0.21129,7.3842,1.0712,-10.693
23.4,0.14231,-0.14624,0.01096,-0.97475,0.02137,0.022987,0.013694,-0.92703,-10.931,0.405,-31.087,0.097303,7.1617,0.4162,-10.393,0.13475,-0.14399,0.0094529,-1.0021,0.013245,0.018964,0.0068726,-1.0267,-11.604,1.9171,-27.651,-0.6029,7.763,-2.9567,-11.791
23.5,0.13294,-0.13671,0.0032494,-0.98601,0.013777,0.021581,0.015898,-0.10845,-11.128,0.46472,-29.391,-1.4986,6.8456,-1.8455,-12.055,0.139,-0.15193,0.01511,-0.99049,0.017909,0.024646,0.016276,-1.6143,-10.112,-1.7614,-26.933,-1.2345,8.6711,-0.071285,-12.249
23.6,0.11966,-0.15191,0.025028,-0.98019,0.032558,0.022636,0.011541,-2.6098,-12.357,-0.1722,-28.531,-2.1811,8.3096,-1.6723,-11.776,0.15091,-0.13081,0.01477,-0.96984,0.023058,0.026131,0.015532,-0.77976,-10.6,-0.73543,-26.873,1.864,7.8406,0.44198,-11.083
23.7,0.12725,-0.14582,0.014498,-0.99593,0.0124,0.022125,0.0048105,-3.4915,-11.179,1.7062,-27.293,-2.06,8.0526,-1.7961,-13.352,0.13835,-0.12617,-0.0028652,-0.97253,0.016082,0.026898,0.016837,-1.781,-10.38,0.48417,-28.108,0.88967,7.7306,-1.1772,-14.508
23.8,0.12485,-0.13912,0.03766,-0.96939,0.018576,0.023774,0.004641,-0.37721,-12.456,1.2273,-28.33,0.60136,6.0196,-2.3073,-14.352,0.11478,-0.12984,0.034305,-0.99,0.027025,0.011313,0.0062959,0.33771,-11.565,0.8099,-27.618,-0.086884,6.1699,-2.2121,-11.962
23.9,0.12916,-0.16556,0.031296,-0.97705,0.02606,0.019814,0.019418,-1.1799,-12.038,0.17394,-26.988,-0.042568,5.548,-0.75066,-13.116,0.11512,-0.14619,0.03627,-0.98087,0.020735,0.011853,0.017072,-0.23071,-12.708,1.1404,-26.23,0.93835,4.9932,-0.51487,-13.788
24,0.12851,-0.15509,0.010819,-0.98415,0.020922,0.020371,0.013518,-0.41694,-12.578,-0.71063,-25.752,-0.59871,4.0195,-2.8437,-14.621,0.12674,-0.15361,0.015114,-0.97666,0.02071,0.013149,0.012092,-3.6683,-12.205,0.34548,-29.063,0.055548,6.0249,-2.2445,-13.921
24.1,0.13203,-0.15628,0.019429,-0.98028,0.028583,0.014174,0.017531,-0.22037,-13.52,1.8925,-26.126,0.79028,5.2825,-3.375,-15.444,0.12416,-0.14647,0.001105,-0.97661,0.014897,0.014921,0.012402,-0.34476,-13.472,2.4624,-26.201,-0.93229,5.9158,-1.9685,-13.141
24.2,0.10973,-0.16043,0.031074,-0.97805,0.018771,0.014178,0.024016,-1.9766,-13.008,-0.35225,-26.063,-0.43741,5.2425,-1.7447,-15.432,0.14811,-0.15238,0.030803,-0.98369,0.023743,0.017466,0.018366,-0.75008,-12.895,0.80227,-26.405,0.60651,4.7498,-1.217,-15.321
24.3,0.1189,-0.15222,0.016989,-0.97917,0.030295,0.0083672,0.018471,-0.029796,-13.421,-0.26472,-25.725,0.13691,4.3604,-0.016363,-15.893,0.12575,-0.15697,0.023612,-0.97543,0.025894,0.011501,0.020458,-3.0843,-13.135,1.2966,-26.422,-0.18871,5.754,-2.9324,-14.113
24.4,0.13411,-0.15605,0.024092,-0.99869,0.01388,0.0066653,0.014061,-3.4713,-13.992,0.60343,-26.025,1.0802,5.5516,-0.16895,-16.09,0.11083,-0.15689,0.019349,-0.98207,0.024941,0.015314,0.024429,-2.5416,-12.718,0.081586,-26.774,0.36565,5.3518,-0.73425,-17.998
24.5,0.11612,-0.15769,0.010128,-0.97421,0.029324,0.0093517,0.023182,-0.84891,-14.62,0.30061,-25.291,0.75661,4.7246,-0.67931,-14.174,0.13715,-0.1554,0.012861,-0.97786,0.028895,0.011458,0.014293,-0.85642,-14.318,1.1271,-26.143,-2.0581,5.5893,0.39879,-14.346
24.6,0.12075,-0.15776,0.024256,-0.9934,0.021931,0.0077105,0.024917,-0.77695,-12.771,0.54472,-25.294,0.37277,6.8196,-0.18843,-17.83,0.11354,-0.16521,0.0084475,-0.99484,0.015828,0.0083343,0.028228,-1.0555,-13.881,-0.11951,-26.526,-2.0658,6.038,0.04308,-16.987
24.7,0.11734,-0.15322,0.012782,-0.97567,0.024982,0.0030691,0.018031,-1.1371,-13.268,1.8469,-26.321,1.3368,6.6892,-1.2782,-16.677,0.1042,-0.13814,0.0046311,-0.97916,0.019691,0.0040357,0.019206,-1.1129,-13.915,1.8241,-23.944,1.4942,5.3326,-2.4503,-18.686
24.8,0.12255,-0.15221,0.020559,-0.98725,0.023453,0.010943,0.025678,-1.2332,-16.843,0.71335,-24.239,-0.80684,5.1982,1.3643,-17.933,0.12078,-0.16372,0.0054423,-0.98782,0.024665,-0.0034868,0.02462,-2.6026,-14.825,0.99765,-25.002,0.93289,5.4696,-0.90218,-16.165
24.9,0.12143,-0.13812,0.020062,-0.9918,0.033119,-0.00012222,0.024442,-2.1268,-15.894,1.9207,-24.547,-0.64993,7.7882,-1.6411,-18.944,0.099933,-0.1517,0.0076736,-0.99644,0.032457,-0.0061705,0.018877,-2.5223,-15.897,0.17515,-25.262,-1.5801,5.5276,-0.090284,-17.448
25,0.12274,-0.15581,0.0092906,-0.97885,0.032413,-0.0021688,0.020757,-0.38528,-17.259,0.0079139,-23.021,-0.017536,6.9367,-2.4735,-18.129,0.097677,-0.15716,0.00076406,-0.99416,0.022668,0.0024864,0.016419,-2.4424,-15.852,0.71024,-23.461,-1.7725,4.7219,-1.0933,-17.761
25.1,0.10211,-0.15001,0.018348,-0.97302,0.022884,0.0053779,0.026763,-2.2694,-17.633,-0.19926,-23.808,-1.4032,7.1046,-0.82728,-17.037,0.1013,-0.15214,0.0083807,-0.96519,0.029226,0.0059337,0.024174,-0.23341,-17.138,-1.2951,-22.33,-0.85871,7.0363,-0.43743,-18.786
25.2,0.097315,-0.16322,-0.0074899,-0.97967,0.024851,0.0072866,0.021723,-1.9353,-17.046,1.5955,-24.063,-0.71753,4.708,-0.94159,-19.114,0.11424,-0.15237,0.0058084,-0.99091,0.024035,-0.0038493,0.016913,-2.3461,-16.134,0.52117,-23.392,-0.91062,7.2357,-1.7499,-16.727
25.3,0.098146,-0.15649,0.019157,-0.98754,0.025696,-0.0082848,0.025338,-1.4997,-16.432,1.4572,-23.082,0.18639,6.5139,1.2551,-19.321,0.10227,-0.15406,0.012631,-0.9654,0.02996,-0.0076793,0.032254,-0.24623,-15.625,0.70928,-24.568,-0.90432,6.0001,-1.1352,-19.854
25.4,0.11318,-0.14494,0.0027211,-0.98428,0.034944,0.0075095,0.024638,-2.2014,-15.82,0.38623,-22.003,0.47529,5.5251,-1.1685,-19.955,0.10589,-0.15524,0.014391,-0.97175,0.036321,0.0088176,0.028624,-1.1163,-16.918,1.3217,-23.677,1.2943,6.0673,-1.2046,-19.014
25.5,0.091284,-0.14692,0.012932,-1.0014,0.031308,-0.0032435,0.03525,0.94286,-19.293,0.40392,-22.83,-0.19271,5.5548,-1.0131,-19.348,0.10509,-0.14818,0.0029633,-0.97237,0.043022,-0.0068777,0.02164,-0.17657,-19.125,-0.87765,-23.608,-1.0402,5.1276,-0.83403,-18.894
25.6,0.098791,-0.1401,0.0074992,-0.97604,0.032616,-0.003767,0.026042,-0.54842,-17.959,0.86913,-24.834,-0.17908,6.1969,-2.5858,-18.88,0.10276,-0.16647,0.0069144,-0.98762,0.039967,-0.010692,0.024271,-0.72292,-18.744,0.70245,-22.27,0.031599,6.0745,0.50816,-19.037
25.7,0.097336,-0.15453,0.0053692,-0.97567,0.045135,-0.0040735,0.028541,-1.4987,-20.542,3.4319,-22.025,0.39306,4.572,-0.275,-16.742,0.090804,-0.14803,0.0051428,-0.96539,0.030594,-0.011454,0.023741,-0.29952,-19.728,0.58992,-21.693,-0.51632,6.9355,-2.5092,-20.975
25.8,0.080189,-0.15843,0.0035987,-0.99107,0.036505,-0.0043561,0.028772,-3.1367,-19.722,0.37882,-22.588,1.2208,6.826,-1.5406,-18.319,0.10881,-0.14883,0.01558,-0.99562,0.048229,-0.0091125,0.021432,-0.37923,-18.368,-0.12233,-20.623,1.328,7.218,1.7759,-19.299
25.9,0.10662,-0.15385,0.0020571,-0.99719,0.036308,-0.017059,0.021688,-1.3542,-18.596,1.8996,-21.079,1.1661,4.5563,0.0081752,-20.372,0.093679,-0.14569,0.018573,-0.97627,0.037806,-0.019924,0.024499,-1.9315,-19.863,2.5211,-21.013,0.1905,7.1102,-0.34717,-20.366
26,0.098036,-0.15738,-6.0077e-05,-0.98963,0.034631,-0.017219,0.032181,-2.2063,-20,0.011431,-23.588,0.060099,4.9868,-0.38216,-21.078,0.10747,-0.1543,0.006165,-0.98371,0.038964,-0.01425,0.027702,0.72022,-20.723,0.46317,-21.374,2.6108,5.7485,0.3001,-20.612
26.1,0.093411,-0.17068,-0.0075399,-0.98924,0.034627,-0.02646,0.027696,-1.7864,-19.651,1.8859,-20.186,2.1038,7.9251,0.92295,-21.804,0.077231,-0.14075,-0.0071422,-0.98442,0.037134,-0.017528,0.034297,-0.89612,-18.212,2.9155,-20.679,2.1149,5.4435,-0.030082,-21.724
26.2,0.11747,-0.16219,0.012107,-0.99998,0.045844,-0.019351,0.02727,-0.81829,-19.578,1.9582,-19.984,2.0094,7.7915,-0.37991,-20.789,0.06994,-0.14805,0.0056906,-0.9802,0.043986,-0.019315,0.024275,-1.7371,-19.228,-1.227,-19.308,-1.1827,6.9234,-1.8371,-20.759
26.3,0.099138,-0.1598,-0.0034151,-0.9727,0.042841,-0.015299,0.020068,-2.0346,-20.784,1.7808,-20.357,1.1781,9.4591,-0.80961,-20.087,0.094871,-0.14261,-0.0045969,-0.99727,0.038568,-0.022844,0.026209,-0.42536,-21.6,-0.96205,-19.104,1.4276,6.5329,0.20164,-22.15
26.4,0.10336,-0.16595,-0.010938,-0.98719,0.038773,-0.019337,0.0341,-0.91207,-21.597,0.87279,-20.438,0.95272,5.8636,-1.5923,-23.57,0.066898,-0.15563,0.011008,-0.98397,0.036417,-0.021957,0.025871,-2.0562,-22.489,0.47071,-20.838,0.020797,8.4765,-1.2608,-21.388
26.5,0.079373,-0.14801,0.0030712,-0.98495,0.041844,-0.027231,0.022466,-1.9211,-22.028,-0.45847,-20.861,1.6109,7.7308,-2.4771,-22.549,0.081792,-0.14974,-0.010132,-0.9799,0.043264,-0.016348,0.024793,-0.56334,-21.02,0.23441,-19.387,1.4864,8.2167,-1.7161,-22.089
26.6,0.089236,-0.13522,-0.0037306,-0.99081,0.044527,-0.017972,0.026813,-1.0175,-21.796,-0.72725,-18.618,-0.33869,8.1836,-1.8531,-22.899,0.072137,-0.1478,0.0085595,-0.97739,0.036228,-0.017883,0.031665,-0.71805,-23.061,2.0163,-19.043,0.2577,8.9293,-1.8871,-23.128
26.7,0.080121,-0.1524,-0.0090696,-0.98655,0.04534,-0.028227,0.028832,-0.23916,-21.538,-0.23295,-19.013,0.1402,8.6465,-1.0108,-23.022,0.069438,-0.13139,-0.012208,-0.97825,0.050911,-0.025983,0.020074,-1.2237,-22.716,1.0444,-20.45,2.5253,9.1041,-1.4986,-24.009
26.8,0.08592,-0.14105,-0.012462,-0.98208,0.047235,-0.023033,0.015829,-0.92048,-22.449,0.50406,-18.59,1.5581,9.3038,-3.557,-21.981,0.08164,-0.15011,-0.004434,-0.96737,0.047377,-0.037128,0.029662,-1.1849,-22.632,1.1357,-17.332,1.0628,8.7833,-2.1825,-23.186
26.9,0.061915,-0.13261,-0.0053445,-0.99009,0.046226,-0.027626,0.031175,-0.29501,-24.977,1.1145,-19.371,-1.1118,9.7045,-1.3734,-24.921,0.066826,-0.15324,0.0033084,-0.97068,0.047438,-0.026908,0.030326,-1.2907,-23.1,0.11038,-17.616,-0.28334,9.1334,-1.2524,-24.989
27,0.066485,-0.1483,-0.015919,-0.97403,0.042997,-0.031112,0.02124,-2.0144,-23.118,1.2533,-16.989,1.7906,9.0148,-1.6523,-22.923,0.057931,-0.14682,-0.021372,-0.97671,0.037939,-0.024905,0.026803,-1.0011,-24.418,0.85532,-16.75,1.386,8.7918,-1.6243,-25.777
27.1,0.069409,-0.13476,-0.024509,-0.97754,0.05159,-0.029808,0.026222,-1.6881,-22.308,0.23811,-17.504,-0.95217,10.405,-1.0466,-24.165,0.077922,-0.15934,-0.017655,-0.96397,0.048164,-0.037363,0.024199,-2.6504,-22.894,-0.31642,-16.373,0.35531,9.8667,-1.2189,-24.124
27.2,0.089237,-0.14442,-0.016808,-0.99365,0.045909,-0.02422,0.030783,-1.5182,-24.115,2.4204,-16.891,1.6274,11.416,-2.4552,-23.318,0.071424,-0.1535,-0.015233,-0.98204,0.050395,-0.037133,0.026154,-2.5119,-23.594,0.37299,-16.297,0.64313,11.189,-0.5908,-25.616
27.3,0.057716,-0.15903,-0.018057,-0.98308,0.049304,-0.039582,0.033657,-1.8973,-26.069,-0.06101,-16.801,1.8476,10.614,-0.33993,-25.197,0.059172,-0.14259,-0.0035562,-0.98071,0.042582,-0.043501,0.019294,-0.68832,-24.4,2.2634,-16.092,-0.57777,9.0674,-2.5448,-25.277
27.4,0.053082,-0.14329,-0.019484,-0.98469,0.045433,-0.039044,0.029422,1.1458,-24.472,0.19225,-16.517,-0.61015,10.182,-1.9463,-25.945,0.063794,-0.14506,-0.023488,-0.97841,0.047917,-0.028025,0.026404,-1.3817,-25.2,0.88966,-16.167,-0.061385,8.6473,-1.5656,-25.175
27.5,0.070119,-0.13527,-0.010733,-0.96834,0.044487,-0.034894,0.030257,0.087426,-24.546,0.2892,-15.947,0.54653,11.069,-2.7693,-25.326,0.068418,-0.13896,-0.026756,-0.98089,0.050309,-0.037649,0.024357,0.57583,-24.812,0.90201,-16.139,1.1575,10.89,-0.93527,-25.397
27.6,0.057396,-0.1477,-0.0126,-0.98722,0.046975,-0.048526,0.026912,-2.6915,-25.369,0.49942,-15.632,1.8789,12.152,0.51044,-26.744,0.063788,-0.12576,0.0014927,-0.9908,0.054691,-0.038769,0.022331,1.0949,-26.586,1.8356,-18.491,0.25411,10.319,-0.35321,-26.705
27.7,0.043827,-0.12539,-0.027345,-0.98478,0.054499,-0.039332,0.015382,-1.1145,-23.235,1.4356,-15.598,1.1829,12.166,-1.6816,-25.59,0.060058,-0.13564,-0.013533,-0.99212,0.050002,-0.040663,0.030806,0.43735,-27.247,-0.76153,-17.426,0.6426,9.9108,-1.9542,-25.816
27.8,0.055821,-0.14463,-0.0092317,-0.99655,0.045522,-0.038737,0.032822,-0.59575,-26.227,1.2267,-15.727,2.2233,11.924,-0.68035,-24.731,0.041973,-0.13243,-0.023371,-0.97977,0.048438,-0.035355,0.035303,-0.24331,-27.191,2.136,-13.965,-0.28988,10.199,-0.39255,-27.327
27.9,0.048072,-0.13606,-0.010487,-0.97732,0.054908,-0.042719,0.02067,-1.2761,-26.805,1.2657,-14.855,0.24061,11.298,-3.0734,-27.188,0.051866,-0.13949,-0.015332,-0.99144,0.050723,-0.043643,0.035837,-0.91602,-26.114,-0.20495,-12.804,-0.30623,12.194,0.044866,-26.231
28,0.051437,-0.12502,-0.026938,-0.99972,0.042887,-0.04194,0.030859,-1.0636,-25.086,0.44727,-14.787,1.2963,11.251,-1.8724,-28.229,0.017159,-0.12478,-0.016212,-0.99764,0.050788,-0.047293,0.025311,0.10898,-27.43,-0.33664,-15.166,-0.15761,11.681,-1.6296,-26.008
28.1,0.046279,-0.13014,-0.020466,-0.98072,0.042801,-0.044503,0.024998,-1.0844,-26.768,1.1128,-15.212,1.7121,10.037,0.8796,-25.719,0.052112,-0.11132,-0.028206,-0.98099,0.038729,-0.037367,0.032942,-0.92131,-27.196,0.26406,-16.202,2.458,9.8395,-1.7458,-28.454
28.2,0.025112,-0.12761,-0.01278,-0.99837,0.06207,-0.038597,0.030299,0.85273,-25.824,1.4655,-13.316,-0.58077,12.872,-1.7898,-27.566,0.031362,-0.13484,-0.022691,-0.98812,0.054509,-0.049431,0.033481,0.94139,-24.05,0.29876,-13.32,-0.1265,10.975,-0.57203,-29.166
28.3,0.039089,-0.11839,-0.021836,-0.99343,0.040306,-0.048742,0.031315,1.5621,-26.038,0.0024203,-14.359,1.7513,13.178,-0.83396,-27.949,0.031084,-0.11903,-0.035614,-1.0091,0.044329,-0.046286,0.022405,0.81061,-25.668,-0.79599,-15.33,-0.30863,12.156,-0.64062,-27.366
28.4,0.038076,-0.11903,-0.036845,-0.97837,0.054513,-0.055046,0.024834,-0.31889,-25.512,1.3639,-12.516,-0.33198,12.1,-1.7892,-27.088,0.035669,-0.11663,-0.019359,-1.0032,0.049627,-0.052888,0.036124,0.047002,-26.465,0.87078,-12.382,1.0325,13.231,-0.85075,-28.848
28.5,0.025187,-0.1062,-0.01393,-0.98185,0.046152,-0.048622,0.019776,-0.25677,-25.114,0.55504,-13.636,-0.23674,13.105,0.22741,-26.642,0.03201,-0.10518,-0.041919,-0.99976,0.053346,-0.043094,0.020217,0.20465,-26.132,0.05348,-14.609,2.1707,11.547,-0.47679,-28.473
28.6,0.030994,-0.11303,-0.0055708,-0.9862,0.051183,-0.049753,0.032961,-0.15182,-26.109,2.5759,-12.403,0.0074888,14.427,0.31963,-28.964,0.02051,-0.11207,-0.021822,-0.99002,0.04765,-0.051973,0.023316,1.2867,-26.667,1.0295,-13.906,1.4777,13.357,-0.025043,-30.29
28.7,0.03432,-0.11325,-0.01202,-0.99355,0.046527,-0.061854,0.036424,0.79325,-24.12,1.3315,-12.197,0.92483,14.276,1.7861,-30.07,0.025215,-0.11507,-0.024946,-1.0068,0.041885,-0.053664,0.024357,0.89915,-25.718,0.66441,-11.409,1.8676,13.519,-0.037837,-28.244
28.8,0.039331,-0.096658,-0.035812,-1.0035,0.037322,-0.057662,0.023067,0.48191,-25.113,0.079927,-11.789,4.5969,13.461,0.17017,-28.321,0.0094787,-0.097586,-0.047697,-0.99502,0.047044,-0.053743,0.021497,0.84803,-25.535,-0.17595,-10.836,1.3975,12.368,-2.0038,-29.886
28.9,0.019095,-0.11758,-0.026105,-0.98658,0.039664,-0.051393,0.027755,0.4926,-25.517,0.6428,-11.846,0.71146,14.027,-1.1588,-28.348,0.014946,-0.11412,-0.043502,-0.98612,0.043836,-0.059175,0.01904,0.70213,-25.893,-0.21955,-9.9944,0.97855,14.431,-0.77261,-26.257
29,0.033217,-0.1106,-0.035669,-0.9842,0.04225,-0.063361,0.016894,0.30985,-25.29,1.546,-11.32,-0.34305,15.153,-1.0548,-29.378,0.014366,-0.11034,-0.042347,-0.9983,0.038414,-0.052562,0.02303,-0.36543,-26.391,0.035647,-10.772,0.79091,14.437,-0.11355,-30.257
29.1,0.025655,-0.099393,-0.048409,-1.0138,0.050915,-0.051866,0.021993,0.21583,-23.871,2.0705,-11.626,0.051712,13.597,1.4392,-27.793,0.026172,-0.10554,-0.03074,-1.0051,0.040475,-0.053562,0.0222,0.44439,-24.974,0.31727,-11.452,0.17917,15.84,1.5882,-28.659
29.2,0.022294,-0.08891,-0.027441,-0.97861,0.03976,-0.049397,0.027506,0.90676,-24.773,-0.49779,-9.1118,0.61361,14.483,-0.83061,-29.186,0.007828,-0.10763,-0.036557,-0.9841,0.039498,-0.049966,0.01905,0.69698,-23.884,0.87458,-13.394,1.7697,12.127,-0.033557,-28.147
29.3,0.029568,-0.094735,-0.038886,-1.0144,0.039445,-0.061796,0.020692,0.91158,-22.209,1.6351,-8.4646,1.4279,14.842,-0.42536,-28.212,0.022865,-0.10236,-0.035874,-0.98757,0.047098,-0.057932,0.015208,2.3387,-23.179,2.3264,-10.302,-0.92,14.872,0.67882,-28.584
29.4,0.024289,-0.096212,-0.018796,-0.99374,0.037478,-0.05533,0.02219,1.7744,-22.263,1.4318,-10.989,1.9665,14.822,1.3666,-28.724,0.012149,-0.10032,-0.024121,-1.0001,0.041088,-0.059136,0.017172,0.65962,-24.356,1.8898,-9.3356,-0.13308,15.012,1.7616,-29.259
29.5,0.017894,-0.083507,-0.023221,-0.99029,0.032058,-0.062546,0.022945,2.1465,-23.554,-0.44396,-10.125,1.2513,14.743,2.2599,-26.883,-0.0043499,-0.09649,-0.049913,-0.98764,0.032053,-0.054643,0.016984,2.3247,-24.914,0.21991,-11.244,0.43615,15.455,0.40475,-30.237
29.6,0.011204,-0.085311,-0.036079,-1.0057,0.044652,-0.064346,0.013386,-0.30169,-24.269,0.54656,-9.4921,0.92025,14.403,-0.24788,-26.038,-0.0020632,-0.095943,-0.048459,-0.99732,0.042542,-0.063502,0.021247,-0.68344,-22.623,1.1315,-9.5791,-0.62218,14.836,2.3153,-29.96
29.7,0.0038342,-0.077133,-0.034833,-0.99571,0.037805,-0.074639,0.014637,1.9405,-23.76,0.39326,-7.9827,1.2616,15.65,1.7858,-27.94,0.010209,-0.088211,-0.023136,-0.99724,0.031437,-0.06705,0.010907,0.13896,-22.033,1.0741,-10.394,3.2839,14.863,0.46887,-25.854
29.8,-0.0023917,-0.067979,-0.049182,-0.97807,0.034702,-0.068445,0.01148,1.4962,-22.062,-0.5759,-9.9822,1.0914,15.859,1.2449,-27.474,0.0078755,-0.078793,-0.044348,-0.99982,0.033558,-0.059012,0.025301,0.5553,-23.123,0.26295,-8.2782,-0.28196,13.952,0.72957,-28.123
29.9,0.016177,-0.057304,-0.037425,-0.99647,0.041138,-0.069264,0.021496,0.46402,-22.49,0.94693,-8.3966,1.9482,17.389,2.2602,-25.263,0.0023409,-0.075994,-0.043293,-1.0055,0.032504,-0.062022,0.012254,1.9878,-23.606,1.5335,-8.0133,1.1062,16.337,1.8098,-27.346
30,-0.01109,-0.072676,-0.023924,-1.0171,0.03265,-0.058468,0.010182,0.34928,-22.61,0.55878,-7.5042,0.25716,17.254,1.0974,-27.344,-0.010883,-0.067789,-0.037999,-0.9888,0.027923,-0.064391,0.0082745,0.36748,-22.466,0.43701,-7.841,1.9151,16.148,0.53928,-26.714
30.1,0.0030619,-0.086097,-0.039337,-0.99395,0.024681,-0.062639,0.012405,0.027708,-22.814,1.9715,-8.6553,0.35547,18.54,0.10185,-27.038,0.0004387,-0.069173,-0.026069,-0.9828,0.036258,-0.072744,0.017019,1.4615,-21.832,-0.3952,-6.5072,-0.21795,17.544,0.31398,-26.139
30.2,-0.012633,-0.067964,-0.046346,-0.99987,0.033174,-0.069729,0.017168,0.82976,-21.089,0.34664,-6.758,2.0088,18.219,-0.028212,-26.469,0.017574,-0.055602,-0.046954,-0.98957,0.035934,-0.060492,0.007463,1.5623,-20.49,1.6623,-6.9092,0.27018,15.831,0.45532,-26.366
30.3,0.009917,-0.064493,-0.046167,-1.0289,0.025117,-0.063828,0.0076007,1.5177,-20.764,0.51167,-8.3608,-0.30511,17.828,0.87536,-24.979,-0.0077378,-0.05009,-0.036458,-0.9849,0.029959,-0.065494,0.0074188,1.2655,-21.663,1.2453,-6.8962,-1.522,17.506,0.39702,-26.122
30.4,0.0016241,-0.077345,-0.051783,-1.0025,0.026624,-0.059858,0.016306,1.0084,-17.876,0.9035,-7.4634,-0.19542,18.139,1.0183,-25.165,-0.013311,-0.064688,-0.050187,-0.98944,0.030642,-0.070255,0.0085493,2.2788,-19.391,1.4812,-9.3407,0.23196,18.056,0.45738,-22.736
30.5,-0.0022373,-0.05826,-0.029316,-0.98866,0.035216,-0.064448,0.014207,1.1959,-18.37,-0.021944,-7.9335,1.9591,18.227,-1.153,-24.712,0.0017721,-0.067565,-0.04089,-0.99637,0.027462,-0.068629,0.0041392,-0.34539,-20.669,-1.4889,-6.7772,1.3074,19.18,1.6915,-24.761
30.6,-0.017825,-0.060269,-0.033503,-0.99471,0.035062,-0.065292,-0.0044613,0.74348,-18.811,-0.77338,-8.9107,-0.58641,19.841,0.91592,-24.846,0.0082892,-0.069544,-0.040634,-0.9841,0.027669,-0.069544,0.02107,1.0593,-19.335,-1.4781,-6.1771,1.5466,19.095,1.7329,-23.714
30.7,-0.0070609,-0.052265,-0.036717,-1.0158,0.039968,-0.061602,0.014253,1.9688,-19.124,-0.38574,-7.5316,1.281,18.252,0.72488,-25.169,-0.030616,-0.056526,-0.030036,-0.99453,0.028928,-0.068551,0.0094724,0.57132,-20.685,0.93328,-7.7666,0.00084087,18.153,1.7814,-26.032
30.8,-0.0086283,-0.038123,-0.036198,-0.99619,0.01663,-0.062708,0.0064075,1.2471,-17.878,-0.21573,-6.9402,0.16353,18.428,0.41274,-25.749,-0.02602,-0.04785,-0.037447,-0.98749,0.030984,-0.065836,0.0092063,2.2472,-18.279,0.27133,-7.4852,0.89733,19.071,1.7171,-23.138
30.9,-0.00082354,-0.056583,-0.038311,-1.0004,0.0408,-0.058732,0.0042147,1.3598,-18.698,-1.8422,-7.8192,1.6881,17.735,1.5087,-24.216,-0.012142,-0.034737,-0.049126,-1.0047,0.033822,-0.070091,0.020252,0.17831,-18.157,-0.12135,-8.7411,0.19101,18.828,1.4161,-25.717
31,-0.012489,-0.056528,-0.040584,-1.0028,0.025083,-0.057985,-0.0036917,0.87676,-18.055,-1.6347,-8.9715,-0.57329,20.137,0.092825,-23.035,-0.011362,-0.042196,-0.044836,-0.99354,0.033175,-0.068136,0.0074391,1.7584,-17.422,-0.099454,-8.3163,1.5325,18.443,0.30717,-22.146
31.1,-0.026868,-0.031743,-0.039807,-0.99735,0.022866,-0.064338,0.0055145,2.6869,-16.141,-1.392,-9.6151,0.97987,21.199,0.72804,-23.589,-0.0024604,-0.048304,-0.033534,-0.99451,0.018719,-0.061704,-0.0034899,1.3886,-19.191,-0.37179,-8.9085,1.219,19.447,-0.1286,-25.127
31.2,-0.01757,-0.030541,-0.046117,-1.0072,0.021949,-0.058743,-0.0053704,1.9713,-17.801,-1.4913,-10.031,-1.0248,21.879,1.7778,-22.275,-0.0050647,-0.045141,-0.05923,-0.99451,0.029341,-0.058605,0.0056836,1.3401,-18.711,-0.80137,-8.7477,-1.4402,21.16,1.584,-22.091
31.3,-0.0058131,-0.034233,-0.041678,-0.98989,0.029717,-0.057241,-0.0065128,2.1082,-19.124,-0.0070724,-9.1139,0.92418,19.502,-0.62549,-22.243,-0.011412,-0.040255,-0.019033,-0.99529,0.031346,-0.055972,0.0091916,2.945,-17.688,0.68668,-10.445,-0.66244,20.539,-1.6014,-22.369
31.4,-0.019846,-0.026857,-0.056197,-1.0006,0.024114,-0.056024,0.0043628,1.0638,-15.296,-1.7536,-9.9076,-1.6023,20.29,1.4344,-21.348,-0.016934,-0.053161,-0.025299,-0.99429,0.026403,-0.053885,0.0065679,1.399,-18.43,-0.76664,-8.0589,1.0155,20.312,0.16938,-23.029
31.5,-0.039256,-0.028466,-0.048127,-1.015,0.017481,-0.054089,-0.0091124,1.6792,-17.376,0.25408,-8.41,0.37737,20.13,-0.28197,-21.058,-0.01164,-0.027085,-0.052722,-0.98518,0.028522,-0.053611,0.0044473,2.6283,-15.874,-0.89812,-9.3411,1.3528,22.182,3.1528,-19.775
31.6,-0.018942,-0.01668,-0.041844,-0.98409,0.030251,-0.052745,-0.010782,1.9874,-16.717,-1.5222,-11.427,0.92582,20.744,-0.024507,-21.602,-0.031593,-0.022099,-0.035903,-0.99426,0.030567,-0.040987,-0.002773,1.1818,-15.534,0.91059,-11.209,-0.38751,21.39,2.7858,-20.806
31.7,-0.016058,-0.0071914,-0.051797,-1.0145,0.030779,-0.046869,0.00088299,1.0491,-14.998,0.58017,-11.993,0.71214,22.588,1.9971,-20.538,-0.026793,-0.018315,-0.042775,-1.0159,0.036589,-0.048484,-0.0018699,0.81268,-17.005,-1.3251,-11.841,-0.013589,21.019,0.85828,-20.589
31.8,-0.024142,-0.013978,-0.034431,-1.0029,0.029571,-0.046557,-0.0071156,-0.42727,-16.083,-0.66411,-9.2056,1.2387,20.851,0.82253,-20.473,-0.036128,-0.029165,-0.041426,-0.98023,0.031375,-0.039077,-0.01034,-0.27572,-14.85,-1.8726,-13.02,-0.9115,21.736,0.50989,-19.689
31.9,-0.032431,-0.019543,-0.034751,-0.9837,0.028602,-0.046385,-0.0095792,-0.0431,-15.035,-0.69789,-12.04,1.6449,20.529,1.2645,-22.205,-0.03488,-0.022281,-0.057182,-1.0093,0.023367,-0.054891,-0.0053903,-0.052116,-13.829,-0.2986,-12.238,1.4748,21.713,1.1975,-20.815
32,-0.011164,-0.032115,-0.040701,-1.0024,0.023324,-0.044495,-0.0096461,2.4722,-15.394,-0.29409,-13.035,-0.077414,22.275,0.64219,-20.741,-0.029167,-0.019702,-0.052257,-0.99606,0.028721,-0.044029,-0.016821,-0.94134,-15.302,0.37064,-12.347,-0.51597,21.919,0.50636,-18.71
32.1,-0.024581,-0.01423,-0.055358,-0.99115,0.025718,-0.037861,-0.0058594,2.0701,-15.128,-1.076,-11.038,1.09,22.478,-0.1466,-18.271,-0.03875,-0.013298,-0.037342,-0.97116,0.016573,-0.047103,-0.010312,1.1292,-15.622,-0.69506,-14.989,0.33622,21.299,-0.11952,-21.256
32.2,-0.047182,-0.02413,-0.051323,-0.99556,0.021566,-0.035633,-0.013617,0.58113,-13.272,-0.51186,-13.468,2.1126,23.499,1.686,-17.413,-0.034322,-0.020376,-0.041073,-1.0105,0.021965,-0.036341,-0.01649,0.036364,-13.7,-0.93565,-12.866,1.7563,22.609,1.2593,-18.291
32.3,-0.039438,-0.020243,-0.036573,-1.0016,0.03316,-0.049069,-0.0106,3.45,-13.946,-1.1752,-13.827,-0.56192,23.302,0.16468,-19.238,-0.027483,-0.014444,-0.026383,-0.99742,0.020759,-0.037903,-0.003394,1.7191,-14.948,-1.1544,-12.9,0.079028,22.269,0.33108,-18.993
32.4,-0.041904,-0.0052266,-0.029415,-0.98473,0.021385,-0.043258,-0.010969,-0.09072,-11.363,-0.077554,-13.462,-0.0084804,24.181,0.85523,-20.632,-0.050449,-0.010912,-0.034341,-1.0012,0.028878,-0.036663,-0.013185,0.69668,-12.837,-1.9393,-15.367,1.2913,23.335,1.8392,-19.716
32.5,-0.038028,-0.013213,-0.030647,-0.99753,0.018472,-0.034753,-0.012431,1.9266,-14.089,-2.9944,-12.554,0.27712,23.367,1.4116,-18.19,-0.039082,-0.020743,-0.040307,-0.99041,0.012132,-0.041875,-0.010308,2.2402,-13.998,-1.3806,-11.899,-0.77292,21.608,-0.13152,-20.303
32.6,-0.043531,0.0040493,-0.032281,-0.99454,0.012916,-0.029031,-0.013381,1.6574,-13.391,-2.4014,-14.639,1.2023,21.987,0.39917,-18.179,-0.052118,-0.0076697,-0.02349,-1.0073,0.019881,-0.0421,-0.010643,0.30488,-12.97,-2.5026,-14.458,-0.39168,22.94,1.7822,-18.035
32.7,-0.022504,0.00078713,-0.052938,-0.98892,0.015321,-0.038828,-0.0049794,1.9145,-14.176,-2.716,-13.73,0.91524,22.527,0.26275,-19.007,-0.057733,-0.0082586,-0.03032,-1.0178,0.015344,-0.029136,-0.010477,2.2132,-12.049,-1.4387,-14.559,0.63302,24.768,-0.23806,-17.683
32.8,-0.042871,0.0095632,-0.056215,-0.98556,0.0095951,-0.03003,-0.016964,2.1326,-12.771,-2.4602,-14.715,-0.80619,24.236,-0.048878,-19.375,-0.034167,-0.010738,-0.034635,-1.0138,0.014946,-0.042434,-0.015633,2.1495,-13.127,-3.1136,-13.738,0.039625,21.614,0.22917,-18.308
32.9,-0.04483,-0.0025276,-0.030798,-1.0048,0.019649,-0.033573,-0.011888,1.8278,-10.657,-2.7375,-15.697,1.0397,22.789,0.59777,-20.285,-0.044029,-0.016088,-0.046508,-0.99957,0.016848,-0.025054,-0.013923,-1.2107,-13.401,-1.7974,-14.059,0.8158,23.602,0.62893,-18.593
33,-0.051428,0.006178,-0.026161,-1.0186,0.0098616,-0.035283,-0.0081648,0.70337,-13.805,-2.0618,-14.359,1.6929,23.137,-1.3036,-18.857,-0.051459,-0.0045947,-0.025072,-1.0048,0.01074,-0.037125,-0.012981,-0.36498,-13.547,-1.2387,-16.457,-1.2681,24.315,-2.8885,-18.306
33.1,-0.043869,0.009652,-0.043842,-1.0099,0.022742,-0.028592,-0.021939,0.9313,-12.454,0.14355,-15.605,2.3475,24.38,0.35256,-18.65,-0.048411,-0.00034293,-0.031415,-0.99554,0.014858,-0.038516,-0.014502,0.43801,-10.738,-0.57684,-16.664,-0.9681,24.821,0.86021,-16.403
33.2,-0.03946,-0.0071543,-0.036546,-1.008,0.010536,-0.02493,-0.017268,1.2336,-8.404,-2.1101,-16.397,1.4901,24.881,0.31986,-17.482,-0.037489,-0.0099047,-0.050813,-0.98922,0.010332,-0.027882,-0.010442,-1.1194,-11.5,-0.67451,-15.659,0.66309,22.086,-0.76728,-19.719
33.3,-0.058831,-0.0085752,-0.04532,-0.99456,0.011158,-0.030746,-0.0084172,1.2946,-11.505,-2.9974,-17.294,1.0301,26.134,0.05854,-18.721,-0.067834,0.007492,-0.047919,-0.99733,0.010338,-0.027146,-0.024375,0.98595,-10.858,-0.75894,-17.914,1.1262,27.1,-0.17111,-18.528
33.4,-0.035271,0.0096736,-0.040374,-1.0108,0.014747,-0.032458,-0.01701,1.3805,-10.217,-2.1013,-17.433,0.51234,22.532,-1.9077,-21.387,-0.044664,0.0063846,-0.04715,-0.99238,0.004704,-0.024124,-0.022539,1.0451,-9.9664,-0.96427,-16.162,1.0492,23.774,-1.4311,-19.973
33.5,-0.014217,0.012411,-0.03686,-0.99149,0.010465,-0.027423,-0.013981,-0.199,-11.296,0.50326,-17.624,-0.72218,24.554,0.35642,-19.757,-0.04305,0.0067776,-0.042701,-1.0112,0.011923,-0.028754,-0.020595,0.35132,-10.678,-0.83385,-17.926,0.76844,25.35,-1.5016,-18.885
33.6,-0.053001,0.013797,-0.0096078,-1.0102,0.013502,-0.033708,-0.023781,-2.2067,-9.613,-1.6939,-17.76,-0.15744,25.638,1.1682,-17.324,-0.049794,0.00026002,-0.010386,-1.011,0.012687,-0.017889,-0.017008,1.6078,-9.1355,-0.2417,-17.293,-0.68392,26.061,1.2652,-21.137
33.7,-0.035311,0.019973,-0.019172,-1.003,0.016109,-0.029966,-0.018922,1.0887,-8.8392,0.13708,-17.182,-0.56687,25.316,-2.2153,-18.734,-0.035642,0.0082211,-0.022672,-1.0028,0.0053563,-0.024543,-0.013518,1.2188,-10.371,-1.1305,-19.04,-0.44789,27.157,-0.85305,-19.357
33.8,-0.045124,0.01571,-0.024466,-1.0101,0.0038284,-0.019656,-0.016978,0.48441,-8.7998,-0.50065,-19.095,1.172,27.295,-1.0679,-17.855,-0.051074,0.0077248,-0.014568,-0.99081,0.007188,-0.032036,-0.016748,0.68787,-9.4013,-3.2086,-18.023,0.28608,25.32,0.27529,-19.711
33.9,-0.046394,-8.8174e-05,-0.034119,-0.9993,0.011001,-0.025462,-0.0098338,1.1125,-9.4287,-0.98921,-18.675,0.010483,27.171,1.1711,-19.742,-0.054974,0.0048169,-0.01423,-1.0092,0.01119,-0.022223,-0.023843,-0.12504,-7.1546,-1.1346,-19.806,-0.16155,25.095,-0.33485,-18.121
34,-0.059958,0.011817,-0.0193,-1.0099,-0.00031566,-0.02026,-0.01364,-0.70455,-7.5899,-1.9064,-19.85,0.97538,25.344,-1.589,-19.461,-0.040616,0.0047301,-0.0046603,-1.0162,0.0008558,-0.013312,-0.018785,-1.1643,-6.8271,-2.4948,-20.91,-1.0395,25.382,-0.58983,-21.203
34.1,-0.043739,0.019092,-0.022326,-1.0076,0.0011522,-0.0096913,-0.018469,0.47674,-8.1604,0.22777,-17.872,-0.97836,25.407,-1.2678,-20.255,-0.070843,0.021174,-0.026673,-0.99283,0.0021395,-0.031181,-0.013416,2.1776,-8.8455,-0.73709,-19.385,1.159,26.311,0.40626,-17.088
34.2,-0.04509,0.020497,-0.0030255,-1.0069,0.0014851,-0.02514,-0.022288,0.48501,-9.0638,-0.21653,-19.797,-0.1447,25.785,-0.098715,-18.566,-0.047636,0.022055,-0.03934,-0.98177,-0.0023572,-0.023749,-0.014594,0.24069,-5.9157,-2.1739,-17.595,1.9058,27.897,0.55732,-18.291
34.3,-0.061655,0.016776,-0.026995,-1.0026,0.017986,-0.023911,-0.018787,2.2433,-7.0874,-0.78362,-20.33,0.20582,25.178,1.6156,-19.147,-0.050538,0.004241,-0.034838,-0.99011,-0.0098509,-0.016949,-0.016965,0.35762,-7.9573,-1.2009,-19.721,0.45413,26.789,0.32757,-18.372
34.4,-0.047717,0.0317,-0.014268,-0.98271,0.0061097,-0.020713,-0.015797,0.15752,-7.5866,-0.95392,-21.319,-1.4017,27.682,-1.4345,-21.874,-0.053664,0.018331,-0.015627,-1.0005,-0.00086581,-0.014465,-0.018384,0.13657,-6.3167,-0.98857,-22.906,0.41512,27.207,-0.89175,-19.862
34.5,-0.062743,0.022541,-0.01868,-0.98862,-0.0014679,-0.020869,-0.015703,1.7019,-7.162,-2.4101,-20.017,-0.38058,28.296,-0.99882,-20.447,-0.050548,0.024622,-0.017904,-1.0164,-0.0042925,-0.011932,-0.026975,0.98816,-7.5493,-1.5654,-23.956,0.4371,27.232,-0.66011,-21.236
34.6,-0.038258,0.020321,-0.024671,-0.9755,0.0010502,-0.022452,-0.013141,0.74242,-7.0523,-0.78181,-22.185,1.0405,24.907,-0.91568,-20.591,-0.046682,0.032884,-0.038588,-0.99976,-0.011861,-0.021577,-0.02201,1.2537,-7.0165,0.49797,-22.833,-1.0917,24.604,-0.1985,-21.303
34.7,-0.050461,0.0094122,-0.027279,-1.0091,-0.012659,-0.014049,-0.013481,2.0541,-7.0649,-1.2986,-20.028,1.1196,25.68,-0.62469,-21.282,-0.057101,0.026154,-0.010296,-1.0088,-0.007132,-0.011696,-0.018892,0.89183,-6.7918,-4.1174,-22.323,-0.19422,24.928,-0.96025,-20.922
34.8,-0.057911,0.0328,-0.021088,-0.99425,-0.005478,-0.014982,-0.018865,1.379,-7.6453,-2.3932,-22.03,-0.86388,27.812,-1.0744,-20.598,-0.050826,0.011849,-0.042038,-0.9884,-0.0067769,-0.020103,-0.011036,-0.9207,-5.7129,-0.44457,-21.756,-0.83676,26.55,-0.54764,-19.844
34.9,-0.053133,0.0231,-0.015978,-1.0152,-0.0033362,-0.015719,-0.024939,0.26894,-5.8778,-0.90687,-22.784,0.90246,25.174,-2.5547,-19.454,-0.051646,0.016724,-0.019053,-0.99315,-0.0041549,-0.012266,-0.011697,-2.0729,-4.3416,-0.028819,-21.66,-0.079021,24.46,0.75621,-21.552
35,-0.058529,0.028823,-0.0092925,-0.97422,-0.011547,-0.0066088,-0.0037923,0.52871,-6.5719,-0.40781,-24.635,-0.77082,27.06,-0.38437,-21.221,-0.033264,0.030009,-0.013588,-1.0062,-0.015296,-0.0103,-0.012923,1.1666,-4.1612,-1.4759,-22.918,-0.45978,26.385,-0.98547,-20.009
35.1,-0.053371,0.01603,-0.018033,-0.99788,-0.0073161,-0.016358,-0.020878,0.53088,-6.7895,-0.5201,-22.762,0.17425,27.47,0.2134,-21.601,-0.059696,0.011583,-0.014817,-0.99717,-0.010778,-0.011731,-0.020254,0.48382,-6.6949,-0.98215,-22.304,-0.51526,25.211,-1.9009,-20.9
35.2,-0.040689,0.026718,-0.014334,-0.99977,-0.010959,-0.0088386,-0.021597,0.8578,-6.7942,-2.0802,-22.655,-1.9763,24.247,-3.0107,-22.565,-0.042456,0.02654,-0.0077359,-0.98949,-0.0065864,-0.0076778,-0.014872,1.3332,-3.9478,-0.5331,-24.695,-1.3645,24.649,0.50064,-19.923
35.3,-0.053535,0.023274,-0.020609,-1.0032,-0.011223,-0.0085783,-0.01459,0.97816,-3.7288,-0.84121,-24.561,-2.4022,24.474,-0.19867,-20.489,-0.042422,0.019379,-0.008675,-0.9971,-0.0055945,-0.0075187,-0.012729,1.1683,-5.3299,-1.8637,-25.475,-1.6253,25.368,1.4957,-19.923
35.4,-0.038379,0.019248,-0.016188,-0.99123,-0.012982,-0.0088884,-0.022756,1.8736,-2.8462,-1.2285,-24.59,0.091265,23.795,-1.2758,-21.005,-0.056884,0.03574,-0.016722,-0.97929,-0.010925,-0.0045267,-0.0086487,-0.67865,-2.5282,-2.3469,-25.083,-0.42623,24.779,0.70429,-20.614
35.5,-0.052762,0.0038512,-0.02429,-0.98904,-0.011652,-0.0085723,-0.0098639,0.73033,-3.1026,-1.4606,-25.451,-1.6348,27.045,-1.3418,-21.253,-0.042794,0.033349,-0.024447,-1.0094,-0.017135,-0.016732,-0.0045806,0.83737,-1.5291,-2.6568,-23.464,-0.91691,23.246,-0.23929,-20.878
35.6,-0.029754,-0.0060522,-0.0056282,-1.0058,-0.021613,-0.013079,-0.020315,0.64633,-2.3412,-2.1267,-26.047,1.6174,25.385,-0.81032,-22.256,-0.0427,0.021807,-0.015069,-1.0057,-0.022131,-0.0081748,-0.011262,1.6306,-2.9488,-0.88012,-25.236,-0.28771,23.88,-1.1521,-22.314
35.7,-0.031373,0.020026,-0.016619,-1.0051,-0.018546,-0.012935,-0.015369,-0.0016442,-3.3277,-1.7457,-25.39,1.6017,24.626,0.13126,-21.933,-0.054411,0.033063,-0.0028462,-0.9934,-0.019045,-0.01432,-0.015598,-0.17829,-2.5743,-0.75298,-26.357,-1.024,24.291,-1.0274,-20.991
35.8,-0.051712,0.033709,-0.010461,-0.99757,-0.017237,-0.010305,-0.019767,0.49636,-2.5631,0.0072744,-26.915,-0.17082,24.791,0.49854,-21.832,-0.043226,0.050257,-0.0058641,-1.004,-0.017601,0.0056421,-0.0092356,0.57658,-1.7736,0.63714,-26.57,-1.1836,24.693,-0.1163,-20.554
35.9,-0.060443,0.017973,0.0011093,-1.011,-0.020168,-0.016355,-0.0051038,2.7449,-2.6794,0.27332,-24.064,-1.3536,23.704,1.3605,-22.246,-0.042443,0.037152,-0.016525,-0.99804,-0.025556,-0.011422,-0.011179,-0.1062,-1.7377,-1.5835,-27.542,0.36983,25.416,0.24613,-18.359
36,-0.047057,0.041514,-0.0060407,-0.98741,-0.017913,0.00084537,-0.009707,0.47929,-0.67699,-0.61107,-26.901,-0.58764,24.693,0.7674,-19.737,-0.038847,0.026296,-0.016781,-0.98818,-0.012668,-0.0018496,-0.0065175,0.38061,-0.060982,-2.1706,-28.388,0.077573,22.788,-0.26352,-20.485
36.1,-0.052768,0.041696,-0.026849,-0.99259,-0.028578,-0.0012823,-0.0063912,0.30284,-3.2502,-2.0688,-27.959,0.74298,23.334,1.377,-21.929,-0.052448,0.038745,-0.0044891,-0.9895,-0.017949,0.0053152,-0.013958,0.76479,0.10319,-0.76471,-28.526,-0.73699,24.307,0.040577,-20.351
36.2,-0.057725,0.027635,-0.012293,-0.99481,-0.021893,0.0062388,-0.015436,-1.1743,-0.22901,-2.0699,-26.691,0.90529,22.084,0.27429,-20.158,-0.050436,0.045906,-0.018018,-1.0064,-0.032109,-0.0011795,-0.0094394,1.3477,-0.0080139,-1.5346,-28.802,-1.3634,23.427,0.36833,-21.59
36.3,-0.045876,0.041042,-0.0063502,-0.99518,-0.018897,0.0025172,-0.0088161,0.34828,-1.4511,-3.6543,-28.887,-3.4116,22.956,1.0969,-20.863,-0.033131,0.025382,-0.00058369,-1.0053,-0.018829,-0.0018675,-0.0073133,0.39086,0.48674,-0.06075,-30.249,-0.23041,23.61,-0.14566,-21.53
36.4,-0.045737,0.030338,-0.019953,-0.99922,-0.012918,-0.0029799,-0.0082689,0.49116,-1.1897,-1.8601,-27.57,-0.53856,23.843,0.87352,-20.366,-0.027724,0.024629,-0.033504,-0.996,-0.033356,0.0040223,-0.0089159,1.1594,-0.78513,-1.9678,-29.776,-1.3908,22.323,-0.58983,-18.673
36.5,-0.039411,0.025956,0.0066988,-1,-0.025929,0.0053055,-0.0059457,0.45976,-1.2622,0.12261,-30.386,0.46709,22.488,0.53722,-21.162,-0.031316,0.013781,0.00094812,-1.0161,-0.019356,-0.0043876,-0.012247,0.39597,0.62985,0.58482,-30.128,-1.0756,23.144,1.126,-19.779
36.6,-0.038447,0.047075,-0.0085002,-0.99156,-0.024547,0.012302,-0.0091815,0.048082,-0.42063,-0.66414,-27.677,-0.35281,22.499,-0.97561,-20.234,-0.039434,0.022898,0.01056,-1.006,-0.030916,-0.0041589,-0.010063,1.5368,0.1859,-0.69823,-30.425,-2.7993,20.649,0.1555,-19.963
36.7,-0.037804,0.027328,-0.0092671,-1.0085,-0.022358,0.0056244,-0.0040373,-0.41927,-0.31468,-1.4448,-31.686,-0.53646,23.919,0.076033,-21.51,-0.052223,0.025927,0.0021692,-0.99379,-0.025376,0.0028326,-0.011147,1.6064,1.7584,-1.4266,-29.845,-0.86883,22.48,0.44274,-18.051
36.8,-0.028033,0.027594,-0.0049481,-1.0093,-0.025092,0.012167,-0.010108,1.2597,-2.5859,-1.6987,-30.058,-1.539,21.285,0.52479,-20.242,-0.034853,0.032951,-0.0010642,-1.0021,-0.020082,0.0068374,-0.0078793,1.9901,1.7858,-2.1247,-30.028,-0.30835,21.476,0.95567,-19.179
36.9,-0.038874,0.021563,0.00026662,-0.99286,-0.022058,0.0087962,-0.0044583,1.2492,-0.4177,-3.1591,-29.651,-0.12637,22.301,2.0522,-21.61,-0.019324,0.026053,-0.0078247,-0.99513,-0.033753,0.010043,-0.0071508,0.84344,1.9824,0.23922,-30.753,-1.062,21.371,0.12569,-18.947
37,-0.029607,0.035321,-0.012334,-0.99788,-0.02979,0.0040401,-0.006007,0.11607,1.4829,0.6556,-31.035,1.4832,20.939,0.14652,-20.037,-0.02316,0.039504,0.0073583,-0.99679,-0.033949,0.0078332,-0.015637,0.090041,1.3458,0.050437,-32.084,2.0914,22.316,1.5179,-20.467
37.1,-0.031147,0.0065614,-0.018291,-0.98599,-0.02984,0.003257,-0.0015434,0.92176,1.3973,-1.8616,-30.851,-3.0139,22.607,1.5501,-18.249,-0.0013283,0.00078377,0.0054994,-0.99224,-0.034659,0.0094856,-0.01079,0.48478,3.0098,-1.0538,-31.402,-1.2066,20.383,0.70906,-16.896
37.2,-0.031545,0.018881,-0.015867,-1.012,-0.033935,0.014932,-0.010651,1.5853,2.4348,-0.42608,-32.923,-1.0044,19.967,1.9382,-18.617,-0.016046,0.019664,0.00042288,-1.0153,-0.024266,0.008316,-0.0041095,-0.059433,1.1247,-1.7587,-30.892,-2.0215,20.986,1.7661,-17.794
37.3,-0.037348,0.01533,-0.0094704,-0.98736,-0.033103,0.013318,-0.009501,0.52296,1.401,-0.14117,-33.136,-0.97435,18.595,0.82651,-18.896,-0.047325,0.013755,0.0013923,-1.0045,-0.023608,0.011532,-0.0045615,-1.066,-0.70112,-1.6084,-32.104,0.68754,19.929,0.68633,-17.589
37.4,-0.014727,0.030182,0.0040509,-1.0013,-0.019994,0.0033925,-0.0057645,-0.021894,0.7062,-1.5459,-34.259,-0.413,18.795,0.59003,-19.3,-0.00029514,0.031468,-0.0042575,-1.0021,-0.02146,0.0083052,-0.0088089,-1.4504,0.98353,0.63131,-35.178,-2.494,18.495,0.83699,-17.118
37.5,-0.015013,0.030018,-0.002506,-0.99723,-0.030579,0.018987,-0.0028858,-3.1291,1.7084,-0.37836,-33.168,-0.51469,19.99,-0.0050388,-20.339,-0.020844,0.036363,-0.007297,-1.021,-0.031859,0.017179,-0.01134,0.38267,1.9641,-0.59937,-32.779,-1.5642,17.88,2.1212,-16.972
37.6,-0.033278,0.040318,0.00015934,-1.009,-0.023772,0.018855,-0.0017005,-0.8105,1.881,-0.07505,-35.585,-0.63804,20.462,-0.15108,-18.062,-0.015149,0.027456,-0.017194,-1.0137,-0.01371,0.019568,-0.00208,-0.92575,0.34277,0.73931,-33.182,0.67041,16.845,-0.33118,-16.369
37.7,-0.02262,0.023567,-0.013811,-0.99981,-0.018192,0.011017,-0.0021456,0.52718,1.8109,-1.1789,-35.188,1.2228,17.906,1.6538,-17.774,-0.013021,0.021158,0.010343,-1.0198,-0.018298,0.021717,-0.0084328,-2.0517,1.7927,-0.19149,-31.679,-0.88665,17.633,0.39487,-16.074
37.8,-0.0072326,0.021012,0.010002,-0.99419,-0.027017,0.011059,-0.0042571,-1.5243,3.0126,0.63558,-31.551,0.19144,19.208,2.0739,-17.8,-0.0076721,0.019769,-0.0077993,-0.99165,-0.0074975,0.014814,-0.0038196,-1.2809,2.3661,1.0376,-35.756,-1.4607,20.629,0.032641,-14.949
37.9,-0.023774,0.028456,0.015059,-0.98822,-0.025189,0.010769,-0.0060922,0.10073,-0.84562,-0.51131,-35.522,-1.1844,17.666,1.886,-16.961,-0.026687,0.013103,-0.010199,-1.0139,-0.0193,0.009545,0.0013257,-1.5251,1.2198,2.1207,-33.342,-0.98136,15.827,-0.84988,-17.22
38,-0.027557,0.027212,-0.006705,-0.99345,-0.016483,0.021609,-0.0034685,0.90332,-1.7773,-0.74178,-34.297,-1.1951,17.926,0.98238,-16.97,-0.00647,0.027239,0.0082696,-1.0036,-0.014711,0.02214,-0.0043067,-0.83687,-0.11306,0.63779,-34.177,1.2445,17.133,0.12808,-17.534
38.1,-0.033357,0.0048525,1.7429e-05,-1.0083,-0.017487,0.023644,-0.0027835,-1.6883,0.076613,-0.62633,-37.481,0.084104,16.271,-0.57836,-17.781,-0.021491,0.0063831,0.0051933,-1.009,-0.01309,0.028464,-0.00024953,-2.3182,1.3401,0.36846,-34.237,0.87965,18.698,-1.122,-15.671
38.2,-0.032578,0.021286,0.015853,-1.0155,-0.020212,0.023417,0.0031235,0.9297,-0.56701,-2.2533,-33.882,0.66466,18.181,-1.3089,-16.207,0.0020934,0.013786,0.0073993,-0.99687,-0.012201,0.01802,-0.0090577,-0.38582,-0.80596,0.53045,-31.744,0.91661,16.939,-1.4286,-19.331
38.3,-0.025239,0.030198,0.0031672,-1.0073,-0.033056,0.016055,0.0011888,-2.3949,0.65079,1.435,-34.063,0.43861,16.692,-0.75661,-15.623,-0.0076538,0.010931,-0.0024967,-1.002,-0.016664,0.0233,-0.0069573,-0.81748,-1.7971,0.1354,-31.914,0.31078,15.386,-0.26167,-16.178
38.4,-0.0095302,0.018251,-0.0095141,-1.0108,-0.023245,0.012853,-0.0024974,-0.83463,-0.59335,1.2637,-35.201,0.61526,17.89,-0.24891,-19.214,-0.0048113,0.0086214,-0.0075133,-1.0104,-0.015062,0.013229,-0.0011332,-0.62502,-1.0564,3.3156,-32.011,1.2593,17.496,0.77417,-17.94
38.5,-0.011332,0.0077096,0.0027321,-0.98501,-0.01749,0.011733,-0.0069046,-1.7012,0.00074285,0.68419,-35.365,-1.2059,19.424,-0.82836,-17.35,-0.022547,0.0075503,-0.01043,-1.0119,-0.016078,0.0080668,0.0005506,-1.7312,-2.3736,0.34618,-32.53,-0.35309,16.076,0.81836,-15.415
38.6,-0.012813,0.013662,0.0039741,-1.0014,-0.01621,0.0079982,-0.0050977,-1.441,-2.7469,1.4736,-35.013,-0.0056299,19.149,0.48544,-18.688,-0.012462,0.018386,0.0026556,-0.97789,-0.00062769,0.018199,0.0066733,-2.4175,-1.739,-0.016971,-33.214,1.4354,18.608,1.3714,-17.188
38.7,-0.016112,0.012048,0.0048308,-0.99849,-0.021268,0.025543,0.00036315,-1.7898,-0.86634,-0.49357,-33.831,0.66884,19.721,-0.34404,-18.521,-0.019764,-0.003272,-0.006181,-1.0002,-0.013751,0.0020358,-0.016191,-1.1343,-2.1917,-0.98564,-32.798,-1.7898,17.605,-1.3143,-15.803
38.8,-0.020687,0.015931,-0.00070048,-1.002,-0.013637,0.011132,-0.0024531,-2.5109,-1.6854,1.3766,-33.935,1.168,18.119,0.17472,-19.616,-0.0046011,0.0091615,-0.0036524,-0.98581,-0.0079548,0.018899,-0.014364,0.20947,-0.25846,-1.0779,-31.879,-2.0261,18.159,-2.0261,-15.69
38.9,-0.031253,0.011699,-0.0092835,-1.0059,-0.011903,0.0077272,0.0024249,-1.5974,-1.454,-0.29027,-32.22,0.18493,15.584,3.0296,-18.012,-0.0096211,-0.0085026,-0.0058752,-1.003,-0.0055406,0.014681,0.0020961,-1.5439,-1.8846,1.3166,-31.455,-0.76444,17.602,1.3655,-18.007
39,-0.024721,0.017982,-0.019909,-1.0044,-0.015915,0.014978,-0.010581,-2.2968,-2.23,-0.41049,-32.208,-0.42841,16.007,-0.26479,-16.514,-0.0068975,0.006225,0.008513,-0.99043,-0.011104,0.012777,0.0041311,-1.9317,-3.0425,1.4315,-31.819,0.4324,19.576,1.5405,-16.428
39.1,0.009046,0.0044792,0.017342,-1.0229,-0.013458,0.0031195,0.0059502,-0.97852,-3.3219,0.80917,-32.617,0.72838,17.316,-0.69132,-18.164,-0.017904,0.018324,0.010791,-1.0129,-0.013637,0.0070719,0.0034374,-0.91531,-2.078,-0.14857,-31.529,0.22401,17.463,0.14717,-18.533
39.2,-0.0002277,0.021131,0.013302,-0.9903,-0.010987,0.0085219,0.0032052,-0.69286,-2.5585,-0.57972,-29.371,0.99535,19.153,0.021084,-18.328,-0.0079601,0.014404,-0.0064866,-0.99668,-0.010795,0.0083274,-0.0022496,-0.65076,-4.8824,1.8308,-30.654,0.18015,16.725,1.0033,-18.514
39.3,-0.02779,0.019024,-0.017215,-0.98348,-0.0068564,0.0091608,-0.0077177,-0.67624,-3.0064,-1.7664,-32.636,-1.2244,20.111,0.62791,-17.218,-0.011645,0.017722,-0.0036508,-0.99686,-0.013733,0.011466,-0.0036955,-0.34397,-2.7344,2.3267,-31.582,0.12215,15.548,0.94557,-17.239
39.4,-0.023434,0.0084654,0.006935,-0.99392,-0.010569,0.010627,-0.0025631,0.74936,-2.9271,0.093084,-32.022,2.2191,18.755,-1.6546,-19.289,-0.00026727,-0.0017951,0.010198,-0.99396,-0.010518,0.011286,0.00035173,0.59796,-4.1433,1.693,-31.004,-0.70602,16.357,0.55979,-17.603
39.5,0.0018805,-0.0030498,0.0094873,-0.96323,-0.017913,0.0078173,0.0036956,0.06901,-1.4004,0.62873,-33.89,-0.16212,18.11,-2.7411,-19.057,-0.01439,0.0055188,-0.012644,-1.0294,3.8532e-05,-0.0021454,-0.0019573,-2.2592,-3.8416,-0.67724,-30.432,-0.24422,17.076,-0.54759,-16.279
39.6,0.0086167,-0.0098069,-0.0090259,-1.003,-0.0019628,0.0088071,-0.0021958,-0.8093,-3.5225,-0.095697,-31.817,-3.3344,19.578,-0.44746,-18.583,-0.015824,-0.0043484,-0.0018144,-0.99208,-0.01214,0.01085,0.0067053,0.51062,-2.5581,-1.6187,-31.109,2.9332,16.891,-0.51278,-14.236
39.7,-0.0014769,0.01291,-0.0074785,-1.001,-0.0045132,0.011405,0.0014517,-0.91533,-1.0149,-0.14135,-29.689,0.14412,17.706,0.46802,-18.209,0.0025245,0.024046,-0.0027928,-1.002,-0.0028215,0.0071767,-0.012075,-1.1537,-2.3606,1.9432,-30.523,0.080138,17.18,-0.59727,-16.901
39.8,-0.012088,0.0026845,-0.011165,-1.0115,-0.0017044,0.0027516,-0.0069576,-1.6377,-2.5438,0.40331,-34.425,1.0144,16.553,-0.32418,-16.779,-0.00251,0.0026092,-0.00036448,-0.99593,-0.0076168,0.0044713,0.0025444,0.82648,-4.0517,0.84265,-30.597,0.17294,18.705,-1.3733,-16.747
39.9,0.0024338,0.017386,0.0038954,-0.99576,-0.0074242,0.003105,-0.0047257,0.42164,-2.6849,-0.068153,-32.265,-0.59191,17.55,0.86471,-16.761,-0.0081537,0.008761,-0.014557,-0.99829,-0.013409,0.0028641,0.0030707,-0.74832,-4.4341,0.37694,-30.097,-0.2362,18.148,0.54703,-17.538
40,-0.0009658,-0.00028349,0.0070646,-1.0233,-0.00039666,-0.0016198,-0.0061679,0.55906,-1.8987,0.075746,-31.187,-1.0617,17.441,-0.68318,-16.898,-0.0094161,0.013451,0.010707,-0.99586,-0.013974,0.010176,-0.00082253,0.83446,-2.9345,2.8325,-29.861,1.9537,15.507,1.1502,-18.434
40.1,0.0035907,0.01671,-0.00025637,-1.0064,-0.013664,0.006428,-0.0013059,-1.0377,-3.0189,0.31177,-32.232,-0.26616,16.283,0.24558,-17.087,-0.015421,0.0097449,0.011186,-0.99447,-0.0080611,-0.0014714,0.0021274,-0.36695,-3.9642,1.4784,-31.753,-0.256,17.687,2.19,-16.418
40.2,-0.0080913,0.0046434,-0.0048848,-0.98731,-0.0073467,0.0076595,-0.0049897,-0.71585,-3.2654,-2.1143,-31.139,1.1293,17.363,0.82942,-18.272,-0.012704,-0.0049073,0.014577,-1.0163,0.0012122,-0.0014156,0.0084483,-2.6499,-4.126,-2.3321,-30.634,1.2087,16.482,-2.8905,-16.435
40.3,0.002847,0.010514,-0.0065902,-0.99558,-0.0045144,0.0081415,0.002075,-2.2945,-3.8313,-0.27143,-30.137,0.64476,17.53,-0.72928,-16.069,0.0067695,-0.00033145,-0.014986,-0.988,-0.0033273,0.0042052,0.0023085,-0.44103,-2.809,-2.0671,-29.698,0.1674,18.483,-0.34289,-14.869
40.4,-0.0094934,0.011687,-0.0056831,-1.008,0.0061299,0.006986,0.0025706,-0.44749,-5.5029,1.1686,-31.69,-0.48874,19.29,-2.0835,-18.597,-0.0045296,-0.017361,0.00018418,-1.0067,-0.0054935,0.0044019,0.016743,1.9077,-4.2407,2.2197,-29.676,0.36661,16.725,-0.66163,-15.868
40.5,0.0061474,0.002596,-0.00050423,-0.98836,-0.005525,0.0041976,0.0020723,2.006,-3.9963,0.53929,-30.772,-0.63722,18.237,-2.197,-17.531,-0.013379,0.0017195,-0.0042776,-1.0098,-0.011102,0.0079632,-0.00084158,0.53006,-3.4027,1.1583,-31.166,0.065439,18.519,-0.003964,-17.021
40.6,-0.0022113,-0.0025499,-0.009012,-1.0036,-0.016087,0.005409,0.0022295,0.1877,-3.9575,0.94704,-32.613,0.34159,18.838,0.22862,-16.613,-0.018275,0.007491,-0.012031,-1.0024,-0.0076484,-0.0014772,-0.0010937,0.73516,-5.0121,0.068305,-29.777,0.60384,17.61,-0.85789,-16.06
40.7,-0.013112,0.0050406,-0.0051508,-1.0059,-0.0030158,5.9236e-05,-0.012612,-1.0736,-4.6879,-1.792,-31.856,3.277,17.103,-0.10687,-18.624,-0.0011487,0.0031853,-0.0039103,-1.0051,-0.012841,0.0084778,-0.003688,0.16416,-0.96498,0.66897,-29.295,0.68049,17.765,0.42794,-14.416
40.8,-0.019718,0.013858,0.0037819,-1.0157,-0.001069,0.0080516,-0.01296,-0.84875,-4.5171,-0.12654,-32.6,0.91143,16.849,2.0718,-17.796,0.011235,0.0011442,-0.012862,-0.99233,-0.0032051,-0.0060323,0.0053342,-0.097244,-3.7571,-0.13966,-31.151,-0.94102,17.935,-1.9142,-15.822
40.9,-0.0033383,0.008277,0.0065761,-0.99423,0.0008762,0.0093934,0.0027766,-1.4891,-3.8708,-0.49463,-30.607,0.32358,18.758,1.4294,-17.252,-0.011647,0.0068313,0.011839,-0.98626,-0.011859,0.0015943,-0.01048,0.55952,-4.062,0.48204,-30.186,-0.39286,16.838,-1.0895,-16.432
41,-0.00030042,0.0062661,0.0033535,-1.0089,-0.0026967,0.0012889,0.0021316,-0.0014428,-3.815,0.15377,-30.814,-0.29149,18.556,-0.28651,-17.929,-0.007073,-0.0059799,-0.019652,-1.0101,-0.0092438,0.0011131,-0.0013372,1.6435,-5.6633,0.82506,-29.966,-0.18115,16.924,2.5004,-17.546
41.1,0.0062535,0.018674,-0.013493,-1.0115,-0.00073037,0.0052513,0.0056033,0.21175,-4.2145,-1.467,-32.732,1.6563,18.507,-1.8575,-16.962,0.013572,0.0050289,-0.021474,-0.99555,0.0094164,0.0024832,-0.0038861,0.3386,-2.2056,-0.1727,-29.95,0.26809,16.071,1.3962,-15.198
41.2,0.015822,0.013781,-0.012024,-0.99447,-0.00083817,0.0078314,-0.0017251,-1.3155,-3.9744,0.62354,-30.463,1.359,19.085,-0.27587,-20.67,-0.010877,-0.0087695,-0.011933,-0.98263,0.0034311,0.0084826,0.00050775,-1.6757,-2.7643,-0.044606,-29.822,0.55804,16.526,0.47683,-17.149
41.3,-0.0011761,0.0019362,-0.016162,-0.9898,-0.00055635,0.001379,-0.0034253,0.62968,-4.4048,-1.3199,-30.158,0.25037,19.167,0.21358,-17.964,0.011333,0.0086993,-0.0031418,-1.0012,-0.0036516,0.014149,0.0069906,0.68022,-5.2094,1.0984,-31.063,0.34285,16.856,-0.718,-18.379
41.4,0.0071672,0.013248,-0.022956,-0.98664,-0.0057911,0.0056128,0.00092124,0.041712,-6.1556,-0.80993,-30.586,-1.4332,17.814,-1.8542,-17.189,-0.0041619,-0.021161,-0.0055407,-0.98797,-0.010741,-0.0012346,-0.0096298,2.2494,-3.0949,-0.21136,-28.655,-1.5571,16.565,-0.26678,-16.372
41.5,-0.006956,0.014387,-0.0083386,-0.98877,0.0081048,0.0021767,-0.00065093,2.3907,-3.9093,0.85857,-32.318,-0.29045,17.461,-0.963,-18.016,-0.013228,0.00096365,-0.007011,-0.98723,-0.0037133,0.010029,0.0039946,-0.50943,-4.0879,-0.4753,-30.998,0.69875,15.458,-0.75353,-16.598
41.6,-0.017979,0.0087329,-0.0091383,-1.0074,-0.0051265,0.0064316,0.0046778,-0.11633,-5.6899,-0.17414,-29.868,1.0798,17.871,0.48163,-17.338,-0.0032635,0.0094764,0.015148,-0.98995,-0.0031547,0.0057457,-0.0033787,-2.2083,-3.2378,-0.11724,-30.934,-0.66282,16.434,0.19682,-15.846
41.7,0.0033783,0.00083514,0.0072549,-1.0018,-0.00046127,0.0026148,-0.0038192,-1.3664,-4.9423,-0.16433,-30.695,-1.0078,17.131,0.66932,-17.563,0.0040007,0.00051155,-0.00070176,-0.99948,-0.0071734,0.012053,-0.0027765,-1.2322,-5.659,0.94271,-30.367,-0.5511,16.892,-0.50595,-17.377
41.8,-0.00238,0.004797,0.0050751,-1.0063,0.0023224,0.0075175,-0.011344,-0.37798,-5.2304,-1.5,-31.525,1.1302,18.852,-0.19089,-15.79,-0.022893,-0.012159,-0.0077525,-0.9985,0.0061085,-0.0048554,0.0065868,-0.45291,-4.7913,-1.191,-30.381,0.62027,15.342,-0.33622,-17.679
41.9,-0.015188,0.0018572,-0.0039221,-0.9928,0.0021247,-0.0035405,0.0045234,0.03339,-6.3711,0.34352,-30.244,-2.1283,15.182,1.1059,-15.238,-0.0040988,0.00071079,-0.015987,-1.0159,-0.0089819,-0.00076433,-0.0014668,-0.26443,-1.8908,1.1301,-30.508,-0.45061,15.146,-0.5688,-16.663
42,-0.00051948,-0.0016492,-0.013043,-1.0041,-0.0061831,0.0029174,0.0028643,0.15643,-5.2019,1.904,-28.439,-0.47849,17.575,-1.004,-18.478,0.0040604,-0.00018951,-0.0031119,-1.0086,-0.010735,-0.00081442,-0.003958,0.28538,-4.9704,-1.1284,-30.175,0.34931,18.385,1.4638,-15.625
42.1,0.0014052,0.013199,0.010223,-0.98761,-0.0052605,0.0038642,0.006515,-0.27158,-5.848,0.88385,-30.875,1.0792,19.285,-1.0892,-17.201,-0.0051925,0.010192,-0.011102,-0.99987,-0.0078045,0.0039771,0.0017556,1.0609,-3.4828,0.54545,-30.398,0.24581,16.649,0.017215,-17.956
42.2,-0.013101,-0.0033348,-0.010624,-1.0011,-0.0029813,0.0068932,0.0015781,-0.72693,-2.9207,0.046114,-30.69,-0.95761,16.984,-0.44246,-18.85,-0.02165,0.001505,0.0042903,-0.99481,-0.0037057,-0.00020882,-0.0043098,1.4322,-5.9166,-1.134,-29.333,-0.089117,17.965,-0.73989,-16.858
42.3,-0.0048027,0.010911,0.011021,-0.99674,-0.0043706,0.0024663,-0.00041499,-0.22531,-4.6296,-0.80351,-30.766,0.61065,19.498,1.4769,-16.143,0.016697,0.028246,0.0018201,-1.0146,-0.00094817,0.0031762,-0.0074313,1.5901,-3.5138,0.59254,-29.345,-0.053381,17.248,-1.7581,-14.838
42.4,0.012877,0.021392,-0.00054107,-0.99815,-0.00012882,0.0059118,-0.0049725,-0.63107,-5.2921,0.19329,-32.122,0.32674,16.991,-0.55471,-17.751,-0.008589,-0.0050792,-0.0099259,-1.0006,-0.0051339,0.0053854,-0.0029083,-0.034342,-4.4017,0.74371,-29.207,-0.1306,16.962,1.165,-16.713
42.5,0.0057728,0.004178,0.0032833,-1.0098,0.00059355,0.0073344,-0.0042771,-0.6558,-2.4908,-1.4946,-32.913,-2.241,19.349,-1.9062,-17.476,-0.010713,0.01867,0.00033863,-1.001,0.0064801,-0.0045153,0.0021284,-1.0737,-3.8519,-1.663,-31.654,1.6573,15.41,0.38431,-17.17
42.6,-0.010019,-0.01941,-0.0040094,-0.99835,-0.008097,0.0027258,0.0064433,1.1336,-3.6495,1.4371,-31.939,-0.32901,17.599,-0.14247,-17.274,0.00069773,-0.0016685,0.014335,-1.0007,-0.00085114,-0.0030212,-0.0036369,-1.3319,-3.7552,-0.071493,-31.171,-0.053218,19.156,1.6849,-14.378
42.7,-0.0072776,0.010085,0.024907,-1.0007,-0.0016531,-0.0012283,0.0013565,-0.49215,-4.9134,-2.6113,-29.589,-0.315,18.959,1.5827,-17.625,-0.0085462,0.017722,-0.00070478,-0.98537,0.0011344,0.0073211,-0.0027596,0.43487,-4.5874,1,-31.482,-0.46385,20.022,-1.0576,-16.795
42.8,-0.0016377,0.0093719,-0.00166,-0.99362,0.0010481,-0.011434,0.0017123,-0.46002,-4.0174,-0.94009,-30.681,0.67679,18.784,0.30244,-15.831,-0.0032317,-0.013741,-0.014043,-1.0114,-0.0089839,-0.006384,-0.0041492,1.7362,-4.3951,-0.81998,-29.889,1.7086,16.731,-0.9397,-17.065
42.9,-0.0014305,-0.0035487,-0.0050927,-0.98701,0.0017553,0.0067442,0.0052548,-0.92078,-4.1453,1.1371,-31.012,-0.58566,16.747,-0.63615,-14.72,-0.013329,-0.0042428,0.0025649,-1.0119,-0.011199,0.0040804,-0.0080729,1.2929,-5.1848,0.057581,-30.284,1.6214,15.592,-1.5553,-17.544
43,0.0017184,-0.0011834,0.016668,-1.0039,-0.0068329,0.0083056,-0.0024617,0.14045,-5.6697,0.14815,-30.948,-0.65517,17.136,-1.5593,-15.714,0.0041854,0.0067999,0.0097959,-1.004,-0.0034712,0.013241,0.0010725,-1.8613,-3.4438,-0.97076,-30.625,1.368,17.27,1.6179,-17.399
43.1,-0.011417,0.0050974,0.0027783,-1.0064,0.00068499,0.0048946,-0.0022921,-1.4855,-4.1982,-0.097819,-29.206,-1.7192,17.174,0.036387,-17.955,-0.0074675,-0.0053102,0.0043693,-1.0062,-0.0043053,-0.00022603,-0.0068251,-1.4779,-4.7126,-1.885,-28.806,-0.38569,16.686,1.2738,-15.385
43.2,-0.012307,0.0043663,0.0081569,-1.0051,0.0021832,-0.0014738,0.0080478,-1.3772,-2.7799,-0.24516,-31.356,3.9716,17.929,0.69489,-16.86,0.0041551,0.00050656,0.011715,-0.9923,-0.0021063,-0.0080027,-0.0012599,0.85041,-5.3241,0.81089,-29.549,-0.99451,16.418,-0.98,-15.598
43.3,-0.0024977,0.011692,0.0022528,-0.99342,-0.0053292,0.0028039,-0.006653,-0.41852,-5.0562,-1.6874,-31.628,0.95114,17.279,1.6046,-16.983,-0.0084853,-0.015081,0.0095766,-0.9882,-0.0032117,0.0051539,0.00015381,1.0992,-4.4594,0.48791,-29.302,0.080354,16.583,-0.17187,-16.897
43.4,0.012447,0.0037622,0.0010937,-0.98408,-0.0058769,0.0022449,-0.0020742,0.066022,-4.6562,-1.577,-29.759,-0.11004,18.385,-0.89353,-17.545,-0.010348,0.0098975,0.0041579,-0.99896,0.0024482,0.00041931,0.0073119,-0.004832,-3.4868,0.89402,-29.729,0.17056,17.415,0.98526,-16.681
43.5,-0.0065012,-0.0053773,-0.0074059,-0.99456,-0.0035854,0.0089308,0.001315,1.2223,-4.8995,0.79481,-31.012,2.2948,18.701,-0.85694,-17.181,0.00084672,0.017779,-0.01698,-1.0102,0.004704,0.010807,0.00084197,-0.045125,-4.2289,-1.5424,-30.021,0.94439,16.421,-0.19888,-14.089
43.6,0.010239,0.00034638,-0.010542,-1.0045,0.004129,0.0033142,0.0082142,1.39,-4.4994,-0.56698,-30.579,0.725,17.101,-0.71393,-16.514,0.010111,0.0063367,0.0045424,-1.0001,-0.0050432,0.0041075,-0.0022297,-0.073331,-4.8514,0.50653,-30.082,1.7129,15.793,1.3829,-17.755
43.7,0.0028916,-0.0098584,-0.0084092,-0.99515,-0.001764,-0.0008733,0.0088516,-0.14807,-2.8245,-0.49254,-30.011,0.6683,17.431,1.5195,-18.855,0.023433,-0.0043744,-0.0045594,-0.98464,-0.00076279,0.0012881,-6.727e-06,0.58863,-4.3392,-0.28957,-26.503,-0.97602,16.294,0.3931,-16.063
43.8,-0.018531,-0.0037918,0.010137,-1.0099,-0.006703,0.002559,-0.0040318,-0.70699,-5.7633,-0.27285,-30.469,-0.82201,19.34,0.86645,-17.658,0.0051171,-0.00036409,0.0039205,-0.99437,0.005654,-0.0051891,0.0075942,-0.13141,-5.4852,0.32236,-29.173,0.16834,17.883,-1.4709,-14.201
43.9,0.0062684,-0.0027148,0.0072125,-1.0028,0.0047586,0.0039966,0.0084916,0.35996,-3.5418,-2.685,-29.729,-0.95257,17.237,1.3946,-16.544,-0.010328,0.0035913,-0.00024353,-1.0029,-0.0059978,0.0052758,0.014517,-0.40458,-3.7782,-1.3494,-28.591,-1.0355,18.051,0.51056,-16.278
44,-0.0014279,0.008839,-0.0023895,-1.0034,0.0037605,-0.00082504,-0.012948,0.21038,-6.0985,-0.75234,-31.989,-1.0113,18.69,-0.79849,-16.459,0.00019136,-0.0093244,-0.005024,-0.99898,0.0069353,-0.0060091,-0.00727,-1.6562,-4.9513,-2.6175,-30.78,0.99944,15.602,1.4538,-15.006
44.1,0.0076199,-0.0038286,-0.011896,-0.99309,0.0018125,0.01001,0.0024055,-0.92514,-3.2397,0.57352,-30.794,-1.8794,17.21,-1.8277,-15.37,-0.01115,0.0059542,0.0055942,-0.98645,0.0095689,-0.001088,-0.0021479,-1.6152,-4.9031,-3.2504,-32.158,1.2406,16.394,0.067941,-14.783
44.2,-0.0091641,0.0068935,0.0039154,-0.98807,0.00014776,0.0026271,0.0049717,0.52004,-3.921,-0.56668,-29.77,-0.43944,16.755,-1.3024,-19.162,0.0048823,-0.006691,0.01237,-1.0175,-0.00051633,-0.0038704,-0.0032456,-0.22315,-1.9396,2.0731,-29.409,-2.2127,16.478,-3.1982,-15.562
44.3,0.0077018,0.0074324,-0.015444,-1.0047,-0.0010371,-0.0046162,0.00091386,-0.53365,-4.9155,-0.53548,-29.471,0.29739,17.061,-0.72348,-15.743,-0.0070436,-0.0057514,0.012016,-1.0028,-0.0083904,0.00057718,-0.0030723,1.0033,-2.5405,1.0124,-30.272,0.45847,15.589,-0.58882,-17.718
44.4,0.0085941,0.019311,0.0078745,-0.996,-0.0022207,0.0059897,-0.0031615,-0.54843,-5.6728,-0.7237,-30.943,1.1383,17.554,1.1587,-16.788,-0.01537,-0.0014764,-0.0036975,-1.0015,-0.0038219,-0.0044919,0.00091582,-0.432,-3.727,-0.26451,-29.724,1.5,14.355,0.12212,-15.228
44.5,-0.0062755,-0.0039984,-0.00034927,-1.0113,0.011351,0.0055832,0.0015393,-1.3279,-6.3472,0.97554,-29.783,0.37917,18.344,0.0021129,-17.93,-0.001658,0.0042952,-0.0069124,-1.0093,0.0025526,-0.001562,-0.0067765,-1.6472,-4.7428,-2.3,-30.511,0.74022,15.083,-0.75867,-15.205
44.6,0.0030557,0.014329,0.0066307,-1.0116,0.0047633,-0.0017901,-0.011399,0.87636,-6.789,0.73186,-30.042,-1.9301,16.362,-0.84858,-15.846,-0.00077012,-0.0093126,0.018917,-1.0145,-0.0058545,-0.0019233,0.001577,1.0242,-4.5719,1.138,-27.196,0.50071,16.888,-1.5501,-16.573
44.7,0.0044652,-0.012995,0.0011706,-0.99071,0.00066856,0.013477,-0.00094075,1.1056,-5.8819,0.57752,-30.584,0.61355,18.032,-0.85239,-16.695,0.0089758,-0.0003394,-0.011572,-1.0016,-0.00739,-0.0030004,-0.0046699,0.57168,-6.2833,0.66256,-30.816,-0.31041,16.742,-1.138,-15.734
44.8,0.003623,0.0051811,0.015993,-1.0113,-0.005461,-0.0025594,-0.0057992,0.44626,-3.8561,-0.63659,-32.265,1.3666,18.03,-0.79485,-15.25,-0.0040061,-0.0050515,-0.0046723,-0.998,0.001443,0.0071182,-5.6567e-05,1.0245,-3.1572,0.83126,-30.642,-1.9053,16.182,-1.8797,-17.078
44.9,-0.0082127,-0.0042237,-0.0053457,-1.0203,0.0037523,0.0023299,2.6314e-05,0.0092451,-3.6583,0.29521,-32.882,1.1606,15.335,0.00051547,-16.071,-0.00086137,-0.0028593,-0.0047602,-1.0081,0.0043894,-0.0038869,-0.01479,1.3609,-3.4465,-0.93728,-29.36,0.13764,17.379,-0.41457,-17.093
45,0.01259,-0.0022324,-0.0071049,-1.0038,-0.0014429,-0.0079663,-0.0003128,-0.48723,-3.6971,0.071858,-31.694,1.4032,18.294,-0.30512,-18.635,0.0031738,0.0013225,-0.020351,-1.0001,-0.00046761,0.00016253,-0.0014212,-0.70216,-4.976,-1.9705,-30.778,1.4438,16.392,0.52498,-17.169
45.1,0.010194,-0.0086862,-0.0074881,-0.98152,-0.0010881,-0.0067163,4.4964e-05,1.0967,-3.8593,0.020191,-30.249,-1.7528,18.929,-1.2758,-17.463,0.0078443,0.00085341,-0.0076309,-0.97851,0.0031167,0.0011024,0.0043758,-1.0641,-4.2723,-0.14386,-30.043,2.4177,16.712,-0.80766,-17.088
45.2,0.0053117,-0.0029727,-0.0020626,-0.99025,0.0015984,-0.00095102,-0.0097791,0.11861,-3.6848,1.6201,-29.923,3.0358,18.935,-1.6785,-18.159,-0.011454,0.00823,0.011225,-1.0008,-0.00081988,0.0031486,0.0032492,0.86713,-3.0204,-0.56443,-31.435,0.61463,16.213,0.49711,-17.173
45.3,-0.017705,-0.0039565,0.0097201,-1.0223,-0.010604,0.0054119,0.0078226,0.29229,-4.9252,-0.55087,-30.5,0.58083,17.189,-0.06851,-16.172,-0.023075,0.0053367,0.006434,-1.0002,0.010816,-0.001849,-0.0015549,0.71221,-3.8891,0.47451,-28.228,2.296,17.487,-1.2034,-16.637
45.4,0.0019664,-0.0041297,0.0053872,-1.0151,0.0050569,-0.00052501,-0.0011802,0.17717,-5.6336,-1.1321,-31.375,0.30812,18.153,0.35846,-14.817,0.0052386,0.012243,0.0044238,-1.0061,-0.001441,0.0024694,0.0070589,-0.67988,-3.5444,-1.6655,-30.476,0.34657,18.066,-0.4168,-15.869
45.5,-0.012504,-0.0023318,0.0007276,-1.0021,-0.00074196,0.0065549,0.00019816,0.65657,-3.5571,-1.812,-32.457,-0.16087,18.386,-2.0724,-17.979,0.0036866,0.0069403,-0.016885,-0.99276,-0.0074669,4.3268e-05,-0.0020558,-0.034651,-3.9553,-0.19081,-29.99,1.0032,16.22,0.43868,-14.994
45.6,-0.013504,-0.0034975,-0.0069261,-0.99985,0.0020338,-0.00098418,0.0010582,1.3308,-3.633,-0.017036,-31.565,1.1008,19.168,-0.64259,-16.828,-0.0027681,-0.0045076,0.0015404,-0.99294,-0.0077066,0.003529,-0.0032844,1.3284,-2.8927,-1.4898,-32.049,-0.6076,18.179,-1.4211,-16.985
45.7,-0.014278,0.00051899,0.013568,-1.0103,-0.0023649,0.0014528,0.002606,-0.2717,-5.4057,-2.0203,-32.005,-0.50464,16.596,2.7653,-17.01,0.0022129,-0.019446,0.0028099,-1.0202,0.019122,-0.0074662,-1.8338e-05,0.21245,-3.7251,1.3094,-31.302,-1.4861,18.193,-1.21,-15.774
45.8,-0.016026,0.0010129,0.0049513,-0.9919,0.0069762,-0.0028623,0.0039813,-0.81532,-5.7875,-1.1496,-31.083,0.6058,18.979,1.0981,-17.86,-0.0072791,0.0077776,0.00022838,-0.99334,0.0050942,-0.003521,-0.0036829,-0.51574,-5.9703,-0.2348,-29.455,0.90163,17.724,-0.75495,-16.402
45.9,0.002911,0.0045554,0.018678,-0.99905,-0.0026418,-0.0056296,0.0025971,1.1964,-4.8593,0.010409,-31.803,-0.70602,17.685,1.0299,-16.621,0.0054389,0.00053854,0.0089397,-1.0112,-0.0036113,0.0027964,-0.00084025,-0.59521,-3.5143,-1.2708,-30.882,1.8395,16.658,-0.57843,-16.256
46,-0.0029846,-0.015932,0.00075477,-1.0009,0.007547,-0.00077457,-0.0025168,0.55998,-4.6556,1.15,-31.269,-0.6579,17.735,-1.605,-16.181,-0.014966,-0.00030172,-0.010189,-0.99899,0.0014526,0.012777,0.0018944,-0.20553,-4.3199,-0.43752,-31.758,0.37492,18.357,-1.1973,-17.666
46.1,-0.021428,0.0055525,0.0071579,-1.0012,0.001913,-0.0037712,-0.0023363,-2.1608,-4.3722,-0.82476,-31.27,1.2193,19.28,-0.052987,-16.442,-0.012375,-0.0047656,0.011934,-0.99385,0.0066462,-0.0044323,0.0029161,-2.222,-5.2289,0.61117,-30.92,-0.79517,16.365,-0.44728,-15.556
46.2,0.0058047,-0.010284,-0.018173,-1.0176,-0.00030612,0.0019806,-0.012713,0.16178,-4.6867,0.85332,-30.793,0.51101,17.87,0.32134,-15.842,-0.0075001,0.0039706,-0.0018412,-0.97539,-0.0017172,0.0072593,0.0096611,0.74752,-5.1035,2.1707,-30.393,1.2247,15.764,-1.1674,-15.671
46.3,-0.0048346,0.017164,0.0099138,-0.99932,-0.0097507,-0.00041158,0.0054598,1.5766,-5.4481,-0.50705,-31.486,-0.51077,16.966,1.3308,-16.83,0.0091014,-0.0063761,0.0080482,-0.99994,-0.0070888,-0.00048919,0.010767,-0.75875,-3.9019,-0.33569,-30.82,0.50016,16.468,0.20398,-16.841
46.4,-0.0092714,-0.0047478,-0.018131,-0.99915,0.0061992,0.00023633,-0.0052864,1.3369,-4.7147,-0.59454,-32.318,-0.79305,16.258,-1.3186,-14.41,0.0012366,-0.010637,-0.007777,-0.99647,-0.0065587,-0.0018693,-0.0019267,-1.7366,-1.1377,0.33744,-30.309,-0.23933,17.585,1.1654,-15.173
46.5,0.021485,0.0058515,0.002698,-1.0162,-0.01046,0.0049263,0.0044764,-1.017,-3.4039,-0.10673,-31.324,0.49717,16.777,-0.60427,-15.983,-0.014511,0.0069022,-0.012732,-0.99409,0.0079095,0.00020884,-0.0069513,0.31976,-4.0716,-1.3299,-30.551,-0.51846,16.287,-0.97817,-14.298
46.6,0.0045402,-0.0010269,-0.0017778,-1.0061,-0.0055174,-0.001532,0.0043093,-1.6961,-4.332,-0.22471,-30.464,-1.389,16.918,-1.5177,-16.156,7.3568e-05,0.007762,-0.0011932,-0.99405,-0.0039058,0.001768,-0.011473,2.3212,-2.4357,0.94917,-29.094,-0.97466,17.504,0.31943,-15.219
46.7,-0.0055987,-0.010476,-0.0082832,-0.99643,-0.005413,0.000729,-0.0020919,-1.3206,-4.4974,-1.7427,-30.095,-0.29977,17.684,1.147,-16.439,-0.016729,0.013272,-0.0045155,-0.97754,-0.0078771,0.0018836,0.0055311,1.4936,-4.1243,1.6621,-31.082,-1.6523,18.427,-1.265,-16.49
46.8,-0.0062027,-0.017651,0.001961,-0.99831,0.00039512,0.0030404,-6.8419e-05,-1.5226,-5.0173,-2.2729,-29.545,1.0842,18.094,1.4312,-15.527,0.010523,-0.0088623,0.0065965,-1.0097,-0.005685,0.0071999,-0.0013413,0.28646,-3.2097,-0.23908,-31.28,1.3992,15.542,1.5453,-15.278
46.9,-0.012958,-0.010959,0.0090244,-1.0045,0.0031902,0.0015282,0.0029983,0.33779,-3.1171,1.0322,-32.609,0.50518,17.947,-0.84148,-15.09,-0.0013377,-0.0072659,0.00015396,-1.002,-0.0057423,-0.0014971,-0.0073403,-1.6214,-3.0429,0.2891,-30.441,0.64966,15.985,-0.0063189,-15.649
47,0.003172,0.00030523,0.0036985,-1.0063,0.0034007,-0.0010222,0.0055103,0.71761,-4.8119,1.2946,-31.54,0.26218,19.075,-0.28953,-16.718,-0.0020079,-0.011061,0.0061627,-1.0158,0.0053413,0.0013271,0.0022482,-1.5115,-4.2463,0.27363,-31.932,1.1066,18.002,0.97246,-14.877
47.1,-0.0032871,0.0058833,0.013499,-1.0031,0.015088,0.0023375,0.0057179,-0.20272,-4.3889,0.60713,-30.904,0.18718,15.017,-1.5392,-17.412,0.0082025,-0.0031973,-0.012604,-1.007,-0.0085931,0.00010826,0.00055746,1.6675,-4.2813,-0.70877,-29.866,-0.95446,17.537,1.599,-15.979
47.2,0.010459,-0.0015244,0.010601,-0.99595,-0.0029398,0.0011339,0.0035066,-1.0423,-4.0335,-1.5604,-31.563,-0.33329,18.683,-1.2452,-17.094,-0.019065,0.0045616,-0.011801,-0.99841,0.0017449,-0.0036723,0.00086714,0.31542,-3.9647,1.1275,-30.436,-0.1662,15.016,-0.18733,-14.433
47.3,0.0056292,0.0064999,0.0043446,-1.0148,0.0055171,0.013183,0.0032621,-1.5868,-4.7802,0.27118,-30.065,-0.98367,17.909,-0.082471,-15.816,0.00048241,0.016285,0.0022477,-0.99667,-0.0041428,-0.0037746,0.0036424,0.31032,-5.3668,-1.4445,-32.366,-1.0541,15.76,1.9356,-15.196
47.4,-0.017717,0.0094491,-0.0028901,-0.99862,-0.0015209,-0.00036949,-0.00448,1.4853,-5.8136,-1.0654,-29.625,0.64102,17.29,1.0912,-16.088,0.0048189,0.0011231,0.0040484,-0.98482,-0.0033444,0.0030756,0.0066965,1.1343,-3.312,-0.65225,-30.862,-0.75605,14.755,-0.64177,-14.99
47.5,-0.0074886,0.010773,-0.027398,-1.0072,0.0024175,0.0063406,-0.0034016,0.34277,-3.7884,-1.0728,-31.307,-1.3529,18.561,-0.45906,-16.572,-0.004233,-0.0091963,-0.0094027,-1.0049,-0.0067003,0.0027224,-0.0012882,-0.62349,-5.0792,-0.93898,-29.6,-0.1834,15.407,1.7491,-14.851
47.6,0.0071287,-0.0010122,0.0043511,-1.0075,0.0043009,0.0028488,0.0018272,0.38576,-3.6447,0.75582,-31.134,0.69239,17.819,-0.95405,-17.698,0.025594,0.0018142,0.0032053,-0.98447,0.0051576,-0.0033504,0.0042199,0.19005,-4.2724,0.3806,-31.832,0.045618,18.156,-0.040852,-15.984
47.7,-0.0044324,-0.0037582,0.0052756,-1.0011,-0.004285,-0.001083,-0.018516,-1.4591,-5.0601,-0.097764,-29.272,-0.080499,17.278,1.1093,-15.572,0.012501,0.002661,-0.012916,-0.99283,-0.0023825,-0.0014574,-0.004816,0.14544,-3.6585,-0.41044,-30.339,-0.47236,17.639,-1.6181,-15.163
47.8,0.0064563,0.0020669,-0.012401,-1.0007,-0.0075328,0.0011327,0.0059779,-0.60985,-5.5161,1.2286,-28.774,-0.42371,18.1,-0.11291,-16.679,-0.010896,0.023731,0.0066478,-1.0109,0.0040241,0.0080157,0.0023859,1.1195,-4.813,0.0244,-29.856,0.18158,16.61,-0.87216,-17.694
47.9,-0.0046467,0.013205,-0.008289,-1.0127,0.0063489,0.0087674,-0.0014727,-0.19005,-5.2416,0.28443,-31.296,1.5142,19.514,-1.7023,-17.437,-0.0056829,-0.0016312,0.016318,-0.98774,-0.00077294,0.0030461,-0.0052496,-1.4072,-2.6948,0.28211,-32.064,3.1456,16.238,0.49086,-13.003
48,-0.005228,-0.011503,-0.0026121,-1.0112,-0.0067148,-0.0038292,-0.0061005,0.64296,-4.9353,1.4658,-29.802,-0.63312,16.049,-1.5697,-18.682,0.0026974,0.00046521,-0.015233,-0.99883,-0.0020911,0.0072756,0.00069832,-0.88826,-3.7775,0.2376,-30.741,1.2803,16.47,1.2529,-14.266
48.1,0.0069037,0.0061726,0.016394,-1.0062,-0.0011941,0.0052019,0.009824,-0.38933,-4.3776,-1.3529,-32.999,1.3789,18.572,-0.71156,-18.858,7.4535e-06,-0.0041661,-0.0051003,-1.0181,-0.0026129,0.011912,-0.0018804,-0.050561,-4.2243,0.077522,-31.043,0.69449,15.949,-1.2701,-13.704
48.2,-0.022294,0.0020086,-0.0069256,-1.0085,0.0034375,0.0011868,-0.0029121,-1.6511,-6.4316,-1.4601,-33.088,-0.32978,17.647,1.2901,-15.024,-0.0019776,0.0019074,-0.002395,-0.99273,-0.0044701,-0.0011644,-0.0013231,1.4184,-3.6936,0.48231,-31.56,-0.84435,17.604,-0.75459,-15.479
48.3,-0.031988,0.0069603,-0.0045276,-1.0044,0.0013028,0.0038232,-0.0045698,0.070105,-2.913,-1.5376,-32.198,-0.38161,18.316,-0.11666,-15.987,0.0079418,0.0022168,0.021635,-1.015,-0.0054015,0.0013651,-0.0053237,0.81195,-1.521,-0.93847,-31.08,0.95905,15.556,0.0073733,-15.367
48.4,-0.011051,0.018559,0.0036363,-0.99335,-0.00027868,0.0054739,-0.0050006,-0.15867,-3.6015,0.0035158,-30.653,0.38862,18.713,-1.5769,-18.443,0.0065577,-0.012284,0.017156,-1.0115,-0.0026658,0.001886,-0.0012026,1.7254,-1.5527,1.3465,-30.812,-0.34812,16.206,0.51245,-14.132
48.5,0.013458,-0.0044444,-0.0015127,-0.99737,0.005995,0.0014326,0.0039556,1.0764,-2.6977,-1.7276,-31.002,1.6749,17.998,0.69603,-17.741,0.013459,-0.005288,0.0083665,-1.0063,0.0011177,0.001702,0.001529,-1.3916,-3.4148,-0.32536,-30.086,-0.20661,16.106,0.35487,-15.041
48.6,0.0002444,0.00076891,-0.0064238,-0.99462,-0.0026137,-0.0058733,0.0020216,-0.72676,-3.4409,0.37052,-30.822,0.67774,17.363,-1.1663,-15.487,-0.0065064,0.002801,0.011829,-1.0036,5.02e-05,0.0069508,0.0049827,0.98703,-2.261,1.3494,-29.838,-0.66795,15.239,0.57725,-13.358
48.7,-0.010149,-0.011636,-0.015765,-0.98746,0.0061032,0.00055318,-0.01197,-0.1909,-3.4613,-0.58614,-33.766,-0.022588,17.556,0.80566,-16.398,0.017149,-0.0034874,0.018012,-1.0001,0.00031342,0.0040789,0.00062052,0.18495,-3.2593,-0.38563,-29.05,-0.20971,16.962,-1.0029,-15.501
48.8,0.021172,0.012041,-0.0039103,-1.007,0.0058436,0.0011093,-0.0035451,0.03674,-4.3619,0.5554,-32.482,-0.13842,19.537,-0.085195,-17.299,0.0080822,-0.006673,0.0048603,-1.0088,0.0010077,0.0006659,-0.0020665,-0.34687,-1.5092,0.047312,-30.278,0.074407,17.217,0.73686,-15.262
48.9,-0.010317,0.0041376,0.010386,-1.0073,-0.00057674,0.0098722,-0.0020324,-1.1526,-5.3366,0.33712,-31.02,-1.3985,16.737,0.032228,-16.636,0.0090568,0.00081043,0.0045055,-1.0027,0.00012965,-0.0045883,0.0030391,0.10515,-3.374,0.46713,-28.794,-1.0462,14.907,0.36034,-14.256
49,0.0084987,0.03483,0.0091112,-0.99971,-0.0057282,-0.002589,-0.0016698,-0.9273,-5.2853,1.4147,-30.064,-0.021937,16.639,1.7084,-15.559,0.0030265,0.0098837,0.017492,-0.99566,-0.0033842,-0.0034514,-0.0024729,-0.88325,-3.2732,-1.7679,-28.86,-0.69024,16.568,-1.0576,-14.637
49.1,0.0059262,0.0038695,-0.0090665,-0.9863,-0.010254,0.00016656,-6.2527e-05,-1.1712,-4.7292,-1.3729,-30.628,1.0841,18.795,1.5624,-16.992,0.0047148,0.0071422,-0.0055279,-1.0047,0.0096467,0.00031907,-0.00064362,0.92412,-4.0509,-1.0988,-29.953,2.0001,16.036,-0.82587,-14.722
49.2,0.0051003,0.0038436,-0.0055621,-0.99557,-0.0035794,0.0057887,0.00060999,-1.616,-5.2017,-0.6015,-33.155,-0.54513,18.748,2.7425,-17.5,-0.00023811,-0.0022779,-0.0063504,-1.0043,0.0085281,-0.0016533,0.00072948,0.71085,-1.3618,-0.84616,-29.321,0.35093,16.373,2.2736,-15.275
49.3,-0.01079,-0.00054178,-0.011811,-0.99827,-0.0030456,0.0050126,-0.002483,-1.2865,-4.4965,0.42659,-31.828,-0.58849,19.144,0.75915,-17.652,0.0044601,0.012214,0.0083931,-1.0049,-0.003284,0.0066088,0.009886,-1.0372,-3.5398,0.35314,-31.096,1.6099,14.315,-0.55632,-14.716
49.4,0.018795,-0.00090757,-0.014742,-0.99509,-0.0063092,0.014371,0.00060029,0.49009,-4.422,0.56856,-31.171,0.44368,17.356,0.077727,-15.359,-0.0095579,0.020859,-0.015312,-0.99502,0.0004555,-0.0011717,0.0080425,1.0009,-4.5089,-0.90981,-30.407,-1.2268,16.506,-1.0501,-15.286
49.5,-0.0029661,-0.0033953,0.0049527,-1.0064,0.0017537,-0.0039288,0.001842,0.34116,-2.7026,0.27285,-31.06,-0.48797,19.559,1.5334,-15.185,-0.0080926,0.0086854,0.014309,-1.0033,-0.017117,-0.0068858,-0.0017013,1.1845,-1.4496,0.25943,-31.168,-0.42571,16.602,0.99014,-14.867
49.6,0.015499,0.0047427,-0.0085607,-1.0079,4.8573e-06,-0.010821,5.165e-05,-0.15803,-2.7429,0.19759,-32.098,-0.46141,18.376,1.8899,-17.056,-0.0021995,-0.0094042,0.0027382,-1.0107,-0.0076375,0.0041483,-0.0015754,-0.066993,-1.871,-2.308,-29.521,0.18341,16.149,0.47212,-14.336
49.7,-0.0055285,0.010167,-0.0062193,-0.99034,-0.0047999,-0.008351,-0.0019707,-1.5112,-4.8208,0.43831,-32.345,1.5263,17.646,-0.17392,-15.208,-0.013482,0.0093756,0.0075658,-1.0098,0.00020272,-0.0025117,-0.001446,-2.5911,-2.8859,-0.31672,-31.703,-0.44256,16.695,-0.6799,-14.836
49.8,0.018661,0.00425,-0.0027599,-0.97692,-0.0036706,-0.00029234,-0.0044112,-0.1099,-4.3536,0.22154,-31.366,-2.5035,19.712,-0.24467,-16.084,-0.0094209,0.0026188,-0.0099789,-1.0218,-0.003558,-0.009523,9.9707e-05,1.482,-4.228,-0.50883,-32.497,-1.7552,16.373,-3.0548,-13.295
49.9,-0.0078475,-0.023098,-0.0010461,-0.99908,-0.0037792,0.0089879,-0.0026668,0.89218,-3.5701,-0.12095,-32.835,-1.2983,16.622,-1.7407,-17.654,-0.03084,-0.024399,0.00094812,-0.99475,-0.0029,-0.0064311,-0.0012813,-0.87753,-1.1803,0.16345,-32.005,0.19766,15.466,-0.53618,-14.407
50,-0.01262,0.0021768,0.006143,-0.98158,0.0039685,0.002423,-0.0056427,-0.30574,-4.5092,-0.10922,-32.972,-0.58278,17.186,0.08213,-16.861,0.0050931,-0.0072024,0.0071276,-0.99766,-0.0061225,0.015212,-0.011971,1.4056,-3.0796,0.62159,-30.251,-0.30363,15.365,-0.1495,-16.484
50.1,-0.019881,-0.0012029,-0.00080916,-1.006,-0.0042245,-0.00080826,-0.0020963,-2.453,-5.6435,-1.6673,-31.239,0.54983,16.94,1.4408,-15.403,0.0071166,0.004653,-0.015588,-0.98834,0.006527,0.0023313,-0.0013709,-1.1357,-3.4858,0.49922,-31.66,0.80488,17.039,0.39633,-15.221
50.2,-0.00018053,-0.00010427,-0.0036985,-1.0023,0.00030201,0.0020251,-0.004162,-0.20411,-3.2293,-0.4978,-32.219,2.4184,18.851,0.69326,-16.721,-0.0095092,0.016195,-0.004136,-0.99794,0.00027193,0.0017686,0.001264,-0.13684,-5.2338,0.46146,-30.95,0.2753,15.896,-0.16791,-14.123
50.3,0.0056456,0.0087575,-0.00062532,-1.0172,0.0047306,-0.0037422,0.0034324,-0.74609,-5.6316,1.5471,-32.855,-0.55043,18.09,-0.21176,-17.089,0.0020049,0.0039651,0.0096634,-0.99567,0.0081398,0.0038796,-0.0041897,-0.19071,-3.623,-0.43578,-32.134,0.32396,15.099,1.4104,-14.308
50.4,0.0068152,0.006514,0.0021827,-0.98613,-0.0015209,0.0036396,-0.0045873,-0.018997,-2.0156,1.3466,-32.242,-1.9882,17.332,-0.89594,-17.261,0.010623,-0.0086189,0.005869,-1.0111,0.0045717,-0.0016629,-0.0064624,1.179,-0.76872,0.30197,-31.43,0.38305,16.57,-0.54878,-15.225
50.5,-0.0078866,0.0028002,-0.004989,-1.0058,0.001817,0.0036922,0.0022371,0.55973,-4.4051,-0.11763,-32.686,1.1956,17.236,0.20517,-18.627,0.0023038,-0.0019445,0.0097677,-0.99825,-0.0073653,-0.0039512,0.0056721,-0.29765,-3.4516,2.327,-30.891,-2.241,16.31,-1.6927,-13.576
50.6,-0.0078501,-0.0021876,-0.0059387,-0.9927,-0.0028215,0.0012505,-0.0024449,1.1142,-5.2862,-0.392,-33.54,0.8916,17.524,1.2256,-16.169,0.0078718,-0.00095641,0.0040661,-0.98668,0.0018455,-0.0054875,0.005393,0.51025,-2.8011,-0.95753,-29.736,0.12036,15.697,0.71302,-12.49
50.7,-0.002375,-0.0074158,0.0028891,-1.0012,0.00058024,0.011942,0.0014631,-0.71782,-3.1402,-0.67134,-32.759,1.8093,17.109,0.94185,-16.047,-0.013522,0.0070767,0.0068227,-0.97438,-0.0017189,0.0095115,-0.0062803,1.5401,-1.5592,2.1796,-32.188,-1.0533,16.857,-0.12284,-13.099
50.8,0.0046345,0.0023924,0.0063494,-0.98864,0.0049268,-0.00074316,-0.0023182,0.49857,-4.5352,0.12242,-34.803,-0.78498,17.333,-1.021,-14.251,-0.0052012,-0.00941,-0.0094657,-0.99626,0.0041533,0.0017741,-0.0017712,-0.30476,-2.8827,1.1111,-32.509,-1.653,16.374,-0.96359,-13.247
50.9,0.011927,-0.013105,0.001627,-1.0015,-0.0028774,-0.0020779,-0.012238,1.3272,-5.0498,0.33687,-32.406,-2.5274,17.15,-0.71178,-17.546,0.0086651,-0.0051593,-0.011516,-0.9837,2.0627e-05,-0.0087318,0.0011292,-2.6449,-2.192,2.2696,-31.352,0.79796,16.147,-0.65486,-15.546
51,0.0079134,-0.005552,-0.0094098,-0.98982,-0.00083344,-4.3329e-06,0.0043345,-0.02624,-2.5016,-0.016644,-32.536,0.60561,16.384,-0.088059,-17.671,-0.0098091,-0.013319,0.0058888,-1.0007,-0.0019481,0.0019414,0.0048728,0.43586,-2.299,-3.5248,-30.04,1.6277,18.865,3.122,-15.365
51.1,0.0022501,0.0047492,0.0068217,-0.99756,-0.0016408,-0.0033851,0.0035233,-1.8129,-5.2197,-1.5415,-32,1.9503,17.325,1.9207,-18.116,-0.008598,0.013904,-0.01632,-0.9882,0.0060591,0.0066137,-0.00471,-0.013089,-2.7036,-1.4677,-30.651,2.1086,15.984,1.4501,-13.71
51.2,0.004752,-0.0086665,0.0042036,-0.99346,-0.0055161,0.0087429,-0.0055058,-0.18941,-5.243,-1.6691,-32.9,1.6854,18.488,-0.26209,-18.696,0.010614,0.0070142,-0.0033621,-0.99145,0.0016546,0.0053174,0.007668,0.87901,-2.4462,-0.25988,-31.603,-0.37255,17.527,0.78934,-13.945
51.3,-0.0071594,0.012066,-0.02298,-0.99601,-0.009541,0.0018178,-0.00085716,-1.0705,-3.9129,-0.63879,-33.006,-0.028883,18.692,0.98391,-17.455,0.0037092,-0.0061364,-0.0093561,-1.011,0.00078096,-0.0063618,0.0037855,-0.75196,-4.3942,0.052637,-32.129,-0.93901,16.347,-1.1126,-14.192
51.4,-0.00042514,0.00098606,0.0023605,-0.98654,0.0059695,0.011399,-0.010862,-0.81295,-4.2198,-0.37073,-33.364,0.96277,19.564,-1.9963,-16.644,-0.0019203,0.020855,-0.0020324,-1.002,-0.0036305,-0.0032844,0.0029605,0.21325,-2.9954,1.6234,-31.687,0.022498,17.158,0.46506,-16.595
51.5,0.006387,-0.0087698,0.0089745,-1.003,0.00083651,-0.003664,-0.00080309,2.3008,-5.5849,1.937,-31.923,-0.376,19.64,-1.469,-16.901,-0.0097854,0.02809,-0.0031478,-1.0134,0.0016112,-0.0051654,0.0091997,-1.2038,-1.6226,0.35608,-31.752,2.0601,16.224,0.86253,-14.334
51.6,0.0052485,-0.0081013,0.01708,-0.99484,0.0023483,-0.0042396,0.0088719,2.5676,-3.6537,-0.56004,-32.766,1.2804,18.175,-2.2219,-16.052,-0.0014211,-0.006631,0.0065565,-0.9994,0.00019885,0.0020542,-0.0023266,-0.92724,-1.5396,-1.0855,-31.018,-0.11115,15.365,1.0917,-12.673
51.7,-0.0019439,0.0063663,-0.0066713,-0.99067,-0.0034273,-8.8758e-05,0.0030159,0.35215,-6.3569,-1.3565,-33.191,1.0516,20.684,0.71339,-17.718,0.01134,-0.0036004,-0.0036718,-1.0049,0.0024412,0.0035388,-0.0036515,0.9016,-2.0445,-1.0242,-31.029,-0.95219,16.722,-0.2811,-12.741
51.8,-0.0080207,-0.0057268,-0.0026563,-1.0066,0.0038083,-0.0038023,0.0034296,1.0145,-3.2965,0.4076,-32.824,-0.13595,18.599,1.4753,-18.269,0.0069048,0.00014642,-0.0017447,-1.0106,0.0007496,-0.001134,-0.0065936,0.36186,-2.1955,0.26135,-33.009,-0.19841,16.36,-2.5284,-14.007
51.9,0.015014,-0.0083906,-0.0050199,-0.98811,-0.010176,-0.0035437,-0.0067313,-0.39462,-5.6518,-1.1241,-33.319,0.30195,19.335,-0.37134,-15.625,-0.0045616,0.010314,-0.0014978,-1.0046,0.0013172,-0.0013921,0.0029226,-1.5802,-1.9623,1.0857,-31.809,-1.0337,18.02,1.8688,-12.263
52,-0.00022155,0.0037998,-0.00093112,-0.99438,0.00071028,-0.0084711,-0.0009447,1.3432,-4.6721,-0.47146,-33.278,-0.80782,18.732,-0.55151,-17.406,-0.031288,0.0025029,-0.004445,-1.0122,-0.0014927,0.0053404,0.0081603,0.4261,-3.871,-3.1339,-31.476,0.018251,17.455,0.83841,-14.452
52.1,-0.0035123,0.0053013,-0.0011633,-1.005,0.0019684,0.0029556,-0.0012859,0.87777,-4.5945,0.95843,-34.626,-1.6937,18.649,-1.1959,-17.418,-0.013891,-0.0097236,0.00044549,-1.0046,0.0091001,0.0018224,0.0069216,-1.0807,-2.6385,0.46282,-31.102,-0.60323,17.439,0.50331,-13.504
52.2,-0.0072569,0.0062631,-0.0069722,-0.99649,-0.0083691,0.0010301,-0.0023503,0.53216,-4.208,1.4129,-31.772,-0.24722,19.602,-0.86989,-18.869,0.0062948,0.0086217,0.003091,-0.98557,-0.010113,0.002453,-0.011589,-1.0014,-2.0049,0.44398,-33.6,0.33271,16.862,0.035855,-14.886
52.3,-0.00044321,-0.016128,0.0049538,-1.0025,0.00098517,0.0037179,-0.0021513,-1.441,-3.3067,1.4796,-30.832,0.13451,19.109,0.94485,-18.124,-0.017878,0.0095618,-0.017206,-0.99558,-0.0020378,0.0040783,0.0020167,-0.40556,-1.9484,1.0593,-32.525,-0.24251,15.704,-0.40958,-14.774
52.4,0.0088812,0.011545,-0.0078895,-1.0059,-0.0015061,-0.0014877,0.0043782,-0.95419,-2.7641,-1.3642,-31.882,0.59254,18.005,1.1128,-16.487,-0.0017745,0.013925,0.0020621,-0.98388,0.0053266,0.0022058,0.0090131,1.0344,-2.8946,-0.70856,-30.273,1.0207,15.316,-0.97047,-13.395
52.5,0.0031755,0.0029776,0.0063022,-0.99182,0.006079,-0.0066417,-0.0067162,1.2767,-3.6435,-0.31928,-33.923,0.89934,18.238,0.66728,-17.537,-0.0004636,-0.00081726,0.0060876,-1.0138,0.006118,-0.0022402,0.0036381,1.2075,-3.8093,-0.14533,-32.377,0.78566,16.954,-0.02543,-14.209
52.6,0.0058132,-0.013728,-0.0020769,-1.0095,0.005053,0.0064908,0.0046957,1.1938,-3.4673,0.34019,-34.662,-0.89807,19.413,0.30547,-18.14,0.0059888,-0.013848,-0.015311,-0.99998,0.0034091,0.003493,-0.0024077,-0.10981,-2.7338,-2.748,-31.402,0.89748,17.927,0.67242,-12.969
52.7,-0.0028247,0.010942,-0.0056785,-0.98683,0.0058626,-0.0073795,-0.00067751,-2.0106,-2.6785,0.17077,-34.052,-0.0092434,18.275,-2.4004,-16.791,-0.0079845,-0.010811,-0.003843,-1.0159,0.0033584,-0.0029955,-0.00016267,0.83761,-3.3353,1.2632,-33.318,1.0381,15.998,0.62158,-15.141
52.8,-0.0042868,-0.002149,-0.0042788,-1.0068,0.0078929,0.011793,-0.0042741,0.11785,-3.6941,-0.58677,-32.984,1.1892,18.195,1.4296,-16.966,0.011417,0.0049605,-0.0033953,-1.0014,0.0060753,-0.0068814,-0.0076751,-0.13272,-0.48279,0.72689,-31.885,-0.33676,15.863,-2.382,-13.944
52.9,0.0069568,0.0065578,0.0045335,-1.0008,-0.0020573,0.0027904,-0.0028674,-2.138,-4.5097,2.2908,-34.003,-0.11431,18.56,1.4849,-16.734,-0.004631,-0.012689,-0.0057225,-0.99552,0.0041756,0.0030902,-0.0029027,-1.2064,-3.6135,-0.45181,-32.61,1.0261,14.519,-0.66298,-12.57
53,-0.00027059,0.010845,0.0093089,-1.0091,0.0013468,0.0019258,-0.020748,-0.81359,-4.4031,0.39431,-33.387,-0.38862,17.867,-0.91535,-15.714,-0.0001018,0.0068846,-0.017774,-0.99888,-0.0062632,0.0062701,0.0042347,-0.22986,-2.3336,0.86237,-33.67,-0.042762,17.928,-0.33452,-13.603
53.1,-0.003223,-0.0071021,-0.0088113,-0.99877,0.0033367,-0.00022889,-0.008029,1.2115,-4.6486,-0.88995,-34.525,1.465,16.23,-3.436,-16.761,-0.013281,-0.0018156,-0.011605,-1.0038,-0.00067762,0.0065743,-0.0015923,1.0527,-3.7897,1.2844,-32.584,-0.22239,17.031,-0.57938,-12.887
53.2,0.0047952,-0.0072208,0.0025275,-0.99852,0.0006423,-0.0043356,0.0061313,1.1073,-3.8779,-0.9774,-33.414,1.2473,17.882,-1.0085,-14.89,0.014881,0.0026546,-0.01267,-0.99067,0.0067861,0.0041843,-0.0017991,0.71187,-3.3183,-0.0044434,-32.488,0.92996,16.261,-1.1038,-15.377
53.3,-0.0029422,-0.0012328,-0.0086161,-0.98458,0.0011715,-0.0013702,-0.0022035,0.083822,-2.4843,0.17786,-34.23,0.68264,18.512,1.0192,-17.335,0.018571,-0.011301,-0.0025815,-1.0012,-0.0022789,0.0040968,0.0071246,-0.52361,-2.7225,2.2204,-32.837,0.42593,16.466,-0.1401,-14.168
53.4,0.010111,-0.0070514,-0.01345,-0.99616,0.0033495,-0.0089549,-0.0082708,-1.1001,-4.1875,-0.41889,-35.024,0.74347,18.252,-0.41501,-16.216,0.0052809,0.0026024,-0.016216,-0.97761,0.0032956,0.0043931,0.0015185,-0.54214,-2.0564,-2.9092,-31.697,0.96129,17.724,-1.4367,-13.388
53.5,-0.0082784,0.015015,-0.012313,-1.0078,-0.0084345,0.0033084,0.0030947,0.75304,-4.3563,0.35519,-33.795,-0.63036,18.951,-1.3746,-16.962,-0.018904,-0.008896,-0.0015492,-1.016,-0.0030507,-0.0071295,0.004736,0.45357,-2.0589,0.5173,-33.303,-0.015664,17.437,1.3529,-13.894
53.6,-0.020946,-0.00049562,0.0029272,-0.99694,0.0038524,-0.0054946,0.0056877,-0.0054729,-5.1119,1.0584,-33.198,-1.3601,18.938,0.28297,-17.74,0.0063669,-0.0064949,-0.00075944,-1.0073,-0.0025771,0.0041371,0.0048859,-0.33825,-1.1904,-2.0725,-32.818,-1.5465,15.603,0.70352,-13.88
53.7,0.00064178,-0.0019396,0.006889,-0.99799,-0.0065654,-0.0023212,0.0030547,-1.1094,-4.0847,-1.081,-33.14,0.72559,18.764,-0.088117,-17.095,0.011764,0.015818,-0.022962,-1.0038,0.0074138,0.00015862,-0.005125,1.0775,-3.9336,-0.52469,-29.576,-0.72988,15.756,0.93875,-14.007
53.8,-0.012151,0.0077046,0.0011235,-1.01,0.0062876,-0.0075281,-0.0027622,-0.5485,-2.6805,-0.47804,-34.334,0.50216,19.87,1.3821,-16.671,-0.0010237,-0.002676,0.005238,-0.99788,-0.0003017,-0.0027273,0.00075768,-1.9526,-2.7553,-0.9564,-30.887,-0.80571,16.225,1.9731,-12.46
53.9,0.0058068,-0.0010161,-0.0088458,-0.98558,0.00061774,0.0043608,0.0088572,0.58514,-3.6253,0.44162,-33.336,-0.14761,17.485,-0.40963,-16.37,0.011953,0.0026673,0.012369,-0.99816,-0.0030426,0.0011756,0.0036182,0.16189,-3.9059,-0.78453,-33.786,1.8021,16.786,1.0943,-13.923
54,0.016307,0.011243,-0.0034762,-1.0087,0.0052887,0.0037672,0.0028008,0.41189,-3.144,-2.253,-34.959,0.54992,19.084,0.96199,-15.941,0.010876,0.0072625,0.0071834,-0.99562,0.00046833,0.007701,-0.0019354,3.218,-2.1476,0.34223,-32.863,1.2938,18.399,0.31358,-13.407
54.1,0.0097521,0.0057351,0.014747,-0.98819,0.0027931,0.0022857,0.0020617,2.4459,-3.6178,-0.25356,-31.661,-0.025859,19.516,-0.21226,-17.49,-0.015582,-0.0025496,0.017498,-0.99148,0.0015039,-0.0073553,0.007001,0.69502,-2.2985,1.4161,-31.562,-0.73791,18.206,-0.32209,-14.157
54.2,0.0058074,-0.0011983,-0.0090914,-1.0028,-0.011115,-0.0019741,-0.0063977,-0.042304,-4.2154,0.070974,-32.859,1.6434,18.528,-0.21695,-17.079,-0.0056516,0.0032354,-0.016259,-0.99884,-0.0055805,0.0026976,-0.00068827,-0.2592,-2.2183,-0.38922,-32.168,0.28699,18.266,1.2241,-15.219
54.3,0.0031749,-0.0029826,0.011489,-1.0008,0.0096464,-0.0075953,-0.0063133,0.79818,-4.8081,-2.3203,-33.347,-0.0485,18.144,1.1485,-17.427,-0.0011572,-0.00080158,0.01237,-0.98923,0.0070898,0.0086593,0.0022355,1.5843,-1.6928,-0.8508,-32.748,-0.71407,18.225,0.72142,-15.246
54.4,0.011596,0.0044304,0.0011922,-0.9795,-0.00068085,-0.00044121,0.0091458,1.2451,-5.096,-0.087316,-34.505,-1.1401,18.857,1.6139,-17.196,0.0030882,0.0072458,-0.014393,-0.98575,0.001383,-0.0014045,0.008889,0.48595,-1.9596,-1.8089,-32.551,0.51705,16.221,1.009,-13.575
54.5,-0.0073571,0.0042178,0.010702,-1.0113,-0.00042957,0.0015503,0.006263,0.83861,-3.1096,0.84379,-34.283,-0.27729,18.168,-1.677,-16.843,0.0041075,0.00604,-0.0099736,-1.0075,-0.0046195,0.0088506,0.00087795,-0.41165,-2.3303,0.17761,-33.758,-2.034,16.933,-0.35687,-14.545
54.6,-0.0072133,-0.02,0.010196,-0.99148,-0.0063378,0.0015144,-0.005194,1.0246,-3.0911,1.2587,-34.992,-0.065557,18.644,-0.37683,-16.002,0.011554,0.0068639,-0.0003281,-1.0131,0.0057879,0.0018607,-0.0013171,1.8449,-2.3926,0.091698,-34.013,0.03748,16.761,-1.9394,-15.486
54.7,-2.8193e-05,-0.012763,0.00074085,-0.99101,-0.0065967,-0.0013001,0.0012162,0.32904,-3.0799,-1.3344,-33.147,1.0679,18.122,-0.1446,-18.695,-0.005235,-0.0064267,0.018511,-0.99874,0.0043346,0.003709,-0.0017501,-1.4347,-0.56235,-0.0074647,-35.071,-0.32338,15.176,-0.84002,-14.67
54.8,-0.0021976,0.014063,0.004071,-0.99063,0.0006682,-0.0056811,0.0024802,-1.032,-3.8704,-0.97193,-34.283,1.1591,18.239,-0.17029,-15.026,0.010397,-0.023183,0.0023681,-0.99214,-0.0064597,0.0063723,-0.0037396,-1.3325,-1.0627,0.93409,-33.766,1.2648,16.313,1.5276,-13.359
54.9,0.008104,-0.0027833,-0.013625,-0.99351,0.00081826,0.0055304,-0.0022992,0.24369,-4.9406,-2.3846,-33.452,0.16945,18.663,-1.0904,-16.737,-0.0072403,-0.0024806,-0.0078564,-0.99167,0.0017057,0.0043583,-3.1764e-05,0.83379,-2.6433,-0.20297,-33.86,-0.85889,17.475,2.1516,-14.172
55,0.00043694,0.008919,-0.0038536,-0.99752,-0.00064942,0.011826,0.0026487,0.19304,-2.7415,-0.67072,-33.007,0.28903,16.303,-1.1179,-15.465,0.0095419,0.002949,0.0071737,-0.9999,0.00070838,-0.0019269,-0.012619,0.19779,-4.1279,-0.53732,-32.674,-1.5579,16.517,-0.99812,-13.061
55.1,0.0044596,0.0055341,0.019603,-1.022,-0.0075412,-0.0043965,0.0037015,-0.010118,-2.384,-0.16017,-32.992,-1.4228,17.734,0.19679,-16.844,0.015971,-0.0032479,-0.0048845,-1.0003,-0.0051966,0.0010861,-0.0037753,0.63444,-0.42475,0.27099,-33.631,-2.6245,12.932,-0.81058,-12.18
55.2,-0.014527,0.0025277,-0.0028113,-0.99076,-0.0045319,-0.013149,-0.0005852,0.77412,-3.2089,-0.65345,-32.614,0.7008,18.141,-0.17796,-18.731,-0.015219,-0.0059207,-0.00068952,-0.99305,0.0043227,0.0079329,0.00021137,0.012864,-1.6576,-0.075053,-34.633,-1.9854,18.614,0.28961,-14.469
55.3,0.00072421,-0.008569,-0.0073728,-0.99859,-0.0029592,0.0022676,-0.0035224,-1.5805,-2.4646,-1.2635,-34.544,0.878,17.981,-0.66332,-17.242,0.0013339,-0.024385,0.00057304,-1.008,0.0057204,0.001927,-0.00032462,-0.93528,-1.5351,-0.11512,-32.983,0.39537,18.123,0.96513,-12.305
55.4,-0.010734,-0.0040966,-0.0089135,-0.99255,0.0065002,0.0012755,-0.0097468,-0.60462,-3.656,-1.2928,-35.029,2.2345,18.249,0.54096,-15.741,-0.00021961,-0.0024894,0.0054911,-1.0114,-0.005669,-0.0015705,0.0042334,-0.47747,-2.2368,-0.18795,-32.502,3.5034,16.982,-1.9502,-13.301
55.5,-0.005329,-0.01018,0.0052431,-1.0027,-0.0028885,-0.0028493,0.0088669,-0.32887,-5.3521,0.15415,-32.683,-1.0481,21.269,-0.45161,-17.013,-0.0082579,-0.00053081,0.013305,-1.0052,-0.0083808,-0.00019311,-0.0036657,-0.56245,-2.326,-0.082564,-32.536,0.29461,16.785,0.88294,-14.146
55.6,-0.0087387,-0.00046464,-0.00074177,-1.0053,-0.0034931,0.0012376,-0.00025047,-0.65711,-4.8051,-1.2922,-36.946,0.99268,19.144,-1.9968,-16.535,0.0073026,-0.0068831,-0.011007,-1.0166,-0.0053384,-0.0022537,0.0042052,0.55828,-0.45382,1.3273,-33.504,-1.0849,15.469,-1.553,-14.966
55.7,-0.01082,0.0022283,0.0031509,-0.9944,-0.006926,0.0024875,0.0040486,-0.82429,-3.7437,1.3634,-35.948,0.83875,19.757,0.193,-16.295,0.0041366,0.013185,0.008308,-1.0126,-0.00061939,0.0034495,0.0089881,0.41821,-2.1695,-0.24522,-30.312,-0.7404,15.652,1.0692,-13.971
55.8,0.0058668,-0.020901,-0.012724,-1.0016,-0.0046463,-0.01213,-0.0056689,-0.14262,-4.5005,-0.53475,-34.632,-1.3253,17.851,-2.3694,-18.36,-0.0076362,0.0085584,0.012601,-0.99438,0.0010263,-0.0015318,-0.0071494,0.76798,-2.5706,-1.5164,-34.528,1.2163,16.868,1.6333,-12.198
55.9,-0.0024106,0.011149,-0.0056512,-1.0029,-0.0033365,-0.0073694,-0.0010944,-0.56616,-3.0458,-1.5165,-34.636,-1.6064,17.764,-0.28458,-17.423,-0.00078651,0.0038466,-0.0015469,-1.0023,0.0045381,-0.0060525,-0.002154,-0.75376,-2.4611,0.66408,-34.809,1.7947,15.78,1.1626,-13.03
56,0.012291,0.0061434,-0.010457,-0.99469,0.00076233,0.0011488,-0.006823,0.55745,-2.1899,-0.73173,-35.142,0.55644,18.78,1.7741,-15.558,-0.0045816,-0.020955,-0.0048191,-0.99579,0.0038011,0.0031335,0.00301,-1.4521,-3.3531,-0.77901,-35.15,0.32919,16.609,1.0854,-13.437
56.1,-0.010026,-0.020779,-0.014039,-1.0028,0.0047239,0.0019624,-0.00085091,0.37819,-2.587,-1.5372,-34.252,-0.3109,18.895,1.2653,-17.568,-0.0049905,-0.014268,-0.00056084,-0.97632,0.0027131,0.00027651,-0.0070947,0.8078,-1.9022,-0.5686,-31.956,-0.5236,15.128,-1.1147,-13.445
56.2,0.0049477,-0.01343,-0.015062,-1.0231,-0.0034591,0.0008391,-0.00075957,-0.017127,-5.6512,0.38309,-35.874,0.17311,20.275,-1.6089,-17.722,0.011191,-0.012282,0.0063654,-0.98612,0.00048807,-0.0015686,-0.0036211,-0.24851,-2.5531,0.53378,-32.751,0.7749,16.822,-2.2875,-15.443
56.3,0.007299,0.017491,-0.0033257,-1.0008,0.00015124,-0.015711,0.0029673,0.62051,-5.0646,-0.27814,-36.725,1.6849,18.332,-0.97408,-16.292,-0.0042588,0.0014602,0.00057126,-1.0161,0.005625,0.0042755,-0.0039649,0.46556,-3.457,-1.2441,-34.347,-0.55188,15.561,-0.38669,-11.764
56.4,0.0072692,-0.0057559,0.013895,-0.99615,0.0037604,-0.0067917,0.0048884,0.81968,-1.8153,1.1996,-34.864,0.12333,17.301,0.47011,-15.517,-0.016715,0.0081172,-0.00095227,-0.98239,0.0085702,-0.002873,-0.001752,0.30579,-1.0972,-0.7993,-32.768,0.29673,14.496,-0.46597,-13.641
56.5,-0.009017,-0.018118,0.012629,-0.98943,-0.0023005,-0.0052205,0.0037348,-0.059557,-3.0589,-1.7794,-34.427,-0.37651,18.877,-1.4315,-18.245,0.0056211,0.0064459,-0.0011101,-1.0103,0.012049,-0.00018659,-0.00017609,1.3552,-1.1716,-0.5581,-34.51,0.35747,17.801,1.2231,-13.22
56.6,0.019756,-0.0072406,0.0065858,-1.0156,-0.0066086,-0.0010352,0.0078475,-2.3555,-3.3433,-0.65684,-34.239,-0.96627,17.429,-0.74179,-16.273,-0.00092404,0.0041638,0.01028,-0.99724,-0.0096898,0.0062994,-0.0037461,1.1708,-0.37195,-0.53022,-33.107,-0.78125,17.415,-0.68409,-13.702
56.7,-0.0087397,-0.00066624,-0.019853,-0.98345,0.01107,0.0032165,-0.011789,0.82732,-4.6115,-2.1768,-35.937,-0.24339,19.626,1.8486,-16.797,0.0092126,0.017988,-0.0050143,-0.99628,0.0048591,-0.0026679,-0.0012832,1.6866,-2.4419,1.5978,-33.742,-1.1488,16.825,-1.8256,-15.349
56.8,-0.01482,-0.0021437,0.0039943,-1.0048,-0.006216,-0.0037701,-0.0025728,1.1275,-4.004,-0.58723,-36.073,-0.5134,20.337,1.0998,-16.633,0.0040716,0.010168,-0.016844,-1.0034,-0.001486,0.0075457,0.0063035,2.066,-1.9877,2.1731,-32.372,-0.28547,16.813,-1.8839,-13.914
56.9,-0.022277,0.0040011,0.0062325,-1.0015,-0.0020259,-0.0022327,0.0021259,0.6061,-3.6872,1.1238,-34.946,-1.0268,17.599,-0.40546,-17.864,0.015005,0.0041036,-0.0026537,-0.9996,0.0035117,-0.003033,0.0020916,-1.34,-0.8791,-2.7479,-31.02,-0.35904,16.738,1.488,-14.147
57,0.0016795,0.0086597,-0.014919,-1.0032,-0.0037684,0.0032345,0.0064721,-0.24377,-4.4616,1.8821,-34.935,0.24252,18.962,0.010097,-16.33,0.017194,-0.0043143,-0.0041791,-0.98824,-0.0011276,-0.00023111,-0.0098728,-0.36057,-3.2941,-0.22852,-33.136,0.46071,17.138,2.5864,-14.783
57.1,5.791e-05,0.0042886,-0.0046792,-1.0095,-0.0055816,-0.0068816,-0.0012918,-0.2144,-3.8412,-0.70026,-34.647,0.52799,19.23,1.4938,-15.093,-0.0093496,-0.0024436,-0.00091237,-0.99309,-0.0026442,0.0046719,-0.004773,-1.5888,-4.245,-1.2537,-34.482,1.3235,16.076,0.27614,-13.516
57.2,0.0086902,-0.0021905,-0.019353,-0.99863,-0.00020649,0.005313,0.0046407,-1.422,-4.6341,-1.661,-34.906,2.1784,19.729,-1.4037,-14.758,-0.015969,0.02031,0.00074673,-0.98935,-0.0020637,0.0062081,0.0065267,-1.6029,-3.0614,0.985,-34.675,-0.79449,18.165,-0.8933,-14.085
57.3,0.0029873,0.0062336,-0.010499,-0.9905,0.00096571,-0.010747,-0.0039136,1.0001,-5.4803,-0.84161,-35.172,-2.3447,18.867,1.0568,-16.682,0.023442,-0.0018346,-0.021298,-0.99686,-0.0020659,-0.0032924,0.0050088,0.94728,-1.8744,0.56066,-33.002,-1.4162,16.803,-1.8943,-13.92
57.4,0.01914,0.0012002,0.01335,-1.0052,0.0051612,-0.0035805,-0.0036549,0.8,-2.3464,1.3242,-33.44,-0.70247,20.773,-2.1383,-16.056,-0.00503,-0.0036793,0.010419,-0.99936,-0.0056002,-0.0013421,0.0095792,1.3803,-2.3097,0.79849,-32.732,0.032942,16.473,-2.5891,-14.179
57.5,0.0063884,-0.0053081,-0.00042351,-0.9988,0.0022076,-0.006016,-0.0016671,0.20804,-4.0176,-1.2158,-34.007,-0.96939,17.646,-0.086132,-18.433,0.019382,-0.0034639,0.0083046,-1.0067,0.0051178,-0.013884,0.0089471,-1.4052,-3.0407,-2.8767,-34.165,-0.94532,17.104,0.82792,-14.425
57.6,0.0093152,0.0065559,0.00099148,-0.9907,-0.0064969,-0.00087579,-0.004388,-0.29504,-2.2794,-1.5727,-34.806,0.49098,18.694,0.033518,-17.231,0.005364,0.0041372,0.01517,-0.99973,-0.002602,-0.00057878,0.0026162,-1.1974,-0.89679,-0.82868,-34.955,-0.26822,16.916,1.5826,-15.256
57.7,-0.022555,-0.014757,-0.0054491,-1.0066,0.0063104,0.0063761,-0.0076318,0.4882,-4.1442,-0.76336,-34.97,0.98386,19.745,1.6093,-16.753,0.0008242,-0.0096598,-0.0097778,-0.9893,0.0078042,-0.0032772,0.00037428,-1.31,-2.4081,-0.98828,-34.653,0.74782,16.439,1.4538,-12.828
57.8,-0.022687,0.020206,-0.0042693,-1.0062,0.0080792,0.0024288,0.00021839,-0.57219,-4.3436,-0.9695,-34.82,1.4121,19.395,1.0386,-15.82,-0.0077409,-0.0053667,-0.0012212,-1.0025,-0.0049773,0.002077,0.00020718,-1.2679,-2.9688,-0.29072,-34.372,0.35686,19.052,0.79362,-14.308
57.9,0.01288,0.0066376,-0.02253,-0.99538,0.0017456,-0.00058233,0.0083342,0.59845,-2.0234,1.1537,-36.166,-0.27123,18.973,-0.88724,-15.699,-0.0043023,0.0036527,0.0014398,-1.0036,-0.0029162,-0.0006205,-0.0088062,1.6159,-1.9027,0.033681,-33.723,-0.15326,16.525,0.37649,-14.248
58,0.015871,0.0096139,0.0014209,-0.99931,0.010103,0.0026707,0.001093,-1.387,-5.5933,0.38662,-36.465,-1.9684,18.631,0.61718,-17.811,0.018724,0.01205,0.020466,-0.98227,-0.006363,-0.00016231,0.0044193,2.9699,-2.1278,1.0566,-33.977,-0.17472,17.31,-0.294,-13.989
58.1,0.0044456,-0.012583,0.003609,-1.0166,0.00024791,0.0044573,0.0026529,-1.8097,-5.0352,-0.91183,-33.403,-0.23987,18.757,0.075108,-16.871,0.0069503,-0.027936,0.0069843,-1.0124,0.0059764,0.0068026,-0.0035583,0.50645,-2.6415,0.5494,-34.48,0.57344,16.041,0.16152,-16.08
58.2,0.0035198,0.016899,-0.013673,-1.0004,-0.0035484,0.0031038,0.0062447,-0.19537,-3.4473,-0.17099,-36.063,0.42017,17.763,0.18609,-17.675,-0.0018928,0.0043543,-0.0084,-0.99355,-0.0062099,-0.0018613,-0.00050085,-3.2956,-0.8445,-2.0691,-36.131,1.0461,16.761,1.821,-11.631
58.3,-0.0039468,-0.01075,0.012432,-1.0095,0.0028972,-0.0008766,-0.0074153,0.62419,-3.8426,-0.17789,-38.312,0.25199,19.671,-0.15177,-17.752,-0.0047778,0.0018329,0.0088377,-0.98423,-0.003405,-0.00329,0.0032176,-1.2611,-3.6974,1.1025,-35.725,0.51883,15.519,-0.11096,-12.607
58.4,0.0095194,-0.0060924,-0.0063676,-0.99524,-0.0023318,-0.0085349,0.0090646,0.028074,-3.7585,-0.23125,-34.854,0.90672,18.919,-0.17019,-16.618,-0.0041008,-0.0035237,0.0067935,-1.001,0.00097724,-0.0014341,-0.0033463,-0.52208,-0.76119,-1.3484,-34.118,-0.075817,15.072,0.8595,-12.971
58.5,0.009826,-0.013856,0.014449,-0.98045,-0.0015569,0.002884,-0.0075503,1.5025,-1.5814,0.86639,-35.218,-1.1338,20,-1.8671,-15.122,-0.0058895,-0.017885,0.0078983,-0.98602,-0.0020466,-0.0031164,0.0080501,-1.3523,-2.1741,1.8147,-33.964,-2.007,16.966,-1.7295,-15.021
58.6,-0.0045942,0.00020303,-0.0019226,-0.99482,0.0023891,-0.01328,0.0072934,-1.3587,-3.3645,-0.16752,-36.04,2.4101,18.958,2.3803,-17.076,0.0047974,-0.0027098,-0.0022909,-0.98385,-0.0055874,0.0017255,0.0023205,0.2601,-2.6097,0.93113,-33.65,0.95351,17.22,-1.1837,-14.709
58.7,0.011924,-0.0057788,0.0064151,-0.99433,-0.0010053,-0.0070008,0.0019366,-1.3049,-3.6978,0.045268,-34.562,1.169,20.299,-0.70728,-15.812,0.015106,0.0022734,0.010678,-0.97781,0.00088679,0.0013094,-0.0041582,1.1641,-1.2908,-0.24864,-33.716,0.45926,14.574,1.3516,-14.063
58.8,0.024851,0.011959,-0.00060165,-1.0018,0.0039239,0.0083005,0.0080968,-0.13361,-3.2961,0.22927,-35.549,-0.83669,19.049,1.3785,-16.262,0.0052047,-0.0082183,0.0015498,-1.011,-0.0042467,-0.00046225,0.0021256,-1.4597,-1.7227,-1.3896,-34.816,0.73301,17.448,1.2565,-13.479
58.9,0.0066943,-0.0069072,0.015592,-0.99392,0.0049698,0.00096807,-0.0029888,1.0368,-4.4266,1.0061,-36.222,-0.80237,19.08,-2.037,-16.682,0.0063069,-0.016117,0.0096144,-1.016,-0.0033498,-0.014231,0.0010098,-0.8306,-1.5862,-2.2226,-35.585,2.3217,17.463,-0.25547,-13.859
59,-0.005049,0.0096913,0.012222,-0.99813,0.0037547,-0.0068309,0.0026347,0.052986,-4.606,0.40922,-36.313,0.26398,17.767,0.11394,-17.632,0.018118,0.001322,0.0053205,-0.99835,0.0083455,-0.00023787,-0.015414,-0.63557,-3.0779,0.59602,-35.47,0.55524,16.398,0.81262,-13.814
59.1,0.01141,0.017575,0.008582,-0.98435,0.0057057,0.0066188,0.0012417,-1.8228,-2.3215,-0.1579,-34.658,0.69876,17.498,0.45312,-16.642,0.0020578,-0.0087898,-0.0012318,-1.0034,0.0023308,-0.0046868,0.0026452,0.0084129,-1.4029,0.76512,-36.107,-0.99409,17.799,-1.6811,-15.824
59.2,0.0081764,-0.007893,-0.011112,-1.0027,-0.003213,-0.0065155,-0.0044767,-0.82809,-3.9152,-0.43898,-34.172,-0.43861,20.814,0.26629,-16.096,0.0070053,-0.0026382,0.014364,-1.0068,-0.0043553,-0.00043154,0.0072186,0.3019,-1.5172,-2.0626,-33.157,0.26089,15.78,-1.961,-12.005
59.3,-0.0029388,0.00053711,-0.0022224,-1.0155,-0.006621,0.0083505,0.014231,-0.41936,-2.8579,-1.05,-37.867,0.636,18.598,1.2678,-16.143,-0.013156,0.0074293,-0.011295,-0.99594,-0.0023775,-0.0059653,-0.0017081,-0.089993,-3.3083,-1.54,-34.044,1.3246,17.239,0.79644,-11.616
59.4,-0.0053593,-0.0085562,0.0071215,-0.99019,-0.0012686,0.0057023,0.00022148,-0.57886,-4.0896,0.78002,-35.766,-1.4642,19.376,-0.71655,-16.035,0.004705,0.00048927,0.00088142,-0.98775,0.0010229,0.0014339,-0.00035338,-2.0662,-3.765,-0.046916,-33.491,0.89561,16.715,0.3773,-14.129
59.5,-0.0021884,0.0084485,-0.014096,-1.0094,-0.0091423,-0.0012218,-0.0020842,0.46969,-1.8513,-0.66267,-35.621,0.60945,19.306,-1.8293,-14.952,-0.007165,0.0075897,0.017143,-0.99354,0.002582,0.0020496,-0.0057591,-0.2882,-0.59809,0.28765,-35.26,-0.43956,15.877,0.62839,-13.299
59.6,0.010621,-0.012195,-0.0034624,-0.99444,0.0022877,-0.0048804,0.00066659,1.5976,-2.1592,-0.096867,-34.866,0.75775,19.9,-1.1136,-17.08,-0.0097942,-0.0084302,-0.0050793,-1.0097,0.00018728,-0.0067581,-0.0033305,1.3934,-2.1671,-0.3636,-35.467,-2.7359,15.572,-0.77355,-16.307
59.7,-0.011354,0.013925,-0.0065978,-0.98934,0.0031565,-0.0047061,0.0019124,-0.50142,-3.5049,-0.041285,-37.148,1.3376,18.864,0.14246,-16.256,0.015066,0.019152,0.021519,-1.0159,-0.00026401,-0.0063738,0.0053307,-0.6183,-2.9228,-2.1166,-35.398,-0.96433,16.95,-1.3038,-13.402
59.8,-0.0083303,-0.0034582,0.0063437,-0.99319,-0.0056164,-0.0047571,0.0028188,-1.1628,-1.819,0.21265,-34.636,-0.79132,17.406,0.95874,-14.855,-0.0099993,0.0075735,0.0003213,-0.99969,-0.001146,-0.0061372,-0.0041631,-0.16814,-2.3204,-2.2229,-35.723,0.80306,15.587,0.73415,-13.686
59.9,0.0076027,-0.010247,-0.0025603,-0.99768,0.0015689,0.0013557,-0.0064753,-0.1491,-2.8943,-1.959,-36.809,0.33636,19.307,1.0565,-16.849,-0.0045555,0.010214,-0.0036155,-1.0098,-0.004549,0.0027945,0.00025845,-0.84381,-2.6861,0.6688,-33.667,1.1413,17.729,1.1815,-13.365
60,-0.0014302,0.0092595,-0.0097971,-0.99728,0.003587,0.0025846,0.0088364,1.3317,-4.0465,-0.031938,-36.247,-1.7517,18.687,-1.3974,-16.692,-0.013854,0.013299,-0.014352,-1.003,-0.0010397,0.0029665,0.0029013,-0.80028,-1.1034,-0.24739,-34.421,-0.6441,18.799,-1.8654,-15.033
