time,q1_healthy,q2_healthy,q3_healthy,q4_healthy,omega1_healthy,omega2_healthy,omega3_healthy,wheel1_i_healthy,wheel1_w_healthy,wheel2_i_healthy,wheel2_w_healthy,wheel3_i_healthy,wheel3_w_healthy,wheel4_i_healthy,wheel4_w_healthy,q1_faulty,q2_faulty,q3_faulty,q4_faulty,omega1_faulty,omega2_faulty,omega3_faulty,wheel1_i_faulty,wheel1_w_faulty,wheel2_i_faulty,wheel2_w_faulty,wheel3_i_faulty,wheel3_w_faulty,wheel4_i_faulty,wheel4_w_faulty,
0,0,0,0,0,0,0,0,0,0,0,0,0,0,0,0,0,0,0,0,0,0,0,0,0,0,0,0,0,0,0
0.1,-0.71294,-0.0040877,0.11763,-0.70569,0.0050888,0.0035653,0.00066199,1.2877,-0.47198,0.11833,-0.64472,-1.6128,-1.1514,0.06353,1.02,-0.70919,-0.0053725,0.12314,-0.69269,1.5618e-05,0.0062572,0.0026757,-0.40999,0.91477,0.34997,-0.18764,-1.0632,-0.37626,-1.4007,-0.11369
0.2,-0.71114,0.0038942,0.12674,-0.68413,-0.0010983,-0.0079744,-0.0026379,1.2104,1.3786,-1.0644,-1.1032,-0.5036,-2.4452,1.2389,0.24456,-0.68607,0.013967,0.11507,-0.7036,-0.0052113,0.004573,0.0041459,0.51737,0.52495,0.15504,-0.15301,-1.6106,-2.2308,-0.22463,0.31918
0.3,-0.72427,-0.0054841,0.12557,-0.70333,-0.0047557,-0.0080782,0.0061701,-1.0867,2.0354,-1.0702,1.0811,-0.29283,1.304,-1.5662,0.21297,-0.69936,-0.0087271,0.10964,-0.69428,-0.0028857,0.0043757,0.0019945,1.2271,0.55361,-0.36412,-0.5908,0.3352,-0.69571,-2.4747,1.0206
0.4,-0.69181,0.00017017,0.13494,-0.6874,0.0039625,-0.0017449,0.010458,2.7141,0.63402,0.067299,1.3186,-2.1417,0.32674,-2.4581,-1.6786,-0.70529,-0.017194,0.11658,-0.69078,-0.0091168,0.0010742,-0.0042783,1.7555,0.75484,1.3164,0.37767,-0.30256,-0.47107,-0.3347,-1.5676
0.5,-0.70968,-0.011554,0.12093,-0.68397,-0.0097677,0.0016962,0.0097102,1.0825,2.5124,-0.12329,0.8264,-2.3372,-0.47761,-0.82817,-1.0269,-0.71067,0.011719,0.12439,-0.71147,-0.0081249,-0.0017096,0.010971,1.0632,1.0286,-0.96745,-2.2585,-0.95236,-1.9031,0.91638,-3.1489
0.6,-0.69174,-0.0021424,0.13127,-0.69805,-0.0059947,-0.0022759,0.0060109,1.7596,1.7139,0.015775,0.14086,-0.2809,-0.93785,-1.4848,-1.8099,-0.72629,0.0022829,0.12788,-0.70642,-0.0064105,0.0097793,0.0040181,0.17432,1.0439,0.058343,-0.86967,-0.76569,-1.3581,-0.55668,-2.614
0.7,-0.71364,0.005236,0.11707,-0.6981,-0.010429,-0.0021443,0.001363,1.2378,3.1199,-0.30477,-1.8248,-1.2614,-1.7115,-1.7291,-0.81671,-0.70655,0.0089581,0.13228,-0.68753,-0.017371,-0.0083993,0.0079639,1.7141,-0.97079,-0.64658,-1.2972,-0.80765,-2.1939,-1.4993,-2.0055
0.8,-0.69636,0.0070186,0.11316,-0.70882,-0.015624,0.00086062,0.014593,-0.13662,1.1046,0.78603,1.6758,-2.9445,-1.7526,-0.17297,-3.274,-0.70336,0.016665,0.12265,-0.6945,-0.017531,-0.0014199,0.0084059,0.65136,1.8565,2.0653,-0.71545,-0.55863,-0.1388,-0.77275,-0.49964
0.9,-0.73552,-0.0042228,0.11352,-0.69287,-0.010811,-0.015542,0.011076,1.6296,0.6114,-0.0085187,0.7489,-0.61547,0.082514,-1.2217,-0.05038,-0.7015,0.0055573,0.12151,-0.70552,-0.014791,0.0023135,0.0052399,1.6573,2.6796,-0.15104,-1.2428,-0.49006,-3.9084,-1.3073,-1.3022
1,-0.70827,0.0019196,0.14045,-0.70766,-0.018981,0.0042319,0.0201,-0.17762,0.61049,0.24734,0.26222,-0.6365,-4.7049,-2.4906,-4.6683,-0.7048,0.0018717,0.1242,-0.69916,-0.0074553,-0.0069789,0.011383,-0.10517,2.7887,0.29027,0.10838,-0.94837,-1.9917,-1.2916,-3.6599
1.1,-0.71049,0.0094168,0.12752,-0.69272,-0.018237,0.00062122,0.0090461,-0.60278,3.6328,0.50639,-2.0702,-0.17365,-2.7415,-2.8313,-3.4003,-0.71205,0.010967,0.12712,-0.69459,-0.020969,0.0014993,0.017842,0.72841,3.4526,-0.62452,-1.6471,-2.5841,-4.3144,0.2667,-3.9499
1.2,-0.70101,0.004544,0.11747,-0.69794,-0.018845,0.005931,0.022431,1.2153,3.0129,-0.56777,-0.11854,-2.1244,-3.9017,-1.3193,-3.3826,-0.70517,-0.0028475,0.10724,-0.70812,-0.016508,-0.0043669,0.011326,3.7217,5.0433,-1.5372,-0.42069,-1.1024,-4.0123,-1.8099,-3.2329
1.3,-0.71123,0.0049639,0.11849,-0.69935,-0.028111,-0.0041848,0.022356,0.13859,5.9482,0.22853,0.037032,-0.65648,-4.5522,-3.1165,-3.3516,-0.71299,0.0093135,0.13676,-0.69765,-0.012221,-0.0063398,0.0114,0.95528,2.2448,-0.70873,-0.19637,-0.88286,-6.2269,-1.8256,-5.9274
1.4,-0.70644,0.012131,0.10967,-0.68627,-0.025265,-0.011751,0.025685,2.4282,4.9848,-0.018359,0.94205,-2.0567,-4.0456,-1.3018,-3.4228,-0.70354,0.016883,0.12901,-0.70513,-0.017527,-0.014471,0.016466,1.0937,5.0654,0.46291,-1.2942,-0.93108,-4.0301,-0.87444,-3.1465
1.5,-0.70643,0.013058,0.12955,-0.68565,-0.018817,-0.013642,0.025813,0.50207,3.8443,-0.86434,-0.41658,0.041284,-5.7802,0.63542,-3.4346,-0.70639,0.023304,0.14125,-0.72562,-0.027517,-0.014097,0.022127,0.094523,3.9534,-1.4568,-0.066346,-2.6236,-4.4886,-1.8012,-4.7826
1.6,-0.71144,0.0044294,0.12155,-0.70544,-0.028285,-0.007077,0.022592,0.29296,3.023,0.14264,-0.056133,-2.4313,-5.2641,-0.56123,-5.6068,-0.69614,-0.01394,0.12096,-0.70881,-0.026272,-0.0089292,0.024313,2.1669,3.4914,-0.39128,0.55658,-0.10117,-5.3979,-1.1497,-6.729
1.7,-0.70833,-0.0050637,0.15069,-0.69335,-0.021597,-0.022457,0.010294,0.82731,4.2019,-1.6115,-0.22504,-1.0577,-5.7026,-1.9226,-5.7185,-0.69746,0.0091581,0.12444,-0.70468,-0.023025,-0.009914,0.031688,1.085,3.4889,-0.95333,-0.069906,-1.2468,-5.8324,-1.2533,-5.8208
1.8,-0.71893,0.020028,0.11193,-0.71543,-0.027337,-0.014326,0.02621,-0.89351,3.864,-0.62954,-0.36634,-3.1068,-5.9662,2.3077,-5.8189,-0.71036,0.012758,0.12803,-0.722,-0.037594,-0.0030045,0.027655,2.4186,2.1122,-0.93264,-0.65836,-1.5406,-6.2239,-0.84877,-8.0961
1.9,-0.70301,0.01918,0.12072,-0.71425,-0.026459,-0.012972,0.030928,1.7955,4.0264,-0.89611,-0.7729,-1.3246,-6.5989,-2.6675,-7.6917,-0.7117,-0.0026774,0.11533,-0.71089,-0.032282,-0.016438,0.024342,0.14723,4.07,0.43342,-0.49974,-0.13939,-6.9879,-3.0862,-6.266
2,-0.7049,0.025051,0.10386,-0.708,-0.034777,-0.01478,0.027717,1.7087,6.3238,0.74152,-1.8579,-1.084,-5.8542,-0.30597,-9.2481,-0.69396,0.01747,0.12969,-0.70405,-0.025561,-0.01349,0.025503,1.8396,4.3892,-1.3085,-1.41,-1.6581,-6.2232,0.57964,-6.23
2.1,-0.70961,0.011396,0.11419,-0.70213,-0.02402,-0.0030411,0.029669,1.892,3.7842,-0.21192,-1.4167,0.24557,-8.5316,-0.61498,-6.1719,-0.71426,0.025653,0.099538,-0.72191,-0.031085,-0.012887,0.033271,1.6358,4.3836,-1.7079,-3.0114,-1.5116,-6.8405,-0.88369,-5.8768
2.2,-0.67644,0.0009315,0.098529,-0.72275,-0.027754,-0.010097,0.034112,0.12106,6.4486,-0.1842,-1.6607,-0.01934,-8.4267,-1.9905,-9.5483,-0.68726,0.014562,0.11294,-0.70757,-0.02747,-0.0082882,0.032375,1.5116,6.5857,-1.9109,-0.071834,0.12556,-7.5671,-0.27752,-5.3714
2.3,-0.69739,0.015622,0.11051,-0.72061,-0.035218,-0.022112,0.036881,-0.48654,5.8584,1.2625,-0.0045229,-2.1319,-7.6432,-2.1307,-7.6743,-0.6843,0.014168,0.11153,-0.71017,-0.028649,-0.013603,0.025583,-1.3284,6.4573,0.81019,-2.4719,-1.9502,-7.7786,-2.5509,-8.1541
2.4,-0.68801,0.025578,0.098898,-0.70423,-0.021605,-0.012503,0.037386,-0.28461,6.4923,-1.9275,-2.5296,-2.3836,-8.3417,0.083331,-7.8384,-0.68619,0.014912,0.11011,-0.71949,-0.03851,-0.015008,0.035947,1.1834,7.3337,-0.42046,-0.84059,-1.7981,-9.7239,-3.447,-9.4873
2.5,-0.6869,0.028738,0.11632,-0.70486,-0.028912,-0.008493,0.040937,1.9492,5.3352,-2.5286,-0.58197,-0.50399,-6.926,-3.5072,-9.0963,-0.69639,0.015409,0.11494,-0.70475,-0.028314,-0.0078975,0.032118,2.8632,6.1442,1.1003,-2.4425,-2.922,-8.066,-0.34547,-8.7525
2.6,-0.69393,0.016775,0.10626,-0.71779,-0.036582,-0.008442,0.024507,-0.13173,6.8526,-0.4513,-1.6221,0.42079,-8.3804,-0.23416,-8.6617,-0.69499,0.0027464,0.1096,-0.72655,-0.03264,-0.016579,0.037467,0.80956,7.0494,-1.1632,-3.0966,-0.48817,-8.7818,-1.955,-7.8814
2.7,-0.68097,0.034794,0.12591,-0.72002,-0.037448,-0.018314,0.047521,0.20739,7.8362,-2.8006,-1.9802,-2.492,-9.8607,-1.6279,-9.9861,-0.68532,0.013327,0.099953,-0.72834,-0.034717,0.0023908,0.038417,0.57062,7.7099,-1.0546,-2.6939,1.4528,-10.585,-1.2119,-8.2263
2.8,-0.69913,0.016836,0.097228,-0.70953,-0.034022,-0.011088,0.044669,1.9868,7.5742,-1.8891,-2.1756,-1.0108,-11.254,-1.0165,-11.17,-0.6713,0.031254,0.093702,-0.71613,-0.027718,-0.023883,0.043889,1.1193,9.4133,-0.67447,-3.1531,-0.18567,-8.8503,-0.60458,-9.5305
2.9,-0.67043,0.028274,0.11233,-0.72371,-0.033654,-0.014248,0.044409,2.3365,7.6824,0.038013,-3.8451,-0.52209,-10.457,-0.087468,-9.8646,-0.67852,0.028878,0.12532,-0.71515,-0.044872,-0.021149,0.044201,0.79782,7.2888,-0.53311,-0.87386,-0.90805,-10.206,0.97331,-9.5276
3,-0.6727,0.023359,0.10248,-0.7176,-0.050899,-0.016707,0.047074,0.24987,7.6736,0.52636,-2.0332,0.64669,-10.099,-1.6116,-9.7964,-0.68865,0.026789,0.10949,-0.71353,-0.042902,-0.01997,0.048304,0.041816,7.5376,-1.1294,-2.2925,-2.6355,-10.335,0.74646,-10.387
3.1,-0.65698,0.013258,0.10987,-0.74537,-0.047757,-0.014112,0.048615,2.2853,7.5745,-0.081214,-1.3482,-2.359,-9.615,-0.84438,-12.954,-0.68009,0.020541,0.10091,-0.71821,-0.044314,-0.020683,0.053082,2.8746,8.3407,-1.0223,-2.1555,-0.76739,-11.127,-1.1588,-11.39
3.2,-0.68149,0.0308,0.10308,-0.73723,-0.042755,-0.015107,0.052337,-0.93136,9.9281,-0.23384,-0.63596,-1.114,-10.414,-1.9738,-11.965,-0.66345,0.031612,0.10678,-0.70753,-0.046791,-0.015317,0.04735,2.2454,11.647,-1.4602,-3.3911,-1.6417,-11.947,-0.62854,-10.93
3.3,-0.6667,0.03028,0.1127,-0.72644,-0.046582,-0.014866,0.053431,0.89461,8.36,0.22641,-3.3865,-1.2525,-10.375,-1.5181,-11.484,-0.67866,0.033053,0.096218,-0.73453,-0.036861,-0.013444,0.049018,0.26833,9.578,-0.7576,-1.3311,1.1207,-11.4,-2.6722,-11.658
3.4,-0.68489,0.036199,0.10862,-0.7233,-0.049171,-0.016221,0.047459,0.44777,10.211,-0.31383,-2.5275,-1.7729,-11.58,-0.24735,-11.5,-0.66564,0.040699,0.087909,-0.73022,-0.042463,-0.01397,0.049599,-1.1143,8.1453,0.47572,-2.4463,0.65556,-11.191,-1.6039,-12.178
3.5,-0.6771,0.027448,0.11588,-0.72409,-0.047324,-0.013918,0.058512,-0.5194,9.9864,1.5281,-1.7144,-1.5031,-12.553,-1.6196,-12.816,-0.67546,0.032242,0.10276,-0.74431,-0.056113,-0.021521,0.053691,1.4615,8.9113,-2.2112,-3.4193,-1.1398,-10.249,0.14641,-11.28
3.6,-0.66178,0.041263,0.10867,-0.71942,-0.059373,-0.014875,0.051783,1.9555,11.187,-0.22106,-2.3747,-0.46411,-12.848,-2.2304,-12.621,-0.67061,0.040939,0.081798,-0.73288,-0.064849,-0.013152,0.044349,0.96005,10.039,-1.3513,-3.0066,0.7002,-11.344,-0.75899,-13.056
3.7,-0.66977,0.049392,0.10426,-0.74882,-0.053367,-0.025703,0.044485,-0.59618,11.414,-1.3981,-4.6543,-2.8489,-11.708,-0.37064,-13.268,-0.67275,0.042332,0.099855,-0.75222,-0.054065,-0.021021,0.05068,-0.36486,9.1311,-0.73582,-4.0069,0.37607,-10.81,1.4981,-14.006
3.8,-0.66639,0.021648,0.10736,-0.73212,-0.053282,-0.0080824,0.06955,-0.13856,11.357,1.0636,-3.0146,0.35536,-11.169,-1.6657,-12.761,-0.65571,0.031728,0.10889,-0.74643,-0.059817,-0.015303,0.050948,2.7525,8.5215,-0.97085,-4.9409,-0.10434,-12.942,-2.9046,-13.684
3.9,-0.66804,0.050825,0.099315,-0.74743,-0.054282,-0.012589,0.058089,1.7319,8.2429,0.050399,-4.3807,-0.97019,-15.258,-0.39847,-14.783,-0.66881,0.039848,0.077007,-0.76201,-0.041473,-0.021766,0.056631,-0.26712,10.805,-0.17217,-1.9115,-1.9723,-13.436,0.43968,-14.554
4,-0.66608,0.060032,0.095318,-0.73024,-0.061103,-0.01535,0.061488,-1.5263,9.9354,-0.084651,-4.0554,-1.0556,-14.191,-1.1661,-13.67,-0.66804,0.058511,0.093625,-0.7433,-0.057821,-0.019976,0.057252,1.5713,9.9262,-1.9707,-4.3799,-1.874,-13.833,-4.4173,-14.902
4.1,-0.64524,0.043197,0.080949,-0.76644,-0.058962,-0.017659,0.059676,-0.036715,11.539,0.53873,-5.1576,0.35085,-12.768,-1.1586,-15.222,-0.65253,0.024707,0.096358,-0.74036,-0.063704,-0.013826,0.057174,0.59091,10.221,-0.66021,-4.9756,0.30118,-12.655,-1.8375,-15.261
4.2,-0.66236,0.041381,0.099693,-0.75899,-0.05317,-0.015525,0.051689,-0.11385,10.136,0.28614,-5.5872,-1.4157,-11.729,-1.4884,-14.619,-0.66223,0.062729,0.078455,-0.75109,-0.060034,-0.012545,0.058459,0.9227,11.595,-0.79543,-5.9296,-1.2582,-12.829,-1.5691,-14.765
4.3,-0.65392,0.047359,0.093756,-0.75414,-0.066141,-0.013999,0.061586,0.41668,10.743,-0.69648,-5.735,-0.69242,-11.312,-0.54902,-15.14,-0.65614,0.050918,0.085969,-0.7479,-0.067157,-0.0068213,0.055116,-1.2757,8.9382,-1.5458,-5.516,0.11406,-13.452,-1.1623,-17.08
4.4,-0.67083,0.053423,0.070869,-0.74368,-0.061344,-0.021671,0.059006,-0.21733,11.743,-2.6026,-5.4138,-1.0428,-12.516,-0.74378,-17.195,-0.66593,0.050412,0.10053,-0.74814,-0.061976,-0.026534,0.054351,1.4694,9.6936,-0.10358,-4.7099,0.51061,-13.553,-0.86844,-15.931
4.5,-0.65803,0.066619,0.069112,-0.75198,-0.05791,-0.01925,0.070261,0.9816,11.619,-1.287,-5.2138,0.19991,-12.268,-1.8121,-16.312,-0.63024,0.060547,0.081685,-0.76832,-0.062807,-0.018696,0.064517,0.44911,12.21,-0.62262,-5.0717,-1.7931,-12.936,0.17794,-15.588
4.6,-0.64408,0.066173,0.078629,-0.7605,-0.068287,-0.018579,0.056669,-0.47897,11.719,-0.80839,-4.5735,-0.99087,-11.387,-0.8569,-17.259,-0.64039,0.048902,0.072208,-0.76911,-0.062185,-0.015601,0.060614,1.0493,12.397,-0.9326,-6.2522,-0.079399,-12.644,0.32736,-16.612
4.7,-0.63845,0.048026,0.082856,-0.74982,-0.067561,-0.0043767,0.065712,1.7809,12.145,-1.0408,-6.9542,-0.37082,-13.788,0.49176,-18.343,-0.63688,0.03992,0.094908,-0.7472,-0.071399,-0.014493,0.071144,0.58052,12.858,-1.2824,-4.9469,1.6383,-13.063,-1.9978,-17.005
4.8,-0.63609,0.071617,0.07995,-0.78401,-0.072632,-0.013058,0.068664,-0.0074863,12.842,0.29399,-5.9119,-0.79506,-13.222,-1.4098,-17.099,-0.62776,0.05933,0.094199,-0.74441,-0.070415,-0.013781,0.06159,0.12382,12.793,-1.0702,-7.9909,-0.39312,-12.613,-1.5298,-18.415
4.9,-0.6403,0.052043,0.084216,-0.78415,-0.073523,-0.017002,0.064414,0.87221,13.631,-1.2446,-5.0595,-0.6605,-15.327,-4.2261,-17.476,-0.62641,0.07581,0.064392,-0.76385,-0.072295,-0.017978,0.077245,2.7957,12.07,-0.7266,-5.732,-0.98417,-13.961,-0.61427,-17.993
5,-0.64336,0.073359,0.070281,-0.74626,-0.077693,-0.0090421,0.066103,1.265,14.581,-1.0966,-8.6756,-0.49916,-14.833,-0.67566,-19.211,-0.63091,0.073825,0.089801,-0.75688,-0.070895,-0.018824,0.072937,0.2026,12.103,-1.729,-7.2274,0.26244,-14.883,-0.75302,-19.91
5.1,-0.63781,0.067062,0.082503,-0.76304,-0.074837,-0.0095861,0.066906,0.91225,12.287,-0.91225,-6.9672,-0.65976,-13.545,-3.2351,-18.112,-0.6242,0.081971,0.078545,-0.75708,-0.071228,-0.0056952,0.076165,1.0758,14.224,-1.0283,-6.0009,-1.869,-14.023,0.0061338,-17.203
5.2,-0.62821,0.051821,0.070211,-0.7729,-0.066329,-0.0098106,0.066472,0.95874,13.091,-1.7215,-7.9216,-0.74155,-14.518,-0.43497,-20.163,-0.63236,0.080544,0.074262,-0.75112,-0.072994,-0.0094986,0.068419,-0.21779,14.005,-0.64342,-8.0723,0.03018,-13.309,-1.9799,-19.203
5.3,-0.62002,0.090964,0.088329,-0.78249,-0.073008,-0.0085821,0.072652,1.5889,14.176,-1.9386,-6.6366,-3.6872,-13.601,-0.30284,-18.846,-0.61638,0.071304,0.066746,-0.76881,-0.076995,-0.012496,0.071135,0.0034125,14.446,-2.6474,-6.6244,-0.21885,-13.844,-0.32985,-20.399
5.4,-0.63573,0.090894,0.071102,-0.7897,-0.090804,-0.012132,0.069269,0.048161,15.159,-1.3047,-8.1779,-1.4668,-13.788,-2.7518,-21.741,-0.60882,0.06025,0.077175,-0.77141,-0.079926,-0.0073367,0.073849,-0.17451,13.318,-0.60054,-7.004,0.027764,-15.316,-2.3408,-19.955
5.5,-0.6235,0.095317,0.064519,-0.7608,-0.068431,-0.010553,0.073591,-0.17801,17.123,-0.68684,-8.5674,-0.60566,-13.323,-0.7679,-20.353,-0.59751,0.075146,0.066869,-0.78751,-0.086514,-0.013429,0.070523,1.6482,14.306,-1.6692,-7.7804,-0.4736,-13.841,-0.0092915,-20.836
5.6,-0.60935,0.084728,0.075065,-0.77735,-0.08306,-0.010962,0.065613,0.62038,14.344,-2.8654,-8.9658,0.0078329,-12.259,-1.6796,-18.813,-0.63292,0.084519,0.070105,-0.79114,-0.076761,-0.0043099,0.071808,2.5844,14.084,-1.157,-10.844,0.50964,-12.662,-1.679,-20.362
5.7,-0.61069,0.080909,0.056273,-0.7835,-0.078106,-0.0015586,0.072484,1.5906,15.177,-1.664,-9.0413,-0.085199,-13.633,-0.99539,-19.453,-0.61336,0.08214,0.068036,-0.77214,-0.089831,-0.013976,0.074142,1.2327,13.707,-1.9589,-9.5282,1.3381,-12.32,-1.4063,-20.721
5.8,-0.61853,0.092901,0.06049,-0.78027,-0.078731,-0.017068,0.069341,3.209,14.841,-0.57463,-8.9313,-0.19307,-12.626,-0.91192,-20.543,-0.61061,0.096753,0.061921,-0.78888,-0.077331,-0.0096594,0.079771,1.0928,16.502,-1.4072,-9.6479,-0.013554,-14.96,-0.48565,-22.02
5.9,-0.59224,0.084287,0.047607,-0.78392,-0.083319,-0.016203,0.08073,1.6395,13.87,0.028385,-11.22,-1.0854,-14.86,-1.7411,-22.744,-0.59538,0.10273,0.028442,-0.81174,-0.086539,-0.0072484,0.084183,1.3209,15.363,-1.8789,-12.497,1.2693,-13.424,-1.3979,-23.093
6,-0.60852,0.10035,0.066991,-0.80281,-0.088012,-0.012489,0.0812,2.7377,15.893,0.29983,-11.574,0.74553,-13.218,-0.58625,-24.178,-0.60366,0.097326,0.051563,-0.78307,-0.090021,-0.010207,0.078866,1.7749,16.018,-2.7502,-10.2,0.12051,-13.625,-0.39737,-19.446
6.1,-0.60133,0.08882,0.030559,-0.80434,-0.083025,-0.0076856,0.079527,0.71337,15.488,-1.4176,-9.6848,0.77228,-14.069,-1.4488,-22.571,-0.58738,0.093468,0.031895,-0.79043,-0.079696,-0.0032646,0.076519,1.1837,15.829,-1.9777,-12.867,1.2711,-14.03,0.19406,-23.256
6.2,-0.59836,0.11771,0.04758,-0.79037,-0.094009,-0.0091025,0.067544,1.8319,14.532,-1.1882,-12.618,-1.3347,-12.294,-2.1171,-23.75,-0.61242,0.0878,0.050051,-0.81711,-0.097877,-0.011148,0.088653,2.2036,16.746,-0.26155,-12.669,0.0086954,-13.706,-1.5281,-23.116
6.3,-0.59646,0.096714,0.048856,-0.80585,-0.090791,-0.0072629,0.083346,1.3598,15.762,-3.4496,-11.314,0.26145,-15.277,-2.6811,-23.108,-0.58713,0.094419,0.046851,-0.79366,-0.096677,-0.0068319,0.075285,-0.93229,16.343,-0.13469,-12.926,-0.91067,-13.587,-0.44858,-22.678
6.4,-0.57066,0.12151,0.041675,-0.81694,-0.096949,-0.0051724,0.077442,1.537,15.841,-1.501,-12.643,1.0757,-13.722,-0.05955,-24.54,-0.57904,0.10776,0.049411,-0.81854,-0.089352,-0.015242,0.081746,1.2189,15.607,-1.3144,-13.007,0.53684,-14.796,-1.4103,-24.071
6.5,-0.58585,0.10084,0.055278,-0.79801,-0.10321,-0.020287,0.07524,0.3465,16.592,-0.43598,-12.828,2.327,-15.331,-1.7661,-23.892,-0.5927,0.12729,0.028012,-0.81639,-0.10051,-0.01491,0.078562,1.51,15.83,-0.16243,-13.687,0.52402,-13.685,-0.21744,-25.083
6.6,-0.59472,0.10128,0.035165,-0.79717,-0.10257,-0.0012292,0.089586,-0.23915,16.017,-0.6472,-13.644,0.18935,-13.161,-2.0796,-26.423,-0.57578,0.10641,0.050759,-0.78817,-0.095176,-0.00081097,0.068853,0.12329,19.178,-2.4318,-11.284,-0.1422,-11.818,-0.21114,-25.722
6.7,-0.57838,0.11944,0.024132,-0.80639,-0.094387,-0.0071368,0.082061,1.1407,18.202,-1.2037,-12.089,0.9074,-9.969,-1.921,-25.394,-0.55576,0.1008,0.040859,-0.80543,-0.10227,-0.0098612,0.08214,0.84617,16.506,0.14876,-13.687,-0.47066,-13.02,-1.0404,-24.499
6.8,-0.57834,0.12915,0.032453,-0.82396,-0.10697,-0.011979,0.084118,0.22788,16.785,-0.60344,-13.713,-0.12481,-14.264,-1.6991,-25.795,-0.5654,0.1209,0.032579,-0.81815,-0.096497,-0.0084928,0.087616,0.048902,15.551,-1.6577,-12.364,-0.26231,-11.775,0.30982,-25.662
6.9,-0.56333,0.10226,0.037489,-0.81667,-0.096455,-0.01541,0.068201,2.7109,18.434,-1.9693,-13.066,0.11238,-12.374,-2.2985,-26.456,-0.56332,0.13102,0.054013,-0.80762,-0.097867,-0.018259,0.088777,0.96637,16.765,-1.0877,-14.594,-1.021,-12.208,-0.23411,-24.574
7,-0.57525,0.11624,0.018017,-0.81716,-0.093996,0.0023145,0.081671,2.6533,16.961,-2.2903,-13.941,-0.054072,-13.581,-1.9663,-26.311,-0.54781,0.1172,0.034354,-0.80753,-0.10052,-0.0080731,0.085673,-0.2,17.099,-1.6434,-15.677,0.8522,-12.911,-2.1996,-26.347
7.1,-0.56757,0.11411,0.029852,-0.82087,-0.10257,-0.0047922,0.075645,1.1144,16.619,0.014972,-14.454,0.81845,-15.417,0.23307,-27.071,-0.55545,0.1267,0.018464,-0.81386,-0.10845,-0.010588,0.072089,-0.33807,17.584,0.53243,-14.455,2.277,-14.537,1.5063,-25.502
7.2,-0.54373,0.12417,0.015893,-0.83974,-0.10402,-0.0077656,0.077511,0.23304,17.586,-2.003,-17.134,0.26763,-12.121,-2.2972,-27.592,-0.55789,0.12933,0.046291,-0.84372,-0.10142,-0.0028275,0.08508,-0.13654,19.062,-0.27735,-16.005,1.8576,-13.311,0.13147,-27.291
7.3,-0.53845,0.11308,0.023134,-0.83087,-0.0948,0.0012137,0.075051,0.58747,20.665,-0.43351,-16.108,0.9964,-11.754,-1.4058,-26.554,-0.52391,0.11589,0.040121,-0.82903,-0.10054,-0.011601,0.080109,-0.24491,20.104,-2.2229,-17.374,-0.71123,-12.61,-0.41335,-26.273
7.4,-0.54936,0.12179,0.034692,-0.83679,-0.1099,-0.0046756,0.083281,1.7359,19.232,-2.9352,-15.351,-0.47584,-11.191,-1.1888,-28.915,-0.53696,0.13694,0.020003,-0.82876,-0.11237,-0.0024121,0.083099,1.9431,20.265,-2.4052,-15.975,-0.48409,-10.576,-0.5452,-27.298
7.5,-0.52617,0.10835,0.040614,-0.83343,-0.10879,-0.0092789,0.074627,0.42455,19.34,-0.19836,-18.221,2.2418,-12.59,-1.3281,-27.066,-0.55117,0.13899,0.023938,-0.81701,-0.11563,-0.0002889,0.084332,0.44145,19.791,-1.6205,-16.365,2.1995,-11.235,-0.35257,-28.721
7.6,-0.53551,0.11928,0.019141,-0.82915,-0.10948,-0.0048715,0.082227,1.2679,18.995,-2.7651,-16.03,0.52499,-11.955,-1.3006,-28.028,-0.5236,0.12764,0.0046171,-0.8485,-0.11274,-0.0040814,0.087699,-1.1256,20.493,-1.4487,-16.278,0.93067,-12.691,-0.71543,-28.444
7.7,-0.53282,0.13141,0.022379,-0.84444,-0.11433,-0.001809,0.080031,1.2092,18.658,-1.9099,-16.988,-1.167,-11.833,-0.42612,-28.525,-0.51932,0.14956,-0.0046621,-0.85869,-0.11639,-0.0034905,0.093763,2.3597,20.069,-0.92142,-18.081,1.4136,-10.141,-0.48181,-29.654
7.8,-0.52928,0.13906,-0.0014695,-0.83867,-0.11837,-0.0086753,0.079502,1.0139,19.635,0.37159,-20.107,0.79465,-10.24,-1.2638,-28.95,-0.51042,0.15414,0.017691,-0.837,-0.11418,-0.0016715,0.08638,0.85622,21.117,-1.2499,-16.834,0.67181,-9.3998,-1.74,-28.158
7.9,-0.50524,0.13907,0.0040909,-0.83497,-0.12336,-0.0016141,0.079677,1.9275,19.243,-0.91158,-18.863,0.15138,-9.837,-1.8419,-27.927,-0.51846,0.13682,0.0036898,-0.84787,-0.11675,-0.010756,0.075091,0.51013,20.549,0.64385,-16.171,0.56493,-10.329,-1.5244,-29.452
8,-0.4959,0.14301,-0.013127,-0.85165,-0.12018,-0.008996,0.074175,0.81276,20.637,-1.2025,-19.883,2.6684,-9.452,-1.4725,-30.827,-0.50024,0.12866,0.0062539,-0.84434,-0.11638,-0.0021981,0.087416,1.2588,22.94,-0.60432,-20.448,0.056601,-9.8645,1.537,-30.26
8.1,-0.50193,0.141,0.004061,-0.86535,-0.11682,-0.00055148,0.076346,1.3828,19.335,-1.4782,-19.006,2.9228,-10.548,-0.5529,-29.584,-0.51455,0.14235,0.015035,-0.84117,-0.11946,-0.0048754,0.081459,0.58368,21.274,-1.6704,-18.058,0.29101,-10.873,-1.0142,-31.176
8.2,-0.48435,0.14935,-0.039764,-0.85605,-0.1109,-0.0044437,0.089737,2.8881,22.29,-2.3962,-19.419,0.94846,-7.8843,-1.5775,-32.352,-0.49743,0.14052,0.00099906,-0.84995,-0.12749,-0.01005,0.086841,1.6605,21.116,-0.43258,-20.946,0.91749,-9.6636,0.21615,-30.522
8.3,-0.48926,0.13165,-0.0034504,-0.84006,-0.11783,-0.011376,0.072525,0.56709,22.886,-1.3954,-20.781,0.1458,-11.179,-1.6434,-30.431,-0.48059,0.14366,0.011504,-0.86603,-0.12166,-0.0037666,0.079149,1.4758,21.505,-0.48277,-18.368,1.0801,-10.182,-1.3221,-30.476
8.4,-0.48846,0.12826,-0.0051999,-0.86433,-0.12301,-0.0057498,0.077245,1.6416,21.941,-1.5188,-18.322,1.6345,-7.2232,-1.8737,-29.903,-0.47878,0.1581,-0.0028169,-0.85771,-0.12414,-0.0038299,0.066483,1.1231,20.918,-1.9893,-20.279,0.42568,-8.1114,0.49218,-31.787
8.5,-0.48864,0.16286,-0.0063002,-0.86511,-0.12985,0.00029093,0.083048,0.3315,22.161,-0.047339,-20.52,1.1407,-9.7665,-0.14045,-31.409,-0.46715,0.15634,-0.016306,-0.85252,-0.12577,0.0011066,0.07766,0.075643,23.652,-0.68937,-18.979,0.63208,-6.6651,-1.3718,-31.429
8.6,-0.48352,0.15109,-0.010374,-0.87549,-0.12224,-0.0068108,0.075578,1.5137,21.104,-0.71297,-22.245,1.166,-6.5404,-1.9882,-34.69,-0.48645,0.15378,-0.0034254,-0.86835,-0.12326,0.0010637,0.067882,0.2125,21.638,-1.4188,-21.428,1.3223,-7.5383,0.44639,-31.505
8.7,-0.48199,0.16279,-0.0082069,-0.86967,-0.12265,0.0075704,0.083024,1.741,23.039,-0.36816,-21.708,1.5643,-6.863,-1.452,-31.766,-0.48629,0.14731,-0.014829,-0.88853,-0.12707,-0.0061156,0.078672,2.0052,23.152,0.45106,-20.858,0.71091,-6.3304,1.5776,-32.166
8.8,-0.46171,0.16825,-0.0097769,-0.87936,-0.12349,-0.01142,0.079062,1.9523,22.978,-1.1507,-20.926,0.16623,-6.2332,0.48385,-32.912,-0.45723,0.14472,-0.019033,-0.88419,-0.126,-0.0053225,0.074774,-0.34978,22.221,-1.0125,-20.54,1.3071,-6.7152,-1.0247,-32.355
8.9,-0.45087,0.15641,-0.00412,-0.87159,-0.12259,-0.0049363,0.082601,-0.073047,22.273,-2.0712,-21.616,1.5961,-9.4796,-0.33697,-33.009,-0.44637,0.14775,-0.030005,-0.86572,-0.13143,-0.009469,0.07607,1.8852,24.559,-0.88408,-20.592,1.5269,-4.1105,-0.65636,-31.848
9,-0.44086,0.15165,-0.015089,-0.85662,-0.13068,0.00016836,0.083038,-0.072375,22.523,-1.6096,-22.314,0.77338,-7.2852,-0.29174,-33.371,-0.44325,0.14571,-0.013297,-0.88405,-0.13322,0.0027878,0.079545,0.70053,23.285,-0.52884,-20.755,0.71099,-7.553,-0.95891,-30.727
9.1,-0.43352,0.16082,-0.0095377,-0.88285,-0.13041,0.0007497,0.077143,0.058759,23.809,-3.0287,-23.036,1.4944,-8.5104,0.75498,-34.463,-0.43466,0.15885,-0.0082679,-0.89143,-0.13423,-0.0017165,0.073774,-0.72224,25.836,-1.8622,-22.961,1.0839,-5.2017,-0.85914,-32.192
9.2,-0.42693,0.16625,-0.030702,-0.88967,-0.12821,-0.0025238,0.078152,-0.22708,24.114,0.019174,-23.55,1.4241,-6.7579,0.043816,-30.993,-0.42899,0.16947,-0.035894,-0.87421,-0.12784,-0.0033673,0.076168,0.61301,24.957,-0.99183,-23.331,1.573,-5.6991,0.98461,-32.358
9.3,-0.43426,0.15973,-0.03153,-0.89323,-0.13765,0.0023425,0.072169,0.89471,22.509,-1.1244,-23.35,-0.57558,-5.7159,-0.83341,-31.689,-0.42211,0.17092,-0.02481,-0.88311,-0.14507,0.0026722,0.070156,0.81954,26.588,-2.878,-23.703,1.5187,-7.4935,-0.2441,-31.395
9.4,-0.41287,0.17306,-0.015422,-0.88786,-0.13409,0.0012469,0.079701,3.6484,25.513,-2.0852,-23.88,0.67439,-5.697,0.37849,-34.258,-0.41916,0.16869,-0.015979,-0.89531,-0.12726,-0.0024432,0.073295,0.49477,25.409,0.44518,-22.998,-0.026508,-6.6726,-1.5187,-31.948
9.5,-0.41543,0.15426,-0.025892,-0.90268,-0.13766,0.0013038,0.068005,0.83323,22.668,-3.2033,-23.959,1.0458,-4.8235,-0.58795,-33.395,-0.41933,0.17665,-0.034504,-0.89146,-0.13583,0.0042536,0.067719,0.80836,26.736,-0.24961,-23.27,0.98418,-5.6176,-0.81983,-33.817
9.6,-0.42125,0.16568,-0.03147,-0.90943,-0.13574,-0.0019581,0.073155,1.4295,23.913,-0.13308,-24.391,1.224,-5.8248,0.43503,-34.498,-0.41754,0.17154,-0.029254,-0.89387,-0.13802,-0.0067611,0.068123,0.87963,26.196,-2.4537,-23.858,-0.081246,-3.6236,1.3212,-33.324
9.7,-0.39588,0.16943,-0.028105,-0.8988,-0.14183,0.0066468,0.073892,0.38508,23.865,-1.1552,-25.529,0.26739,-3.7197,-0.63704,-33.253,-0.37751,0.17045,-0.028947,-0.90605,-0.14342,0.0025556,0.061055,0.80027,25.853,0.47794,-26.1,0.93857,-3.5481,0.84149,-31.562
9.8,-0.40132,0.16917,-0.038982,-0.90137,-0.13047,0.0033631,0.067493,0.45628,24.399,-0.38664,-25.545,0.96117,-5.0672,0.49528,-35.116,-0.39707,0.18195,-0.040326,-0.89647,-0.14248,0.012656,0.076333,2.0462,27.716,-0.11865,-23.471,0.43745,-5.0804,-0.28877,-31.622
9.9,-0.37252,0.17962,-0.036023,-0.90949,-0.14051,0.0016933,0.068786,0.69698,24.392,-2.3382,-26.895,-0.062952,-4.6761,0.27977,-34.312,-0.39217,0.17101,-0.02081,-0.92297,-0.14934,0.0020062,0.066694,1.5715,26.311,-0.66529,-23.548,-0.44271,-3.287,0.60016,-32.342
10,-0.39192,0.18683,-0.034206,-0.91778,-0.14729,0.0092071,0.065515,1.6727,23.974,-0.80002,-24.616,1.2076,-4.3459,-0.34184,-32.74,-0.36801,0.18333,-0.03582,-0.90485,-0.14623,0.0039335,0.073987,0.61266,28.024,-0.87401,-24.338,2.5399,-1.0259,-0.023854,-30.854
10.1,-0.37642,0.1737,-0.031168,-0.90304,-0.14483,0.011079,0.068249,1.5577,26.488,-0.95831,-28.06,1.0226,-2.7824,1.0617,-32.072,-0.39311,0.17847,-0.039354,-0.92518,-0.14175,-0.0011069,0.062723,-0.18098,27.461,0.38024,-25.243,0.45578,-4.6724,-0.20374,-30.035
10.2,-0.37097,0.17771,-0.037062,-0.90942,-0.1311,0.0018342,0.073472,-0.18181,25.684,-2.2835,-26.637,-1.0965,-1.5234,0.070358,-32.432,-0.35381,0.17455,-0.026994,-0.91955,-0.15031,0.015711,0.067524,-0.54714,28.249,0.7426,-25.347,1.0136,-1.9677,1.9818,-29.775
10.3,-0.35417,0.17533,-0.051449,-0.92688,-0.14252,0.012067,0.066656,-0.27235,25.21,-2.0963,-25.609,0.41596,-2.3294,0.31201,-30.89,-0.35948,0.18055,-0.031675,-0.92188,-0.14681,0.0075744,0.06363,2.7223,26.963,0.94975,-24.642,1.3523,-3.4517,1.2943,-32.148
10.4,-0.35062,0.18252,-0.031465,-0.90716,-0.13407,-0.0006229,0.061407,1.0596,26.832,-1.5036,-27.453,1.9858,-2.3693,0.74088,-31.066,-0.34657,0.19426,-0.038676,-0.91309,-0.13865,0.010153,0.064432,-0.12353,29.626,-0.95641,-24.858,2.0226,-1.3234,1.3959,-30.485
10.5,-0.33871,0.18896,-0.045342,-0.91267,-0.14201,0.011091,0.064101,1.6279,24.818,0.28306,-28.044,2.0937,-2.4757,0.97986,-30.613,-0.36501,0.19028,-0.030697,-0.91434,-0.14556,0.012013,0.059503,2.2237,30.334,-0.7611,-26.264,0.62901,-2.5201,-0.34485,-29.979
10.6,-0.33819,0.18188,-0.05289,-0.90576,-0.15203,0.015999,0.058475,1.3306,26.213,-1.4406,-29.919,0.38615,-0.39667,0.98395,-32.204,-0.33636,0.17945,-0.039186,-0.9362,-0.1426,0.018771,0.04961,1.4262,31.105,-0.2599,-26.718,0.93967,0.028602,0.67776,-28.67
10.7,-0.32698,0.18803,-0.041514,-0.92495,-0.14019,0.012047,0.049883,0.94489,28.429,-1.2916,-28.603,-0.70503,0.18744,1.997,-32.969,-0.32217,0.18706,-0.054967,-0.94138,-0.14001,0.015202,0.053908,-0.31935,28.563,0.39666,-28.799,1.53,-2.9768,1.0739,-29.471
10.8,-0.34985,0.17135,-0.048267,-0.92922,-0.14025,0.017039,0.060402,0.60842,29.435,-0.074772,-31.741,-0.63846,-0.23415,-0.039075,-29.699,-0.30905,0.19878,-0.047378,-0.93225,-0.14403,0.015581,0.051215,0.93406,28.882,-1.5802,-26.747,-1.8602,-0.42903,0.63143,-28.722
10.9,-0.33942,0.17565,-0.051204,-0.93862,-0.14194,0.018667,0.061848,0.55158,29.773,-1.6029,-32.191,1.2002,-0.41041,0.39006,-29.653,-0.32154,0.19843,-0.045397,-0.91645,-0.14774,0.01651,0.053283,0.50293,30.335,-1.129,-27.275,0.72644,-0.22123,0.55953,-27.424
11,-0.32675,0.15553,-0.051191,-0.93011,-0.13701,0.019532,0.058563,-0.13736,25.239,-0.87951,-29.1,0.68702,-0.0015819,1.5937,-29.85,-0.30836,0.18469,-0.051542,-0.92226,-0.14753,0.016354,0.057489,0.66791,30.503,-0.16829,-28.616,0.79935,0.525,2.0721,-29.86
11.1,-0.28567,0.18383,-0.04442,-0.91744,-0.14296,0.018819,0.059311,-0.49176,26.805,-2.5465,-29.337,0.5714,0.094912,0.11398,-32.315,-0.29891,0.19603,-0.042415,-0.94741,-0.15949,0.017871,0.042121,2.116,32.71,-2.2775,-29.771,1.803,-1.5742,2.6441,-25.695
11.2,-0.29797,0.16016,-0.0659,-0.92299,-0.13232,0.021913,0.047882,1.8641,27.227,-1.725,-32.271,1.2247,0.32794,0.83312,-30.849,-0.29364,0.17855,-0.061728,-0.93788,-0.14779,0.013903,0.052147,2.3369,31.097,-0.62612,-29.735,-0.022241,0.74292,0.026117,-25.952
11.3,-0.29719,0.18156,-0.065555,-0.92502,-0.13756,0.01859,0.054253,1.7803,27.933,-0.29579,-31.228,0.76071,0.966,1.0979,-29.553,-0.28965,0.16844,-0.058892,-0.93325,-0.14653,0.016865,0.052374,0.46805,32.671,-3.3439,-29.655,0.20594,-0.96417,2.3522,-27.083
11.4,-0.28551,0.18674,-0.069325,-0.95498,-0.13845,0.024597,0.051899,0.20287,29.632,1.5092,-32.343,1.2019,0.39782,2.2885,-28.726,-0.25345,0.18801,-0.04079,-0.94498,-0.1448,0.014597,0.039432,0.46694,33.127,-1.6884,-30.895,-0.61399,-0.12746,-0.7365,-24.256
11.5,-0.27531,0.17264,-0.067446,-0.92458,-0.14541,0.023817,0.059573,0.11427,29.814,-0.96811,-31.569,-0.014621,1.059,1.4464,-27.189,-0.27081,0.18153,-0.043905,-0.94917,-0.14688,0.020397,0.043484,2.0466,31.256,-0.84286,-33.395,1.0218,0.42699,0.55625,-25.475
11.6,-0.28109,0.20237,-0.062803,-0.92856,-0.13186,0.0285,0.046607,0.56467,27.534,-1.2602,-32.696,1.7955,0.14526,-0.41782,-28.33,-0.26576,0.19344,-0.055979,-0.94784,-0.14819,0.026083,0.039099,0.1357,33.724,0.055319,-29.375,1.8815,2.1549,1.0017,-24.044
11.7,-0.26042,0.18991,-0.060757,-0.95158,-0.13561,0.031663,0.044595,0.91604,29.487,-2.5207,-32.591,0.0083163,2.3798,1.8612,-26.626,-0.26094,0.19934,-0.059803,-0.94266,-0.14978,0.02479,0.043273,0.13069,31.676,-0.74947,-31.149,-0.08188,2.9831,-0.29618,-23.735
11.8,-0.26392,0.19459,-0.072225,-0.94306,-0.14993,0.032139,0.038565,-0.47991,27.696,-2.0011,-32.954,1.3508,2.8244,-0.023715,-28.099,-0.25332,0.18725,-0.05444,-0.95565,-0.14691,0.027954,0.03494,-0.83625,31.176,0.28161,-32.666,0.20905,3.1421,0.7343,-23.498
11.9,-0.2454,0.18545,-0.06388,-0.94741,-0.1512,0.030561,0.038911,-0.67043,28.407,-0.82515,-33.955,2.4906,0.92534,2.1071,-27.793,-0.24251,0.20179,-0.053975,-0.93353,-0.15054,0.032505,0.038007,1.6556,31.678,-1.5598,-31.259,0.28176,1.7767,1.713,-22.592
12,-0.25327,0.18775,-0.066016,-0.94509,-0.1342,0.032196,0.039706,0.54788,30.662,-0.52388,-35.502,0.19233,2.9394,1.1378,-29.065,-0.22056,0.17581,-0.061757,-0.93543,-0.14611,0.023809,0.036078,2.5845,32.874,-1.4869,-30.852,0.35988,2.6144,1.5824,-24.016
12.1,-0.24104,0.17038,-0.06553,-0.94674,-0.14311,0.045074,0.048818,2.3214,32.839,0.25912,-34.016,2.6068,1.8858,1.874,-27.37,-0.23488,0.19559,-0.066115,-0.96197,-0.14704,0.027888,0.036008,1.5008,33.297,-1.6286,-31.993,0.85053,3.9868,-0.96708,-23.228
12.2,-0.21617,0.18223,-0.076895,-0.95297,-0.14997,0.035093,0.037355,-0.16709,31.68,-2.0018,-35.57,1.4294,3.6574,1.2626,-25.724,-0.21581,0.18187,-0.050636,-0.952,-0.15405,0.038556,0.035569,1.2939,33.424,-2.0052,-32.712,0.46301,3.4083,2.625,-21.485
12.3,-0.22895,0.17373,-0.06388,-0.95066,-0.14736,0.033809,0.048911,0.90972,30.116,-0.64178,-34.606,2.2282,3.8461,3.2009,-23.849,-0.22176,0.18246,-0.079249,-0.96081,-0.14799,0.032798,0.030304,0.97096,35.946,-2.771,-33.295,1.619,4.6467,1.5203,-21.487
12.4,-0.21576,0.17662,-0.086543,-0.94936,-0.1429,0.050293,0.03531,0.51393,30.212,-0.41507,-35.324,-0.43077,2.8032,0.1654,-27.671,-0.20565,0.16874,-0.059065,-0.96783,-0.14378,0.039012,0.035146,1.944,36.166,-1.4961,-32.727,-0.71053,4.4037,0.73898,-22.599
12.5,-0.20568,0.17336,-0.084111,-0.95068,-0.13571,0.040576,0.037705,0.7561,29.624,0.52042,-35.956,1.1457,4.8757,0.67505,-24.925,-0.19159,0.18105,-0.073288,-0.96942,-0.15417,0.030995,0.032865,2.7531,35.329,-1.0585,-34.699,0.86206,4.0229,2.643,-19.636
12.6,-0.18413,0.18665,-0.075318,-0.96369,-0.14369,0.040498,0.038646,1.1682,30.318,-1.3362,-36.641,0.73761,4.4618,0.60263,-25.348,-0.18411,0.17136,-0.05249,-0.96579,-0.15382,0.037242,0.032399,-0.40822,36.855,0.70514,-32.156,0.093891,3.0966,1.6397,-20.86
12.7,-0.19685,0.17981,-0.091933,-0.96771,-0.14018,0.034685,0.035142,0.17746,30.676,-0.16253,-38.224,0.98734,3.9118,1.6648,-24.552,-0.19272,0.20231,-0.058828,-0.98081,-0.1541,0.051043,0.014774,0.76803,35.871,-0.30731,-34.684,1.2858,6.4731,0.94798,-20.419
12.8,-0.20016,0.16983,-0.072721,-0.9576,-0.14403,0.047717,0.026159,1.6513,31.856,-1.3737,-37.01,-0.6941,4.2051,0.48184,-24.824,-0.15939,0.17557,-0.063318,-0.97201,-0.16062,0.036436,0.018716,-0.055882,36.236,-2.6367,-36.81,2.8842,4.4798,2.7254,-18.931
12.9,-0.1772,0.18919,-0.063861,-0.96268,-0.13578,0.04239,0.044943,0.35497,32.611,-0.33531,-38.653,2.2495,5.4909,0.064635,-24.981,-0.17576,0.162,-0.047271,-0.97458,-0.14692,0.046554,0.023016,1.7684,35.064,0.30527,-34.292,1.9996,4.8087,1.1408,-20.681
13,-0.17877,0.1695,-0.081203,-0.97156,-0.1555,0.04634,0.024006,0.0088232,32.695,-2.7019,-38.763,-0.32897,5.1873,1.3175,-24.879,-0.1638,0.17004,-0.072746,-0.96467,-0.15281,0.054488,0.018498,1.2343,38.368,-0.047767,-36.961,-0.68469,3.068,-0.00080084,-19.544
13.1,-0.15209,0.15658,-0.066908,-0.97467,-0.15012,0.04318,0.029992,-0.69024,33.105,-1.0318,-38.105,0.82138,5.8905,2.576,-23.41,-0.14349,0.15433,-0.056796,-0.95495,-0.15178,0.046196,0.024723,1.0032,37.603,-1.6349,-35.574,1.3141,5.3808,0.77783,-19.218
13.2,-0.15098,0.16635,-0.084395,-0.97119,-0.13943,0.046537,0.031505,0.51753,32.749,-1.0689,-38.139,-0.51399,4.7088,-0.59846,-23.877,-0.14428,0.16893,-0.06332,-0.9954,-0.15365,0.045637,0.021604,0.35596,38.121,-0.26975,-35.809,1.3428,6.6064,-0.029888,-18.535
13.3,-0.13804,0.18883,-0.078243,-0.94957,-0.14204,0.042006,0.034624,-0.26419,31.317,-1.2568,-39.066,1.9009,6.8474,1.7925,-22.402,-0.14159,0.16543,-0.066896,-0.97714,-0.14389,0.05117,0.014841,0.58146,36.876,-0.2161,-36.734,1.6355,8.4265,-0.14589,-17.88
13.4,-0.10496,0.18356,-0.10275,-0.96154,-0.15075,0.044862,0.027587,-0.49305,32.9,-1.1197,-40.431,1.0557,6.953,1.4802,-22.586,-0.13137,0.16932,-0.061955,-0.97129,-0.15112,0.059266,0.016599,1.2185,37.45,-1.383,-34.955,1.4765,7.23,2.0338,-16.071
13.5,-0.13898,0.16202,-0.07985,-0.97514,-0.14893,0.059061,0.028649,-2.3474,33.278,-0.9879,-41.113,1.0047,6.3425,1.4153,-22.251,-0.14254,0.15512,-0.053401,-0.97985,-0.13978,0.055334,0.012758,-2.5288,37.284,0.26111,-36.198,-1.2654,5.5482,0.05576,-16.874
13.6,-0.12564,0.16154,-0.090155,-0.97024,-0.13745,0.059091,0.02277,-1.504,32.733,-2.6021,-39.113,-0.80998,6.6074,-0.69435,-21.783,-0.091508,0.17252,-0.054162,-0.9701,-0.14809,0.059744,0.0063251,-2.9319,36.113,-0.84974,-36.751,1.0673,6.042,1.2547,-15.706
13.7,-0.11881,0.17571,-0.095269,-0.97597,-0.14015,0.058542,0.019076,-1.7827,31.662,-0.89795,-40.382,2.3063,7.5042,1.4883,-22.098,-0.092641,0.14712,-0.049376,-0.99833,-0.14026,0.056748,0.017179,0.17646,36.182,-0.61005,-36.149,1.4228,7.2814,1.0255,-16.138
13.8,-0.095904,0.16538,-0.087995,-0.98775,-0.14372,0.057358,0.025878,0.75971,31.1,0.42722,-43.095,-0.88686,6.8206,0.3035,-21.768,-0.090193,0.14661,-0.06804,-0.98838,-0.14035,0.056083,0.0093397,-1.7489,33.321,-2.6683,-37.277,1.0922,7.6543,-0.60533,-15.579
13.9,-0.080494,0.17793,-0.081333,-0.99357,-0.13701,0.061997,0.020283,-2.234,32.73,-2.7486,-40.124,1.8673,6.8841,0.09262,-18.748,-0.077119,0.14309,-0.060172,-0.99418,-0.13883,0.05501,0.011899,-1.5032,34.186,-1.6887,-37.611,1.9133,5.9766,-1.7377,-16.829
14,-0.095967,0.16111,-0.086924,-0.97722,-0.14125,0.070302,0.023378,-3.0757,30.278,-0.83687,-42.58,0.90177,8.7231,1.5899,-20.849,-0.089322,0.16402,-0.067164,-0.97835,-0.13783,0.061702,0.0049508,-0.54454,33.998,-2.2235,-38.599,-0.10536,7.9942,0.70271,-15.42
14.1,-0.093168,0.14797,-0.076996,-0.97664,-0.12487,0.067439,0.017791,-0.69147,29.212,-1.4953,-41.322,-1.6173,7.7703,-0.35757,-21.528,-0.073457,0.16868,-0.049036,-0.98182,-0.13608,0.058151,0.0068568,0.22958,32.813,-0.35903,-38.363,1.1928,9.1852,1.1037,-15.897
14.2,-0.062868,0.15137,-0.077408,-0.98359,-0.1373,0.05999,0.0203,-0.48829,29.222,-0.33845,-42.454,0.18463,9.7951,-0.43738,-20.307,-0.072747,0.13553,-0.055907,-0.984,-0.13114,0.06132,0.0056297,-1.5424,32.69,-1.0555,-40.181,1.2786,9.5573,0.45832,-13.177
14.3,-0.063106,0.13981,-0.08163,-0.98308,-0.13559,0.069838,0.010953,-0.52192,29.766,-2.2279,-43.283,1.5608,8.7834,1.1539,-18.876,-0.057568,0.16147,-0.054781,-0.95953,-0.14152,0.069692,0.0059586,-2.0612,33.502,-0.0014565,-38.414,1.8825,7.8722,1.6987,-15.048
14.4,-0.05312,0.15628,-0.074775,-0.97137,-0.12554,0.071765,0.015241,-1.0004,26.571,-1.0905,-44.873,0.90319,9.9197,-0.077898,-18.457,-0.05277,0.14825,-0.070394,-0.97254,-0.13583,0.061732,-0.0020746,-1.1848,33.959,0.39556,-42.059,1.2263,9.8389,1.4204,-13.197
14.5,-0.078948,0.1538,-0.080285,-0.9889,-0.12355,0.070349,0.010165,0.3858,30.069,-1.3144,-45.122,-0.75394,9.5263,0.28022,-18.927,-0.043329,0.13911,-0.064105,-0.96994,-0.12263,0.055892,0.0049534,0.16718,30.823,-0.71365,-38.174,1.4611,7.1324,2.3815,-12.429
14.6,-0.055247,0.14803,-0.066553,-0.9861,-0.1201,0.068829,0.0059906,-1.3482,28.321,-0.12276,-45.329,-0.60344,10.102,1.4665,-19.482,-0.026626,0.13363,-0.059868,-0.97732,-0.13118,0.064662,0.0051151,0.53809,31.273,-0.81249,-40.478,1.4956,9.0559,2.0089,-14.499
14.7,-0.05392,0.13765,-0.081232,-0.99709,-0.11803,0.066945,0.0088752,-1.8139,28.302,-2.702,-45.037,1.6877,8.9894,-0.51376,-19.745,-0.043762,0.14015,-0.079549,-0.97838,-0.12206,0.069519,-0.0045818,0.087107,30.92,-0.20468,-41.568,0.18162,8.8412,1.8116,-12.412
14.8,-0.059273,0.15232,-0.079922,-0.98396,-0.12334,0.076442,0.0066483,-0.27273,26.739,-1.5858,-43.725,-0.13106,9.7806,-0.18866,-18,-0.035466,0.13887,-0.058751,-0.97223,-0.12353,0.072913,-0.0022809,-1.7571,32.145,-2.0997,-43.156,-0.038928,11.556,0.5367,-12.545
14.9,-0.005582,0.12384,-0.080221,-0.98214,-0.12338,0.072407,0.01821,-0.22603,26.233,-0.80912,-47.023,1.6927,9.5881,0.010295,-16.987,-0.0035591,0.13157,-0.05981,-0.98854,-0.11504,0.082798,-0.0021383,0.22879,31.425,-1.3265,-40.393,0.69779,9.6112,1.8832,-12.242
15,-0.032171,0.14052,-0.083414,-1.0112,-0.1121,0.078712,0.0047515,-0.0080292,26.03,-0.77039,-45.274,1.9337,10.925,1.2054,-17.958,-0.023809,0.1203,-0.061488,-0.98638,-0.11658,0.077241,-0.0090276,-1.6294,29.905,-1.1646,-41.114,0.48854,11.074,2.4811,-11.447
15.1,-0.036777,0.13135,-0.085845,-0.99469,-0.10605,0.079057,0.0035479,-1.1195,24.76,-0.12939,-47.136,0.29707,9.0363,0.80217,-18.608,-0.0025509,0.12401,-0.057638,-0.99259,-0.11131,0.073105,-0.0052139,-0.39389,29.13,-2.6655,-42.842,-0.20362,11.227,1.0359,-9.8946
15.2,-0.022318,0.12342,-0.068282,-0.99569,-0.10692,0.082596,0.0078694,-0.64057,23.925,-0.67742,-47.342,-0.32164,12.699,0.3321,-16.194,-0.00057077,0.13336,-0.063976,-0.9961,-0.1168,0.077801,-0.0040764,-1.6642,29.118,-1.3934,-41.176,0.030111,9.2358,0.43344,-9.3593
15.3,-0.018384,0.1275,-0.062817,-0.98719,-0.11729,0.085508,0.0028383,-0.3595,24.492,-1.6759,-47.636,0.098137,12.01,1.892,-15.768,0.0023317,0.090722,-0.060587,-0.98994,-0.10947,0.080014,-0.008886,-1.6483,27.772,-0.27715,-44.744,0.88695,11.635,-0.60591,-10.176
15.4,-0.019666,0.13201,-0.097151,-0.98248,-0.10602,0.080699,0.0034947,-0.97109,25.466,-0.64686,-47.536,1.5486,10.432,1.1981,-18.013,-0.00068227,0.11204,-0.030223,-1.0005,-0.10553,0.081932,-0.0062546,0.47642,28.617,-1.1969,-44.908,-0.72669,11.212,2.4357,-10.407
15.5,-0.00040719,0.1135,-0.066259,-1.0089,-0.10122,0.08157,-0.0027029,-1.7193,23.526,-0.81943,-48.107,0.56753,11.532,0.24052,-15.429,0.0069507,0.10198,-0.047967,-0.99777,-0.10548,0.082309,-0.00067479,0.82132,27.803,-0.28085,-41.99,1.4354,10.051,0.84431,-8.963
15.6,-0.01556,0.11264,-0.090963,-1.0125,-0.09974,0.083125,-0.0019957,-1.1516,22.439,-2.6236,-48.612,-0.018091,10.55,1.0443,-16.585,0.0037062,0.10102,-0.041508,-1.0056,-0.10478,0.075806,-0.013421,-3.4598,25.956,-0.95617,-43.759,1.0716,10.604,0.30012,-8.8969
15.7,-0.010851,0.11109,-0.089725,-0.99467,-0.097652,0.081381,-0.0040111,-0.79641,23.172,-2.714,-49.156,0.081867,12.638,1.648,-14.794,0.017839,0.10951,-0.035772,-0.99281,-0.090408,0.074154,-0.0032434,-0.96326,27.907,0.43554,-43.91,2.1619,13.305,2.4651,-8.6117
15.8,0.030878,0.095182,-0.090987,-0.9807,-0.09881,0.080723,-0.0048307,-0.97556,23.061,0.038714,-49.234,0.86287,12.216,1.0355,-14.945,0.01342,0.081282,-0.048477,-1.0011,-0.095526,0.083851,-0.022864,-0.27263,26.441,-1.3466,-45.493,0.87319,11.748,2.182,-6.3541
15.9,0.0026744,0.075747,-0.080394,-0.98583,-0.10249,0.085672,-0.0073128,-0.58529,22.535,-3.3997,-48.335,-0.6258,13.462,0.59032,-14.726,0.03008,0.095411,-0.045036,-0.99376,-0.090207,0.089566,-0.010099,-0.63336,27.832,-0.56263,-43.876,0.98781,12.714,0.2092,-7.4129
16,0.023237,0.10235,-0.075848,-0.99712,-0.098946,0.095721,-0.00061592,-1.3343,21.016,-0.81671,-50.863,-0.13173,15.105,0.64298,-13.537,0.048116,0.10122,-0.044282,-1.0033,-0.089665,0.084011,-0.025062,-1.7051,25.658,0.66453,-44.997,1.8119,13.184,1.2102,-4.3695
16.1,0.041868,0.080127,-0.087533,-0.99234,-0.087104,0.090731,-0.0068351,-2.1418,21.072,-0.020086,-47.361,-0.57068,13.381,1.7794,-12.936,0.042843,0.082991,-0.032676,-1.0006,-0.090307,0.08212,-0.022085,-2.3665,26.747,0.82559,-43.659,1.2798,14.557,0.40647,-7.2398
16.2,0.053658,0.10834,-0.069583,-0.98879,-0.093663,0.089342,-0.0061979,-1.5451,19.564,0.33076,-51.985,1.8645,14.07,0.39659,-12.072,0.04723,0.0748,-0.036302,-0.98518,-0.094533,0.089515,-0.028063,0.1835,25.021,-0.80791,-45.473,-0.97967,13.388,-0.016334,-7.6828
16.3,0.023481,0.088077,-0.066089,-0.97813,-0.092539,0.087425,-0.0053124,-0.49663,20.816,0.76691,-50.223,-0.1095,13.569,0.83944,-13.483,0.042197,0.079397,-0.027234,-0.99276,-0.093206,0.094966,-0.020436,-0.17153,23.685,1.44,-43.161,-0.4994,11.921,2.9983,-6.7404
16.4,0.051271,0.069883,-0.065187,-1.0146,-0.085527,0.0874,-0.0066581,-1.1914,19.56,0.023564,-50.848,0.67327,14.605,1.6999,-13.77,0.0719,0.071915,-0.052573,-0.99966,-0.080444,0.092183,-0.019897,1.6952,24.449,1.1618,-43.627,2.172,13.489,-1.3098,-3.6159
16.5,0.061342,0.072908,-0.077843,-0.9677,-0.07726,0.095046,-0.018126,0.44374,20.741,0.32087,-52.871,-1.1193,13.519,2.0646,-11.865,0.061274,0.055699,-0.046457,-1.0056,-0.089675,0.086407,-0.032523,-2.6507,23.385,-0.9505,-42.099,1.5174,14.543,0.71043,-6.1068
16.6,0.034312,0.073881,-0.078136,-0.98833,-0.073027,0.089976,-0.010472,-0.65592,18.98,0.021112,-49.83,0.1451,15.078,2.4428,-12.504,0.071205,0.067177,-0.035636,-1.007,-0.080929,0.087873,-0.026663,-1.6415,22.126,0.70946,-44.474,0.42797,13.67,0.2446,-3.0578
16.7,0.064681,0.078455,-0.071553,-0.98677,-0.075352,0.096627,-0.0069593,-2.3555,19.896,1.6024,-50.813,1.5362,14.33,1.029,-13.011,0.08393,0.066041,-0.03347,-0.99266,-0.076178,0.083002,-0.025494,-0.10963,21.829,1.881,-43.566,0.44126,11.719,1.7015,-3.6862
16.8,0.056934,0.052145,-0.068702,-0.98454,-0.072439,0.091518,-0.015538,-1.1395,18.482,-0.47477,-50.398,0.95768,14.453,0.55187,-10.92,0.073746,0.057685,-0.023388,-0.99686,-0.08608,0.083132,-0.03154,-1.0256,21.603,1.383,-43.322,-0.97413,13.106,1.9346,-4.0491
16.9,0.045711,0.053679,-0.072646,-0.98256,-0.070429,0.093514,-0.02606,-0.28177,18.085,1.0888,-48.257,0.22919,16.408,1.0457,-9.512,0.07155,0.039878,-0.031372,-1.0035,-0.073315,0.090846,-0.025839,-1.5581,19.917,2.0265,-44.618,-1.5828,12.996,1.4244,-2.0724
17,0.077823,0.048494,-0.071757,-0.99473,-0.077832,0.088933,-0.012521,-1.9846,17.455,-0.7345,-47.182,0.21219,13.485,2.4832,-9.8957,0.085311,0.047294,-0.026348,-1.009,-0.066994,0.085081,-0.033542,-1.6267,22.688,1.1813,-42.543,0.1378,15.062,2.7407,-3.2853
17.1,0.068793,0.062802,-0.07176,-0.99047,-0.065586,0.097094,-0.029605,0.65354,14.351,-1.0353,-48.72,2.0869,13.691,0.46736,-10.526,0.081534,0.034669,-0.02154,-0.98159,-0.07177,0.083205,-0.03529,-1.2127,21.68,2.3649,-42.622,2.7726,14.856,0.83626,-2.8837
17.2,0.073024,0.059044,-0.058814,-0.98665,-0.066017,0.080405,-0.011038,-1.448,16.171,1.6382,-48.351,1.1547,14.954,0.88885,-12.135,0.08519,0.02932,-0.020549,-0.98721,-0.073237,0.089083,-0.027991,-0.48906,21.59,0.81303,-43.414,0.73086,14.671,-0.32769,-1.2872
17.3,0.074336,0.039983,-0.074253,-1.002,-0.070125,0.092909,-0.017448,-1.6301,16.063,0.93569,-46.012,2.8162,15.241,1.7781,-8.8504,0.096795,0.028849,-0.035612,-0.99011,-0.061262,0.088735,-0.02865,0.25259,18.274,1.3252,-41.285,-2.3366,14.858,0.83756,1.3486
17.4,0.077151,0.027077,-0.053663,-0.99747,-0.072464,0.093685,-0.014184,-0.88698,14.322,0.73479,-49.479,1.6956,16.538,1.2323,-9.2801,0.08455,0.016554,-0.016807,-0.99515,-0.066558,0.0906,-0.030316,-3.1984,20.587,-0.31824,-40.967,-0.61142,13.803,0.50943,0.52559
17.5,0.092141,0.033608,-0.06353,-0.98097,-0.069274,0.084089,-0.015733,-1.2251,15.383,2.3716,-46.803,1.9509,15.318,-0.33273,-9.6463,0.095169,0.02958,-0.032699,-0.97312,-0.058815,0.091373,-0.033216,-0.13015,19.808,1.4463,-39.285,-1.2853,13.263,1.0249,-0.62928
17.6,0.086259,0.026471,-0.049368,-1.0008,-0.05903,0.089446,-0.024055,-2.286,14.374,-0.70688,-47.591,1.6428,16.199,1.9219,-11.187,0.10493,0.039184,-0.022976,-0.99257,-0.064038,0.090686,-0.029705,1.043,19.476,0.85847,-40.238,0.66712,11.698,0.061498,-0.82529
17.7,0.094219,0.020684,-0.061328,-0.99136,-0.047471,0.093872,-0.021939,-1.1247,14.608,1.4345,-48.84,0.72388,15.32,1.3026,-6.7978,0.1103,-0.0019985,-0.033151,-0.99177,-0.060493,0.081197,-0.030337,-0.36963,17.999,1.7818,-39.616,-1.3724,12.863,-0.70087,0.12563
17.8,0.10052,0.010037,-0.059436,-0.97875,-0.046057,0.098386,-0.027655,-0.93623,11.318,0.92732,-45.587,1.0082,17.94,1.39,-8.9763,0.12829,0.030154,-0.022385,-0.99497,-0.058804,0.073579,-0.04193,-2.4219,17.353,1.3053,-39.116,-0.40217,12.62,0.42517,-0.30947
17.9,0.11159,0.0094511,-0.066564,-0.99255,-0.050027,0.090578,-0.029922,-1.8842,14.017,-0.94893,-46.097,0.93172,17.302,1.0225,-9.2163,0.10225,0.02695,0.0066667,-0.99421,-0.055163,0.083745,-0.036676,-1.5989,17.765,0.11593,-39.342,0.56195,14.186,1.1746,1.202
18,0.10056,0.012187,-0.049295,-1.0041,-0.052811,0.086804,-0.027682,-2.3911,13.087,-0.56421,-45.678,0.48048,17.316,0.21795,-8.0213,0.11695,-0.0018222,-0.010544,-0.99222,-0.051145,0.087866,-0.030714,-1.6242,16.44,1.2287,-39.216,1.2393,13.066,2.6608,0.93906
18.1,0.10458,0.020477,-0.044473,-0.99418,-0.048685,0.088127,-0.022518,-0.28821,11.458,-0.073577,-44.234,0.79955,16.073,1.1436,-6.9845,0.12428,0.014854,-0.031595,-1.0017,-0.051343,0.079371,-0.027519,0.84976,18.139,1.1485,-36.43,-0.79974,12.921,0.64311,-0.74357
18.2,0.10767,-0.0011297,-0.046451,-0.97887,-0.03673,0.093929,-0.030546,-2.0135,11.309,-0.35061,-44.343,1.03,18.443,-1.4945,-8.3001,0.10538,0.007656,0.0036772,-0.99447,-0.050002,0.072331,-0.021394,-1.4077,16.328,1.8395,-37.729,-1.2927,12.815,2.121,1.6461
18.3,0.13003,0.018538,-0.03824,-0.98715,-0.038859,0.072141,-0.026768,1.6248,11.226,2.1854,-46.495,-0.29606,17.38,-0.069455,-6.2221,0.10592,0.00181,-0.010334,-1.0099,-0.052409,0.077724,-0.026328,-1.6826,17.254,-0.2883,-36.902,-2.0694,9.0919,-0.18967,1.6007
18.4,0.1142,0.0087327,-0.035184,-0.97836,-0.049617,0.084966,-0.031139,-1.4774,12.462,0.78948,-45.881,-0.030115,18.324,1.5041,-9.4135,0.12491,-0.026295,-0.0030702,-0.99273,-0.040855,0.078794,-0.020096,-2.0374,14.645,-0.18548,-37.357,-0.46321,10.935,0.52245,2.189
18.5,0.081626,-0.018605,-0.028842,-0.98207,-0.031324,0.088188,-0.026243,-1.0747,10.488,-0.10689,-43.541,-1.514,19.571,0.23012,-5.7021,0.12086,-0.011129,-0.0090371,-1.0031,-0.046566,0.074581,-0.022075,-1.1492,15.462,0.41437,-37.294,-0.42679,10.827,1.0288,3.1139
18.6,0.11377,-0.020875,-0.02761,-0.98578,-0.036469,0.07713,-0.026895,-3.0752,10.05,-0.8999,-42.813,0.21715,18.738,0.84578,-6.1837,0.14459,-0.0050851,0.0019287,-1.0006,-0.038242,0.061218,-0.032035,0.36955,16.213,2.2713,-37.556,0.16308,10.971,-0.53437,1.7627
18.7,0.11772,-0.0016465,-0.051803,-0.99438,-0.041376,0.078037,-0.03606,-0.66646,9.9921,-0.17877,-42.845,-0.08671,18.055,2.2653,-6.1416,0.14184,-0.023145,0.0091912,-0.99342,-0.038698,0.072438,-0.026306,-2.4176,15.874,2.0076,-36.488,-0.22539,10.726,0.78308,2.2295
18.8,0.12104,-0.025123,-0.034934,-0.98717,-0.030576,0.083866,-0.028717,-2.4525,8.1031,0.28262,-42.446,0.11124,19.125,1.2711,-4.2539,0.1456,-0.030582,-0.0052159,-0.98772,-0.030293,0.07584,-0.026435,1.4566,16.481,0.079446,-34.858,-1.8574,9.8499,1.0877,3.438
18.9,0.11714,-0.049907,-0.044315,-0.99015,-0.037052,0.080414,-0.034892,-0.98383,7.905,-0.73446,-42.777,-1.2358,17.806,1.6895,-5.8734,0.14888,-0.044349,0.003598,-0.99686,-0.030565,0.071346,-0.015286,-0.6883,12.278,-0.39628,-35.619,1.61,8.3308,0.55738,3.5143
19,0.11187,-0.031966,-0.038686,-0.98349,-0.03244,0.086822,-0.03339,0.054291,8.2388,1.1638,-44.846,0.29176,17.076,1.3557,-5.5356,0.12503,-0.01813,0.014963,-0.98472,-0.031849,0.073054,-0.02808,0.85061,14.495,1.4574,-36.093,-1.4806,10.049,0.24445,1.7489
19.1,0.11564,-0.02719,-0.01856,-1.0062,-0.029299,0.080769,-0.036015,-0.67531,7.0435,1.1518,-43.164,-2.8402,18.006,1.2162,-5.2461,0.12236,-0.03955,0.018657,-0.99851,-0.034637,0.071859,-0.024654,0.3749,12.294,1.2153,-34.987,0.11195,8.1884,0.39078,3.8107
19.2,0.11246,-0.045188,-0.022256,-1.0089,-0.025333,0.075079,-0.038202,-1.3327,5.6994,0.70857,-42.673,-0.54906,17.719,0.010399,-4.456,0.13363,-0.029898,0.024501,-1.0017,-0.029819,0.07325,-0.026743,-0.23662,14.009,2.8025,-33.53,-4.6403,8.997,-0.6322,4.1437
19.3,0.13303,-0.046751,-0.037904,-1.0052,-0.021381,0.07591,-0.041402,-0.40487,5.0945,-0.8454,-41.242,-2.6773,19.114,-0.69206,-4.9417,0.16106,-0.047487,0.0093897,-0.97865,-0.033439,0.071271,-0.029398,-0.41177,12.501,3.0104,-33.86,-1.3645,7.036,0.55718,4.8155
19.4,0.12344,-0.0352,-0.029174,-0.9779,-0.022014,0.077746,-0.034642,-2.6136,6.4048,0.85827,-39.934,-0.59304,17.535,0.10751,-2.9026,0.14048,-0.067473,0.012326,-0.97676,-0.040869,0.074137,-0.023086,0.92803,13.047,0.62926,-32.167,-0.51997,7.002,1.5,2.5626
19.5,0.11301,-0.050821,-0.03747,-1.0033,-0.022687,0.075308,-0.024156,-2.3664,3.997,0.43637,-39.529,-0.068128,18.031,-0.66662,-4.5225,0.14744,-0.04662,0.018437,-1.0128,-0.026142,0.060943,-0.023277,0.75,12.899,1.3242,-32.171,0.21983,6.8847,-0.13457,2.7364
19.6,0.12989,-0.065023,-0.014014,-0.97905,-0.022323,0.070094,-0.019893,-2.5531,4.9338,0.42856,-41.182,-0.61411,17.2,1.5472,-5.0479,0.15943,-0.055924,0.018936,-0.99106,-0.036611,0.07336,-0.020924,-0.7797,10.591,1.3278,-32.467,-2.3028,4.8557,0.26822,3.478
19.7,0.12892,-0.014715,-0.024292,-0.98228,-0.024221,0.064551,-0.024632,0.4646,5.9244,1.6599,-39.991,-1.81,17.401,1.3617,-2.712,0.14058,-0.06348,0.022466,-0.97633,-0.015102,0.055071,-0.012589,0.32342,10.308,0.76055,-31.392,-0.91909,6.5486,0.55787,4.1557
19.8,0.1456,-0.052896,-0.018669,-0.99638,-0.023205,0.070683,-0.035058,-0.70844,4.9911,0.90947,-38.875,0.32475,16.281,-0.19314,-4.2915,0.13666,-0.066672,0.0025684,-0.97334,-0.024768,0.058251,-0.0097588,-1.5684,11.1,2.2081,-30.184,-0.093258,5.2835,-1.2586,4.8679
19.9,0.13139,-0.080799,-0.012557,-0.98604,-0.015638,0.070948,-0.026488,-1.0466,2.6824,2.109,-41.524,0.82779,16.615,-1.171,-3.3456,0.16112,-0.072151,0.010229,-0.97527,-0.019842,0.05308,-0.0096962,-1.0371,10.993,2.2701,-30.836,0.094756,5.2314,1.3975,3.2891
20,0.13337,-0.082903,-0.011051,-0.99536,-0.010988,0.074159,-0.02668,-1.9324,3.8399,-0.062675,-38.632,0.022991,16.933,-0.77465,-1.7211,0.1352,-0.057662,0.01806,-0.98849,-0.02801,0.061197,-0.0085767,-0.20406,10.641,1.3269,-31.477,-1.2907,4.899,-0.30257,2.6746
20.1,0.16031,-0.058675,-0.015451,-1.0093,-0.009788,0.06975,-0.02326,-2.26,2.073,0.96262,-40.036,-2.5589,15.963,-0.23551,-3.7413,0.15209,-0.069321,0.029428,-1.0048,-0.021798,0.063314,-0.011419,-0.60135,9.8622,1.1092,-30.462,-0.47588,4.2293,0.45141,3.9962
20.2,0.12868,-0.076755,-0.011882,-0.96671,-0.011403,0.068946,-0.029553,-2.6797,2.425,0.99874,-39.354,-0.45195,16.116,-1.2003,-2.7174,0.15525,-0.05645,0.023211,-0.99245,-0.017851,0.05614,-0.012243,-1.0833,8.4604,2.121,-29.22,-1.45,4.1958,0.80354,3.3494
20.3,0.15242,-0.081751,0.0088328,-0.98767,-0.0077505,0.066905,-0.024113,-0.53127,1.8357,0.15813,-38.551,0.034514,15.682,0.21058,-3.7985,0.16578,-0.046643,0.025527,-0.96421,-0.01614,0.053146,-0.0030884,-0.48377,8.5961,0.44071,-29.785,-0.88825,3.6328,-0.54832,3.0267
20.4,0.12636,-0.095947,-0.0053709,-0.98425,-0.0093942,0.067942,-0.037365,-1.8292,1.0178,-0.49048,-38.221,-1.1971,15.623,-1.0916,-4.9809,0.15199,-0.087379,0.028636,-0.96394,-0.026497,0.056935,-0.0099535,-0.50217,9.2398,0.90081,-29.552,-1.9096,4.0375,1.6821,1.7488
20.5,0.13947,-0.068559,-0.00017527,-0.99056,-0.0026897,0.070333,-0.020626,0.16654,1.4993,-0.34414,-38.772,-0.080328,15.735,-0.52279,-4.1578,0.15859,-0.082765,0.011472,-0.97621,-0.016527,0.050022,-0.012809,-0.64761,8.206,1.4454,-28.213,0.2159,2.9945,1.2782,5.3147
20.6,0.13994,-0.079723,0.00659,-0.98001,-0.0094085,0.061696,-0.024512,-2.4082,2.9013,-0.64694,-37.408,-1.5137,15.676,0.0020282,-5.7216,0.1655,-0.068904,0.033868,-0.98242,-0.011189,0.059395,-0.010969,-1.5292,7.0348,-0.25175,-26.153,1.3709,2.0262,0.032464,2.1123
20.7,0.15941,-0.064271,0.012008,-0.98841,-0.0053649,0.063972,-0.021349,-1.1397,0.28073,0.48206,-37.284,-0.91658,14.981,-0.29123,-6.108,0.13713,-0.063784,0.035512,-0.99101,-0.0082176,0.04099,-0.00029507,-1.2602,7.1355,0.52589,-28.017,-0.53617,1.8258,1.3541,0.99871
20.8,0.13538,-0.085265,-0.010049,-0.99498,0.00046595,0.063652,-0.029596,0.22385,0.91332,-0.097094,-37.673,0.039051,13.784,-0.12247,-3.4599,0.16364,-0.080622,0.025497,-0.98436,-0.011829,0.043228,-0.0055417,-0.80714,7.9499,0.78418,-26.045,-2.853,3.2571,0.6879,2.6556
20.9,0.14178,-0.079624,-0.0028924,-0.98047,-0.0066488,0.058381,-0.021315,-2.1144,-1.4051,1.5191,-36.848,1.2613,12.657,0.013029,-5.8962,0.16281,-0.091827,0.045801,-0.99541,0.002863,0.046039,-0.0054978,-1.0445,6.5798,-0.74741,-28.779,-1.3711,0.36112,-0.11259,3.6756
21,0.14603,-0.092134,0.011755,-0.98214,-0.0035886,0.062221,-0.01582,1.0054,0.019005,0.89652,-35.051,-1.2724,14.676,0.95886,-7.857,0.16571,-0.09319,0.031729,-0.9808,-0.013297,0.042144,0.001106,-1.372,5.118,0.96563,-26.17,-0.75039,1.1984,0.010325,2.3522
21.1,0.14968,-0.09287,0.00096148,-0.98421,-0.0046281,0.059495,-0.0097457,-1.5131,-1.6188,0.65309,-36.44,-0.060926,12.941,-1.3017,-6.4223,0.14336,-0.088844,0.036556,-0.96893,-0.0069074,0.039158,-0.001321,-0.039971,5.1639,0.20153,-24.696,0.44127,1.0294,0.39232,3.1363
21.2,0.12924,-0.10396,0.0060311,-0.97294,0.0036667,0.061242,-0.01622,-1.1946,-2.4241,-0.42129,-34.39,-1.7846,12.941,-1.9322,-5.9089,0.15388,-0.097377,0.043847,-0.99535,-0.0018683,0.036244,-0.0052045,0.21601,5.7805,1.0202,-24.79,-0.10653,-0.68352,-0.39867,1.7812
21.3,0.13532,-0.096753,0.0047471,-0.98676,0.0033056,0.060566,-0.026477,-2.8996,-0.89518,1.0734,-34.87,-0.57194,12.786,-0.14631,-5.3545,0.1531,-0.099314,0.025218,-0.95644,-0.0058606,0.041916,-0.0036701,-1.4861,4.1766,-1.0952,-27.367,-1.9858,-1.1399,0.054081,1.7811
21.4,0.14309,-0.11076,0.0011034,-0.97501,0.004148,0.054044,-0.020317,-2.2568,-1.7741,0.53828,-35.562,-2.1068,11.805,0.10583,-8.637,0.17144,-0.11815,0.032133,-0.97866,-0.0098459,0.041,0.0039856,-0.10999,5.2522,-0.34209,-26.567,-0.76975,0.20994,-1.0047,4.5078
21.5,0.12612,-0.11236,0.011702,-0.98326,0.011621,0.048138,-0.014447,-0.67634,-4.5969,3.5402,-37.85,-1.1742,11.583,0.6286,-5.4574,0.16344,-0.10268,0.044732,-0.97566,-0.0015754,0.044943,0.00088647,-0.80722,3.0779,1.5976,-25.253,-2.2227,-0.67107,0.32355,1.6032
21.6,0.14922,-0.095502,0.016478,-0.98277,0.0042121,0.048548,-0.0018596,-2.1999,-2.4548,-0.73003,-33.881,0.22175,9.7856,0.49725,-6.7773,0.16319,-0.10974,0.038205,-0.98951,0.0038465,0.046286,0.0060773,0.57365,3.6685,1.0014,-23.699,-1.7547,-0.75511,-0.51236,3.9565
21.7,0.14141,-0.12,0.016551,-0.98563,0.0074962,0.052718,-0.017196,-1.8999,-3.4154,2.2496,-34.708,-0.86931,11.692,-1.9261,-6.7698,0.17305,-0.10889,0.033065,-0.9582,-0.0071041,0.039872,0.0025029,-1.2678,2.8055,1.2155,-23.125,-0.4232,0.43955,0.83954,2.934
21.8,0.13521,-0.129,0.022343,-0.97921,0.004406,0.051145,-0.013352,-1.0277,-4.2541,1.3144,-32.109,-1.8143,11.977,-0.81287,-7.7204,0.15018,-0.090125,0.039803,-0.95978,-0.0034924,0.037192,0.010583,-1.0022,1.3767,2.4872,-22.515,-1.804,-2.2437,-1.5279,1.4964
21.9,0.15341,-0.11888,0.041661,-1.0012,0.0029556,0.046104,-0.014108,-2.2083,-4.5483,0.93007,-32.777,-1.9562,9.5755,-0.23838,-5.549,0.16735,-0.11986,0.014984,-0.9976,-0.005836,0.027972,-0.0053972,-1.026,-0.8066,-0.59271,-24.052,0.010401,-1.9603,-1.0406,1.5798
22,0.1557,-0.11006,0.020079,-0.98023,0.0088432,0.059087,-0.013135,-0.7267,-3.1923,3.2358,-33.242,-0.96833,11.957,-0.8019,-7.2151,0.17792,-0.10817,0.031067,-1.0063,-0.0059636,0.020716,0.0024387,0.88049,1.1055,0.35979,-22.858,-0.96531,-1.7731,-0.12313,2.0378
22.1,0.15309,-0.12659,0.023201,-0.98835,0.0063675,0.044627,-0.0050048,-1.1978,-5.0126,0.6264,-32.686,-1.0162,12.189,-2.938,-6.6584,0.17123,-0.11128,0.024867,-0.98812,0.0074612,0.029721,0.0045069,-1.4259,2.2499,1.6954,-22.932,0.46902,-3.1547,-2.2132,2.6802
22.2,0.14678,-0.11884,0.0076258,-0.97725,0.015462,0.047167,-0.0085552,-1.6764,-4.0973,0.84758,-31.809,-0.8135,9.4137,-1.3128,-7.3569,0.17096,-0.11307,0.040985,-0.96977,0.0081386,0.029368,0.007695,-1.1217,0.47377,2.5775,-22.153,-0.29288,-3.2653,0.33809,0.49225
22.3,0.14431,-0.11525,0.031874,-0.97917,0.0044658,0.040367,-0.011601,-0.36395,-7.013,-0.19553,-32.826,-1.632,10.356,-1.4069,-8.3238,0.14362,-0.11896,0.029667,-0.98053,0.0095859,0.023337,0.00075276,-0.40547,-0.17895,0.66043,-22.026,-0.61471,-2.5223,0.10978,2.4392
22.4,0.14195,-0.13977,0.011302,-0.98402,0.014876,0.030992,0.0038456,0.85386,-5.9673,-0.094203,-31.774,-0.5694,10.524,-0.96403,-10.304,0.16825,-0.1111,0.030513,-0.9755,0.018787,0.012612,0.010201,-1.4385,0.020082,-0.19187,-19.37,-0.37317,-3.5255,-0.19359,0.68574
22.5,0.12451,-0.12283,0.034953,-0.97029,0.026817,0.041535,-0.0042524,-1.9775,-7.2255,1.9319,-32.497,-0.29761,8.0992,0.21926,-10.388,0.15598,-0.11108,0.019399,-0.9821,0.0087908,0.015415,0.016886,-2.575,0.83192,0.29049,-21.023,-0.71137,-1.0512,-0.25392,2.8337
22.6,0.14884,-0.13824,0.020236,-0.9995,0.016889,0.038903,0.0036736,-0.79281,-7.4025,2.1418,-31.877,0.50681,9.2795,-1.4574,-7.4123,0.15073,-0.12453,0.033793,-0.98482,0.017064,0.021492,0.014022,-2.7402,-1.2159,0.35842,-21.06,-1.2602,-2.4832,-0.3107,1.9531
22.7,0.13124,-0.12318,0.025048,-0.9892,0.025641,0.036465,0.0019218,-1.0631,-6.4096,1.6352,-30.736,-0.52118,6.6887,-0.28722,-9.5947,0.15819,-0.10195,0.025994,-0.98443,0.0074842,0.014151,0.00065466,0.43372,-0.3967,0.7222,-18,-0.95072,-4.075,-1.4008,2.7404
22.8,0.10637,-0.10806,0.01548,-0.98074,0.014046,0.029486,0.0013868,-0.95775,-5.6803,0.55219,-30.779,-0.15262,10.404,-0.13334,-11.193,0.15223,-0.12006,0.037249,-0.96646,0.01316,0.022296,0.013725,-0.1822,-2.7139,1.5888,-19.995,-1.8212,-3.7872,0.75722,1.6472
22.9,0.14451,-0.13115,0.037746,-0.96787,0.0031489,0.026239,0.0030872,-1.8807,-7.1332,0.80795,-29.905,-1.5159,10.235,-0.44629,-9.7981,0.15339,-0.12297,0.030605,-0.98976,0.0093951,0.014677,0.0087891,-1.8986,0.30589,1.7967,-20.496,-0.043618,-4.7873,-0.98342,0.37085
23,0.12627,-0.14286,0.00089603,-0.98973,0.017206,0.033554,0.0049581,-1.1293,-7.5326,-0.071968,-30.92,-1.6986,7.9873,0.24268,-12.767,0.15258,-0.11905,0.0459,-0.97402,0.011346,0.012786,0.011959,-1.0255,-1.6957,2.0662,-19.749,-0.3324,-5.2272,2.3141,-2.0854
23.1,0.13648,-0.14423,0.024219,-0.98043,0.010094,0.030955,0.0044175,-2.759,-7.8984,1.7525,-29.873,-0.78509,8.6712,-2.4773,-10.66,0.14871,-0.11758,0.025086,-0.96578,0.0064903,0.016189,0.027686,-0.22795,-2.2441,0.80245,-16.359,-0.51807,-6.0113,-0.69401,0.98091
23.2,0.10749,-0.13441,0.031056,-0.99624,0.018312,0.034383,0.0062471,-0.61425,-9.3498,-0.095816,-28.976,-0.38626,6.3777,-1.2199,-12.778,0.14091,-0.12032,0.019403,-0.98755,0.024135,0.019344,0.01299,-2.384,-2.3657,2.271,-17.889,-0.44296,-3.8623,0.013511,0.13698
23.3,0.13102,-0.13981,0.030083,-1.0011,0.022567,0.036743,0.012963,-0.82518,-10.203,1.2964,-29.195,0.64048,10.571,-1.6552,-12.442,0.14484,-0.11052,0.0046841,-0.97832,0.015357,0.017812,0.01361,0.57833,-1.2873,1.5193,-18.104,-1.5275,-4.4768,-1.1664,1.1367
23.4,0.11552,-0.13348,0.028753,-0.98638,0.019951,0.020497,0.00038363,-2.6151,-10.374,-0.63498,-26.874,-0.39082,8.0787,-1.0113,-12.402,0.16221,-0.11831,0.020171,-0.99689,0.023699,0.018822,0.018322,-1.583,-4.2831,1.8163,-17.045,-0.83128,-6.043,1.0077,1.2008
23.5,0.13065,-0.14607,0.01696,-0.9926,0.010906,0.019458,0.012096,-1.1749,-11.285,1.4934,-26.877,-0.30897,8.1972,0.78554,-12.753,0.15421,-0.1037,0.026656,-0.99401,0.01937,0.020826,0.0165,-0.25042,-3.3977,0.69121,-16.789,-0.89086,-6.1106,1.8298,0.053527
23.6,0.13234,-0.1573,0.020601,-0.98934,0.017299,0.017304,0.0083459,-2.4601,-11.048,0.48149,-29.055,0.19899,7.3756,0.34355,-12.704,0.14419,-0.12547,0.026666,-0.97308,0.012209,-0.0024618,0.02143,-0.58906,-3.9802,1.826,-17.386,-0.7764,-5.7425,-0.51449,0.38658
23.7,0.13527,-0.1511,0.015927,-0.96859,0.019985,0.018738,0.0074422,-2.0108,-10.851,1.0947,-27.289,-2.0355,7.1414,-1.3206,-13.616,0.14137,-0.10232,0.010672,-0.99067,0.019661,-0.0042691,0.011786,-2.4535,-3.0019,-0.096783,-15.879,-0.16269,-6.9768,0.16852,-0.16109
23.8,0.13332,-0.15943,0.023111,-0.98642,0.014834,0.024573,0.0062799,-0.11184,-10.757,0.84764,-27.909,-0.4376,8.7564,0.1144,-14.959,0.14106,-0.12691,0.02609,-0.97953,0.023724,0.0069001,0.020327,-2.5454,-5.5081,2.2355,-13.382,-1.4015,-6.363,0.052684,-0.03242
23.9,0.1192,-0.15346,0.015655,-0.98986,0.015899,0.010028,0.013533,-3.0067,-13.483,0.76703,-26.897,-1.4235,5.4807,-1.3486,-15.157,0.14135,-0.12648,0.0089995,-0.98016,0.021507,0.0023208,0.022095,-1.7515,-4.8773,1.4999,-14.826,-1.3745,-5.8798,-1.1351,0.81623
24,0.12846,-0.1435,0.011885,-1.0006,0.017814,0.019571,0.02176,1.1993,-10.121,0.46622,-27.217,1.9757,5.3849,-2.4275,-13.863,0.16739,-0.11152,0.019545,-0.98712,0.025586,0.0020716,0.021386,0.059641,-5.7894,0.74433,-14.191,-0.45932,-5.9479,-1.0392,0.69958
24.1,0.12338,-0.15764,0.023348,-0.97258,0.017819,0.018018,0.019945,-0.8973,-13.702,1.2294,-27.5,0.42944,6.4238,-2.3977,-14.815,0.15472,-0.11898,0.018471,-0.97232,0.022861,-0.001097,0.014871,-1.6613,-5.6501,0.30271,-12.921,0.77667,-7.1057,-1.7769,-1.6637
24.2,0.11847,-0.13078,0.021511,-0.97472,0.025026,0.012585,0.019402,0.25947,-13.851,-1.1716,-25.419,2.1769,6.445,-0.6232,-15.44,0.13762,-0.10681,0.027204,-0.98348,0.033562,0.0014267,0.028146,0.37974,-5.9707,0.6675,-10.869,-0.3574,-5.3924,-1.1424,0.70672
24.3,0.098852,-0.15887,0.024359,-0.9747,0.024197,0.01041,0.020867,-2.1606,-15.065,-0.9861,-25.015,-0.25281,6.0975,-0.89628,-14.928,0.14714,-0.11564,0.022371,-0.98854,0.029103,-0.0025931,0.028939,1.2789,-4.5506,2.4069,-11.108,-1.9259,-5.3282,1.4055,0.13085
24.4,0.12844,-0.13983,0.014151,-0.99564,0.020837,0.005809,0.023926,-0.65474,-13.669,1.315,-26.848,0.76863,6.7159,-2.091,-13.978,0.122,-0.11011,0.0034106,-0.9786,0.023673,-0.001244,0.023781,-1.1027,-6.1138,3.3208,-11.854,0.18354,-7.1603,0.51604,-0.60048
24.5,0.11502,-0.14178,-0.0061201,-0.98852,0.028809,0.0043229,0.01834,-1.5873,-13.295,0.53441,-25.039,1.4076,7.2905,0.32883,-15.197,0.13779,-0.11172,0.012513,-0.97628,0.017242,-0.013505,0.025627,-1.9102,-6.1557,0.72863,-10.626,0.21108,-7.7988,0.64233,0.53192
24.6,0.12018,-0.15211,0.0058201,-0.97233,0.025658,-5.7373e-06,0.020678,-1.1723,-13.581,-0.44446,-24.626,-1.2544,6.0776,-0.28708,-15.644,0.15057,-0.14466,0.029156,-0.97967,0.038876,-0.011116,0.024096,-1.3754,-6.5698,0.17354,-11.947,-0.22842,-7.7568,-0.76144,-0.082189
24.7,0.12052,-0.15408,0.020421,-0.96285,0.026563,-0.0014007,0.022516,0.32277,-15.295,1.8286,-24.114,0.79358,6.1346,-2.0431,-16.193,0.11503,-0.10228,0.014399,-0.97965,0.032473,-0.012714,0.019267,0.36685,-7.1904,0.6231,-10.88,0.74181,-7.0239,-0.52511,-2.2417
24.8,0.11539,-0.16835,0.012472,-0.9922,0.020355,0.0063561,0.016317,-0.90909,-16.191,0.36804,-24.189,-0.96181,5.4,-0.47162,-17.268,0.1333,-0.12078,0.014754,-0.98347,0.030901,-0.011165,0.024699,0.058698,-8.5171,-0.13639,-11.333,-0.44351,-6.2424,-0.3125,-0.36409
24.9,0.10651,-0.1619,0.010595,-0.98459,0.030413,0.011234,0.029241,-1.0468,-14.599,0.77803,-22.972,-0.89289,4.2101,-0.98629,-17.252,0.13283,-0.11628,0.012428,-0.9816,0.041422,-0.010254,0.020987,-1.3467,-7.2644,1.218,-10.39,0.42862,-5.6108,0.31702,1.4514
25,0.098803,-0.15216,0.003244,-0.97976,0.035868,-0.0063616,0.023929,-0.11633,-16.259,1.7923,-24.296,-0.045811,4.2999,-0.2671,-16.362,0.11108,-0.12704,0.022476,-0.9864,0.023826,-0.023996,0.019365,0.89022,-7.4105,1.0935,-10.035,0.83056,-5.446,-1.9896,-1.2807
25.1,0.096977,-0.16073,0.010183,-0.98408,0.033648,-0.0084626,0.024148,-3.3798,-17.383,-1.2115,-24.005,0.48736,6.6522,-2.5758,-20.264,0.13081,-0.12202,0.0056794,-0.98614,0.02845,-0.010297,0.015708,-1.2341,-8.2797,1.6414,-9.3235,-1.0784,-6.8708,0.46657,0.96958
25.2,0.11597,-0.16066,0.0087036,-0.9744,0.039648,0.00079002,0.026101,-1.996,-16.649,-0.27764,-24.061,0.57092,6.1658,0.30223,-18.485,0.11421,-0.12605,-0.012602,-0.97883,0.039529,-0.007164,0.01504,-0.94532,-9.2044,-0.30553,-7.7349,-0.20181,-6.7097,-0.42221,-1.8649
25.3,0.12031,-0.15867,0.0047257,-0.97484,0.039458,-0.00037061,0.018034,-2.0366,-17.035,0.18099,-22.72,-1.333,6.5399,0.76007,-17.894,0.11941,-0.12374,0.011909,-0.98865,0.02902,-0.019791,0.02533,-1.9355,-8.5692,0.31625,-7.3063,-0.25905,-5.9724,-0.36,-0.005903
25.4,0.11697,-0.14912,0.0026965,-0.97913,0.029913,-0.0035806,0.023766,-1.3201,-18.379,1.5518,-23.352,1.1274,5.8029,-1.0905,-19.581,0.11972,-0.10998,0.0025353,-1.0013,0.033281,-0.01756,0.022063,-0.51847,-9.5599,2.3835,-9.8496,0.49552,-7.1185,-0.078727,-0.55746
25.5,0.10465,-0.14687,0.00071668,-0.98286,0.033521,-0.015691,0.028142,-1.6292,-16.465,3.2783,-21.993,-0.7598,7.48,-1.9504,-17.908,0.12352,-0.13421,0.0091047,-0.99621,0.048661,-0.025485,0.026823,-0.42291,-10.656,3.031,-9.823,-0.74246,-5.9135,0.66821,0.51141
25.6,0.095229,-0.16661,0.0077038,-0.98029,0.032243,-0.0078195,0.026508,-2.3559,-18.067,3.2093,-23.266,2.5052,7.3089,-1.6678,-19.672,0.1045,-0.11683,0.0091982,-0.99885,0.042117,-0.0059137,0.017182,-1.6505,-9.1953,1.0972,-6.3549,-1.6075,-7.3945,0.74591,0.1799
25.7,0.096137,-0.15965,0.018733,-0.97161,0.02808,-0.0080224,0.027732,1.1431,-18.622,1.0326,-23.335,-0.98068,7.0163,-0.43004,-20.084,0.10732,-0.1008,0.025334,-0.9722,0.04608,-0.021394,0.018486,-1.1357,-11.128,1.8607,-6.5681,-0.24394,-5.8336,-0.50484,-0.0053717
25.8,0.084725,-0.17055,-0.00073002,-0.984,0.044519,-0.015815,0.026826,0.054004,-18.096,1.9598,-21.88,-0.55845,6.28,-1.7385,-19.753,0.12229,-0.099944,0.014524,-0.9737,0.044474,-0.021327,0.024635,-0.40727,-10.29,0.2245,-7.9101,1.2907,-5.4692,-0.47224,0.23294
25.9,0.093034,-0.14361,0.0088665,-0.99139,0.03488,-0.018439,0.028427,0.90382,-19.033,0.4598,-21.42,0.79277,6.0833,-1.2327,-20.886,0.10423,-0.11654,0.0080413,-1.0115,0.044299,-0.02338,0.024023,1.5643,-13.357,0.45523,-5.7183,1.5405,-4.6569,0.55095,0.33052
26,0.10048,-0.14715,0.019822,-0.97523,0.033422,-0.016343,0.017988,-2.5427,-18.004,0.15841,-19.38,0.70889,6.2971,-1.2271,-20.131,0.10665,-0.12819,0.02858,-1.0009,0.047481,-0.030456,0.019169,-0.96833,-10.304,1.5681,-7.0546,-0.78046,-4.5372,-0.21715,-1.1303
26.1,0.092065,-0.15557,0.0053142,-0.99648,0.040408,-0.012609,0.033923,-0.010821,-21.046,1.517,-22.207,-0.70382,7.653,0.048123,-19.177,0.10388,-0.1081,-0.00018649,-1.0006,0.048537,-0.024787,0.020074,-0.18961,-11.95,1.6721,-5.7136,-1.4819,-2.5262,0.29418,0.30649
26.2,0.084703,-0.14621,-0.017585,-0.98365,0.043967,-0.012942,0.020489,0.67917,-21.046,1.9451,-20.767,-0.5154,5.5934,-0.76466,-22.108,0.091174,-0.096749,-0.0044001,-0.98714,0.044059,-0.031631,0.021701,-0.7718,-14.383,1.1607,-5.2875,0.39013,-4.1181,-1.1621,-0.33155
26.3,0.09459,-0.17325,0.00072543,-0.98657,0.035026,-0.02406,0.027531,-1.0332,-19.561,0.5928,-19.112,2.2305,6.7578,-0.48536,-20.182,0.11342,-0.11961,0.013124,-0.98984,0.057937,-0.032451,0.01292,0.87878,-12.763,0.92912,-4.1605,0.7746,-5.7764,0.4247,0.27843
26.4,0.077723,-0.15407,-0.0096164,-0.99805,0.037761,-0.029446,0.022211,-2.9409,-20.51,1.2363,-19.585,0.68088,7.3553,-0.31275,-21.275,0.109,-0.085799,0.0010187,-0.98376,0.059122,-0.030373,0.021242,0.92042,-12.431,-0.68572,-3.3386,-1.269,-4.2934,0.15321,-0.55079
26.5,0.10019,-0.15336,-0.022165,-1.0071,0.044028,-0.029592,0.02425,-0.3032,-22.191,0.13852,-19.937,0.44764,6.5238,-1.3282,-23.1,0.090354,-0.10564,-0.0071655,-1.0117,0.044642,-0.031809,0.01385,0.91962,-13.111,1.6704,-3.9145,0.68134,-3.552,-0.54983,0.09125
26.6,0.087622,-0.1603,0.021999,-0.99722,0.039628,-0.022239,0.02697,-2.1479,-20.1,0.9917,-15.919,1.6656,9.4428,-1.3074,-23.239,0.088994,-0.10859,0.0022352,-1.0041,0.057342,-0.0266,0.010835,-1.2119,-13.2,1.2887,-4.5572,0.047163,-5.1462,-0.78738,-0.69195
26.7,0.076029,-0.14602,-0.0024036,-0.9838,0.049671,-0.026531,0.023521,-2.695,-22.679,1.2363,-18.848,-0.75814,7.9275,-0.42226,-21.856,0.086921,-0.10149,0.016403,-0.97326,0.043951,-0.039483,0.00397,-0.19332,-15.393,1.924,-2.2622,2.0452,-2.4663,1.0669,-1.2025
26.8,0.067278,-0.14945,-0.010981,-0.98244,0.039481,-0.028774,0.031051,1.315,-23.739,-0.37991,-19.109,0.17741,9.4809,-0.99718,-22.901,0.1052,-0.086634,-0.010548,-0.99942,0.05628,-0.039723,0.017986,0.23916,-14.708,1.0594,-0.36733,0.94961,-2.1138,-2.8912,-0.64538
26.9,0.079279,-0.13762,-0.0051898,-0.98975,0.04399,-0.021747,0.02606,-1.8887,-23.014,1.809,-17.155,1.7653,10.514,-1.329,-23.82,0.077201,-0.10277,0.0083197,-0.99724,0.055821,-0.039705,0.02037,-1.4822,-16.516,-0.4824,-2.5105,1.779,-3.0622,0.67371,0.22105
27,0.085884,-0.15504,-0.016119,-0.98767,0.049388,-0.029842,0.018334,-0.80074,-24.165,0.14345,-16.108,0.18257,7.3615,0.99411,-24.343,0.068308,-0.08724,0.019335,-0.98183,0.053887,-0.036837,0.016267,-1.6754,-14.062,-0.58106,0.85267,1.4335,-2.3392,-0.72251,-0.19641
27.1,0.08622,-0.15112,-0.005048,-0.98322,0.046411,-0.028287,0.028467,0.64522,-22.537,1.3312,-18.594,-0.11271,8.0845,-0.32799,-24.925,0.074082,-0.093414,-0.0015824,-0.9863,0.053635,-0.035387,0.026044,-1.0927,-14.788,1.5663,-2.0894,1.5523,-2.7958,-1.6099,-1.6639
27.2,0.071176,-0.13671,-0.0052953,-0.97883,0.052109,-0.032432,0.028898,-1.5361,-24.871,1.1195,-17.516,-0.34857,8.0718,1.1573,-23.579,0.07922,-0.10388,-0.020343,-0.98769,0.057316,-0.045144,0.010595,-0.081304,-14.865,0.19948,-0.68296,0.3705,-1.2368,-0.48886,-3.0006
27.3,0.080624,-0.13137,-0.014789,-0.96735,0.040635,-0.030918,0.030682,-0.6885,-26.335,-1.0083,-17.086,1.2752,10.438,-0.97608,-23.788,0.061451,-0.087933,-0.01408,-0.98051,0.060808,-0.03188,0.019431,-0.84648,-18.753,-0.36718,-1.6666,2.3048,-2.7797,-1.044,-1.3642
27.4,0.066698,-0.13678,-0.01055,-0.9743,0.057986,-0.041786,0.026051,-1.6714,-24.3,1.7444,-18.051,1.2724,11.578,-0.98216,-24.348,0.06093,-0.083049,0.0015105,-1.0045,0.067872,-0.047459,0.011729,-2.8575,-17.163,1.5188,-1.378,1.3767,-1.1404,0.229,-2.7316
27.5,0.059749,-0.12438,-0.0067707,-0.98754,0.03654,-0.031416,0.028676,-1.5969,-27.763,0.07337,-16.304,1.2453,10.633,-0.1979,-25.295,0.068334,-0.090796,-0.0055904,-0.98885,0.06453,-0.05335,0.0088413,1.4633,-17.381,0.02177,0.73037,-0.29317,-1.1937,-2.0039,-1.8658
27.6,0.054003,-0.1273,-0.0096816,-0.97623,0.057355,-0.031567,0.026829,1.0421,-26.052,-0.9532,-15.252,-0.32673,10.135,-2.8459,-24.998,0.064038,-0.081128,-0.00071431,-0.97155,0.064851,-0.04705,0.0032077,-0.27585,-17.635,-0.1562,0.41148,0.016356,-0.31405,-0.83703,-0.97706
27.7,0.045257,-0.13462,-0.019106,-0.98394,0.048307,-0.043822,0.035788,-2.4732,-24.057,0.81256,-15.016,0.68555,9.5134,-2.3917,-27.576,0.05103,-0.075795,-0.023362,-1.0015,0.057133,-0.044932,0.007831,0.19873,-16.577,0.35419,-1.0091,1.0145,-0.58562,-0.52771,-0.16716
27.8,0.044365,-0.13251,-0.030818,-0.98806,0.05652,-0.04255,0.018526,-0.55827,-25.859,0.38474,-15.748,1.9959,10.471,-0.47069,-26.248,0.049155,-0.074945,-0.0089299,-0.97958,0.064597,-0.046982,0.018575,-1.5654,-17.75,0.22673,0.89044,-0.78079,0.30517,0.40571,-1.8308
27.9,0.044926,-0.10561,-0.014454,-0.99744,0.048462,-0.036852,0.033213,-0.62915,-27.159,2.1352,-13.175,-0.89745,11.595,-0.67321,-27.043,0.043949,-0.095707,-0.010208,-0.99029,0.065618,-0.054685,0.017395,0.68932,-19.159,1.7041,0.94724,1.0943,0.96595,0.57926,-1.9825
28,0.040452,-0.11038,-0.035037,-0.98864,0.053587,-0.048,0.021615,-0.12281,-25.509,-0.36816,-14.144,0.55284,11.688,-0.3221,-24.862,0.053634,-0.058749,0.0090199,-0.99552,0.063872,-0.056652,0.016026,1.8115,-17.441,1.3542,2.2406,-0.66304,1.3896,-1.7497,-0.80128
28.1,0.041106,-0.13818,-0.020187,-0.98377,0.04289,-0.042874,0.02494,-0.46286,-26.815,-0.15087,-14.359,-0.88876,11.563,-1.1083,-27.168,0.050606,-0.069335,-0.0011924,-0.98224,0.056369,-0.056087,0.0060225,2.1938,-16.968,2.1853,1.9822,0.83296,1.0929,-1.0474,-2.7836
28.2,0.048278,-0.1494,-0.0070335,-0.97269,0.046321,-0.052869,0.032123,0.035052,-26.089,2.1017,-12.771,-1.0042,12.011,-1.4653,-27.185,0.040466,-0.065801,0.001329,-1.0178,0.05469,-0.057971,0.0087251,1.309,-16.138,-0.42102,2.8779,-0.25543,1.2246,0.64332,-2.6385
28.3,0.04164,-0.10744,-0.017564,-1.0019,0.050656,-0.050121,0.027952,0.05533,-25.957,2.6467,-14.129,2.7819,11.675,0.036679,-27.558,0.034973,-0.052027,-0.0049983,-0.99311,0.047454,-0.056155,0.010756,0.99025,-16.004,1.8389,3.6395,-0.52246,2.2801,0.69613,-1.3161
28.4,0.029818,-0.11311,-0.01922,-0.99544,0.04855,-0.048334,0.017538,0.16866,-26.409,0.024555,-12.176,-0.31129,11.738,-1.4165,-28.813,0.040296,-0.056909,-0.026741,-0.99899,0.052476,-0.069092,0.013441,0.30928,-15.048,1.1188,1.1554,0.73993,2.414,-0.51641,-3.6634
28.5,0.045226,-0.12773,-0.037449,-1.0006,0.044364,-0.044574,0.022056,0.018909,-24.132,1.4811,-13.217,0.5159,13.103,0.20211,-27.52,0.042888,-0.048747,0.0037755,-1.0043,0.050796,-0.050777,0.0069107,3.8826,-13.865,1.9982,1.7093,0.051413,1.1966,0.88438,-2.6543
28.6,0.018836,-0.11301,-0.040252,-0.9842,0.054175,-0.055132,0.030394,0.77405,-27.175,0.99936,-11.866,-0.029403,13.393,1.966,-28.1,0.060654,-0.053002,-0.017605,-1.0036,0.052934,-0.058749,0.0078886,0.84017,-14.128,0.046438,4.8356,0.38645,1.686,1.5062,-2.6219
28.7,0.030979,-0.11701,-0.032879,-1.008,0.038022,-0.054147,0.022538,1.6448,-25.201,1.0465,-13.245,1.0523,14.816,-1.0161,-27.442,0.01681,-0.04498,0.012081,-0.98341,0.046961,-0.050211,0.0035567,1.5109,-13.561,2.1559,3.1149,0.52889,1.3478,1.6718,-2.3581
28.8,0.047523,-0.11788,-0.016145,-1.0068,0.043344,-0.049755,0.019426,-1.7184,-25.481,1.4325,-10.68,0.46966,15.705,-0.34157,-29.086,0.028252,-0.046567,-0.020846,-0.97934,0.048468,-0.047727,0.0025454,1.7571,-13.037,-1.4546,4.1075,2.2062,2.1236,1.8185,-1.9673
28.9,0.0086802,-0.095642,-0.024347,-0.99284,0.036664,-0.041047,0.033477,3.0268,-24.569,0.70344,-11.851,-0.92523,15.129,-0.29181,-28.106,0.023485,-0.060132,-0.015903,-0.99523,0.044268,-0.049185,0.0024392,1.5438,-12.234,-1.2001,3.1829,0.63639,4.2675,0.68156,-0.55237
29,0.031748,-0.11687,-0.0354,-0.98837,0.040967,-0.051205,0.020608,0.61728,-24.624,0.60362,-13.888,-0.10719,14.938,1.4835,-28.895,0.013383,-0.049554,-0.029326,-1.0076,0.053595,-0.061174,0.011364,0.62051,-13.422,-0.62726,2.225,0.178,3.0266,0.51309,-1.6287
29.1,0.021203,-0.094933,-0.037054,-0.99977,0.035406,-0.050089,0.019992,0.043278,-24.199,0.54422,-10.397,0.7507,15.339,-2.0518,-27.242,0.0029365,-0.027992,-0.025067,-1.008,0.041594,-0.044484,0.0058661,1.2301,-12.544,-2.234,3.312,0.10678,3.9231,-0.65478,-1.957
29.2,0.025332,-0.091592,-0.041175,-0.99577,0.039538,-0.061134,0.021989,0.10615,-22.039,-1.6208,-13.449,1.5821,13.019,0.50122,-28.357,0.015648,-0.052128,-0.0033501,-0.99338,0.045085,-0.055732,0.0037476,1.7287,-13.511,-2.283,1.6878,2.145,4.2928,1.1276,-1.3597
29.3,0.0094114,-0.089888,-0.023891,-0.98011,0.032908,-0.053166,0.030841,1.1608,-25.8,1.72,-10.941,3.0566,15.401,1.0248,-28.82,0.009721,-0.0256,-0.0023132,-0.99528,0.041824,-0.047565,-0.0011331,2.8545,-13.067,0.48037,1.8106,2.6583,4.8025,-0.12597,-2.3758
29.4,0.015259,-0.070144,-0.047732,-1.0108,0.041488,-0.06387,0.019312,1.6902,-24.182,0.18886,-10.362,0.46709,17.054,1.5401,-29.772,0.026433,-0.020438,-0.022652,-1.0036,0.03937,-0.049894,-0.0003998,0.79038,-9.611,-0.25109,0.033458,0.15686,5.797,-1.6613,-0.63825
29.5,0.012716,-0.08965,-0.028003,-0.99929,0.040177,-0.0554,0.026109,0.59449,-24.492,-1.532,-9.9103,1.6685,15.508,0.032094,-28.928,0.0043927,-0.041287,-0.016257,-1.0064,0.04058,-0.048418,0.00038071,1.3414,-11.111,-0.70033,-0.98261,2.533,3.7441,0.85647,0.22358
29.6,-0.0029417,-0.082021,-0.059888,-1.0021,0.041441,-0.068483,0.011619,-0.096542,-23.117,-0.62217,-9.9616,0.80452,15.061,0.04303,-27.15,0.0054823,-0.016718,-0.0060326,-1.0207,0.036358,-0.050895,-0.00058083,1.7243,-11.205,-2.9121,0.73217,0.008034,4.351,0.87643,-1.2659
29.7,0.0077416,-0.087244,-0.037102,-0.98999,0.035408,-0.071147,0.015337,-0.036826,-22.584,1.7131,-9.4567,-0.46306,17.515,1.1467,-28.177,0.010833,-0.0017829,0.004312,-0.9967,0.034173,-0.037858,-0.00030189,0.45468,-8.6519,-1.2122,-1.1353,-0.56899,6.0785,-0.51913,-1.3617
29.8,0.0082754,-0.088504,-0.055317,-0.98606,0.029672,-0.05649,0.019359,0.96292,-20.449,1.7177,-8.2086,1.1653,15.713,-0.89142,-25.987,0.0080018,-0.023219,0.0011317,-0.99742,0.031871,-0.041275,-0.004132,1.1439,-9.5767,-1.0113,-1.8431,0.18187,4.5799,-0.66406,-1.1347
29.9,-0.011931,-0.10388,-0.052474,-0.99381,0.023575,-0.061224,0.018824,1.7045,-21.747,1.9094,-8.3757,0.23132,17.254,-0.21355,-27.649,0.012266,-0.018666,-0.0008642,-1.0014,0.039624,-0.043865,-0.0049812,2.8781,-9.0898,-0.95732,-1.3363,0.63835,4.6598,-0.66876,-0.11296
30,-0.007606,-0.081767,-0.043857,-0.98617,0.031779,-0.056475,0.019131,0.10007,-20.358,0.98535,-7.2495,-0.52947,17.514,2.3896,-25.745,0.00374,-0.03276,-0.014916,-1.0073,0.031991,-0.035174,0.00042306,1.5211,-9.6531,0.01109,-0.84947,0.46316,5.7876,0.29019,-1.406
30.1,0.0066465,-0.077591,-0.034758,-0.98966,0.035465,-0.064995,0.011395,1.4615,-20.102,1.3232,-7.33,2.1175,16.671,0.39685,-26.321,0.013122,-0.006455,-0.011187,-1.0055,0.03042,-0.044598,0.00868,1.4628,-9.0592,-1.6371,-1.2629,-0.89702,5.4772,-1.1017,-2.2592
30.2,0.0042294,-0.066141,-0.038626,-0.99756,0.035796,-0.068324,0.01366,-0.10539,-20.195,0.68989,-8.7156,2.3663,18.508,-0.7031,-26.376,0.019958,-0.010145,-0.011998,-1.0064,0.036128,-0.044822,-0.0099057,1.1527,-9.4073,0.3731,-2.483,-0.52697,5.9779,1.2862,1.2176
30.3,-0.010179,-0.083874,-0.020666,-0.99465,0.03076,-0.068077,0.011324,-0.076352,-21.355,-0.053069,-8.6154,1.4171,17.149,0.54834,-22.666,0.0072874,-0.012252,-0.014255,-0.99223,0.039918,-0.044158,7.3264e-05,2.4577,-7.5275,0.1929,-3.8342,1.4642,5.64,-0.42643,-1.974
30.4,-0.011117,-0.076606,-0.02948,-1.003,0.027426,-0.070021,0.016609,0.96618,-20.727,0.63885,-6.7588,0.42629,16.87,1.608,-25.836,-0.0087944,-0.0080458,-0.0053989,-1.0079,0.03001,-0.043924,-0.011496,0.40516,-7.1254,-1.8493,-2.7387,0.2089,4.5327,0.25449,0.54173
30.5,-0.0010568,-0.05549,-0.064995,-1.0105,0.027044,-0.072059,0.012496,1.896,-19.078,0.96909,-6.9677,-0.66723,16.956,-0.11171,-25.434,-0.020672,-0.0092545,-0.024106,-1.0015,0.034138,-0.038106,-0.014257,1.1821,-4.2854,1.8139,-3.6349,0.15966,7.0967,-0.064418,-0.22389
30.6,-0.014294,-0.073632,-0.04913,-1.0008,0.029059,-0.072983,-0.0033952,-0.34444,-19.456,-1.0081,-8.6802,1.0971,18.855,0.80249,-25.072,-0.0012633,-0.0085548,-0.0097848,-1.0156,0.036139,-0.037874,-0.0068406,0.50982,-5.7535,-1.1115,-5.074,-1.2266,6.3852,0.94333,-1.2615
30.7,-0.0049376,-0.036882,-0.051374,-1.0186,0.026897,-0.06386,0.0082063,2.0078,-19.5,-1.9267,-7.4793,2.3486,19.574,0.11349,-24.055,-0.0035726,-0.0093714,0.011802,-1.0063,0.034225,-0.038571,-0.008886,0.13804,-5.8013,1.9217,-3.3511,-1.9664,5.4365,-0.38627,0.040324
30.8,-0.012723,-0.047414,-0.050829,-1.0101,0.032895,-0.065155,0.011265,-0.061947,-18.787,-2.0822,-4.8983,1.4078,17.433,1.023,-22.867,-0.0014329,-0.0061745,-0.0029023,-1.0087,0.026245,-0.034101,0.0069257,1.6944,-6.3306,0.50791,-3.9125,-0.68228,7.387,1.29,-0.089125
30.9,-0.01928,-0.041314,-0.041013,-1.0145,0.033726,-0.065021,0.0014322,1.3136,-19.757,0.39388,-6.7388,-0.03051,21.103,1.7628,-23.041,-0.01407,-0.0093127,-0.0047662,-1.0195,0.02673,-0.036041,3.3402e-05,2.2591,-4.2201,-2.0064,-4.3325,1.1134,5.5202,-0.87681,-1.0885
31,-0.01465,-0.038499,-0.038554,-0.98627,0.032373,-0.068979,0.0062595,1.2845,-19.608,-2.3692,-7.3562,1.1845,19.068,1.733,-24.685,-0.015039,-0.0028551,-0.0012575,-1.0059,0.027482,-0.02935,-0.0068789,0.89209,-4.3328,0.041169,-5.9109,-0.63519,5.4421,0.10567,-1.5174
31.1,-0.035543,-0.051547,-0.046599,-0.98987,0.021305,-0.061034,0.0050434,1.9524,-17.958,-2.0885,-7.8469,-0.19808,19.521,-0.46198,-24.351,-0.018668,-0.014946,0.0054403,-0.98943,0.02302,-0.045301,-0.0069755,1.2978,-3.2648,-2.86,-6.5503,-0.47206,8.8517,0.85687,0.20881
31.2,-0.023909,-0.056236,-0.052381,-1.0025,0.032577,-0.051478,0.0023645,0.4371,-18.849,-1.1393,-8.8,0.52245,20.367,1.3998,-23.892,-0.01539,0.010226,-0.008032,-1.004,0.026482,-0.033969,-0.0056744,1.3308,-2.6432,-0.6635,-6.2383,1.8002,7.2684,0.87102,-1.296
31.3,-0.027491,-0.02222,-0.028084,-0.99662,0.022008,-0.055062,-0.0086702,-0.50801,-18.031,-1.5138,-9.5889,0.18719,19.983,0.79116,-23.466,-0.011246,0.00013069,-0.0076146,-1.0015,0.024001,-0.033238,-0.0089248,1.9178,-5.7905,-1.6706,-5.3666,0.82474,6.0912,-0.64959,1.342
31.4,-0.012861,-0.029954,-0.059176,-1.0115,0.031352,-0.055821,-0.00031509,1.5796,-17.114,-0.58854,-10.589,0.6693,19.089,-0.043959,-22.477,-0.03206,0.00078461,0.0017294,-1.0047,0.010231,-0.028971,-0.011432,0.40429,-0.97839,-1.7369,-5.0389,-0.62924,4.7471,-0.97726,0.92727
31.5,-0.033926,-0.033455,-0.030679,-1.005,0.029346,-0.049764,0.0065668,0.022272,-15.201,-1.613,-8.7822,1.626,19.666,-0.15808,-22.189,-0.041551,-0.013927,0.013312,-1.0013,0.01021,-0.030378,-0.0040945,1.9425,-2.9004,-2.1868,-6.604,-0.019871,6.4928,0.27071,0.79298
31.6,-0.038398,-0.012972,-0.055154,-0.99217,0.028996,-0.053333,-0.017313,1.886,-16.935,0.12469,-10.393,-0.41502,19.997,0.72429,-21.353,-0.022052,0.011036,-0.010314,-0.9933,0.013716,-0.034019,-0.0011276,2.5423,-0.84395,0.096645,-6.9702,-0.37317,5.1439,0.82639,-1.886
31.7,-0.030677,-0.013453,-0.053554,-0.9935,0.018394,-0.04224,0.0029839,0.28477,-17.522,-2.38,-10.286,0.62303,20.752,-0.11115,-22.79,-0.018682,0.017602,-0.004756,-0.99043,0.015414,-0.017435,-0.0026833,1.0448,-1.1688,-0.52219,-7.8543,0.033349,7.2078,1.3602,-0.94927
31.8,-0.032263,-0.020209,-0.037371,-1.005,0.031666,-0.052779,-0.0050018,-0.62233,-15.22,-1.0653,-12.916,0.83248,20.903,1.386,-20.938,-0.014634,0.004742,-0.013587,-1.0038,0.017019,-0.026875,-0.011068,1.293,-1.5838,0.11865,-6.7449,-0.087466,6.497,0.15535,2.8496
31.9,-0.026207,-0.024576,-0.033984,-1.0003,0.024016,-0.050903,-0.0085081,1.1047,-17.444,-1.1519,-9.8637,-0.45639,19.618,0.15535,-20.577,-0.013448,-0.0018814,0.0097256,-1.0223,0.01882,-0.025964,-0.00035271,-0.0013106,-1.5762,0.096249,-8.7059,-0.28654,6.6922,-0.031834,1.2863
32,-0.029682,-0.021795,-0.046612,-0.97558,0.027338,-0.043476,-0.011368,1.2276,-16.734,-0.90193,-11.882,1.3734,23.207,1.0241,-21.051,-0.02007,0.0068414,-0.015214,-1.0093,0.023311,-0.024567,-0.0024863,2.0126,-0.38211,0.60137,-5.6115,-0.78983,5.0204,-1.0803,-0.88171
32.1,-0.040918,-0.018983,-0.043015,-1.001,0.018808,-0.048516,-0.0098222,0.3446,-14.212,-0.70236,-12.387,0.86166,20.358,2.5429,-20.121,-0.027133,0.0049599,0.011552,-0.99202,0.013922,-0.020612,-0.0025807,0.38656,-0.69811,0.8028,-8.8054,-1.8573,7.5012,-1.648,-0.60413
32.2,-0.048588,-0.021436,-0.035134,-0.97172,0.028616,-0.032014,-0.012534,-0.57142,-14.639,-2.2403,-11.782,1.4645,22.059,-0.21856,-19.536,-0.0025318,0.029359,-0.0095161,-1.0156,0.012125,-0.034998,-0.0048077,-1.1398,-2.4712,-0.50262,-7.0133,-1.312,5.9571,0.50773,1.0689
32.3,-0.040126,-0.0033168,-0.015932,-1.0067,0.018111,-0.036683,-0.013326,0.61548,-14.36,-0.76613,-13.659,1.2987,22.739,-0.94006,-18.782,-0.016233,0.025594,-0.0036773,-0.99669,0.0041268,-0.021373,-0.0021609,0.17,-0.3652,-1.2818,-9.1887,0.081717,5.8784,0.49126,-0.29126
32.4,-0.043402,-0.0076914,-0.033919,-0.99473,0.019646,-0.040999,-0.0038468,1.3981,-13.296,-0.88973,-11.278,1.6793,22.141,-0.49381,-22.176,-0.024704,0.02844,-0.00033083,-0.99689,0.0061381,-0.02674,-0.0076915,2.1878,-0.15065,-0.77692,-8.9271,-1.412,5.5931,0.11319,1.0813
32.5,-0.05002,0.0054826,-0.060301,-1.0002,0.020527,-0.041036,-0.011692,-0.18731,-13.094,-1.7659,-13.516,0.35655,21.67,1.3243,-20.968,-0.0091516,0.023919,0.012892,-1.0136,0.0060597,-0.017794,-0.009116,0.53411,1.3051,1.1785,-9.3714,0.29467,5.1204,0.49092,1.8555
32.6,-0.046574,0.014891,-0.039608,-0.9942,0.024193,-0.038198,-0.0206,0.99564,-12.503,-0.71803,-13.68,0.57061,22.637,0.71626,-19.446,-0.0096582,0.0081158,-0.0062306,-0.98212,0.0096549,-0.023642,-0.0028447,1.0721,1.8727,-0.62822,-11.303,1.0383,5.9349,-0.53301,0.90075
32.7,-0.033697,-0.004222,-0.0483,-0.99116,0.021392,-0.039296,-0.024468,-0.97763,-13.875,0.38598,-14.531,0.90927,24.313,1.6201,-20.569,-0.022589,0.010214,-0.0048339,-1.0011,0.0051361,-0.015984,0.0011693,2.1593,-0.24749,-2.4054,-9.696,-1.1476,6.4063,1.2856,0.24972
32.8,-0.048321,-0.0031913,-0.040113,-0.99339,0.013584,-0.037583,-0.011718,-1.1358,-12.692,0.19704,-14.758,1.3349,23.45,1.4373,-21.041,-0.00714,0.021818,-0.0019763,-0.99205,0.0021915,-0.017215,-0.0027648,1.1955,3.0686,-2.479,-10.395,-0.50764,4.8271,1.0124,2.5888
32.9,-0.021389,0.0049712,-0.024143,-0.99707,0.017053,-0.039895,-0.013124,1.5592,-13.07,-0.5209,-14.485,-0.16168,23.518,-0.14616,-20.733,-0.043283,0.015316,0.0052525,-1.005,0.0032536,-0.014925,0.0073796,1.0276,3.8784,1.0791,-12.335,-0.87971,5.539,-0.23991,1.8187
33,-0.041238,-0.0010441,-0.017435,-0.9931,0.015155,-0.041775,-0.019067,1.6626,-11.562,-1.3446,-16.077,1.4191,25.528,-1.4703,-17.012,-0.03629,0.0028966,-0.01116,-0.98311,-0.0069348,-0.01579,0.00013488,0.63708,2.9737,-1.5654,-11.601,0.9676,5.2293,1.5818,1.6156
33.1,-0.038612,0.010336,-0.035205,-0.9967,0.015101,-0.029045,-0.022752,2.3497,-11.847,-1.9648,-16.46,2.3709,24.7,-1.0074,-17.857,-0.02036,0.019918,-0.010216,-1.0025,0.0060923,-0.0045011,0.006971,1.5157,2.0879,-0.29257,-11.588,0.14428,5.0259,0.53072,2.1005
33.2,-0.031919,0.015441,-0.044062,-0.99373,0.0066534,-0.043753,-0.010455,0.0019859,-12.719,-1.401,-15.85,1.101,24.816,-0.45543,-20.028,-0.026426,0.0361,-0.020855,-1.0048,-0.0062736,-0.015434,-0.0060097,-0.82278,3.4727,-1.779,-13.199,0.92594,3.7541,0.0076895,1.4327
33.3,-0.022533,-0.0055649,-0.026924,-0.99405,0.0048119,-0.034238,-0.013548,0.22065,-10.747,-1.4211,-17.589,-0.3065,25.557,-1.7426,-18.123,-0.033895,0.018179,-0.0085045,-1.0017,0.0081243,-0.0056978,-0.009226,3.2418,3.8078,-1.0779,-13.59,-1.1754,3.2937,-0.11528,1.9782
33.4,-0.05784,0.014473,-0.027934,-0.99881,0.012088,-0.026485,-0.02436,1.5122,-11.669,-0.31811,-17.274,1.5526,25.674,-0.92186,-19.354,-0.0065298,0.016621,-0.0053781,-0.99572,-0.0047728,-0.00081045,0.0033542,2.726,5.8963,-1.9808,-12.968,0.19667,4.4621,-1.095,3.0961
33.5,-0.050095,-0.00012612,-0.039907,-1.0024,0.010035,-0.023462,-0.025717,1.3435,-7.745,-1.6772,-19.642,0.62568,25.152,0.52808,-19.894,-0.026614,0.019975,0.0057135,-1.0058,0.0011078,-0.014711,-0.0092377,2.1645,5.0346,-0.71605,-12.628,-0.80642,3.456,0.32282,2.2744
33.6,-0.048054,0.017242,-0.027058,-0.99914,0.003306,-0.022687,-0.025038,0.3702,-9.9574,0.37164,-18.208,1.2747,25.239,-1.1044,-20.116,-0.01608,0.048964,0.0025328,-1.0118,-0.0072931,-0.0074773,-0.0033219,1.5399,6.0306,-0.97651,-12.967,-0.037788,4.5244,2.2187,2.9172
33.7,-0.040663,0.01314,-0.024374,-0.98917,0.012621,-0.016973,-0.011873,-0.56578,-9.0344,-0.77847,-17.791,-0.53964,25.973,0.19565,-17.552,-0.031964,0.033815,-0.0011361,-0.99181,-0.0094577,-0.0074148,0.0018319,-0.25036,4.2534,-2.5476,-15.267,0.61116,1.7792,0.75527,2.1781
33.8,-0.053426,0.0091677,-0.030028,-1.0066,0.002298,-0.023436,-0.0090436,1.4387,-8.1633,-0.4075,-18.298,1.1126,23.503,-0.41142,-20.716,-0.0058203,0.039187,0.00021728,-1.0163,-0.0026808,-0.0021934,0.0016807,1.5111,5.564,-0.60357,-14.466,-2.0398,3.7621,1.321,2.2534
33.9,-0.043188,0.0093519,-0.025193,-0.9881,0.0049172,-0.02193,-0.016984,0.81669,-10.831,-1.0341,-18.534,0.059576,26.494,-1.6983,-20.669,-0.025018,0.011188,-0.016279,-0.99304,-0.0047122,-0.0019517,-0.0042463,0.76351,5.8148,-0.94255,-14.58,-0.99836,5.0728,0.77543,2.4955
34,-0.040281,0.004077,-0.034721,-0.99773,0.0033033,-0.026692,-0.015366,0.29714,-8.9088,-0.72181,-18.862,-1.5343,27.531,0.51587,-20.02,-0.025639,0.011933,0.011578,-1.0003,-0.0067971,-0.0040744,0.0035421,1.0869,5.73,-1.2243,-15.626,0.015925,5.4974,-0.6759,3.2187
34.1,-0.049194,0.003909,-0.030251,-1.0114,-0.00046915,-0.022286,-0.016363,0.84409,-7.5137,-0.18096,-20.421,1.0762,26.527,1.1744,-21.129,-0.037122,0.023486,-0.0023902,-0.99664,-0.0047978,0.00069711,-0.0067782,0.018232,7.5048,-1.2565,-15.723,-0.33065,3.6336,-0.17503,2.1055
34.2,-0.042166,0.024261,-0.016782,-0.99358,0.0063182,-0.019829,-0.021919,1.0923,-8.2547,-2.0175,-21.677,-1.5807,26.215,-0.83784,-21.31,-0.03791,0.026864,-0.015558,-1.0169,-0.0084767,0.0010425,-0.0022562,-0.13566,7.0165,-1.4095,-16.222,-1.087,3.8157,-0.19309,2.0289
34.3,-0.051143,0.020418,-0.023235,-0.98692,0.0035882,-0.022548,-0.016285,1.2729,-8.187,-0.57866,-20.919,0.45214,24.856,-1.9038,-19.616,-0.029307,0.01702,-0.0017252,-1.0062,-0.0081884,0.001122,-0.00090321,1.6225,9.9724,0.54822,-17.165,-1.7496,3.1147,1.0183,3.7666
34.4,-0.034069,0.019754,-0.014573,-0.99311,-0.013549,-0.018909,-0.024842,1.3523,-7.4389,-1.268,-21.392,0.95283,25.633,-1.1477,-18.967,-0.021836,0.020377,0.010418,-0.99429,-0.018661,0.0062241,-0.0022848,2.4232,9.4425,-0.046998,-16.144,-0.40111,2.2926,1.1034,4.6387
34.5,-0.05042,0.010704,-0.026957,-0.9847,0.0036138,-0.015296,-0.011235,0.14146,-7.4035,-1.306,-20.461,-0.096795,26.002,-0.63581,-19.8,-0.013557,0.026507,-0.012451,-0.99972,-0.02155,0.0038637,0.0045054,-0.58618,7.916,-2.9901,-15.749,0.42567,2.3659,1.9172,4.8336
34.6,-0.051408,0.013296,-0.022471,-0.99742,-0.0014768,-0.02433,-0.025622,1.8989,-6.6041,1.1086,-23.311,0.83492,25.226,-0.24916,-20.112,-0.025705,0.058697,0.0028338,-1.0182,-0.0047474,-0.0058886,-0.0077324,2.1032,8.8501,-2.3777,-17.608,-0.10904,1.9054,1.2355,3.617
34.7,-0.040945,0.01789,-0.026613,-0.9981,-0.0068218,-0.019168,-0.025704,0.5423,-5.961,-1.3299,-23.787,1.0856,25.777,-1.0677,-20.261,-0.032524,0.034347,-0.00062254,-0.99982,-0.008798,0.0031566,-0.0053612,-0.51989,10.526,0.46937,-18.382,-1.1848,1.1936,1.5211,4.9745
34.8,-0.050984,0.021902,-0.015135,-0.99537,-0.0037283,-0.020758,-0.019052,-0.43539,-7.2997,-1.7753,-23.74,-0.80522,26.062,-1.5936,-20.721,-0.022887,0.044684,-0.0011518,-1.0107,-0.019035,0.0032431,0.0014663,0.76563,11.616,-0.25867,-16.67,1.6965,0.55505,-0.24576,4.1452
34.9,-0.059541,0.011146,-1.0333e-05,-1.0011,-0.015009,-0.020694,-0.02369,-0.50461,-5.7376,-1.2023,-23.925,-1.2296,25.465,0.61288,-18.958,-0.022763,0.026337,-0.0043842,-0.99173,-0.014827,0.0082741,-0.0019101,0.94309,9.5803,-1.8393,-16.573,-1.6516,1.8813,0.97379,6.4203
35,-0.052845,0.026961,-0.0074715,-0.99341,-0.0054141,-0.016146,-0.0090373,0.63942,-6.9554,-2.8866,-24.785,-0.074905,26.248,-2.0054,-18.97,-0.018758,0.010622,0.012488,-1.0112,-0.010285,0.012357,-0.0030633,2.0642,9.1422,-1.8624,-17.334,-1.8509,0.22012,0.98673,4.9268
35.1,-0.049433,-0.0044185,-0.0023604,-0.99601,-0.016764,-0.020854,-0.014972,0.089088,-6.2962,0.20804,-23.779,-0.50982,24.162,-2.3448,-21.226,-0.01794,0.039999,-0.0026024,-1.0081,-0.023618,0.016342,-0.0086613,-2.0278,10.745,-0.064918,-16.526,-0.28031,-0.94169,0.20428,5.8429
35.2,-0.031065,0.026807,0.0038645,-0.9866,-0.0028334,-0.012626,-0.019088,0.38765,-4.8869,0.63949,-24.575,1.9246,26.755,0.015149,-20.773,-0.017931,0.019395,0.0016022,-1.0052,-0.011468,0.010282,-0.0017483,-0.7728,9.0764,-0.41256,-18.285,-0.7172,-0.311,0.64494,5.1112
35.3,-0.043427,0.023222,-0.0024179,-1.0037,-0.020929,-0.012067,-0.019755,-0.41008,-3.602,-1.9556,-24.114,-0.037581,25.924,-0.73738,-21.168,-0.007241,0.022944,-0.0064272,-1.0068,-0.01204,0.023734,-0.0028167,0.94774,10.943,-1.1644,-18.283,-0.39731,0.82629,0.44447,6.3333
35.4,-0.075086,0.031194,-0.0018292,-1.0083,-0.014439,-0.0095919,-0.017536,0.54372,-5.0917,-1.0935,-25.013,-0.43255,24.97,-1.2512,-21.988,-0.012917,0.02604,0.015965,-1.0122,-0.022464,0.013133,-0.0062151,1.8778,10.727,-1.6831,-19.345,-0.92875,-1.3948,0.83074,5.4275
35.5,-0.044455,0.02217,-0.034077,-0.99715,-0.008656,-0.0077528,-0.022848,-0.26216,-3.9685,-2.9033,-23.559,-1.8354,25.769,-0.24225,-21.517,-0.02776,0.029537,-0.015995,-1.0027,-0.014097,0.021597,0.010217,0.62825,9.8435,-0.68752,-20.158,-1.4974,1.3608,-0.41301,7.8008
35.6,-0.043663,0.03237,-0.018437,-0.98398,-0.016396,-0.024848,-0.010995,1.2044,-1.932,-0.40677,-25.193,0.55661,26.262,1.5367,-19.642,-0.014593,0.033181,-0.005304,-0.98686,-0.01216,0.013217,0.00032533,-0.78986,10.074,-1.6668,-21.245,-2.462,0.22585,0.34055,9.0233
35.7,-0.045799,0.013912,-0.0071779,-1.0138,-0.0025098,-0.0075559,-0.013314,1.5787,-2.5893,0.81335,-26.817,-0.93446,25.77,-0.1928,-20.794,-0.0048168,0.011152,0.015878,-1.009,-0.014758,0.025508,-0.0057111,0.57873,10.73,-0.32162,-19.48,-2.0106,-1.0484,1.7727,9.1366
35.8,-0.054451,0.026169,-0.02148,-0.99819,-0.022828,-0.013896,-0.00565,0.48225,-3.1938,-2.3734,-26.172,-2.0863,24.533,-1.9764,-21.545,-0.0023772,0.034944,0.0060447,-0.99765,-0.0058725,0.021326,-0.0045162,0.77909,9.3535,-0.78513,-20.068,1.1945,-0.3534,1.3696,7.4368
35.9,-0.065961,0.028666,-0.01608,-0.99881,-0.011826,-0.0035892,-0.00249,2.2089,-1.4195,-0.82062,-27.109,-0.59219,23.599,-0.19669,-20.799,-0.020768,0.025058,-0.0089885,-0.99098,-0.019142,0.020158,-0.0020595,-0.57936,11.53,0.12758,-19.975,-0.83982,-2.0353,1.9237,8.9286
36,-0.033125,0.019648,-0.0069037,-1.0131,-0.017805,-0.0093319,-0.010595,1.3186,-3.2794,-2.771,-26.08,0.99497,23.516,0.26107,-21.86,-0.0056055,0.030477,0.0050535,-1.0336,-0.012424,0.013274,-0.0046181,0.92595,9.1198,-0.014124,-22.533,-0.3313,-2.3401,-0.79513,8.8765
36.1,-0.038832,0.028431,-0.012795,-0.96998,-0.014112,-0.0028201,-0.014916,0.92544,-3.2276,-1.5667,-27.632,-0.15438,24.431,-0.34263,-19.531,-0.012298,0.020222,0.0088536,-1.0003,-0.016147,0.020472,0.00033288,-0.43449,8.7135,-0.25763,-19.556,1.5863,-1.9712,-0.58109,7.5687
36.2,-0.029873,0.013182,0.0012313,-0.9935,-0.029658,-0.006761,-0.010945,0.14111,-1.1772,-0.85315,-28.468,-1.0336,23.073,2.4522,-20.861,0.0063292,0.02298,-0.021727,-0.99715,-0.001514,0.02367,-0.0020674,-1.7358,11.177,-0.21935,-22.414,-0.91309,-3.0422,-0.98793,9.2128
36.3,-0.048405,0.017833,-0.012744,-1.0131,-0.026849,-0.00052466,-0.0065011,0.22897,-1.0604,-0.51707,-28.202,-0.80004,24.076,0.83105,-21.846,0.012532,0.011505,-0.0095328,-1.0128,-0.012589,0.016399,-0.002349,0.40106,11.605,0.24353,-20.252,0.47196,-1.3313,1.1163,6.5506
36.4,-0.02755,0.038918,-0.024189,-1.001,-0.026071,-0.0018817,-0.010506,0.13125,-1.4961,-0.058792,-28.015,2.0654,20.92,0.50812,-20.276,-0.0034956,0.012848,-0.0018728,-1.0139,-0.013055,0.015503,0.00051394,-0.89412,10.202,1.3629,-19.047,0.49724,-3.4427,-0.98529,7.5773
36.5,-0.030603,0.034731,-0.020901,-0.99385,-0.026481,0.0080785,-0.0065839,0.091018,-1.617,-0.07251,-30.064,0.34313,24.665,-0.34587,-20.716,-0.0011517,0.020945,-0.02251,-1.0203,-0.0097255,0.012527,0.0052034,0.73146,8.4709,0.18422,-19.91,-0.81441,0.393,-0.81061,9.4977
36.6,-0.037117,0.04207,0.0075288,-1.0082,-0.023531,0.0046624,-0.0046701,1.3595,0.18242,-0.33671,-29.565,-0.02096,22.984,-1.8627,-22.357,-0.014269,0.019842,2.0064e-06,-0.98335,-0.018648,0.021671,-0.0077719,-0.76633,10.421,0.40312,-21.397,2.3434,-1.2152,-0.24408,6.7278
36.7,-0.036944,0.046157,0.0098665,-0.99398,-0.02525,0.0033641,-0.0097038,0.42181,0.56506,-1.5354,-31.384,-1.7496,21.809,0.4626,-20.14,-0.024616,0.00014532,0.007868,-0.99457,-0.0062194,0.010713,0.0010096,-1.3792,9.6637,1.3666,-17.361,0.33105,-0.27973,1.005,8.8143
36.8,-0.034452,0.020194,0.0027801,-0.99191,-0.02385,0.0017348,-0.012891,1.2982,-1.8836,-1.6869,-30.462,-2.5953,23.348,0.095881,-21.007,0.0025343,0.015215,0.011535,-0.99316,-0.013357,0.015568,-0.0042858,-1.8914,10.269,2.3402,-19.441,-1.0224,-0.58999,-1.2059,7.653
36.9,-0.032118,0.030877,-0.02085,-0.99306,-0.022973,-0.0021669,-0.014706,0.26467,1.0632,-0.061392,-30.961,-0.59286,21.86,-0.51075,-20.556,0.0060511,-0.011619,-0.0009709,-0.99691,-0.0046408,0.019052,0.0012471,-1.573,7.3225,1.7643,-19.182,-0.66828,-2.3018,-0.53475,7.5267
37,-0.02292,0.03303,0.007566,-1.0177,-0.020012,0.0066559,-0.0078836,-0.3627,0.46739,-1.0286,-31.949,-0.66664,22.47,0.14525,-20.412,-0.00075628,0.021947,0.0032014,-1.0029,-0.0029984,0.014718,0.001303,0.018329,10.02,-1.0103,-19.984,-0.91401,-2.6192,2.0522,7.4252
37.1,-0.042897,0.016305,-0.00237,-1.0154,-0.018825,-0.0030503,-0.0045292,1.8109,-0.36945,-0.8984,-31.85,-0.95059,19.767,0.39092,-19.285,-0.0099504,0.016502,0.0052269,-1.007,-0.0062394,0.014248,-0.0013876,2.1048,8.6121,0.31353,-16.59,-1.6679,-0.13385,1.0157,7.7228
37.2,-0.033689,0.017249,0.016053,-0.99432,-0.01905,0.015285,-0.0085506,1.6462,-0.58353,-1.5106,-31.862,-1.5568,21.741,1.4352,-20.222,-0.010888,0.0076345,0.0094811,-0.99626,-0.012553,0.0068972,-0.00071255,-0.783,7.9122,-1.102,-18.109,-1.8287,-0.61208,-0.21427,9.6752
37.3,-0.035525,0.020826,-0.0099688,-1.0006,-0.030169,0.012346,1.6176e-05,-1.3087,2.7766,-2.0676,-32.671,-1.5208,21.88,-0.2109,-20.313,-0.0062471,0.014424,0.014222,-1.0239,-0.0030858,0.018083,-0.0031986,0.022042,9.0366,1.428,-18.696,-1.9164,0.58432,0.20399,8.1576
37.4,-0.025658,0.016249,-0.026571,-1.0008,-0.033126,0.015769,-0.0061508,1.1576,3.2541,0.71239,-33.827,-1.9364,20.391,0.56069,-18.284,-0.015477,0.0088878,0.031747,-0.9867,-0.004789,-0.001342,0.0028041,-0.0056333,8.7838,1.2059,-17.808,0.56349,-1.0107,-2.2342,8.5228
37.5,-0.021528,0.029746,0.014749,-0.99505,-0.034368,0.018419,-0.014296,0.11265,0.46187,-2.1736,-33.025,-3.036,22.06,-1.2636,-18.474,-0.016768,0.016088,0.0085008,-0.97855,-0.0046689,-0.0065933,0.015452,-0.090803,8.4859,-0.32591,-15.715,-0.076516,-0.29331,0.99696,8.1852
37.6,-0.035721,0.019182,-0.011462,-0.99583,-0.01798,0.022889,-0.0048834,-0.38477,1.6881,-1.0534,-34.935,-0.56998,20.804,2.1713,-19.918,0.016798,0.019854,-0.0079355,-0.99447,-0.00959,0.0047866,0.0016689,0.11974,8.5314,-2.6518,-16.447,2.1668,-0.7739,3.0149,7.7888
37.7,-0.033293,0.018689,0.0092993,-0.99768,-0.024134,0.014615,-0.001468,-4.6107,2.127,-1.3943,-34.684,-1.2774,18.716,1.1084,-16.754,5.8344e-06,0.018366,0.0051043,-0.97586,-0.00011493,0.014819,-0.0013088,0.33088,6.9939,-1.0639,-15.966,-0.4248,-0.23566,0.52101,7.8291
37.8,-0.01724,0.026321,-0.013226,-0.98413,-0.026701,0.013516,-0.0034323,-0.73463,1.135,-1.8712,-34.981,-2.0945,18.555,3.1038,-16.986,0.0082283,-0.0064636,-0.0066091,-1.0125,-0.015085,0.0060517,0.001559,0.91463,9.5428,-0.30316,-17.713,0.12292,0.89122,-0.14312,7.4351
37.9,-0.054058,0.017786,-0.0083384,-1.0004,-0.026103,0.021238,-0.0024416,-1.9102,-2.8548,-2.6458,-35.36,-0.48736,17.345,-0.98282,-16.879,-0.0032505,-0.0011155,0.0075369,-1.0096,-0.0173,0.0069059,-0.0064894,-0.072096,6.5333,-0.17439,-15.875,-2.1879,0.66869,0.77782,7.5002
38,-0.02925,0.029819,0.010135,-0.9976,-0.01509,0.023151,0.001255,-0.72371,1.2999,-3.4857,-35.589,-0.89147,18.115,-0.25561,-17.18,0.0185,0.0070219,-0.0058451,-0.97617,-0.010842,0.0044257,0.0064749,-1.1169,9.8857,0.52206,-16.322,1.3028,-0.077353,0.20612,6.7828
38.1,-0.019952,0.00072275,-0.00093093,-1.0172,-0.019326,0.01837,0.0068129,1.36,2.0404,1.1688,-35.575,1.3181,15.822,1.1205,-17.619,-0.0075357,0.0060934,0.0042372,-0.98283,0.0010732,-0.00019686,-0.0043625,-0.22293,6.9383,0.47468,-18.055,-2.0436,-1.1805,0.044676,7.7356
38.2,-0.030267,0.0093884,0.0053753,-1.0236,-0.030892,0.02794,-0.011198,0.13639,-1.0613,0.61824,-33.93,0.55851,17.458,-0.042438,-17.226,-0.013915,0.023446,-0.0062179,-0.99163,-0.00082671,0.007968,-0.001755,-0.73677,8.1494,-0.1943,-17.965,0.080906,-1.6749,0.22648,6.6186
38.3,-0.022907,0.012587,-0.0017921,-0.99536,-0.020875,0.019079,0.0030583,-0.52318,-0.1771,0.82484,-35.354,0.65023,16.091,1.5622,-16.245,-0.0031456,0.007531,-0.0143,-0.98273,-0.0021254,0.0055374,0.0027842,1.6634,7.4813,0.64911,-16.22,-1.5039,-0.84538,0.88678,7.0977
38.4,-0.0060582,0.00094228,-0.0017659,-0.99569,-0.013192,0.021943,-0.00056964,-1.4821,-1.0803,0.57748,-35.146,-1.0205,17.825,-0.5404,-17.502,-0.00031893,0.0046332,0.0043015,-1.0032,-0.011024,0.012408,-0.0065662,-2.1019,8.7972,-0.047894,-17.016,0.54341,0.07984,0.028291,6.4326
38.5,-0.01241,0.0027258,-0.005605,-0.99575,-0.024025,0.020592,-0.0060185,-0.54952,1.0707,1.9139,-34.27,-0.050851,19.397,-1.9089,-17.449,-0.019604,7.246e-05,0.0041314,-1.0197,-0.0067425,0.015245,-0.0030879,-0.052621,8.88,-0.92769,-17.284,0.93857,-1.4637,-1.0576,6.9788
38.6,-0.0020613,0.023017,0.0019144,-1.0162,-0.011297,0.024666,0.0020831,-2.0125,-0.31861,1.0523,-34.762,0.47109,17.8,-2.6704,-17.416,-0.015861,0.016446,0.0015288,-0.99986,-0.0088529,0.011079,-0.013232,-0.29911,7.9893,0.50434,-16.534,1.8103,-1.3177,-1.3218,5.952
38.7,-0.023887,0.012896,0.0059742,-1.0066,-0.015871,0.019013,-6.9145e-05,0.34143,-0.73005,0.32295,-35.094,1.2693,18.122,-1.5631,-16.887,0.0027323,0.015888,0.0062964,-1.011,-0.010139,0.0051006,0.00079851,-0.073151,8.4845,1.9186,-16.572,-1.83,0.32049,-0.21339,8.6961
38.8,-0.0094524,0.0080195,0.0037093,-0.99233,-0.011871,0.0092855,-0.0030866,1.0685,-1.3274,1.5377,-33.976,-1.4052,19.586,-0.18857,-19.333,-0.003153,0.0065675,0.0021594,-1.0124,-0.0032386,0.0094707,0.00012798,0.1447,6.7391,0.30493,-15.918,-0.84582,-0.96973,0.17935,7.9278
38.9,-0.01371,0.01987,-0.013662,-0.98891,-0.017176,0.01501,0.0042992,-1.305,-2.0074,1.61,-32.12,1.4211,20.909,0.64477,-16.901,-0.0075731,0.018806,0.0028778,-0.99844,-0.0077799,0.0014059,-0.0064118,0.59256,7.8758,-0.5509,-17.236,-1.3237,0.9395,1.3879,7.8729
39,-0.014131,0.013634,-0.010891,-1.0125,-0.016301,0.011552,0.0051691,0.41655,-1.0537,2.4223,-32.94,-0.95478,17.102,0.73312,-19.336,0.021322,-0.011276,0.016785,-0.99475,-0.0043877,0.00832,-0.0088027,-0.58213,8.6782,0.27745,-15.915,0.55877,-2.1531,0.31033,6.197
39.1,-0.016131,0.021273,0.00016511,-1.0068,-0.0078084,0.015409,0.0014896,-2.4487,-1.847,1.332,-31.123,-0.59156,16.11,0.95819,-17.242,-0.010844,0.0019963,0.012402,-1.0029,-0.0035328,-0.00069785,0.0050152,2.6603,8.5657,-0.50909,-16.726,0.96376,0.19846,3.621,7.6874
39.2,-0.019454,-0.015243,0.011637,-0.99122,-0.012972,0.0068594,-0.0025242,-1.3501,-3.7151,-1.8914,-33.259,-0.94923,17.281,-1.0711,-20.031,-0.0097174,0.014936,-0.00022599,-1.0081,-0.0023136,0.010421,-0.0064536,0.45198,9.4877,-0.54388,-15.652,0.88973,-0.49537,0.76333,7.9174
39.3,-0.011817,0.003106,-0.035375,-1.0038,-0.010748,0.012467,-0.00201,1.9136,-0.68205,-1.9312,-31.665,-0.013554,17.121,1.1296,-18.118,-0.0041252,0.011158,0.011266,-1.016,-0.004323,0.0028864,0.0050783,0.30616,7.2691,-0.37203,-15.396,0.67176,-1.0752,-1.2984,7.4954
39.4,-0.0015605,-0.0032001,-0.01735,-0.99708,-0.0064861,0.016378,0.0053599,0.55606,-1.7504,0.90298,-31.29,1.2401,16.348,0.044067,-16.027,-0.010036,0.0012219,-0.012269,-1.0066,-0.0020095,0.003175,0.0050095,0.24432,6.9245,1.1556,-14.218,-0.51135,-0.84888,0.5938,9.834
39.5,-0.01347,0.021249,0.0033129,-0.99707,-0.0095532,0.012272,-0.0030779,-1.3542,-1.5918,-0.15351,-32.325,-0.64123,19.115,0.37521,-18.721,-0.0025025,0.013158,-0.010964,-1.0041,-0.0049444,-0.0041511,0.0066344,-1.7028,7.9216,0.11496,-16.575,-0.54328,-1.3998,0.2415,8.5252
39.6,0.011247,0.00021703,0.00038587,-0.98619,-0.0097641,0.01461,-0.0014248,-1.0073,-3.7354,1.1099,-30.222,1.0759,17.214,0.54719,-19.08,-0.011705,0.0054193,-0.0086274,-0.99743,-0.0077653,0.0056784,-0.010143,-1.6579,6.9823,0.25142,-16.16,-0.11237,-0.23498,0.52388,10.681
39.7,-0.015473,0.0027433,-0.023665,-1.007,-0.0082674,0.011778,0.010449,0.38875,-3.5759,1.2921,-30.593,-0.49321,18.191,-0.52819,-17.172,-0.018201,0.011231,-0.0078151,-0.9864,-0.00013177,0.0069996,0.005752,0.44278,7.7865,0.96897,-15.196,-1.3546,-0.62798,-1.0762,8.2645
39.8,-0.013891,0.01186,-0.012359,-0.98718,-0.006527,0.0020427,-0.011674,0.87117,-5.1495,-0.45546,-31.218,0.082695,17.611,3.0873,-16.335,0.0042566,0.0065515,0.0028022,-1.0009,-0.0028069,0.00037702,-0.0013861,0.85417,6.2031,0.73163,-16.62,-1.8834,-3.1886,0.53403,8.5876
39.9,0.00033062,0.0059199,-0.019543,-1.006,0.001446,0.0092509,-0.0041481,0.79437,-2.4973,-0.18864,-33.289,-0.64329,17.763,-1.7265,-17.752,0.00050101,0.023985,-0.0023792,-1.0011,-0.008565,-0.0012361,-0.0022925,0.78847,6.5631,-1.2896,-16.494,-1.4006,-0.59817,-1.8532,8.8087
40,-0.0091636,0.0011757,0.021824,-1.028,-0.012688,0.0052885,-0.0039074,1.7584,-3.3292,3.7517,-31.717,-3.0407,18.186,-1.6487,-18.179,0.01426,0.0082561,-5.4771e-05,-1.0073,-0.0065265,0.00098911,0.0033713,-0.56569,9.4434,-1.692,-16.536,1.4714,-0.29926,1.7336,9.1388
40.1,-0.0070631,0.0070004,0.00054751,-0.99857,-0.010556,0.011038,0.0085108,0.46803,-4.7186,-3.361,-31.326,0.23074,17.708,-0.11269,-17.89,-0.0041269,-0.011423,-0.019393,-1.0132,-0.00096202,0.010251,0.008711,0.76442,6.5945,-1.4422,-16.69,1.6383,-0.75727,-0.22284,8.1458
40.2,-7.5308e-05,-0.0016028,-0.0013768,-1.0102,-0.0010702,0.013249,0.0005074,-0.46219,-3.0381,-1.5363,-32.736,-0.13633,17.214,2.9499,-18.446,0.0026935,0.0096692,0.0029021,-0.99659,0.0029293,-0.001338,-0.0050063,-0.8199,7.6894,-0.002618,-15.106,0.48269,0.85056,0.635,8.279
40.3,0.0024673,-0.01071,0.0019493,-1.0036,-0.011566,0.020334,0.0081952,-2.6973,-2.4194,0.86259,-31.84,1.5244,17.613,-0.065875,-17.392,0.0065172,-6.7908e-05,-0.0067127,-0.98472,0.0043062,0.005884,-0.0040672,0.46747,9.4114,0.79237,-14.768,-0.89288,-0.80513,-0.95693,7.4849
40.4,0.0058091,-0.0046442,0.00034144,-1.023,0.003766,0.0025632,-0.0014767,0.91615,-5.1771,1.9283,-32.315,0.55163,18.038,0.13877,-16.926,0.0035827,0.0075348,0.017407,-0.99095,-0.0058798,-3.9909e-05,0.0019304,1.4732,8.9232,0.46233,-17.247,0.0039772,-0.80017,-0.92221,7.7681
40.5,-0.014164,0.024764,0.0060144,-1.01,-0.0026375,0.0099019,-0.0038338,1.5647,-4.0202,1.9211,-31.29,-0.062853,18.196,-1.4413,-17.841,-0.007339,0.0072395,-0.010107,-0.9943,0.00039024,0.0019109,0.0007813,0.15691,9.079,0.86795,-14.391,1.3335,-1.1725,-0.30241,8.3755
40.6,-0.014994,-0.0017647,0.0020503,-0.99568,-0.0049761,-0.00097144,-0.0022255,1.2929,-4.3147,-1.422,-30.903,0.18904,17.516,-0.0012139,-19.862,0.0085956,0.0040727,0.018027,-0.99765,-0.0033705,-0.0039699,-0.006738,-0.60627,7.7332,-2.5089,-16.345,1.4837,-0.059937,0.94438,7.9842
40.7,-0.016589,0.0037658,-0.013983,-1.0039,0.0053789,0.0032889,-0.0026639,-0.36499,-4.2458,-1.6353,-31.672,2.3428,18.648,0.50778,-20.303,0.01595,0.013184,-0.010122,-0.99145,0.00013482,0.0096485,0.0032865,-0.89722,7.3032,-2.6617,-16.139,-0.1157,-2.3405,-0.89222,7.9811
40.8,0.0083288,-0.0068619,0.0078766,-1.0061,-0.0031669,0.0050543,-0.0086019,0.31834,-2.103,-1.5783,-30.523,1.223,18.367,-0.61692,-17.989,-0.0068594,0.0019367,0.0097389,-1.0065,-0.00092629,0.0037844,-0.0023769,2.2642,9.4201,0.74275,-17.512,-0.005694,-1.5099,-1.0925,6.7476
40.9,-0.012165,0.0078796,0.012678,-1.0039,-0.0013084,0.01575,-0.0043167,0.15512,-5.1637,1.0554,-31.784,-1.6892,17.596,-0.37145,-19.065,-0.0010163,0.007254,0.0095457,-1.0071,0.0024005,-0.0056522,0.00039816,0.032429,7.0027,1.9248,-16.091,-1.5353,1.1526,1.0649,7.9593
41,-0.0067299,0.0046722,-0.013763,-1.0208,-0.010636,0.00064579,-0.0053209,-1.3083,-5.0532,-0.37996,-32.85,-0.41971,17.84,-2.4601,-17.754,0.0016147,-0.0045224,-0.0066189,-1.0024,-0.0046041,0.00097101,0.00033333,1.1375,9.3091,-1.6896,-14.416,-0.67339,-1.2101,-0.35819,6.5834
41.1,0.0093668,-0.0077671,-0.021071,-0.99841,-0.0025031,0.0064038,0.00090475,-3.3813,-4.4426,-0.10123,-30.893,-1.0047,18.349,0.29063,-19.211,-0.0033814,-0.0013624,0.0076514,-0.99011,-0.0022682,0.0027088,0.0030444,0.33283,7.5889,-2.2346,-16.748,-0.60239,-0.8625,1.2619,9.229
41.2,-0.028561,0.016002,0.00016422,-0.99802,0.0026217,-0.010901,0.0038166,-0.02128,-4.674,0.17837,-31.176,0.49668,16.538,-0.78556,-19.272,0.011328,-0.0098344,-0.022671,-1.0111,-0.0025159,0.0039193,-0.002243,-0.52729,7.5298,-0.41606,-16.54,-1.2138,-2.8249,1.6719,8.3765
41.3,-0.02137,0.0083232,-0.0084853,-0.99544,0.0043433,0.0069616,-0.00074504,-1.0982,-5.0058,-0.51121,-32.279,2.6359,19.598,1.0511,-16.716,-0.0095198,-0.0051785,0.014423,-1.0022,-0.0060074,0.0086911,0.0038622,-1.3273,9.7034,0.81114,-16.99,-1.3989,-0.67522,1.0714,9.3673
41.4,0.0036017,-0.0024001,-0.0010879,-0.97554,0.0046581,-0.0015664,-0.0072395,0.4419,-3.8111,-1.0072,-31.488,1.8498,18.587,0.27206,-18.652,-0.0055673,0.0035119,0.00042622,-1.0071,0.005847,0.0015698,-0.0052523,0.46453,5.1997,1.017,-16.357,0.036087,-0.70108,-1.0476,7.2912
41.5,-0.0017648,-0.0019007,0.0081361,-0.99671,-0.0042749,0.0013385,-0.0086826,-0.15472,-5.1692,1.036,-30.79,-1.8526,17.349,-1.296,-18.363,-0.0060572,0.010333,-0.00095039,-0.99874,0.0063198,-0.00075582,-0.003497,-1.9294,8.8647,0.19763,-17.123,-0.74092,-0.93878,-1.218,6.2709
41.6,0.006192,-0.006006,0.00061926,-1.0197,-0.0078501,0.0041967,-0.00084245,-0.52742,-2.321,-0.26257,-30.156,-0.40119,17.767,0.31743,-19.611,0.0069625,0.00017201,0.0097389,-1.0041,0.001118,-0.0020844,0.0033747,1.6156,8.1232,0.82039,-16.011,-0.52758,-0.38566,-2.3466,5.9557
41.7,0.0024855,-0.00011086,0.0048271,-1.0059,-0.0079759,0.0027671,-0.0012683,-2.4738,-4.0431,-1.6255,-30.591,-0.33863,18.575,-0.77837,-18.583,-0.00097212,0.00071633,-0.0065039,-1.0136,-0.0037382,0.0015636,-1.9491e-05,0.032741,8.0315,-0.33372,-17.349,-0.28931,-0.10559,1.526,7.4909
41.8,-0.0036487,-0.015629,0.013366,-1.0031,0.0050632,0.0070493,0.0054929,-1.1286,-5.1864,-0.16091,-29.871,0.61816,17.321,-0.23885,-16.61,-0.0022766,0.0015117,-0.020573,-1.0054,-0.0066209,-0.00056035,-0.0054151,-1.2677,7.0216,-0.65254,-18.287,-0.5347,0.41155,0.72464,7.3342
41.9,-0.0080639,0.0039867,0.01726,-0.99471,-0.0094173,0.0024323,-0.0058335,-1.2575,-3.9237,-1.6222,-31.206,-1.0657,16.252,-0.05614,-16.684,-0.0062693,0.012184,-0.0054287,-1.0012,-0.0049061,0.0029573,0.0031936,-0.64121,8.5461,0.099445,-16.812,0.08927,2.9274,-0.62327,10.211
42,-0.013468,0.0032854,-0.0074039,-0.99467,-0.0031771,0.00038974,0.0087288,-1.147,-4.4972,-0.13153,-30.319,-1.1003,19.188,-1.4232,-18.829,-0.0048272,-0.000269,-0.020236,-1.0088,-0.0020033,-0.0073923,-0.010041,0.6651,5.474,-1.1847,-16.49,-0.24209,0.93156,-1.9116,8.413
42.1,0.016419,0.013952,0.00064179,-0.98615,0.0015923,-0.0030471,0.0063284,1.3879,-4.9018,0.62474,-31.66,1.2798,16.795,-1.2041,-17.283,0.0044342,0.017862,-0.014677,-1.0118,0.00036387,0.0093247,-0.0042417,-0.14036,7.1989,-0.20244,-16.866,0.040384,0.039435,-0.98825,7.9499
42.2,0.000345,-0.0011906,-0.013555,-0.99422,0.0048748,0.012382,0.0083366,-0.036356,-4.7282,-0.94121,-30.659,1.6902,16.838,1.3912,-16.818,0.014767,0.0109,0.014537,-0.99318,0.0062533,0.0035699,0.00027944,-0.88482,8.7345,0.66512,-15.615,0.64734,-0.13403,-0.24258,6.85
42.3,-0.019209,-0.0017225,0.00046415,-1.0004,-0.006827,0.0033628,0.011765,-0.49857,-5.9366,-2.3791,-30.452,0.4887,16.738,1.1239,-17.695,-0.0036385,-0.0056848,-0.0053515,-0.97881,0.0018139,-0.002653,0.0025177,0.55674,7.4545,0.27857,-18.58,0.041033,0.29029,-0.71493,7.2019
42.4,-0.00060151,0.012025,-0.0073026,-1.0065,-0.0022929,0.00080296,-0.0061781,-0.026133,-2.9759,-0.29146,-30.946,-0.14754,19.899,-0.18229,-16.529,0.021123,0.0068693,-0.02065,-1.0122,0.0075279,0.0099603,0.00011331,-0.70966,7.6666,-1.5761,-15.525,-0.71036,-0.12878,-0.80939,7.413
42.5,0.0037356,0.011868,0.0002821,-1.006,0.0057581,0.0027909,-0.0067471,0.27419,-5.1271,2.2841,-31.599,-1.0934,17.849,1.5613,-15.728,0.0039347,-0.021649,0.013377,-0.99329,-0.0028349,-0.0044173,0.017276,2.0949,8.2301,0.066798,-18.164,-0.26287,-0.93081,-0.054232,8.6946
42.6,-0.01032,-0.018732,-0.01535,-0.99818,-0.00036224,-0.0020821,-0.0013868,-1.4646,-3.1888,-1.851,-31.078,0.96057,16.403,1.5224,-17.185,-0.018561,-0.0082972,-0.0016238,-1.0049,-0.0091364,0.001636,-0.0033077,-0.87788,8.6346,-1.6729,-18.474,2.0918,-2.4096,-0.35817,6.9972
42.7,-0.0026892,-0.019684,0.013533,-1.0096,-0.0012022,0.0036146,-0.0024085,-0.32259,-7.0213,0.1888,-31.08,-0.27383,17.587,1.1322,-17.026,0.012879,0.0047544,-0.0034604,-0.98861,0.0040572,0.0076068,-0.0012572,-1.1796,8.8022,-0.24892,-16.781,1.4464,-0.07307,-0.48133,9.0976
42.8,-0.013731,0.0087295,0.0019474,-0.99904,-0.00084584,-0.0053741,0.0068851,0.72534,-4.6396,-0.93287,-28.978,0.074974,17.967,0.66573,-17.098,-0.0028544,-0.024265,-0.0011539,-0.9948,0.0052584,0.006018,-0.0068131,-0.56545,7.5607,1.4864,-16.422,-0.81805,0.92107,-1.199,6.9011
42.9,-0.0045843,0.024764,0.013165,-0.98981,0.00098955,-0.0013216,4.9556e-05,0.76154,-5.3169,-0.68909,-30.489,0.041607,17.403,-0.80905,-18.542,-0.0066072,0.0015625,0.0067845,-0.98749,0.0043083,0.011507,-0.005309,1.7645,6.9325,0.027349,-16.411,0.087007,-0.045859,1.4465,6.8809
43,-0.005118,-0.0026076,-0.0015257,-1.0084,-0.0031151,-0.0038575,0.0080427,-0.20276,-4.8076,3.2337,-29.992,-1.7308,16.885,-0.72138,-17.133,0.018417,0.0033379,0.016485,-1.0133,-0.0041424,-0.0040037,0.0088801,-0.13239,7.532,-0.74529,-17.017,-1.7689,-0.7117,-0.88177,8.363
43.1,0.0067369,0.0064282,-0.0080495,-0.98344,-0.0019699,-0.0050342,0.0039199,0.9834,-3.4157,0.12396,-30.601,1.5303,18.317,0.47005,-15.104,0.01171,-0.0013776,0.0098438,-1.0051,-0.00070309,0.00066393,-0.005557,0.1402,8.3107,-0.67942,-16.284,1.3273,-1.1126,-0.64308,7.1499
43.2,-0.00056574,0.011157,-0.0047206,-1.0141,-0.010318,0.0045352,0.0088384,-0.96111,-4.523,0.066683,-32.478,0.034487,17.003,0.25679,-17.825,0.0080016,0.0053311,0.007089,-1.0159,-0.010133,-0.0032299,-0.008021,-0.96698,8.1185,-0.46744,-15.864,0.63179,-1.2559,2.4429,6.7319
43.3,0.016337,-0.0054946,0.0074252,-0.99938,0.0012636,0.0045008,-0.0028847,-2.6487,-5.5845,-0.44367,-30.273,0.80317,18.094,-0.33769,-14.68,0.00055949,0.0030459,-0.019101,-1.0053,-0.00040896,-0.0047866,0.0067658,0.5304,7.2443,-0.14704,-17.587,2.2364,-0.96375,0.27037,7.5922
43.4,-0.015229,-0.011955,0.0040035,-0.983,-0.004287,0.0093809,0.0059707,-1.1925,-6.0334,1.1755,-30.076,-0.52687,17.979,-0.65857,-15.464,-0.0079927,0.0046947,-0.0029973,-1.0003,0.0093515,0.0011257,0.0041974,1.1304,5.9995,0.24879,-17.108,-0.87314,1.8396,0.37094,7.7157
43.5,-0.020195,0.015501,0.0041051,-0.98586,-0.0084071,0.0038495,-0.0037297,-0.044672,-5.3747,-0.07849,-29.186,1.0184,16.983,-1.3706,-17.23,-0.014407,-0.029157,-0.0046368,-0.99317,-0.0032221,0.0026345,0.001975,-0.11147,7.1087,-1.0695,-16.868,-0.35342,0.36574,-0.91277,8.7181
43.6,0.009053,0.0029131,-0.00031189,-1.0034,-0.0040237,0.0025346,0.0055055,1.5881,-4.7389,-0.013025,-30.944,0.5307,17.403,-0.033294,-17.211,0.022612,-0.0033208,0.00021075,-1.0246,-0.001319,0.0034505,0.0027275,1.4975,8.6983,-0.78914,-18.45,-1.8984,-0.21691,-1.1975,6.9959
43.7,-0.031929,0.010923,0.00069121,-1.019,-0.0063313,0.0037057,0.0022301,-1.2152,-5.5535,-2.5572,-30.842,0.42844,16.639,0.53077,-17.374,-0.0080548,0.0053814,0.0089174,-1.0038,0.0015074,-0.0064677,0.00013752,0.25565,6.5965,-0.99941,-17.083,-1.7804,0.62106,-0.22527,8.4115
43.8,-0.016726,-0.011027,0.0033192,-1.0218,-0.010405,0.0015234,0.0075642,0.030839,-5.0527,-1.6575,-30.6,1.0964,18.829,0.74238,-17.506,-0.019401,0.0011596,0.0011162,-1.0039,-0.0017485,0.0013488,0.0053665,-2.2383,8.9358,0.25946,-16.998,1.9536,1.1276,1.3295,8.086
43.9,-0.0078904,-0.003216,0.013461,-0.99556,-0.0053652,0.0038809,0.0034985,0.32826,-4.6686,-1.4439,-31.49,0.84875,18.632,-0.5238,-18.223,0.003519,0.0069865,0.0017751,-0.99808,-0.0049361,-0.0035397,-0.0086989,-2.0687,6.0836,0.21924,-18.124,1.9466,0.38155,1.1318,8.0288
44,-0.014548,-0.00081653,-0.016876,-1.0021,-0.0027831,-0.0072159,-0.0084614,1.6388,-3.0522,0.64619,-32.15,-0.74507,17.551,0.6519,-17.083,-0.00095557,-0.0057358,-0.0086408,-1.0152,-0.0020622,0.0020945,-0.003897,0.25143,5.2252,-0.033466,-18.227,0.14435,0.11111,-0.17224,8.5166
44.1,-0.0040584,0.017041,-0.0078135,-1.0114,-0.00070882,0.0006558,-0.0027632,-0.31287,-5.5151,0.35172,-31.81,-1.363,17.526,-2.3199,-16.275,-0.0015801,0.0045842,0.002563,-1.0019,-0.0012842,-0.00081392,-0.003792,-0.82893,6.9285,1.5175,-17.992,-0.11557,1.9973,-0.30747,8.6022
44.2,0.010896,-0.0022861,-0.00044728,-1.0041,0.0058493,0.0062397,-0.0041597,0.50876,-4.4929,1.2469,-31.5,0.21465,18.536,-0.72093,-15.46,-0.010318,0.0056527,-0.017122,-0.99976,-1.6822e-05,0.00012298,0.0017335,-0.46608,7.5042,1.0888,-17.744,1.0584,0.14337,-3.8547,7.4922
44.3,-0.0043971,0.0083677,0.0015916,-1.0077,0.0025851,-0.0061619,0.0032428,-1.2295,-5.0568,-0.45877,-29.47,-0.15142,16.765,1.6727,-18.472,0.012184,-0.011655,0.0040734,-0.99759,-0.0027947,-0.0087857,-0.0022095,-1.0537,8.8961,-0.41165,-17.493,-0.35559,-0.90917,0.060865,7.8934
44.4,0.0013533,-0.0029436,0.0051507,-0.99653,0.0027861,-0.001365,0.0027001,-1.1548,-4.0348,-0.22058,-29.641,-0.98699,19.324,1.1671,-15.657,0.0077831,0.0099695,0.01443,-0.98619,-0.00016476,-0.0029676,0.0082565,-1.4656,6.679,0.32244,-18.322,0.64597,1.3378,1.5402,7.4885
44.5,-0.0088215,-0.018174,-0.015367,-0.96521,0.0011524,0.0055697,0.0023481,-1.2789,-5.8753,1.2101,-30.902,0.44604,17.322,-1.2074,-15.774,-0.0039968,0.012703,0.0043738,-0.98965,-0.0022311,0.00079886,-0.0025491,-1.1702,7.6683,-1.3132,-16.87,-0.10952,-0.9323,-0.87091,8.2371
44.6,0.0026281,-0.0016541,0.0091107,-0.99737,-0.00082608,0.0013566,-0.0010497,0.91543,-4.3205,0.91737,-30.165,0.16022,16.1,-0.89347,-18.437,-0.014783,0.017817,-0.017903,-1.0002,0.0062665,0.00098705,-0.0072682,1.2974,7.1933,-0.78335,-17.005,-1.1718,0.30307,-0.34371,7.5816
44.7,0.0087052,0.0010931,0.0015036,-0.99699,-0.0027405,-0.0048939,-0.0038635,1.4329,-5.7036,-0.58838,-30.876,-0.22134,17.455,-0.46675,-16.474,-0.0091816,0.00076402,-0.0064959,-0.97054,0.0017313,0.0035448,-0.0025678,0.96057,5.179,0.34003,-16.647,-2.4559,-0.039986,-1.6365,7.418
44.8,1.324e-05,0.0090329,-0.0055321,-0.98892,-0.0035972,-0.0023443,-0.0015358,-0.90148,-4.9515,-1.5635,-31.32,1.7814,16.855,0.69096,-17.392,0.014699,-0.0040308,-0.025891,-0.99692,-0.0084084,-6.0405e-05,5.4465e-06,1.7297,8.9772,2.0673,-17.92,-0.67747,-0.72896,-0.27853,7.1874
44.9,0.016242,0.0023839,-0.00083649,-1.0033,0.0013708,0.00044545,0.0078408,-1.109,-4.5559,0.26484,-31.731,1.3368,18.324,0.20255,-16.02,0.0017629,0.0083901,0.0019069,-1.0128,0.0038766,0.0035141,0.0050364,-0.79144,7.8047,-0.23888,-18.044,0.38353,-0.28038,1.7274,6.8634
45,-0.0070383,0.011801,0.011455,-1.0087,-0.0056733,0.001373,-0.0075671,1.9167,-5.0005,0.69207,-32.98,-0.18447,18.003,0.37198,-17.427,-0.003461,-0.0076001,0.012887,-0.97791,0.00058888,-0.0077717,0.002076,-1.9023,7.2178,-0.38691,-15.604,1.5579,0.13233,1.1914,5.4144
45.1,0.018041,-0.0052074,0.0048611,-1.002,0.0028611,0.0038982,0.0038058,0.53805,-2.946,-1.3111,-31.526,-0.84663,16.67,0.11522,-16.824,0.001363,0.0034272,-0.010208,-1.0024,-0.0040192,0.0059998,-0.0005469,-0.74821,7.7091,-0.74459,-17.45,0.54066,0.23672,2.7148,7.6214
45.2,-0.010441,-0.0064106,0.0014993,-0.99164,0.0048597,0.0021229,0.0023953,-0.64219,-4.3565,2.1988,-29.562,-0.23272,18.308,0.40411,-18.319,-0.0011223,0.02186,-0.0022228,-1.0114,0.0018206,-0.0027364,-0.019842,0.81891,8.4844,-1.006,-18.896,1.4691,0.30354,-1.1203,9.44
45.3,-0.002494,0.0040792,0.015382,-0.9974,-0.0084412,0.0081166,0.01487,-1.5536,-5.1006,-1.022,-30.119,1.2882,18.298,0.97388,-16.686,-0.0062353,-0.018905,-0.00025786,-1.0138,-0.012323,-0.0013891,-0.0059301,1.7458,6.7694,0.87715,-16.485,0.078299,0.07232,0.067582,8.2091
45.4,-0.00288,0.0178,-0.013104,-0.98922,-0.0023066,0.001318,-0.0036037,0.28477,-4.7255,-2.179,-30.238,-0.53993,15.939,-0.60726,-17.886,-0.0012926,-0.017467,-0.00537,-0.98061,8.5827e-05,0.0012248,-2.172e-05,1.5562,8.2461,1.2837,-19.171,-0.27962,0.43618,-1.4815,5.4233
45.5,-0.023829,0.0045206,-0.0046943,-0.99378,0.0013245,-0.0017172,-0.0027232,-1.824,-4.6147,-1.2275,-29.938,-1.4046,17.341,-1.2001,-17.779,0.018708,0.010292,0.0064687,-1.0097,-0.00078621,0.0059309,0.0010843,0.32546,4.7279,-1.6356,-19.309,1.2486,1.1898,0.96552,6.077
45.6,-0.0021105,0.0097823,0.0018651,-0.98982,-0.0010535,0.0022699,-0.00066408,1.0826,-4.4618,-1.2045,-29.514,0.054167,16.55,0.035085,-16.612,-0.0024618,-0.0076732,-0.0142,-1.018,-0.0010066,0.0054051,-0.0021619,-1.4209,6.0703,-0.35821,-18.729,1.4655,1.0797,0.67034,7.3372
45.7,0.0038011,0.010278,0.013383,-0.99423,-0.0078404,-0.0066591,-0.0054383,-0.22926,-3.8088,-0.87218,-30.745,0.11204,19.702,1.3031,-16.977,-0.0038087,0.0097812,0.0046338,-0.99052,-0.0065282,0.0011084,-0.006833,-1.0121,8.3015,-0.75898,-19.593,2.0894,3.5918,-0.88118,5.2909
45.8,0.0010669,0.010304,-0.021074,-1.0039,0.0016519,0.0065747,-0.0041246,-0.8252,-4.2434,1.0292,-30.1,-0.99226,17.153,0.48454,-16.341,-0.0084211,0.011002,0.014079,-0.99325,0.0035806,-0.0051209,-0.0030694,-0.68642,5.8743,0.42966,-19.892,-0.20643,0.98578,-0.66933,7.5981
45.9,-0.00054958,-0.0081863,0.0037324,-0.98478,-0.003798,-0.0080596,-0.0014231,0.33447,-5.1526,1.034,-30.451,0.88534,16.649,0.095237,-15.454,0.0061006,0.0049986,0.017611,-0.99963,-0.0036033,-0.0023167,0.0016059,0.25446,5.7842,-0.15363,-19.069,-2.4296,0.52837,-0.58372,6.4117
46,0.0032002,0.011926,0.0066789,-0.9849,0.0031805,0.0060368,0.006664,0.29302,-4.5683,-0.15812,-31.668,0.016889,17.592,-1.1693,-18.674,-0.0034195,0.0021232,0.0017877,-0.98938,-0.0061349,0.0051192,-0.0012145,-0.65723,6.5388,-0.59025,-18.733,0.50743,0.38079,1.9043,8.4083
46.1,0.011225,-0.002442,0.00094582,-0.99149,0.0062593,-0.0044685,-0.0010552,1.415,-5.5877,-1.3852,-30.584,0.38391,19.242,-0.49332,-17.353,-0.0010709,-0.019672,0.01501,-1.0042,-0.0018519,-0.0068875,0.0052197,-0.20997,7.0705,-1.5236,-20.355,1.745,2.8753,-1.3728,6.4481
46.2,0.0068264,-0.014594,0.0029615,-1.0074,-0.0045615,-0.0027431,-0.00069499,0.12964,-5.4349,1.7452,-31.554,0.031181,17.96,0.2187,-18.565,-0.0065375,4.4842e-05,-0.0011526,-1.0093,0.0017388,0.0063019,-0.0071451,1.0557,7.475,-0.58058,-17.081,-1.3141,3.102,-2.0065,7.1082
46.3,0.0028252,0.0022275,0.0041381,-1.0185,0.0026902,-0.00065234,-0.010602,0.18638,-4.4557,0.59088,-32.019,-0.77312,17.468,0.91579,-17.219,0.00034495,-0.0014113,-0.014599,-0.99255,-0.0016208,-0.0026637,-0.00077904,0.81311,5.6141,-1.1374,-19.691,-0.69506,3.3279,1.243,8.0473
46.4,0.011287,-0.015692,-0.0051437,-0.99222,0.010404,0.0041295,0.0013331,1.6585,-2.4919,-0.0040208,-31.443,-1.3336,16.715,1.0762,-16.728,0.0014398,-0.013647,0.0022965,-0.97596,0.00027971,-0.01265,0.0035817,1.1774,6.628,0.16404,-18.747,-0.68911,1.123,-0.93921,6.1834
46.5,0.00115,0.003367,0.0059931,-1.0068,-0.0089684,0.003058,0.011975,0.24312,-3.1665,0.82699,-30.216,-0.26174,19.781,-1.702,-15.819,0.0014343,-0.0060378,0.012445,-0.99083,-0.0038067,0.0019666,-0.00014007,0.6924,7.4329,0.67206,-19.064,-0.31639,3.3792,0.37321,6.4983
46.6,0.0099297,0.0040868,-0.0099347,-0.99241,-0.011296,-0.0032507,-0.0011722,-0.85744,-2.4291,1.1366,-32.287,1.221,18.789,-1.064,-17.526,-0.0042347,0.0033575,0.012382,-1.0068,0.001446,0.0036163,-0.0033539,-0.073998,5.7969,-0.39015,-19.205,-0.57914,1.2999,0.24722,4.0015
46.7,-0.0014572,-0.0091022,0.002337,-1.0014,0.0023677,0.0024097,0.0044192,-0.53946,-3.1654,-1.2377,-30.419,-0.2463,17.948,1.2315,-16.019,0.0014695,0.0091472,0.0052349,-1.0126,-0.0040581,0.0051003,-0.0038484,0.51758,6.4103,-1.5063,-17.65,0.42703,3.682,0.83017,4.4093
46.8,0.0078491,-0.0092799,-0.027223,-1.0004,0.010749,-0.0014402,-0.0047579,-0.014862,-4.7412,-0.83383,-32.051,1.1313,18.737,1.6392,-15.269,-0.014305,-0.016921,0.0083518,-0.99639,-0.0040143,0.0059085,-0.005928,0.18388,5.6284,-2.0656,-18.729,-1.2187,0.95386,-0.57749,6.1567
46.9,0.011154,0.0045703,-0.0077611,-1.005,0.0015554,0.0025257,-0.0032747,0.049041,-4.9586,0.034097,-31.08,-1.273,18.276,-1.3116,-15.671,0.0069704,-0.0038772,-0.0095076,-0.99902,0.0021395,-0.0041947,0.0024095,2.5734,7.4996,-0.42563,-20.761,-1.575,0.41719,-0.86117,6.2207
47,0.0096624,-0.0034154,-0.0042733,-0.98397,-0.0063721,-0.002093,-0.0021583,1.0978,-5.0373,1.0425,-31.323,-1.7881,15.438,-0.72024,-17.019,0.0010688,-0.034475,-0.0038686,-1.0112,0.0042114,0.004231,-0.0067678,-0.67799,7.8351,1.2967,-19.203,1.0207,1.4718,0.36546,4.7859
47.1,0.010045,0.0040151,-0.0068268,-0.98905,-0.0027445,-0.001118,0.0034935,-0.71052,-2.8162,1.8221,-32.277,0.35479,17.867,-1.0561,-16.65,-0.0057736,-0.010927,0.0015024,-0.99798,0.012479,-0.0060758,-0.0018044,-0.21373,6.5509,-1.1933,-20.439,1.5805,0.99281,-1.722,6.7645
47.2,-0.013751,-0.010848,-0.0094823,-1.0115,0.0027662,-0.0020644,0.0026308,-0.22851,-5.8841,-2.5741,-31.54,-0.14759,18.414,1.2906,-16.343,-0.012722,-0.0014843,-0.017079,-1.0029,0.0024116,-0.00082103,0.002054,0.67662,5.5447,0.55808,-19.274,0.49668,2.3171,-0.1258,4.5831
47.3,-0.0057243,0.01081,0.0051107,-0.9773,-0.0034177,0.011318,-0.0028223,-0.38308,-3.1978,-1.6458,-32.207,1.0661,18.173,-0.084658,-17.359,-0.013637,0.0016886,0.0098874,-1.0015,0.0020275,0.0029395,-0.0010085,1.8718,6.7977,2.2986,-19.472,-0.067752,3.1037,0.63033,6.439
47.4,-0.014316,0.0024792,0.019708,-1.0106,-0.0030038,-0.0041339,-0.0015291,-0.86229,-5.6456,-0.48233,-30.542,0.3107,18.541,-1.3312,-17.413,-0.011068,-0.00026549,0.0047767,-0.98686,0.0035317,-0.0028331,0.0027517,-0.91089,6.2883,-0.7339,-19.869,-0.94207,2.2952,-0.16063,6.1832
47.5,0.0014059,0.010532,-0.00067249,-0.99654,0.0020307,-0.0021168,-0.00047949,1.0648,-3.7136,2.9486,-32.441,1.1847,15.762,-1.1898,-17.018,-0.0086125,-0.0047237,0.004589,-0.99367,-0.0063397,0.0077971,0.0036227,1.5538,5.6436,0.57516,-18.069,-1.2724,1.8049,-0.96479,5.5739
47.6,0.00476,0.010206,0.027136,-0.99199,-0.0014527,0.00088558,0.0036987,-0.78447,-3.2289,-0.34174,-32.113,0.71496,17.951,0.074339,-17.554,0.032294,-0.0040668,0.00034151,-1.0059,-0.012259,-0.0026067,0.0041234,1.0535,5.3953,-0.37531,-20.303,-0.013787,1.5794,1.1114,5.3591
47.7,0.00075898,0.0025151,-0.0024662,-1.0163,0.0057056,0.0044646,-0.001471,-1.3363,-4.1287,-0.08518,-31.54,0.72169,19.216,0.75854,-14.972,-0.0024816,0.0060826,0.013029,-0.9834,0.00082189,0.00039901,-0.0035445,-0.41794,5.5753,-0.25534,-22.099,-0.51136,2.2952,0.39786,5.5604
47.8,-0.0019439,-0.013182,0.0046811,-1.0007,-0.0043523,0.0010493,0.0040864,-0.46614,-5.6153,-2.138,-32.992,0.92943,16.307,0.98106,-17.296,-0.0043345,-0.00055804,-0.0078582,-0.99403,0.0060482,-0.0040172,-0.0046141,1.0459,5.367,0.68321,-19.901,-0.43433,1.9797,0.88332,5.9233
47.9,0.0011667,-0.0023352,0.00049566,-0.9843,0.002831,-0.003354,0.003316,-0.30715,-3.9436,1.6695,-30.702,2.318,18.748,0.24925,-17.635,0.014775,-0.0021296,0.003036,-1.0023,-0.0022205,0.0083802,0.0080728,-0.36318,5.2893,-0.039021,-21.217,-0.89385,1.1387,0.13689,5.6009
48,0.0058643,0.0037025,-0.011769,-0.98957,-0.0068253,0.0037989,-0.0041166,-0.56327,-4.4297,2.0253,-30.932,-1.7832,15.612,-0.97916,-17.137,-0.005393,-0.0055852,0.00071404,-0.99993,-0.0096178,0.0062963,-0.0010665,-0.68122,7.9749,0.15289,-19.908,-0.13313,1.8614,-1.2778,6.1056
48.1,-0.0093283,-0.0068846,0.029164,-1.0091,0.0076817,-0.0068754,-0.0096634,0.96867,-2.8524,0.36731,-30.59,-0.79895,17.375,0.031087,-18.937,-0.00712,-0.0054264,-0.0090989,-0.99466,-0.0039117,-0.0069102,-0.0075912,-0.20044,8.8213,-1.567,-20.197,-0.16271,1.4903,1.1017,4.8798
48.2,0.0024517,-0.0011165,0.009245,-1.0068,-0.0084924,-0.0016189,-0.012355,-0.36264,-4.8609,-0.89824,-32.321,1.8087,18.729,1.12,-17.164,0.012879,-0.010657,-0.007582,-1.0249,-0.00076457,-4.7681e-05,-0.0016407,0.38763,5.6621,-2.0743,-20.019,-0.43088,1.5622,-0.22738,5.0691
48.3,0.00095186,-0.0011263,0.0049427,-1.0017,0.0039144,0.012916,-0.001344,1.0572,-2.3957,1.9069,-31.989,0.35761,18.057,-0.40581,-16.817,-0.012849,-0.0057671,-0.0062988,-0.99781,0.0057901,-0.0011959,0.0025297,0.48873,7.6421,-2.2527,-19.895,1.7565,1.3151,0.66422,5.0127
48.4,-0.012506,-0.01567,0.011486,-1.0168,0.00099152,-0.0073043,0.010129,0.42758,-6.0297,0.26177,-30.953,1.0594,18.027,-0.56646,-17.062,-0.013928,-0.013224,0.0023741,-0.9951,0.00063045,0.0098006,0.0041655,0.97099,5.8034,1.4256,-21.573,1.2453,0.91306,-0.31322,5.2087
48.5,0.0015593,0.0076421,0.0033141,-0.99762,-0.002696,-0.0012571,0.0031419,-0.48144,-5.0694,-1.3861,-30.289,1.0616,18.256,0.60038,-17.892,-0.036164,0.013432,-0.01387,-1.0129,0.0090943,-0.0020043,0.0051582,-0.7855,6.9658,0.5469,-21.348,-0.31431,4.6738,-1.3192,4.5908
48.6,0.006963,0.012012,0.0010443,-0.99077,0.0024988,0.0085921,0.0031652,-1.2998,-2.9913,0.85772,-31.075,1.3587,17.768,0.66478,-16.772,-0.0001764,-0.0035919,0.032727,-1.001,-0.0028727,-0.0068839,-0.00077482,0.355,7.5443,-1.2971,-18.991,0.55955,3.2758,1.5055,5.9101
48.7,0.0053241,0.001173,0.023136,-0.97866,-0.0024519,0.0045777,0.0018819,-0.66855,-4.6208,-0.35652,-32.249,1.2009,18.339,-0.61851,-17.038,-0.0011625,0.01342,-0.0083937,-0.99561,-0.0018607,0.012193,0.0052112,-0.13176,6.9045,-0.44189,-20.672,1.872,1.5313,-0.34761,5.7144
48.8,0.00048321,-0.0046731,0.0026866,-1.0003,-3.8231e-05,0.0037758,-0.00098518,0.89371,-3.621,-0.48976,-30.503,-0.32335,18.257,-0.40952,-16.088,0.0082062,-0.014879,-0.02299,-1.0107,-0.0019347,-0.00061561,0.0028242,-1.5766,8.424,-0.7662,-21.323,0.64379,3.5381,0.82384,4.5854
48.9,-0.013621,-0.0080887,0.022753,-0.98412,-0.0017943,0.0010727,0.0060669,-0.30966,-4.688,0.57189,-31.649,-1.591,17.127,-2.7703,-15.489,-0.0091396,-0.0035065,0.010124,-1.0042,0.00094272,0.008126,0.001637,-1.0687,5.0291,-0.039046,-21.483,0.42212,2.6288,-0.070908,4.5035
49,-0.0043836,0.00025758,0.0012158,-0.99006,-8.2076e-05,-0.0061574,-0.0015129,0.63007,-3.8779,-0.1209,-31.357,0.043901,18.291,0.76567,-16.665,-0.0094665,0.013177,0.024165,-1.0007,0.0016665,0.00059249,-0.001194,-0.37386,7.1181,-0.84709,-19.716,-1.2045,4.3921,-1.6807,5.9641
49.1,-0.01196,-0.00040465,0.009175,-1.0027,-0.0016189,0.0043138,-0.00066483,-0.64263,-4.972,-2.5464,-31.278,1.3458,19.036,-0.97837,-17.277,0.0054479,0.0034544,-0.00073199,-0.9948,-0.0045634,-0.0014402,0.0048952,0.72296,5.9175,1.3836,-19.512,0.275,2.4029,-1.0041,5.2767
49.2,0.015155,0.013355,0.0085498,-1.0108,0.00015505,0.0026521,-0.0020489,-0.084083,-5.9539,-2.0135,-32.563,1.3098,17.848,0.42163,-14.651,0.015098,0.0087903,0.0040775,-0.99541,0.0022092,-0.0047942,-0.0088669,-0.075744,7.1312,1.5848,-20.469,-0.87325,2.938,-0.62194,4.1716
49.3,0.015486,0.00058436,0.005245,-1.0114,-0.0037092,0.0057669,0.0033392,-0.15149,-5.8105,1.464,-32.729,-1.7825,18.92,-1.1192,-16.138,0.006221,-0.026634,-0.0068637,-1.0044,0.0028255,-0.0025852,-0.002544,-2.1801,8.2726,-0.16029,-20.507,-1.5848,4.7786,0.45727,4.8476
49.4,0.019748,-0.0089201,-0.0068706,-1.0121,0.0011188,-0.0057539,4.8561e-06,1.7217,-3.3456,-0.82633,-31.228,-0.20985,18.82,-0.86046,-15.672,-0.0065929,0.0063245,-0.0044857,-1.021,-0.0069467,-0.00093644,-0.010938,0.34438,7.1689,-0.0019306,-21.395,-0.94242,2.7119,-0.93332,4.2888
49.5,0.0032217,-0.0042102,0.013979,-0.99353,0.0029882,-0.002469,-0.00064608,3.8449,-4.9827,0.2584,-29.67,1.0008,17.133,1.1156,-17.409,0.0021033,0.0066283,0.0024639,-0.98462,-0.0045321,0.0023242,-0.008653,-0.49416,5.0945,-0.59811,-20.987,-0.83634,1.8332,0.45324,4.777
49.6,-0.011696,0.0030178,0.0026225,-0.99702,-0.0069603,-0.0061076,-0.0036813,-1.2886,-4.5603,-0.34183,-31.823,-1.1137,17.425,1.4546,-18.911,0.0073303,0.016337,0.0022011,-0.98851,0.0078069,0.003241,0.0037179,0.57297,7.5358,0.41363,-21.207,-1.088,4.112,1.6317,4.4801
49.7,-0.011423,-0.017932,-0.011792,-1.0085,-0.0066348,0.0019569,0.0019965,-0.28751,-2.4338,-2.4236,-31.526,-0.64768,19.074,-0.30167,-17.144,-0.008077,-0.0098737,-0.0041947,-0.99417,-0.0046229,-0.0070414,-0.0016616,0.32591,7.3126,-0.66294,-21.22,0.17701,3.0966,1.732,4.0694
49.8,0.0044152,0.016536,-0.019807,-0.98505,0.0004579,-0.005527,-0.0015871,-0.99333,-3.1251,1.5547,-31.241,-0.62204,17.19,1.7492,-16.247,0.0027159,0.0053017,-0.005921,-1.0073,-0.0039916,-0.0032257,-3.9858e-05,-0.5135,6.7794,-2.21,-21.302,-0.3048,2.4244,2.382,3.7103
49.9,-0.010532,0.019845,-0.00053004,-0.98673,-0.0066097,-0.0066101,0.0017548,0.10966,-5.9492,0.78154,-33.411,-0.24702,15.857,-0.40873,-16.523,0.0037184,-0.0061029,0.00085833,-1.0143,0.0069346,0.002945,0.0066312,0.21122,6.6869,-1.3877,-22.549,0.34209,3.7225,1.1077,5.3757
50,0.0095701,-0.0068431,-0.0064548,-0.99793,-0.0038943,0.0036581,0.0022002,-1.6111,-5.1042,-0.022555,-31.427,1.4178,16.205,0.67606,-15.614,-0.020609,-0.0035378,0.0041216,-1.0021,0.00075812,-0.0002618,-0.012391,0.2631,7.8558,-0.044983,-23.225,0.65125,4.3833,0.83355,1.4522
50.1,-0.015717,-0.0050181,0.01041,-0.99638,-0.0039346,-0.0095951,-0.00068155,-0.55143,-4.2083,-0.30206,-30.544,0.33494,16.681,-0.76881,-15.885,-0.014085,0.0030705,-0.017496,-0.99671,0.0059744,0.0023804,0.0031854,-1.3907,6.078,-0.1543,-21.528,1.0355,2.3641,0.56047,5.4699
50.2,0.0059619,0.0024603,0.00099485,-0.99944,-0.0016332,-0.002369,0.0090176,2.1589,-3.7714,-0.19329,-32.28,-0.041558,18.905,-0.05625,-17.925,-0.0078982,-0.0053311,0.013982,-0.9858,-0.0034441,0.0012871,-0.0011963,-0.92606,6.3473,-1.7401,-22.254,0.67482,3.1159,0.57613,6.1705
50.3,-0.0084892,-0.00014544,-0.0016306,-0.9966,0.0069745,-0.00085671,-0.0052831,0.15313,-4.184,-0.45697,-32.924,0.76651,20.557,-0.25602,-17.682,-0.0214,-0.0050781,-0.013228,-0.99887,-0.00042151,-0.0019678,-0.00037941,-0.6598,5.4051,-1.7122,-21.689,1.4302,0.88145,0.89087,6.4898
50.4,0.0044048,-0.0045977,-0.020798,-0.99405,-0.0026049,-0.0028456,0.0011474,0.229,-4.1313,0.39987,-32.506,-1.3595,19.741,-1.1246,-18.962,-0.0035591,-0.0037881,-0.013478,-1.0077,-0.0058624,-0.0036062,-0.0045734,-0.9724,5.9689,-1.1516,-21.146,0.71612,2.6379,-1.5259,4.0676
50.5,0.01243,-0.013918,-0.013177,-1.0137,-0.005963,-0.00059812,0.0023512,2.1549,-2.83,-0.41611,-32.307,-0.87892,16.9,-1.4448,-17.484,-0.0014232,-0.0028065,0.0074855,-1.0083,-0.0028725,0.0035762,-0.0038808,0.64293,6.3777,1.9703,-21.367,-2.1346,3.5156,-1.2931,6.4945
50.6,-0.0029349,0.0034922,-0.021997,-0.99595,-0.005754,0.0025264,0.0078767,-0.88809,-4.5683,-0.53703,-33.215,1.3229,18.468,2.4578,-17.672,-0.023806,-0.0098363,-0.0097077,-1.0044,-0.011562,0.00024529,0.014597,0.64471,5.9827,-1.6685,-23.009,0.11588,3.3241,1.0772,5.7908
50.7,-0.0092323,0.0042914,0.025203,-0.98743,-0.0031769,-0.0029462,0.00032756,-3.4187,-5.5874,-0.37893,-33.065,0.26584,17.102,1.4607,-15.379,-0.010491,-0.012429,-0.010279,-0.99925,-0.004976,0.0048181,-0.00015029,-0.078173,7.5194,0.31643,-20.692,1.0393,4.3269,0.89104,4.5566
50.8,-0.0036683,-0.0014416,-0.0036935,-0.98767,0.0024548,0.005049,0.011436,-1.4872,-3.9281,0.20916,-31.609,0.083184,17.522,0.14466,-15.615,0.0035344,0.006069,-0.014319,-0.98793,-0.0069682,0.003351,0.0030953,1.345,7.8406,1.1817,-22.876,1.1477,5.6188,0.58179,5.2817
50.9,-0.0035445,0.0011438,0.012124,-1.0043,0.00077005,-0.0071609,-0.0029213,1.3645,-4.3562,0.62376,-32.504,-0.52119,18.578,-3.7257,-16.522,0.014875,0.0026341,0.014035,-0.99225,-0.00087619,0.003022,0.00097138,1.425,6.1529,1.3903,-21.534,-0.020048,4.2639,-0.32438,5.2808
51,0.00024837,0.0027653,0.012156,-1.0104,0.0097474,0.005115,-0.002631,0.91164,-5.8168,0.29779,-32.53,0.73783,16.926,-0.84692,-18.149,-0.0026326,-0.0049346,-0.0096468,-0.9957,-0.0013138,0.0036613,0.0047499,0.13942,7.1038,-1.4739,-22.432,-0.012492,4.7477,-0.60695,4.7809
51.1,0.014463,-0.0048565,-0.012746,-1.0062,0.003745,-0.0019195,0.0095715,0.10059,-2.8118,0.53038,-34.924,-0.34914,18.945,0.12411,-16.687,-0.0082232,-0.0016769,0.015863,-1.0067,0.00028275,-0.006696,-0.009538,-0.68048,5.1855,-2.8509,-22.637,1.3894,3.2004,-0.097669,5.6975
51.2,-0.00043844,0.0040233,0.0019726,-1.0077,-0.0035662,-0.0040489,0.0014547,-0.97217,-4.11,-2.1282,-32.779,2.6695,18.689,1.094,-16.516,-0.0014758,0.0070082,-0.002381,-0.997,0.0013553,-0.00050155,-0.0080484,-0.26131,5.6727,-0.067895,-21.588,-0.52087,3.2493,1.2326,2.5824
51.3,-0.0021963,0.0069072,-0.017606,-0.98971,-0.00087896,0.0036762,-0.0081439,0.041375,-2.902,-0.72543,-32.231,1.0662,18.494,-0.32867,-17.271,-0.0008822,-0.005434,-0.0027258,-1.0015,0.00058381,-0.0054069,-0.0030951,0.095968,6.5561,1.2201,-21.05,-0.55469,4.0363,-0.20029,6.2355
51.4,-0.0099797,0.0044768,0.0012577,-1.0011,0.0089898,-0.0018098,-0.010681,-0.14341,-5.358,0.68555,-35.139,0.33563,16.649,-2.6166,-15.962,0.0033723,-0.0019526,0.001404,-1.0053,0.0031313,0.0023599,0.0019483,1.6993,7.064,1.5791,-22.593,-1.3375,2.9942,-1.3133,4.4481
51.5,-0.010333,0.032049,0.0022144,-0.99588,0.011055,0.0055729,-0.0046946,0.14209,-2.2455,1.6137,-34.096,1.1186,17.799,-0.25412,-17.438,-0.0069773,-0.0047183,0.0052101,-0.99654,0.0032889,-0.0083783,-0.0023071,-0.0061521,6.538,-0.82368,-22.464,-1.2186,4.0019,-1.1796,4.2923
51.6,-0.0056131,0.0091265,-0.0027678,-0.99041,0.0070707,0.0055423,0.0094324,0.31795,-2.6011,-1.4689,-33.251,0.92766,17.939,-0.21918,-17.76,-0.0095168,0.004754,0.015759,-0.99961,0.0051742,-0.00084849,0.0049264,-0.4583,7.7077,-0.01655,-23.18,0.68455,4.4087,1.7525,5.2515
51.7,-0.0026146,-0.0088881,0.0025871,-1.0041,-0.0013709,0.0050352,0.01266,0.11028,-3.6836,-1.0548,-32.39,0.69417,18.339,0.5489,-17.64,-0.00238,-0.007841,-0.011303,-1.0035,-0.0021129,0.0005323,-0.0035559,-0.41431,4.3498,-2.3526,-25.034,1.6168,1.8648,2.2207,4.0059
51.8,0.0034332,0.011797,0.0030783,-1.0008,-0.00096063,0.012098,0.0042133,-1.2565,-3.7836,-1.1419,-34.182,-0.83327,18.738,-0.60244,-17.072,-0.012631,-0.013234,0.0032968,-0.99332,0.00064363,0.00042476,0.0005713,0.46641,4.6775,0.27002,-21.976,-1.4129,4.1416,-0.071613,5.2116
51.9,-0.0075241,0.0056727,-0.00069629,-1.019,0.0031215,0.008271,0.0017315,-1.3319,-3.6304,-0.026397,-33.494,0.4987,18.971,0.75985,-17.513,0.0076725,-0.0034834,-0.013763,-0.99197,-0.00029622,0.0027021,-0.0013749,-0.071041,5.174,0.35523,-22.876,0.0033534,2.5458,-1.3406,3.1426
52,-0.0063362,1.6307e-05,-0.007495,-0.99395,0.00032244,-0.0050336,-0.00032942,0.76739,-4.5732,0.93793,-34.198,0.0052542,16.261,-1.4053,-15.34,-0.01564,0.010852,-0.012389,-1.0022,0.0054667,-0.00021638,0.00080771,1.4295,7.6693,0.68486,-22.283,0.54402,3.9663,-0.92824,2.6851
52.1,-0.0028508,0.013716,-0.00667,-0.99379,4.2345e-05,0.0034264,0.0010633,0.35926,-4.1623,-0.21867,-32.852,0.10239,17.586,-1.308,-16.727,-0.0075444,0.0063384,-0.0054612,-0.99582,-0.0056167,0.0058829,-0.00085024,-0.58389,6.2676,-0.43692,-21.927,-0.32845,2.3677,0.99415,3.5703
52.2,0.005916,0.0072732,0.0064522,-1.0042,0.0059528,0.000712,-0.0058509,0.17404,-4.1655,0.42624,-32.532,-1.3225,17.388,-0.21034,-17.783,0.0072681,0.0011881,-0.005236,-0.9975,-0.0066023,0.0027622,-0.0038197,-0.16664,6.2553,-3.468,-21.956,0.68095,2.6383,0.2183,4.8624
52.3,-0.0076894,-0.0030515,0.005121,-0.9979,-0.0014251,-0.0032858,-0.0025198,-0.6895,-4.3088,-0.85766,-34.299,0.139,17.578,0.24059,-17.839,-0.016991,-0.0093196,0.0057536,-0.99601,0.0023487,-0.00046916,0.00013479,-0.15918,6.7911,-1.1856,-23.031,0.67053,3.4014,1.7825,6.28
52.4,0.0094302,-0.0086283,-1.9099e-07,-1.0046,0.01381,-0.0018508,-0.004245,-0.48034,-4.2853,-1.6426,-32.814,0.9028,18.068,-1.6888,-16.521,0.0029929,-0.0082953,-0.0013049,-1.0054,-0.0043644,-0.0058294,0.0034947,0.85212,5.2816,-0.43109,-24.428,-0.19834,5.7009,-0.15101,3.3344
52.5,-0.0062769,-0.0039559,0.012175,-1,-0.0035015,-0.0016861,0.0015028,-0.9089,-4.6921,-0.68857,-32.752,-0.69766,17.775,1.0609,-16.676,-0.011044,0.0015393,-0.020122,-0.99425,-0.00093917,0.00063887,-0.0010687,1.2297,5.7718,0.53478,-22.683,0.48062,5.4584,-0.79833,2.6607
52.6,0.004808,0.014612,-0.00096707,-0.98911,-0.00069049,0.00035864,-2.3124e-05,1.1767,-3.175,-0.18025,-32.352,-0.56132,17.058,-0.39339,-16.5,-0.00076837,-0.01154,-0.0068651,-1.001,-0.00031548,0.011908,0.0011819,-1.386,6.2098,-1.3771,-22.826,1.4398,3.6326,-0.62511,1.7365
52.7,-0.0069878,-0.0012894,-0.0087605,-0.99277,-0.0044585,-0.0039215,0.0027311,-1.0367,-2.3604,0.017266,-31.203,0.16077,18.791,1.3515,-16.442,0.0070309,0.0028936,-0.0029809,-0.99927,-0.0025423,-0.0015289,-0.0014188,-1.5691,6.9846,0.26937,-23.14,1.9311,4.2822,1.0518,4.6445
52.8,0.0048676,-0.0012796,0.0074479,-0.99309,-0.00078071,0.0063608,0.0021385,-2.0164,-2.2299,0.8534,-32.732,1.5515,17.69,2.2094,-16.884,0.007119,-0.021236,0.0082404,-0.99657,0.0034882,0.0010369,-0.0037624,-1.5562,5.7334,-2.4494,-23.651,-0.154,5.0004,0.51709,2.0172
52.9,0.013669,-0.00055882,-0.0061816,-0.99421,0.001168,0.0010962,0.0022116,-0.047152,-3.6483,-0.55595,-33.031,0.69639,18.902,2.5517,-16.177,-0.00056131,0.0031977,-0.0006433,-1.0019,0.0069546,-0.0018104,-0.0013031,1.0655,7.6,-2.0939,-21.583,-1.1843,4.7409,0.5896,1.7669
53,-0.0053736,-0.0063973,0.00062818,-1.0048,0.0066163,-0.002338,-0.0053813,-0.38153,-4.3877,0.056493,-34.356,0.59151,17.017,-1.0129,-16.47,0.0018238,-0.012332,0.0088216,-1.0044,-0.00017176,-0.0001399,-0.0032177,-0.52288,6.0321,1.0269,-24.338,0.53088,5.7802,-0.80432,4.247
53.1,0.0027962,-0.010707,-0.012294,-1.0003,-5.7785e-05,-0.0013196,0.00085256,0.97056,-4.368,1.8482,-33.324,-1.4932,18.936,0.78217,-16.758,0.0010152,-0.0076029,0.014209,-1.0095,0.0004241,-0.0029666,0.0066327,0.055747,3.9455,-1.1799,-22.384,0.3519,4.0162,0.24679,2.947
53.2,0.012669,0.0045558,-0.012553,-0.99063,-0.0055487,0.0064702,-0.00092396,0.67856,-4.0897,-2.2464,-31.335,0.85498,18.08,0.52976,-18.302,-0.018571,0.0015,0.0016608,-0.99642,0.002074,-0.00056007,-0.0063982,-0.18445,6.4076,-1.654,-24.177,2.1753,4.43,1.0451,3.104
53.3,-0.014661,-0.0052332,0.0024362,-1.0032,0.0032378,-0.00048356,-0.0025752,0.28663,-2.8472,-0.83049,-33.232,0.43098,17.942,-1.6135,-17.4,-0.00089316,0.0143,0.0020345,-0.9916,0.0067716,-0.0074028,-0.010208,-0.88304,6.0836,-2.3977,-23.26,0.5647,3.6293,-0.82503,4.4139
53.4,0.0048799,-0.011185,0.0096998,-1.0039,-0.0019273,-0.0037693,-0.0057585,1.1511,-4.0185,-1.9794,-34.345,0.51082,19.192,-0.23232,-17.387,0.0037237,0.015153,-0.0067548,-1.0033,0.0015616,-0.00082524,-0.0043917,-0.31234,5.6854,0.57676,-22.611,-0.28947,2.222,1.7585,4.3022
53.5,-0.0035857,-0.0063774,-0.01482,-0.99193,-0.0029547,0.009028,-0.00027279,-1.0058,-3.8269,-0.15,-36.089,0.38038,19.905,0.73156,-17.087,0.0043803,0.0045051,0.0033347,-0.99134,0.00030189,0.0011087,0.012755,1.5992,7.0799,0.40913,-22.429,1.0293,4.9382,0.65572,2.6453
53.6,0.0066304,-0.0083359,-0.0036625,-0.99037,-0.0027829,-0.0055499,0.00096032,1.4442,-2.102,0.87654,-33.907,-2.2531,18.368,0.62412,-16.424,-0.0063534,-0.00039431,0.0012528,-0.9933,-0.0043535,0.00041196,0.0033808,-0.78654,6.1288,-0.65811,-22.53,-0.10175,2.942,0.7817,3.2447
53.7,-0.0055923,0.0018131,0.016035,-0.99134,0.0053922,0.0018284,-0.00011418,-1.0986,-2.7582,1.8576,-33.294,0.25228,19.301,1.145,-15.04,0.0040341,0.0089659,-0.00081877,-0.99238,0.0032875,-0.0019868,0.0019688,-1.3493,8.3072,-0.71694,-24.115,0.6614,5.4855,0.43704,3.8608
53.8,-0.011793,0.0053424,0.0011417,-1.0034,0.0078086,-0.0045087,0.0013352,0.4734,-3.3876,-1.392,-34.406,1.7611,19.165,0.51267,-16.933,-0.013158,-0.0019204,-0.015771,-1.0051,0.0055792,-0.0052275,-0.0066077,0.41706,4.9971,0.3126,-25.219,1.0794,3.6251,0.81254,2.3562
53.9,0.012565,-7.9374e-05,0.003217,-0.9969,0.0020498,0.0052307,-0.011253,-0.73764,-5.2081,0.30529,-34.7,1.1461,19.975,-0.87774,-17.218,0.0032348,0.0035919,0.00027923,-0.99198,-0.00078106,-0.0065891,0.003833,1.8313,3.9731,1.1973,-23.248,-0.040102,2.7969,0.30958,5.0315
54,-0.0027289,0.0010567,-0.0078062,-0.99472,-0.0026603,-0.0021452,0.0092204,-0.25852,-5.4666,-0.29485,-34.273,-0.22028,19.259,-1.0768,-15.146,0.0088937,0.0030016,0.0005135,-0.98876,-0.0012708,0.0022017,-0.0056951,0.3615,6.7509,-1.0337,-24.896,0.97922,4.4744,-2.4757,3.8583
54.1,0.0021047,0.015009,0.0054287,-1.001,0.0036677,-0.0018846,0.00037294,1.0874,-2.8871,0.93781,-37.173,0.52131,19.12,-2.3793,-18.54,-0.016696,-0.0011424,-0.013264,-0.99489,-0.013676,-0.00095307,0.0031283,-0.47944,6.7011,-0.76198,-22.003,0.12049,3.7117,1.1086,2.3496
54.2,0.0084655,0.0159,-0.0024842,-1.0027,0.0013055,0.0020023,-0.0013712,-1.6605,-2.2816,-0.76205,-33.375,0.69158,17.083,-1.4799,-16.632,-0.0074039,-8.8648e-05,-0.0038689,-1.0046,-0.0058945,0.0052477,-0.0048673,0.03131,6.5443,0.62375,-21.535,-0.13794,3.6822,0.14932,3.3408
54.3,0.011297,-0.016205,0.0028237,-1.0205,0.0053581,-0.0003013,0.0035039,-0.74456,-3.9394,-1.2764,-31.161,0.21754,17.398,0.47236,-16.201,-0.0058029,-0.0063783,0.00050871,-0.99409,-0.0037694,-0.001104,0.00047707,0.39186,5.4613,-0.097241,-24.89,1.3073,4.5357,-0.52592,2.5726
54.4,-0.012758,0.0069598,-0.0048822,-1.0155,1.776e-05,-0.0014474,0.00095526,-0.2172,-4.7236,-1.0218,-34.668,1.379,17.633,0.27799,-17.335,0.0045755,0.012024,0.0022156,-1.0044,0.0036316,-0.0011259,0.0068723,-0.61933,6.4804,1.3796,-23.914,-0.23382,4.0471,-0.46218,3.063
54.5,0.0043679,-0.0086747,0.0039801,-0.99317,0.0066793,0.0016406,-0.0059242,-0.12308,-2.8973,0.69249,-34.219,-0.06056,18.618,-2.2535,-14.612,0.012412,0.00057673,-0.0022822,-0.98051,-0.01004,-0.0043566,-0.0061046,0.0033622,5.2328,-0.58323,-22.574,-1.1677,4.571,-2.0119,1.7824
54.6,0.014386,-0.018019,-0.020394,-1.0096,-0.0015666,0.0011793,-0.0040825,0.64791,-3.3629,1.0127,-35.928,0.66682,17.653,0.60822,-15.362,-2.7456e-06,-0.0067562,0.005945,-0.99343,0.0015443,-0.00050658,0.0058773,0.92984,4.9837,0.070093,-24.32,0.17049,4.7983,0.57598,2.1124
54.7,0.012837,-0.0004784,-0.0041415,-1.004,-0.00020469,0.00089447,-0.00038043,-1.4886,-3.9735,-0.51534,-32.377,1.483,18.306,-0.1402,-15.447,-0.0090757,-0.015637,-0.017045,-1.0077,-0.0024298,-0.0029494,0.0013372,-0.41052,7.1078,-2.508,-24.591,0.31598,4.9007,1.3494,3.6341
54.8,-0.020698,-0.014372,0.0028439,-0.99977,-0.0035937,0.0033509,-0.0010161,-0.93945,-4.6473,-0.021055,-33.126,0.64921,19.527,1.0877,-15.522,0.0083892,0.015223,0.0012566,-0.99283,-0.0091728,-0.00094916,0.007571,-2.333,5.1934,0.19698,-23.213,2.4929,5.3982,2.328,4.2964
54.9,-0.0070162,0.0013627,-0.0024461,-1.0098,-0.00096679,0.0073719,0.0086066,-3.0399,-6.0768,-1.4097,-34.22,-0.35569,18.562,0.071736,-17.582,0.0012129,-0.014506,-0.019417,-0.99569,0.0090189,-0.0014644,-0.0028409,-2.1341,5.262,-1.0935,-23.801,-1.2435,5.2149,-1.2874,3.8804
55,0.005483,0.0021534,0.0071283,-0.99376,0.0049835,-0.0033373,0.00063844,0.18204,-4.597,-0.27671,-35.519,-1.8745,19.353,-0.26516,-17.482,0.002363,-0.0023243,0.0097031,-1.0165,0.0068152,0.0016623,-0.0073035,-0.67908,5.2318,-1.1584,-25.788,-0.72394,5.2359,-0.97013,1.3905
55.1,0.0017632,-0.0095637,-0.0018438,-0.98504,-0.0083587,-0.00030515,-0.0071603,-0.15794,-3.469,0.67982,-34.722,-0.4854,19.079,-0.19608,-16.706,0.00042153,0.022851,0.0017034,-1.0015,-0.0016591,-0.0051583,0.0016588,2.7066,5.883,0.79682,-22.327,0.2963,5.0943,-0.6186,1.7073
55.2,-0.0017801,-0.00042152,0.0089686,-1.0073,-0.0062572,-0.0067905,0.0012094,0.161,-3.1563,2.9378,-34.292,0.86348,16.756,-1.4418,-14.68,-0.0034242,-0.011736,-0.017378,-1.0033,0.0048025,-0.0016497,0.0037383,-1.0521,6.1627,-1.4211,-24.886,1.4601,3.6897,-0.39652,1.2138
55.3,-0.003231,0.0049732,-0.0021926,-0.98859,0.00075752,0.0037646,0.0011195,1.1042,-4.9975,-1.0793,-33.138,0.063586,19.491,0.71076,-17.071,-0.00053156,-0.011058,0.013471,-0.99755,0.00082911,0.0025331,-0.0021393,1.7087,7.5111,-2.6278,-23.827,1.1871,5.6114,0.45136,1.0369
55.4,0.0012018,0.00097644,-0.0074273,-0.98816,-0.0017219,-0.00052019,1.7807e-05,-0.035828,-2.8751,-1.7658,-33.586,0.6549,18.136,-0.94134,-16.734,0.014299,-0.0056437,-0.0050837,-1.0054,-0.0072688,-0.0030597,-0.0039887,0.42963,5.6702,-2.4314,-23.878,-0.09414,2.6518,1.2386,1.5992
55.5,-0.010263,0.00064727,0.0043813,-1.0052,-0.0031824,0.0016422,-0.010116,-2.6224,-6.2639,-1.5812,-34.735,1.7656,18.956,0.52978,-15.684,0.0035418,-0.00075308,-0.0060517,-1.0063,0.0022253,0.0013716,-0.0061958,-0.15674,3.6058,0.38538,-23.691,-0.65774,5.3848,0.7724,2.4777
55.6,-0.0067761,0.0033518,0.01947,-0.99824,0.0050511,0.0084119,-0.0058654,0.10446,-5.1675,0.21569,-35.476,-0.28909,18.738,-1.1826,-15.815,-0.0029958,0.0064697,-0.0040729,-1.0004,0.0085886,-0.0074678,0.00051105,-0.51392,6.2622,-0.41685,-23.087,-1.6936,6.1616,-0.48231,2.2062
55.7,0.005028,0.0053803,-0.0016025,-1.0016,0.0060284,-0.0038725,-0.00010791,1.2897,-2.7665,0.94842,-34.164,-1.4164,18.169,-1.1026,-14.69,0.012887,0.018597,-0.0018355,-0.99593,0.0055485,-7.3372e-05,0.0028171,0.64052,7.1243,-0.027261,-25.633,0.67186,3.3288,-1.1758,3.032
55.8,-0.0016736,0.0051692,-0.011112,-0.98745,-0.0061597,0.0019998,0.0021876,0.34811,-3.4813,0.67122,-34.943,-0.66747,16.165,-0.73931,-16.798,-0.0038274,-0.0095706,0.0048425,-1.017,-0.0065205,0.0054559,-0.0032089,-1.9536,5.6284,-2.2713,-23.693,-0.40548,3.1794,0.3767,1.5253
55.9,-0.015124,-0.010613,-0.010534,-1.0009,0.0033778,-0.0040174,0.0022729,-1.5311,-2.2728,-1.0971,-34.288,0.52363,18.781,0.061898,-16.511,0.003578,0.0043186,-0.0021204,-1.0064,0.007539,0.004945,-0.0013255,-0.47885,5.0993,0.3568,-25.72,0.39684,6.8837,1.5405,3.5189
56,0.006608,0.0072284,0.01806,-0.99237,-0.0037281,-0.0054234,0.0026384,-2.7383,-3.8139,-0.4067,-35.446,0.84981,18.527,0.15905,-14.706,-0.0078336,0.0085264,-0.0054836,-0.99401,0.0049103,-0.00088553,-0.0064117,1.1298,5.0056,-0.59985,-25.789,1.157,5.0609,0.73144,2.0726
56.1,-0.0041029,-0.015283,-0.0060877,-0.99152,-0.0025151,0.0086769,-0.0050625,-3.0108,-2.4769,-1.1412,-35.255,2.1956,18.776,1.7146,-16.23,-0.0038501,0.015182,0.007367,-1.0063,0.0095316,-0.00012084,0.0024632,-0.10925,5.9536,-0.72304,-25.049,-0.52788,4.9356,-0.70808,0.96359
56.2,0.0077325,0.00047964,0.00063461,-1.0125,0.0036425,-0.0031061,-0.0020304,-0.03156,-3.8265,0.63568,-35.166,1.6051,19.919,0.3401,-16.462,0.00064579,0.0012097,-0.0018584,-1.0046,0.0058137,-0.0016466,-0.0040176,-0.40901,7.0184,-0.99184,-26.126,-0.18349,5.7065,-2.5944,1.2863
56.3,0.0093695,0.0060843,0.00031416,-1.0204,-0.002358,-0.0022672,-0.00091181,1.541,-3.0115,-0.19375,-35.704,-0.38844,16.95,-0.8115,-15.82,-0.0063086,0.0098722,0.0026901,-0.99227,0.0086864,0.0039164,0.00058348,0.48973,5.3943,-1.5724,-24.736,1.9396,5.2569,0.090908,2.5973
56.4,0.010332,0.010465,0.0036585,-0.99581,0.0019281,-0.0070475,0.0024995,2.3883,-4.5575,2.4251,-33.57,-0.74813,16.044,0.029473,-15.864,-0.021144,0.01652,0.00035222,-0.99752,0.0010646,0.006298,-0.00043929,-1.6536,4.7768,-0.90598,-25.659,0.031418,4.1908,-0.65633,2.0658
56.5,-0.0018392,0.019511,0.0026801,-0.99493,-0.00020194,-0.0012791,-0.0066326,-1.224,-4.2012,-1.673,-35.086,-0.495,18.715,1.7857,-17.722,-0.0018027,-0.0060111,-0.0082425,-0.99614,-0.0016249,-0.0019124,0.0029929,1.4281,4.9814,0.81764,-25.076,0.75587,6.8483,1.7917,0.86094
56.6,-0.011515,-0.00035112,0.003071,-0.98902,0.0036273,-0.0064123,-0.0050879,-1.4088,-3.7163,0.0038372,-34.072,0.19681,19.035,0.34544,-17.034,-0.017157,-0.001492,-0.0045474,-1.0131,0.0078018,0.003876,0.009333,0.59817,5.3785,1.3023,-25.655,-0.24005,6.9361,-0.25561,1.589
56.7,-0.013918,0.0062567,0.021436,-0.99945,0.0052959,-0.0014061,-0.0033264,-1.5318,-4.4456,0.19909,-35.116,1.3418,19.524,2.1497,-16.021,0.0099785,0.00089788,-0.0065779,-1.0101,-0.0024551,-0.010043,0.0049966,-0.34,5.0411,-0.066079,-24.982,-0.64274,5.7963,-0.59187,1.0369
56.8,-0.018041,0.0084194,0.0058183,-0.99992,4.0629e-05,0.0012329,-0.0039887,0.96294,-5.3514,0.080789,-34.054,-0.093251,18.658,-3.1903,-15.664,-0.0064355,-0.006831,0.010504,-1.0236,-0.0019548,0.0015236,0.0050726,-0.10333,7.6542,-1.1038,-26.103,-0.13317,3.3441,0.80754,2.8441
56.9,-0.010006,0.011841,-0.0093233,-1.013,-0.0029457,0.0016719,-0.0020257,1.4733,-3.5415,0.77662,-36.332,-1.438,19.191,-0.37134,-17.359,-0.0089515,0.00077357,-0.0011909,-1.0035,-0.0057367,0.0017411,0.00041347,-2.0542,5.9277,-0.59099,-23.802,0.05169,3.1096,0.94215,1.2326
57,0.0063318,-0.011646,0.0022547,-0.99699,-0.0070903,-0.0036954,0.0075416,1.3198,-4.5041,0.015635,-33.439,-2.2278,18.042,-0.99651,-17.108,0.007914,0.010602,-0.0079253,-0.99703,0.0067155,-0.0019229,0.00089318,-0.43063,4.5534,-0.035861,-26.597,-0.28617,4.6713,0.60666,-0.12252
57.1,0.0028349,-0.01125,0.0084025,-0.99031,-0.0038474,-0.00072388,-0.0020236,-0.78967,-2.1962,-0.43814,-33.972,0.087287,18.887,-0.2486,-17.559,-0.0037618,-0.0011698,-0.0005248,-1.0063,0.0048311,-0.0038189,0.0011585,0.83057,5.7742,0.45265,-27.338,-0.13529,7.0951,-2.9132,0.28127
57.2,-0.0028279,-0.0040232,0.010574,-0.9945,0.0056126,-0.0031313,-0.0021334,-0.27732,-6.6544,-1.6156,-35.037,-1.2337,17.033,0.6775,-15.364,-0.020008,-0.01351,0.0078805,-0.99582,-0.0023632,-0.00062113,0.0063728,0.93538,5.0676,0.84968,-25.585,-1.6428,7.0618,-0.28886,2.4196
57.3,-0.0060824,0.0058599,0.0011927,-0.99084,0.010246,0.010534,-0.00066065,1.552,-3.0628,-0.17532,-34.932,0.94595,17.827,1.6509,-18.08,0.00095477,0.0042505,-0.021188,-1.0193,-0.0027528,0.0020174,-0.00055378,0.49626,4.9741,0.71981,-25.595,-1.5492,6.4188,0.29227,2.0798
57.4,-0.012733,0.0059593,-0.00070286,-0.99312,0.0065625,-0.0048265,0.0035635,1.4003,-4.1919,-0.1457,-33.664,-0.41363,18.773,0.58209,-15.791,-0.0024653,0.0006167,0.0061577,-0.99507,-0.0024872,-0.00045021,0.0039672,-0.9645,5.3267,0.22659,-25.326,0.65715,6.7941,0.64732,1.766
57.5,0.010256,-0.0060149,-0.001039,-1.0097,-0.0011405,0.0039597,-0.0021913,0.19064,-3.5583,2.1705,-34.976,-1.161,18.848,0.83883,-16.691,0.00048526,0.030071,-0.0085502,-1.0094,0.012033,-0.0052179,0.00065569,-0.081901,5.7248,-0.98683,-26.092,-0.051178,5.3664,0.21031,3.3156
57.6,-0.012231,0.00039831,0.0030434,-0.98802,0.00050426,0.0043316,-0.0031116,-0.53998,-2.5688,0.013445,-34.932,1.5146,18.243,-0.52656,-14.832,0.005,-0.01532,0.012903,-1.0063,0.0002874,-0.0012941,-0.001615,0.11313,4.8645,1.199,-25.47,0.40608,7.9643,-0.35581,3.0638
57.7,0.0082316,-0.010557,0.0049448,-0.99058,0.00012898,-0.0037213,0.0083785,-0.021078,-4.4311,0.54627,-36.528,0.015214,18.517,2.0717,-17.007,-0.00027695,-0.018758,0.0013056,-0.98167,0.00063546,-0.0018592,0.0045175,1.5676,4.6754,1.0692,-27.107,-0.23183,6.0762,-0.52393,2.2356
57.8,-0.0096652,0.010083,-0.0041524,-0.99761,0.0020507,0.0046652,-0.011582,-0.51582,-2.9378,-0.01052,-34.124,0.83052,18.636,1.5879,-15.007,-0.0038953,-0.0064735,0.012046,-1.0199,-0.0041392,0.0023854,0.0034602,-0.080489,4.8564,0.063472,-25.192,-1.2376,5.5946,-0.44223,2.0775
57.9,0.019979,-9.8213e-05,-0.025057,-0.99377,0.0065061,-0.0073752,-0.00068294,-0.39899,-4.2716,-0.27254,-34.153,-0.68257,19.778,-1.6756,-17.238,0.0030587,-0.010708,-0.0015372,-1.0127,-0.0081424,0.0015627,-0.00029919,-1.119,7.5316,-2.3703,-26.068,3.1494,6.2712,1.7217,0.1441
58,-0.0052853,0.023732,-0.003602,-0.99473,0.00047017,-0.0091954,-0.0076089,0.34341,-3.0428,-0.24423,-33.907,0.70091,17.63,-0.85543,-16.96,-0.00091513,0.0030674,-0.0045538,-0.99613,0.0052183,0.01045,-0.0025038,-2.4412,6.0604,-1.1596,-25.211,0.52077,4.9566,0.74548,1.8481
58.1,-0.0068036,0.0079459,-0.004777,-0.99137,0.0021984,-0.00094748,-0.0023417,-0.35874,-5.3568,1.1369,-35.032,-0.55839,17.623,1.4983,-16.154,0.010567,-0.0070769,0.0033133,-0.99746,-0.0063446,0.0096378,0.0012134,0.55181,4.5394,1.9082,-26.575,-0.72495,5.1495,1.1557,1.6237
58.2,0.0032649,0.013266,0.003069,-1.0118,0.0070136,-0.0023252,-0.0013684,0.60201,-2.0707,-0.50913,-36.291,1.87,18.557,-0.1253,-17.389,-0.011591,0.0012195,-0.023474,-1.0055,0.00028304,-0.0041793,0.0001963,1.1255,6.8342,0.10992,-26.45,0.11969,7.1014,-1.7038,1.7691
58.3,0.0048288,0.00030613,-0.026223,-0.9991,-0.0042424,0.011265,-0.0046662,0.056531,-3.6438,-0.91204,-38.843,0.82921,19.765,1.4036,-16.963,-0.0068182,-0.0038173,-3.576e-05,-0.99375,0.002225,-0.0052252,0.00088479,-0.042645,6.0086,1.0777,-25.595,1.0206,8.2412,1.0612,1.6127
58.4,-0.015121,0.0063531,-0.024994,-0.9984,-0.0025658,-0.0021701,-0.00074157,1.0801,-3.6746,-0.31347,-34.833,0.22029,19.059,-0.88767,-17.362,0.0055344,0.0039687,0.00046125,-1.0065,-0.00056222,-0.00034794,0.003551,-1.3993,4.7953,-1.3361,-25.803,-1.3029,6.6398,1.6179,2.541
58.5,0.0001483,0.0037759,-0.012699,-1.0112,-0.0028236,0.00039675,0.0055328,0.87022,-4.7248,-0.45032,-35.234,0.65797,18.359,-0.86843,-16.993,0.0089293,0.012364,-0.0016526,-0.98834,0.0050955,-0.0001456,-0.0064559,0.34438,5.111,-0.60371,-25.888,1.4589,7.3812,0.14387,1.5654
58.6,0.0068624,-0.0079371,-0.0075018,-1.0086,0.0064981,0.00055048,-0.0021584,-1.5057,-2.8426,0.85233,-35.251,-0.95559,18.387,-0.22266,-16.465,-0.0074025,0.010069,0.010633,-0.98777,-0.0070264,-0.00067841,0.00086767,0.12462,6.8846,-0.72274,-26.596,0.17131,6.8761,-2.2151,2.2292
58.7,0.0071507,-0.0032412,0.002241,-1.0081,0.0002891,-0.0054332,0.0088927,-0.17921,-4.4692,-2.1358,-36.725,0.83065,20.091,0.097136,-17.374,-0.00072559,0.0066292,-0.0066728,-0.99847,-0.0048406,0.0047036,0.00087215,-0.051613,5.9811,1.0444,-25.224,-1.3174,6.1952,-3.7289,2.1857
58.8,0.015905,0.0041378,0.0035748,-0.98788,0.0050467,0.00011985,-0.0025741,0.31624,-1.3179,-1.4595,-35.807,2.4285,17.8,0.83651,-16.265,-0.012671,0.0087386,0.0097831,-1.0026,0.0047697,0.0025973,0.0029856,0.42943,6.0904,-0.47176,-26.217,0.15982,5.5536,1.1097,1.3582
58.9,-0.016342,-0.0011327,0.010754,-0.99379,0.00018715,-0.0023978,-0.0048021,0.81302,-3.578,0.27683,-37.398,1.1088,19.154,0.33467,-14.94,-0.003116,-0.00664,0.014627,-0.99023,-0.0081538,0.0098901,0.0057601,-0.76057,5.4267,-2.3242,-26.472,0.10354,6.4254,-0.73325,-0.17751
59,0.0076203,0.0092259,-0.013819,-0.9892,-0.0023795,-0.0032554,0.0088451,-0.765,-2.8786,1.1698,-35.351,0.015542,18.515,0.1297,-16.042,0.013125,-0.0050434,-0.013576,-1.0107,0.0011682,-0.0038482,0.0034402,0.094487,6.1171,-0.70112,-26.191,1.763,7.8456,-1.1227,0.90157
59.1,0.0041894,-0.0076249,-0.0043519,-1.003,0.0010169,0.0019446,-0.0067071,-0.58508,-2.3903,0.19202,-34.236,0.45778,18.721,0.2808,-16.387,0.0078651,0.0072215,0.012066,-1.0015,0.0028356,0.0042878,-0.0066817,1.285,4.7816,2.0048,-25.357,-1.3704,5.664,0.44875,2.8769
59.2,0.0029684,-0.0031141,0.018244,-0.99608,0.0035203,-0.012839,-0.0015468,0.24317,-2.54,0.84169,-35.864,0.26893,17.827,1.1165,-16.118,0.01647,-0.013265,0.010416,-1.0078,-0.0030093,0.0030125,-0.00321,0.79327,7.2388,-1.2313,-24.3,-1.4133,6.1904,0.64593,1.3797
59.3,-0.011707,0.0040452,0.00045866,-0.99908,-5.4518e-05,-0.0055497,-0.0013031,0.22245,-3.0544,-1.7594,-36.365,-0.1883,20.402,-0.12957,-15.77,-0.0068617,-0.016284,-0.0081585,-0.98541,0.0024458,-0.00099634,0.0015423,1.5394,7.6539,-0.072834,-25.22,-0.067305,6.4505,-0.42431,0.73254
59.4,2.7569e-05,0.0022954,0.0034939,-0.99117,0.010498,0.0053256,0.007234,1.0763,-5.7732,-1.3232,-36.665,-0.97055,19.537,-2.5076,-15.667,0.0012671,0.0029948,0.010814,-0.98814,-0.0039781,0.0043184,0.0044272,-0.39253,6.0227,0.096484,-25.329,0.18893,6.3428,0.40711,2.1293
59.5,-0.0089261,0.0062426,-0.0078664,-0.99503,0.0028019,-0.0028276,0.00016692,2.0422,-4.1123,-1.0058,-35.871,-0.46706,19.095,-1.2808,-16.499,-0.019124,-0.0029354,0.002544,-0.97782,0.00093639,0.0083478,0.0052805,-0.43836,7.3399,0.051521,-27.221,2.1858,6.8441,-0.92324,3.1142
59.6,-0.0057676,-0.0069819,0.0022712,-0.9924,-0.0099858,-0.0023524,-0.00054332,-0.39669,-3.1437,0.60326,-33.818,0.44827,18.74,-0.93179,-16.969,-0.0065263,-0.0065044,0.0056963,-0.99758,0.011049,0.0049964,0.00026181,-0.84198,6.0318,-0.95835,-26.39,-1.3152,6.558,-0.75786,1.7816
59.7,-0.0075667,0.0056986,0.029786,-1.0121,0.0039357,-0.0010599,-0.0021059,1.2987,-2.3412,-2.0272,-35.901,-0.265,16.792,-0.33076,-16.855,0.0019231,-0.0055447,0.0072379,-1.0056,-0.0011618,0.0016671,-0.010181,2.051,7.3608,-1.3866,-24.986,-0.94593,8.4661,-0.78722,2.1035
59.8,-0.0072885,-0.016764,0.011221,-1.0239,-0.0035663,-0.00016647,0.0014527,-0.43925,-3.3888,-0.64414,-36.601,0.43733,18.093,0.029605,-18.098,-0.0073734,0.00037492,0.0081201,-0.99812,0.004887,-0.0029407,-0.0037126,0.38413,4.122,0.66656,-27.04,-1.0189,6.9114,-0.25636,1.4836
59.9,0.0063951,-0.021951,0.0083707,-1.0093,-0.0015723,0.0063431,0.0072909,-0.50271,-4.2205,-2.4511,-35.248,1.1453,20.019,1.0655,-16.323,-0.012294,0.016374,0.0025647,-0.99784,-0.0003136,-0.002002,-0.0030159,-0.81716,4.6448,-1.0062,-26.366,-0.17548,6.3074,0.4106,2.0334
60,0.01082,-0.007325,0.0084969,-1.0048,0.0064454,-0.0033367,0.00079115,-0.19103,-3.1241,-0.58857,-36.449,-0.51598,21.119,-1.4175,-16.604,-0.00078389,-0.0066799,0.0058544,-0.98437,-0.0015844,-0.00096767,-0.0039902,-1.4041,4.9109,-0.40977,-27.59,0.85172,6.5156,0.71654,1.9472
