time,q1_healthy,q2_healthy,q3_healthy,q4_healthy,omega1_healthy,omega2_healthy,omega3_healthy,wheel1_i_healthy,wheel1_w_healthy,wheel2_i_healthy,wheel2_w_healthy,wheel3_i_healthy,wheel3_w_healthy,wheel4_i_healthy,wheel4_w_healthy,q1_faulty,q2_faulty,q3_faulty,q4_faulty,omega1_faulty,omega2_faulty,omega3_faulty,wheel1_i_faulty,wheel1_w_faulty,wheel2_i_faulty,wheel2_w_faulty,wheel3_i_faulty,wheel3_w_faulty,wheel4_i_faulty,wheel4_w_faulty,
0,0,0,0,0,0,0,0,0,0,0,0,0,0,0,0,0,0,0,0,0,0,0,0,0,0,0,0,0,0,0
0.1,-0.69992,0.00928,0.11672,-0.6997,-0.0020112,-0.0047104,-0.0087531,0.34008,-0.064911,2.0232,-1.2168,-0.531,-0.88292,-0.23132,1.0802,-0.7197,-0.014055,0.12281,-0.69425,-0.0067783,0.0046814,-0.0020381,1.7587,0.81542,-1.0667,0.67436,-0.5786,-2.1209,-2.3288,-0.73234
0.2,-0.707,0.0061027,0.11983,-0.69451,0.00065928,0.0069053,-0.0011185,3.1991,-0.84461,-0.088261,0.1004,-0.73222,-1.3901,-2.0205,-0.049162,-0.71028,-0.014412,0.13291,-0.70591,-0.010105,-0.0022949,-0.0040801,0.48921,-0.42248,0.47111,-0.81847,-0.76959,0.66411,-1.1405,-0.60303
0.3,-0.69713,-0.0045933,0.12282,-0.68661,0.0046057,-0.0091232,0.0057465,0.27552,0.089202,1.5534,1.7561,-1.2351,-0.36916,-1.6073,-1.2051,-0.71131,0.0043198,0.13134,-0.69751,0.0083821,-0.0024269,0.0013722,0.73977,0.41829,0.22279,-0.64795,-1.9309,0.024284,-1.8618,0.021393
0.4,-0.70613,0.0031014,0.10512,-0.68778,-0.0095802,0.00016823,-0.001035,1.3364,-0.28379,-1.1833,-0.47398,-1.8955,-1.2071,-0.84787,0.092696,-0.71097,0.0012916,0.11474,-0.69688,-0.010732,0.0017647,-0.0043278,2.3027,0.75524,-2.2075,0.088953,0.1432,-1.7859,-2.0186,-1.3008
0.5,-0.72762,-0.011708,0.11699,-0.69649,-0.0034223,0.0012141,0.0090609,0.98916,2.6845,-0.59089,2.6655,-0.8163,-0.38545,-2.2798,-0.31871,-0.71659,-0.007853,0.12289,-0.69266,0.0046381,-0.00090523,0.00024651,-0.81233,-1.4518,2.0168,0.73724,0.34008,-0.86878,-0.47648,-0.62004
0.6,-0.70409,-0.023617,0.13564,-0.69752,-0.0076709,-0.011964,0.0074324,0.10099,2.2416,1.4073,-0.24883,-1.9133,-1.1486,0.11713,-0.83076,-0.6879,0.013759,0.11866,-0.68948,-0.0032578,-0.005512,-0.00011015,-0.24676,1.394,-1.2386,0.52312,-0.42612,-2.4279,-0.51815,-1.1804
0.7,-0.70023,0.0032656,0.11653,-0.72076,-0.018321,-0.0049371,0.014166,-0.66619,1.0914,-0.16709,-1.368,-2.0927,-1.9501,-0.22347,-0.7379,-0.70709,0.0060298,0.13738,-0.68515,-0.014409,0.000662,0.0035307,-0.7761,1.8896,-1.2787,1.4355,-1.7602,-2.8608,0.21165,-3.1568
0.8,-0.70811,-0.0060359,0.12461,-0.70045,-0.0024034,-0.001837,0.016596,-0.79364,1.8013,-0.11292,-0.85573,-0.17457,-3.5143,-2.3258,-1.4742,-0.71792,-0.015494,0.10078,-0.71553,-0.014445,-0.0044203,0.0041878,1.903,3.1688,-0.42591,-1.9277,-0.76569,-3.3675,-2.5031,-0.098397
0.9,-0.71275,-0.0042469,0.11713,-0.69784,-0.016071,-0.0021521,0.011749,0.078254,4.7137,-0.87243,-0.9666,-2.8257,-1.9344,-0.38675,-3.0817,-0.70447,0.0025349,0.11346,-0.69684,-0.01177,-0.003189,0.015599,1.4596,1.0455,-1.7099,0.76168,-0.91376,-1.7531,1.5029,-1.7087
1,-0.69307,-0.006156,0.14081,-0.69036,-0.0062778,-0.0058667,0.017694,2.6251,3.1629,-0.077988,0.49354,-0.25753,-4.3285,-1.4427,-3.7239,-0.70728,0.0073659,0.13144,-0.67821,-0.012931,-0.0067151,0.01691,2.0514,1.5146,0.7675,-0.14918,-0.72615,-1.5905,-2.7494,-1.2348
1.1,-0.69648,0.018381,0.11424,-0.69663,-0.01811,-0.0057899,0.030361,-0.069162,3.851,-0.9276,-1.2513,-0.50495,-2.1573,0.38431,-3.1276,-0.70573,-0.019585,0.11032,-0.68939,-0.018725,-0.0089553,0.011386,-0.49583,3.2368,-0.86979,1.5762,-1.8302,-4.8932,-0.36808,-3.0465
1.2,-0.71461,0.009258,0.12197,-0.70142,-0.02061,-0.0050101,0.01908,-1.2534,2.5954,-0.87363,1.789,-1.3215,-1.3346,-1.9884,-3.1532,-0.68959,-0.0056484,0.10846,-0.70809,-0.01107,-0.00077594,0.015392,1.667,4.3362,-0.95383,-1.2013,0.14209,-2.2027,-1.0828,-4.1546
1.3,-0.7151,-0.00020645,0.10098,-0.7015,-0.016031,-0.0064808,0.022926,1.3426,3.384,1.1678,-1.0312,-1.493,-5.0351,-1.0697,-3.356,-0.70882,-0.0074024,0.11653,-0.71053,-0.02566,-0.0054505,0.0099131,2.2477,2.0019,0.089423,1.8891,0.043373,-3.1524,0.15801,-3.904
1.4,-0.69711,0.0075139,0.10602,-0.69287,-0.022781,-0.010499,0.023304,0.99653,3.4586,0.6282,-1.2089,0.84348,-4.7754,-2.1808,-4.9472,-0.68886,-0.010075,0.11492,-0.72157,-0.017736,-0.01132,0.019739,3.4871,3.6778,-1.9572,0.46075,-0.82159,-2.7203,-1.028,-4.0035
1.5,-0.71181,0.01339,0.11578,-0.702,-0.02299,-0.0051238,0.023184,1.3127,3.2831,0.086045,-0.90921,-2.3305,-4.3605,-0.68301,-5.8144,-0.68808,0.0040464,0.11133,-0.69662,-0.017953,-0.01272,0.019766,1.2174,4.3778,-0.11521,0.96167,-1.0496,-5.1136,-0.45597,-5.5187
1.6,-0.6974,0.0072561,0.12275,-0.70214,-0.02743,0.0015657,0.022579,0.88776,3.8786,-2.2197,1.4133,-1.2008,-6.1063,0.41805,-4.9,-0.68997,0.0013352,0.11492,-0.68936,-0.023296,-0.009707,0.022656,0.33395,4.1927,-0.85862,-0.54902,-3.7562,-6.3082,-1.3817,-5.9307
1.7,-0.71566,0.00357,0.12453,-0.69829,-0.027885,-0.009354,0.029869,-0.23869,5.2665,1.0726,-0.84808,-1.2634,-5.9076,-0.55346,-4.9388,-0.70042,0.0035655,0.093405,-0.69402,-0.031974,-0.0052964,0.026522,1.2199,5.5683,-1.5342,-0.65019,-2.1051,-6.3615,-1.177,-5.5352
1.8,-0.68663,0.023438,0.11024,-0.69573,-0.029833,-0.0038161,0.031979,1.9346,4.2905,1.4299,-1.0698,-0.4444,-6.9221,-1.4227,-5.3375,-0.70409,0.02135,0.10756,-0.70953,-0.020061,-0.0098418,0.029218,-0.035368,3.7906,-1.8353,-3.0011,-0.99947,-5.4748,0.82859,-5.7629
1.9,-0.68058,-0.0064166,0.097924,-0.7165,-0.025924,-0.0061323,0.037219,1.3718,5.5976,-1.1134,-1.2506,-0.20872,-7.668,-2.7689,-5.6393,-0.68892,0.0078501,0.10376,-0.70007,-0.032466,-0.00997,0.030567,0.52765,4.7948,-0.47782,0.0074915,-1.1957,-5.8364,-1.0192,-5.8043
2,-0.6893,0.015562,0.13396,-0.68763,-0.029826,-0.0051676,0.034821,-0.63321,4.946,0.48054,-2.3537,0.1465,-5.6616,-2.1576,-7.4474,-0.69994,0.00073489,0.14121,-0.71572,-0.036995,-0.0052512,0.030747,1.299,4.1943,0.106,-0.34539,-2.484,-7.8691,-1.6174,-5.6553
2.1,-0.70419,0.021306,0.1095,-0.72852,-0.018097,-0.022212,0.035324,0.92233,6.3278,-0.08128,-0.91756,-1.1249,-8.4921,-1.2099,-6.6476,-0.69065,0.0063823,0.13334,-0.70156,-0.027448,0.00051172,0.035598,1.2615,6.6274,1.0294,-0.94445,-1.0057,-7.5346,-0.35458,-7.3827
2.2,-0.69835,0.006504,0.12075,-0.70701,-0.033313,-0.0071322,0.030068,2.3031,5.4667,-0.83962,-3.0731,-0.40925,-9.1996,-1.9823,-8.8414,-0.70269,0.024537,0.11215,-0.70799,-0.039764,-0.013563,0.032524,1.0776,5.6162,-0.088615,-1.0681,-0.88564,-8.1347,-0.15391,-8.0405
2.3,-0.67056,0.0022108,0.10908,-0.70417,-0.033003,-0.005503,0.035233,-0.50549,4.4865,-1.0314,-1.1149,-4.1037,-7.737,-1.3521,-8.0027,-0.6802,0.022852,0.10824,-0.70865,-0.034585,-0.008999,0.042546,0.00091684,5.9716,-0.61475,-0.59905,-1.1349,-6.849,-1.1584,-7.9729
2.4,-0.69375,0.021441,0.10979,-0.71699,-0.040861,-0.0095423,0.023359,0.26112,6.207,-0.29426,-0.37828,-0.9361,-7.4371,-1.8719,-7.8336,-0.71177,0.021031,0.10623,-0.71727,-0.028272,-0.01977,0.025998,2.2631,6.2879,0.49868,-0.33194,0.20506,-8.02,-0.7631,-8.6024
2.5,-0.69098,0.017196,0.09958,-0.71669,-0.033838,-0.012543,0.025014,0.0051774,7.3689,0.083386,-0.34508,-0.906,-6.5704,-2.0033,-6.8748,-0.69798,0.013179,0.098756,-0.72404,-0.040029,-0.018792,0.033642,-1.0159,7.1309,-0.94742,-1.6926,-1.2944,-9.8888,-1.6347,-8.5725
2.6,-0.68799,0.010935,0.10749,-0.71123,-0.038391,-0.01077,0.033731,1.5633,6.8458,-1.563,-0.19325,-1.7597,-9.2441,-1.2558,-7.3171,-0.68736,0.01207,0.10674,-0.71246,-0.036423,-0.0055409,0.045425,1.8532,7.3314,-1.093,-1.1069,-1.7791,-9.1869,-2.3468,-9.5079
2.7,-0.69744,0.02834,0.11457,-0.70913,-0.043907,-0.018766,0.041061,0.41702,7.712,-2.5622,-0.48672,-0.3567,-9.2277,-0.22658,-9.0764,-0.68952,0.015106,0.11748,-0.69951,-0.03436,-0.0085063,0.039692,0.99731,8.2483,0.098765,-0.24472,-0.033646,-11.638,-2.0644,-10.265
2.8,-0.69071,0.021674,0.11539,-0.69982,-0.042978,-0.017995,0.041994,-0.081331,8.3193,0.54954,0.21236,-1.3925,-9.564,-1.3896,-11.249,-0.69296,0.027307,0.11393,-0.70457,-0.050295,-0.016119,0.050117,0.25787,7.0722,0.27572,-0.14643,-0.61811,-9.7515,1.128,-8.6709
2.9,-0.67796,0.021658,0.10365,-0.7019,-0.038988,-0.017071,0.036453,-0.015225,8.5239,-1.3147,-2.3687,1.8241,-9.4171,-0.11659,-9.5094,-0.68455,0.014002,0.10047,-0.73125,-0.039494,-0.011092,0.042466,-0.80985,6.3618,-1.5778,-2.7702,-1.176,-10.901,-1.9688,-10.118
3,-0.66618,0.028351,0.12477,-0.71918,-0.042532,-0.01086,0.038213,1.3439,8.8415,-0.48182,-2.8276,0.15069,-9.3266,-1.8012,-10.4,-0.67831,0.040394,0.098063,-0.69239,-0.038127,-0.0092417,0.036511,1.7973,9.5338,-2.088,-1.783,-0.51292,-9.1588,0.15121,-10.916
3.1,-0.68961,0.02492,0.097791,-0.73348,-0.041623,-0.02184,0.051128,1.6008,8.8417,0.35077,-1.6652,-1.0048,-10.797,-0.82329,-11.924,-0.677,0.028375,0.10116,-0.73139,-0.046898,-0.010192,0.045709,-0.29131,8.819,-0.79797,-2.3568,-0.95136,-9.7966,-1.2078,-12.383
3.2,-0.67984,0.025356,0.12296,-0.72043,-0.046811,-0.018323,0.040676,-0.6596,7.1376,-0.25149,-1.5993,-0.025195,-8.8273,-0.32904,-12.324,-0.70056,0.028286,0.099172,-0.70151,-0.040542,-0.008536,0.048498,1.677,8.8802,-0.2905,-1.864,-0.63028,-12.001,-0.31332,-10.588
3.3,-0.68785,0.03049,0.094149,-0.7285,-0.049248,-0.018435,0.046982,-0.20737,9.7589,-1.2917,-1.7933,-1.0503,-11.77,-1.6958,-12.049,-0.67569,0.036514,0.10145,-0.72194,-0.05112,-0.011387,0.048601,1.1945,8.0164,-0.1802,-2.6405,-0.49496,-12.442,-2.0369,-11.869
3.4,-0.67856,0.042812,0.11467,-0.73259,-0.048132,-0.017122,0.049254,2.3391,8.7916,-0.36278,-2.3785,-2.2333,-11.583,-1.4852,-11.496,-0.68428,0.037706,0.11689,-0.74762,-0.040594,-0.028316,0.048008,1.9387,9.8337,-0.338,0.26571,-0.7456,-11.754,-0.16619,-12.068
3.5,-0.67348,0.026577,0.11139,-0.73715,-0.044659,-0.024363,0.046662,1.8888,9.3363,0.54703,-2.2745,-0.85485,-11.923,-1.2087,-11.009,-0.68098,0.041584,0.10329,-0.72181,-0.052436,-0.0056646,0.050653,-0.40443,10.098,-1.6503,-1.1418,-1.9209,-11.414,-2.8575,-11.112
3.6,-0.66962,0.039522,0.10729,-0.7457,-0.053176,-0.019315,0.053449,-1.2356,10.262,-2.7204,-3.5996,-0.81667,-12.777,-0.60331,-11.614,-0.66753,0.038118,0.10263,-0.71612,-0.048529,-0.010032,0.058552,0.74226,10.275,-0.9768,-2.7063,-0.56143,-11.572,-1.76,-15.541
3.7,-0.67473,0.050063,0.092976,-0.7386,-0.055927,-0.013532,0.056729,1.408,10.67,-0.23033,-3.1278,-0.13885,-11.926,-1.5611,-12.008,-0.67623,0.038648,0.10058,-0.74258,-0.049951,-0.01555,0.053869,-0.23863,9.8777,0.77429,-3.9839,0.21908,-12.188,-2.1066,-13.928
3.8,-0.65844,0.052239,0.10617,-0.74674,-0.045013,-0.0076705,0.056344,2.2306,8.0704,-2.0366,-2.9381,-1.3385,-13.191,-0.53574,-13.625,-0.64644,0.044817,0.11632,-0.7253,-0.058139,-0.0058363,0.055456,-0.063736,9.4503,-0.47806,-2.58,-0.50292,-13.604,0.23007,-12.678
3.9,-0.69528,0.049641,0.09923,-0.73394,-0.056094,-0.015996,0.065123,1.8631,10.531,0.95025,-4.3229,-1.7493,-12.935,-2.4705,-12.603,-0.66187,0.045187,0.092499,-0.75079,-0.055148,-0.0049902,0.052572,1.9119,11.207,0.89766,-1.8891,-1.4002,-13.959,-0.87417,-12.033
4,-0.67193,0.03511,0.10176,-0.72558,-0.055287,-0.014867,0.063122,2.1452,11.406,-1.439,-4.8092,-2.3865,-12.301,0.10044,-15.832,-0.66359,0.035099,0.095592,-0.7363,-0.056397,-0.012062,0.062713,1.6299,10.716,-1.2724,-4.281,-1.8929,-12.968,-0.99763,-14.421
4.1,-0.65328,0.056484,0.099789,-0.73491,-0.051703,-0.017345,0.056875,4.0173,10.4,-0.75445,-4.0252,-1.298,-14.248,-1.0613,-14.331,-0.66923,0.035913,0.10139,-0.75934,-0.056311,-0.014793,0.054229,1.188,11.536,-1.6124,-2.4638,-1.4673,-13.208,0.41903,-15.317
4.2,-0.64218,0.058336,0.085144,-0.7639,-0.055062,-0.009364,0.066539,-0.048511,12.077,-0.013969,-4.1461,-0.77269,-14.25,0.10718,-14.296,-0.6566,0.035517,0.075777,-0.74172,-0.059247,-0.0042822,0.063385,0.90933,10.31,1.4039,-5.2782,1.3719,-11.992,-0.55979,-14.771
4.3,-0.65196,0.061484,0.073175,-0.74524,-0.067472,-0.016905,0.046256,1.7106,13.213,-1.7108,-4.5488,-1.2356,-12.738,-0.23467,-15.457,-0.65204,0.045007,0.09027,-0.74736,-0.068858,-0.019048,0.066114,0.97673,11.664,-1.6055,-4.5648,1.0481,-13.43,-1.7395,-13.67
4.4,-0.66433,0.049011,0.083597,-0.73692,-0.060256,-0.011539,0.061533,0.14545,11.675,-2.1168,-5.8606,-0.034934,-11.788,-0.078627,-15.128,-0.64497,0.040657,0.092153,-0.75185,-0.065159,-0.019783,0.065199,0.81555,11.508,1.5405,-3.6781,-1.1304,-13.316,-0.60481,-15.647
4.5,-0.65308,0.053131,0.092184,-0.76484,-0.066715,-0.013736,0.060352,-0.35294,11.377,-0.70766,-5.2538,2.2724,-14.818,-1.6754,-17.173,-0.62949,0.072198,0.075257,-0.75372,-0.065278,-0.011785,0.064221,0.48382,11.458,-3.1271,-3.6067,-1.583,-14.106,-2.3965,-19.883
4.6,-0.66293,0.045432,0.099415,-0.73584,-0.068705,-0.012661,0.063407,1.8409,13.175,-1.4155,-5.1487,-0.19259,-14.017,-0.32054,-15.269,-0.65076,0.055313,0.099166,-0.77175,-0.069912,0.00010187,0.063062,0.97272,13.47,-0.87752,-5.4506,-1.2527,-14.427,-0.53269,-17.737
4.7,-0.64186,0.080579,0.074623,-0.76678,-0.063867,-0.0071481,0.063032,0.58454,12.827,-2.6122,-6.8646,0.29467,-12.632,-1.2428,-17.729,-0.64508,0.049758,0.10148,-0.7521,-0.063666,-0.01353,0.069332,2.0419,13.379,-0.41883,-6.6151,-2.1006,-12.835,-2.9807,-19.454
4.8,-0.62478,0.052139,0.064857,-0.75927,-0.076538,-0.018615,0.068425,2.1783,13.45,-1.1429,-8.243,-2.1259,-13.556,-0.61154,-17.371,-0.65112,0.080881,0.074549,-0.76192,-0.066412,-0.022339,0.074339,-0.56672,13.038,-0.94165,-7.7487,-1.972,-15.365,-3.1598,-18.872
4.9,-0.63563,0.063715,0.074925,-0.73763,-0.067881,-0.010438,0.067323,0.2738,13.096,-1.6837,-8.0466,-1.9466,-13.606,-1.283,-17.645,-0.64111,0.073146,0.076063,-0.7781,-0.074151,-0.0094452,0.073894,1.4627,11.374,-0.13085,-7.511,-2.0095,-11.666,-0.47453,-16.504
5,-0.62571,0.090674,0.085496,-0.78682,-0.078038,-0.018362,0.073859,1.7582,11.915,-0.29896,-8.4581,-0.44408,-14.086,0.077119,-17.558,-0.63269,0.068452,0.079833,-0.75443,-0.067623,-0.017765,0.068898,-1.0374,15.043,-1.8276,-7.3819,0.93557,-13.823,0.16486,-18.316
5.1,-0.64225,0.07283,0.07789,-0.77272,-0.077428,-0.011648,0.067315,0.35355,12.414,-2.844,-7.7465,-1.7283,-13.694,-0.31489,-19.515,-0.6282,0.080244,0.068806,-0.76518,-0.068245,-0.016508,0.067763,0.25393,12.744,-0.71602,-8.6821,1.2926,-14.857,-2.8195,-17.757
5.2,-0.64353,0.067373,0.079377,-0.78433,-0.076711,-0.011719,0.083457,1.4003,14.744,-0.42604,-6.5851,0.25517,-13.817,0.21102,-18.612,-0.62676,0.062557,0.075959,-0.77475,-0.080385,-0.0058627,0.060926,-0.92131,14.231,-0.077443,-7.7943,-1.0791,-13.395,-0.072161,-20.528
5.3,-0.62373,0.071581,0.073228,-0.79604,-0.078218,-0.019389,0.061852,1.8233,12.364,-1.1208,-9.9671,-0.78859,-14.961,0.15102,-19.501,-0.61201,0.076377,0.063709,-0.78093,-0.085648,-0.014079,0.066067,0.14493,14.232,-0.32799,-7.5298,-1.3885,-14.196,-1.1274,-19.009
5.4,-0.62089,0.065209,0.0724,-0.76695,-0.084076,-0.0088195,0.065983,0.83386,14.845,-1.2864,-8.9897,1.2516,-14.275,-2.6109,-19.878,-0.61736,0.075034,0.061997,-0.77425,-0.090172,-0.01532,0.067575,-0.74043,15.748,-1.4292,-10.009,-0.60646,-12.493,-0.57515,-22.42
5.5,-0.62464,0.099162,0.078529,-0.76921,-0.076821,-0.0089613,0.078655,-1.3515,15.026,0.21991,-8.1391,-1.9192,-14.639,-1.6255,-19.762,-0.60678,0.057703,0.044384,-0.76721,-0.090675,-0.018683,0.068759,1.969,14.692,-3.0494,-8.12,1.1009,-13.377,-1.4239,-19.332
5.6,-0.60014,0.075643,0.069938,-0.78568,-0.084329,-0.020966,0.066193,0.59723,16.275,-2.6419,-8.7013,-1.1665,-13.534,0.072093,-21.672,-0.6139,0.073725,0.065286,-0.804,-0.078958,-0.0057776,0.074302,0.62466,15.211,0.83835,-10.858,1.3931,-12.683,-0.98214,-22.403
5.7,-0.59674,0.072949,0.063593,-0.79289,-0.082082,-0.013639,0.072219,1.9977,15.462,-0.48877,-9.3095,-0.7875,-13.753,-0.99705,-21.583,-0.61086,0.095339,0.075907,-0.76786,-0.086825,-0.014372,0.076782,1.4221,15.77,-1.2599,-11.03,-0.098306,-14.54,-1.782,-20.576
5.8,-0.61229,0.098097,0.06067,-0.77766,-0.077629,-0.011094,0.070373,0.31962,15.698,-0.64917,-8.6482,-1.5496,-15.074,-0.40996,-19.331,-0.61228,0.087975,0.037419,-0.78933,-0.090726,-0.0058189,0.071098,-0.36084,13.93,-1.7813,-11.231,-0.4097,-12.611,-0.38014,-21.166
5.9,-0.60846,0.086706,0.064001,-0.79678,-0.093375,-0.010961,0.082048,0.35581,16.332,-0.33761,-10.427,-0.60344,-13.251,-2.0635,-22.449,-0.60666,0.07968,0.056598,-0.79421,-0.08319,-0.0052117,0.079518,-0.27687,16.721,-1.4991,-9.7661,0.74952,-14.409,-0.55715,-23.13
6,-0.58915,0.087077,0.060349,-0.7988,-0.085605,-0.0087246,0.075483,0.34769,15.32,-2.8434,-10.836,-0.037325,-13.057,-2.855,-21.924,-0.59214,0.1118,0.054334,-0.78059,-0.08043,-0.0015224,0.085144,-1.085,15.352,-0.37283,-10.277,1.487,-13.531,-0.50402,-22.136
6.1,-0.61072,0.10901,0.05919,-0.79566,-0.087067,-0.013749,0.080583,-1.9786,16.6,-1.5882,-11.815,2.4993,-13.482,0.14444,-21.811,-0.5823,0.098263,0.070404,-0.79516,-0.088381,-0.0076457,0.073809,0.14221,15.873,-2.0071,-12.449,0.19374,-14,-0.99209,-22.895
6.2,-0.57548,0.10561,0.039162,-0.81347,-0.097024,-0.0082687,0.072963,0.26275,15.993,-0.161,-11.497,-1.8691,-13.142,-0.48758,-23.599,-0.60163,0.080167,0.05512,-0.80507,-0.10149,-0.010189,0.077061,1.1036,16.203,-1.3813,-11.755,2.2664,-14.196,-0.96198,-23.337
6.3,-0.59074,0.12081,0.064355,-0.80565,-0.096967,-0.006443,0.068906,1.1449,16.381,-0.46474,-13.278,0.41422,-13.61,-2.2405,-23.396,-0.59177,0.11336,0.037234,-0.79554,-0.096952,-0.0090934,0.077545,0.81577,15.943,-1.5848,-12.901,-0.49424,-14.242,-1.428,-24.304
6.4,-0.60181,0.10886,0.052221,-0.80785,-0.081539,-0.012695,0.077761,-0.083339,15.71,-1.9604,-12.879,-0.3596,-12.785,-3.3246,-24.485,-0.58989,0.10701,0.051317,-0.81878,-0.08573,-0.0061067,0.073782,1.5714,15.208,-1.3013,-13.067,0.63495,-12.736,-1.6576,-23.304
6.5,-0.56782,0.10693,0.049275,-0.80993,-0.099977,-0.0067896,0.076394,0.42934,15.868,-1.8767,-13.231,-1.4188,-14.013,-4.2232,-24.032,-0.58544,0.11712,0.04439,-0.79522,-0.09604,-0.0038874,0.078948,-0.11633,16.416,-2.1743,-12.672,-0.5252,-11.813,-1.1774,-22.105
6.6,-0.56155,0.10895,0.036935,-0.80785,-0.096295,-0.0069825,0.074359,1.3141,17.762,-0.85284,-14.798,0.14273,-13.551,-0.90876,-24.829,-0.56821,0.11628,0.050708,-0.79297,-0.095904,-0.0094339,0.077579,0.3055,16.469,0.60437,-15.595,0.44433,-15.436,-1.6645,-24.443
6.7,-0.58365,0.12076,0.032701,-0.80622,-0.10123,-0.01422,0.081294,0.01286,17.7,-0.76918,-13.276,-0.28766,-12.655,-0.020694,-24.349,-0.55225,0.10458,0.036048,-0.81057,-0.094089,-0.011592,0.084368,0.98202,16.323,-0.42208,-13.667,0.14419,-12.749,-2.3072,-24.649
6.8,-0.55476,0.10666,0.042736,-0.81385,-0.099187,-0.011069,0.077204,2.2741,18.257,-0.032106,-12.658,0.39299,-12.732,-1.9777,-25.12,-0.56119,0.099015,0.031982,-0.83015,-0.090755,-0.0087083,0.073215,1.104,17.248,-2.1327,-13.625,1.6572,-12.075,-0.77056,-24.372
6.9,-0.57758,0.1122,0.036631,-0.81465,-0.10166,-0.015358,0.077348,1.8645,18.962,-0.098727,-14.275,0.29293,-14.543,-1.2203,-25.346,-0.57232,0.11548,0.020239,-0.8266,-0.098413,0.00080349,0.088152,1.3373,17.101,-1.8978,-15.325,0.67905,-12.575,-0.93803,-24.701
7,-0.56875,0.11595,0.030768,-0.82521,-0.096785,0.00087235,0.078413,0.12318,16.459,-0.75043,-14.72,-0.087214,-13.668,-1.7985,-25.038,-0.54889,0.13076,0.032216,-0.80693,-0.098739,-0.0074111,0.087493,1.2676,19.216,-1.3921,-13.259,0.21836,-13.757,-1.5888,-27.978
7.1,-0.55065,0.13991,0.040696,-0.82661,-0.11018,-0.012929,0.090191,1.1506,19.9,-1.7199,-15.634,-0.77785,-10.84,-2.948,-24.043,-0.5753,0.1042,0.0453,-0.82109,-0.098085,-0.0087044,0.083666,-0.047064,19.495,0.40687,-14.919,0.87118,-12.42,-0.60856,-25.604
7.2,-0.54364,0.1068,0.017173,-0.82151,-0.10739,-0.0051429,0.076541,0.95027,18.366,-0.27664,-15.438,-0.26493,-13.139,-0.18675,-26.614,-0.55844,0.12525,0.028467,-0.82169,-0.1088,-0.0076659,0.085848,1.4659,19.168,-0.70911,-16.864,0.62551,-12.106,-1.5809,-26.507
7.3,-0.53433,0.12601,0.028895,-0.83517,-0.11038,0.0068012,0.085084,0.10698,20.753,-1.9697,-15.652,0.44678,-12.832,-1.97,-27.707,-0.52544,0.11478,0.018317,-0.82663,-0.10581,-0.00040386,0.081583,-1.3768,18.49,-2.0425,-18.373,0.56832,-12.344,-1.458,-26.541
7.4,-0.52991,0.136,0.026546,-0.84961,-0.11354,0.0026461,0.082603,2.0946,18.416,0.305,-16.014,-0.65704,-11.912,-0.90285,-27.759,-0.54191,0.11868,0.039942,-0.83508,-0.11441,-0.0072784,0.079541,0.91523,19.261,-1.0027,-17.146,2.0461,-10.562,-2.8705,-28.129
7.5,-0.53108,0.13115,0.017844,-0.82085,-0.10009,-0.012362,0.08745,-0.16954,18.384,-0.18535,-16.848,-0.22628,-13.458,-1.7891,-29.079,-0.55015,0.1172,0.026712,-0.83035,-0.10386,-0.0034621,0.079675,0.38544,19.192,-0.32876,-17.502,0.24709,-9.428,-1.1098,-31.365
7.6,-0.52793,0.13271,0.014093,-0.81874,-0.1156,-0.0050235,0.079898,-0.47236,19.55,-0.48827,-17.968,1.358,-10.049,-1.1501,-28.677,-0.51821,0.13595,0.019024,-0.84858,-0.10183,0.0039848,0.078888,1.2053,19.575,-1.2579,-14.881,1.4302,-11.473,-1.3915,-29.491
7.7,-0.50499,0.12272,0.022807,-0.84823,-0.10927,-0.0089184,0.079396,0.44783,18.817,-1.4539,-17.227,0.45292,-11.52,-1.3981,-30.316,-0.52116,0.14143,0.010911,-0.84855,-0.123,-0.00040952,0.078634,1.0276,20.426,-3.4593,-16.799,1.453,-11.776,-1.1472,-29.475
7.8,-0.5226,0.13638,0.0088084,-0.83368,-0.11503,-0.0058235,0.083112,0.30003,19.163,-0.25537,-17.344,0.17525,-11.733,-1.5463,-29.516,-0.50846,0.12486,0.0037583,-0.84616,-0.12345,-0.0048333,0.087224,-0.23211,18.543,-3.2502,-18.127,0.99571,-12.764,-1.7877,-30.837
7.9,-0.51598,0.12273,0.022569,-0.86384,-0.11215,-0.00031792,0.070166,0.97279,19.013,-0.68177,-19.075,0.71539,-10.06,-1.6315,-29.709,-0.51233,0.14119,0.035852,-0.86026,-0.11962,-0.012618,0.086473,2.1214,20.529,-0.74163,-18.377,2.4415,-9.8212,0.35213,-29.594
8,-0.50357,0.13641,0.015383,-0.8425,-0.11928,0.00641,0.069961,1.5504,22.047,-2.7565,-19.326,0.92118,-10.628,-0.65166,-28.635,-0.51019,0.12472,-0.0026012,-0.84173,-0.11065,0.00078397,0.075601,2.4329,19.37,-1.6739,-18.242,-0.5912,-10.75,-1.787,-28.647
8.1,-0.50553,0.15085,0.0080701,-0.84782,-0.10719,-0.0094255,0.082979,1.8369,19.715,-1.5341,-18.077,1.8228,-9.0028,0.35614,-29.352,-0.48874,0.15091,-0.00046484,-0.85757,-0.11032,-0.0056954,0.076365,0.65972,19.884,-1.0319,-16.981,0.94827,-9.1987,-1.6162,-31.265
8.2,-0.48438,0.14519,-0.0038785,-0.84323,-0.11886,-0.0060828,0.080141,0.23274,21.52,-1.9069,-20.591,-0.10643,-8.0837,-1.7617,-31.692,-0.48143,0.15005,0.001578,-0.84776,-0.11809,-0.0033371,0.071075,1.0896,21.371,-3.2223,-18.577,-0.69796,-10.334,-0.79338,-31.04
8.3,-0.49936,0.1583,0.005489,-0.85953,-0.1134,-0.017307,0.080218,0.84978,20.809,-2.8535,-18.165,0.0035726,-9.0275,-1.0455,-31.845,-0.47322,0.14961,-0.0032096,-0.8555,-0.11829,-0.0014544,0.077109,0.66941,20.924,0.63313,-20.087,0.0046763,-10.25,-0.86203,-30.409
8.4,-0.49221,0.13105,0.010069,-0.85762,-0.12744,-0.003417,0.069171,2.5094,21.685,0.057155,-19.617,-1.3392,-8.9435,-3.2173,-30.661,-0.49023,0.15447,-0.0041452,-0.87065,-0.11974,0.0021264,0.081873,-1.5045,20.511,-0.54175,-21.965,0.86683,-8.3813,-2.5873,-32.58
8.5,-0.46348,0.16493,0.0067822,-0.86873,-0.1251,-0.0082778,0.069919,1.789,21.173,-0.41407,-22.683,0.40991,-9.0666,0.11257,-30.917,-0.48029,0.12932,-0.013696,-0.85471,-0.13042,-0.0086692,0.07564,0.85491,21.222,-0.09484,-21.032,1.7877,-6.416,-2.2572,-30.77
8.6,-0.48809,0.1483,-0.020468,-0.86789,-0.12712,0.0029168,0.079289,2.1402,22.352,-0.15658,-19.859,-0.5405,-9.0535,-0.96364,-31.958,-0.46093,0.15721,0.0023086,-0.87345,-0.12447,0.0047339,0.079094,0.48325,21.667,-0.74909,-21.016,-0.16238,-8.0864,0.34841,-32.652
8.7,-0.46702,0.15855,-0.0032495,-0.87582,-0.12819,-0.010961,0.078542,-0.30801,24.214,0.36987,-20.937,-0.12076,-8.8841,-2.0666,-30.751,-0.47166,0.175,0.00031487,-0.86351,-0.11721,-0.00044849,0.067903,1.447,20.442,-0.4338,-20.358,1.047,-6.2885,-0.064567,-31.62
8.8,-0.47207,0.1426,-0.0037982,-0.86335,-0.12152,0.0095158,0.071438,-0.24485,23.976,-0.25969,-21.461,1.3909,-6.4705,-0.82952,-32.144,-0.45357,0.15866,-0.025798,-0.88116,-0.13554,-0.0030946,0.075061,1.6176,23.225,-1.1866,-21.704,1.9711,-6.019,-0.72757,-33.433
8.9,-0.45275,0.16489,-0.037293,-0.86872,-0.12312,-0.0023586,0.082178,0.99186,22.178,-0.80451,-22.356,1.726,-8.194,0.013282,-32.599,-0.46387,0.16957,-0.02159,-0.86843,-0.12388,-0.0061959,0.079628,1.3057,21.803,-2.1999,-21.866,0.61583,-8.0872,1.0247,-31.429
9,-0.45389,0.16055,-0.025855,-0.88964,-0.12144,0.0013973,0.077252,1.3786,24.141,-1.0085,-23.882,0.40147,-7.0932,1.5248,-33.641,-0.45002,0.16238,-0.031411,-0.89484,-0.12393,-0.000906,0.071587,1.4393,21.833,-2.0261,-22.996,0.78536,-9.9776,-1.3234,-32.93
9.1,-0.44595,0.13691,0.0044353,-0.87379,-0.12186,0.0077221,0.07545,2.5374,22.839,-0.022561,-21.895,-0.067181,-6.1803,-1.4052,-33.245,-0.43539,0.15974,-0.013442,-0.87182,-0.13712,0.0036204,0.078431,2.8055,22.954,-1.3095,-23.589,-0.13249,-6.6213,0.59312,-32.831
9.2,-0.43294,0.15996,-0.017011,-0.88349,-0.12792,0.0067789,0.072431,-0.69194,23.005,-1.2946,-23.274,2.4052,-6.0661,-0.91493,-33.488,-0.44263,0.16204,-0.030218,-0.89589,-0.12628,-0.0081335,0.071677,0.7709,23.432,-0.97859,-24.338,0.85634,-7.34,-1.4312,-31.955
9.3,-0.4364,0.18194,-0.0087767,-0.88511,-0.13374,0.0097037,0.074722,-0.090326,22.006,-1.4574,-24.009,1.355,-6.6079,0.41155,-34.135,-0.41527,0.16984,-0.01053,-0.873,-0.13807,-0.010476,0.083452,0.34938,23.217,-1.3633,-24.19,1.9505,-5.7081,1.6519,-35.983
9.4,-0.43878,0.16819,-0.022736,-0.89116,-0.12275,0.0074652,0.079097,-0.015764,22.544,-0.98958,-24.299,1.3261,-5.2996,1.0398,-33.833,-0.42207,0.16446,-0.025743,-0.89024,-0.13844,-0.00058797,0.072588,0.34485,24.294,-2.3339,-23.86,0.87906,-7.7604,-0.62153,-34.293
9.5,-0.40513,0.18181,-0.01756,-0.89488,-0.14571,-0.00013495,0.082228,0.53274,22.517,-1.4997,-25.386,0.30662,-6.4082,0.45364,-33.848,-0.40592,0.18064,-0.026269,-0.9018,-0.14147,0.0026021,0.072498,2.1892,23.606,-0.87209,-26.02,1.1605,-5.7286,0.49708,-33.489
9.6,-0.39503,0.16774,-0.024086,-0.902,-0.13653,0.0026306,0.076848,-0.47701,24.914,-2.6014,-25.358,0.61011,-5.5453,-0.31271,-34.773,-0.41224,0.17068,-0.016155,-0.90994,-0.13626,-0.0032803,0.076518,-0.41044,22.433,-1.2515,-23.635,-0.18513,-5.3885,0.52425,-33.056
9.7,-0.40649,0.18625,-0.03284,-0.88594,-0.13999,0.0053073,0.072866,2.5125,23.824,0.25006,-25.22,-0.43658,-4.2572,1.6087,-34.627,-0.39466,0.17823,-0.042133,-0.89266,-0.13618,0.0017553,0.075774,2.0622,24.541,-2.6427,-25.179,-0.29166,-5.366,-0.80851,-33.936
9.8,-0.38456,0.1641,-0.040589,-0.89825,-0.13478,0.0020239,0.075964,1.5248,27.104,-0.090442,-23.619,-0.1689,-3.7604,-0.71877,-34.59,-0.40156,0.17461,-0.030445,-0.90082,-0.13388,0.007439,0.072164,0.209,25.374,-2.4023,-24.386,1.3012,-5.273,-0.38797,-33.838
9.9,-0.40067,0.16652,-0.052786,-0.91369,-0.13868,0.0069272,0.064382,0.8535,24.631,0.32568,-23.598,0.1014,-4.7697,-0.43064,-36.868,-0.39555,0.18993,-0.026163,-0.88287,-0.14002,-0.0060548,0.064087,-0.20021,25.098,0.45425,-24.689,1.2921,-4.6875,-0.58055,-33.674
10,-0.38836,0.18084,-0.033895,-0.88132,-0.1485,0.0048733,0.071634,-0.058749,26.127,-1.9653,-27.037,0.47475,-3.5965,-0.089863,-31.859,-0.38242,0.17903,-0.043102,-0.89462,-0.13678,0.003266,0.066858,0.97497,24.422,-2.5555,-25.987,-0.82127,-5.5056,-0.2599,-33.362
10.1,-0.37166,0.19269,-0.038837,-0.90792,-0.13856,0.01365,0.06832,1.0543,25.137,-2.7253,-25.23,-0.18297,-3.3,-0.98696,-32.551,-0.37282,0.19821,-0.041905,-0.91049,-0.14645,-0.0019904,0.065734,2.3064,25.417,0.55335,-27.026,1.2259,-2.7239,2.3389,-31.956
10.2,-0.36878,0.17183,-0.051157,-0.90105,-0.1374,0.014661,0.069943,0.11199,25.356,-0.86793,-25.707,1.5483,-3.1452,1.8924,-33.996,-0.36799,0.17316,-0.046148,-0.90672,-0.13375,0.0046239,0.073908,-0.90064,23.82,-1.8437,-27.978,0.073015,-2.8666,-1.9081,-32.424
10.3,-0.36656,0.17798,-0.03083,-0.88954,-0.12849,0.01637,0.06656,1.5957,28.204,-0.98938,-28.244,1.9239,-3.2016,0.9143,-31.445,-0.35947,0.18792,-0.066442,-0.89478,-0.13565,0.013423,0.064526,0.87443,23.541,0.79452,-27.079,-1.0776,-1.1551,0.56744,-31.365
10.4,-0.35672,0.1963,-0.046015,-0.91132,-0.13911,0.010115,0.056229,-0.97855,25.162,-0.43695,-27.167,1.737,-1.9325,1.6984,-29.097,-0.35635,0.18411,-0.035243,-0.91734,-0.14267,0.0090825,0.059912,-0.02603,27.03,0.080956,-27.025,-0.018375,-3.1276,2.3751,-32.227
10.5,-0.34733,0.19357,-0.058026,-0.91485,-0.13982,0.021043,0.065065,0.21717,28.689,-1.4116,-30.092,1.2634,-3.5875,1.0733,-32.299,-0.35587,0.15421,-0.047379,-0.91138,-0.1447,0.01008,0.056117,-1.2717,27.44,0.47653,-28.997,2.2247,-1.7718,0.93811,-31.995
10.6,-0.33821,0.17024,-0.053998,-0.9219,-0.13461,0.022482,0.061065,-0.35098,27.226,-2.6848,-29.007,-1.2835,-1.5495,1.1869,-33.199,-0.34334,0.18783,-0.045049,-0.93898,-0.14406,0.012379,0.059853,0.31109,27.564,-0.83863,-27.579,1.6067,-1.9952,0.50653,-30.391
10.7,-0.33083,0.18688,-0.030133,-0.92666,-0.1348,0.021328,0.063703,0.90551,26.708,-1.0308,-29.685,1.4828,-2.4278,-0.18423,-33.578,-0.34285,0.17934,-0.047629,-0.93828,-0.13686,0.020913,0.067857,2.9004,27.02,1.4638,-29.705,-0.16902,-2.3303,-0.23531,-31.88
10.8,-0.32174,0.16514,-0.039954,-0.92677,-0.14136,0.010768,0.054072,-0.25992,28.247,-1.8543,-30.444,-0.55107,-0.22784,0.56791,-29.453,-0.32385,0.19851,-0.039767,-0.93977,-0.13753,0.0041891,0.066886,1.6114,28.1,-1.8019,-30.6,0.54769,0.8181,1.8882,-32.041
10.9,-0.32337,0.18145,-0.053724,-0.92069,-0.14475,0.013007,0.058626,0.47628,27.844,0.066047,-31.036,0.57352,-0.34091,1.5474,-30.302,-0.32528,0.18676,-0.05398,-0.95438,-0.14113,0.028037,0.051218,1.4972,25.698,-1.209,-28.716,0.63483,0.69351,1.1646,-31.144
11,-0.29723,0.19796,-0.049737,-0.946,-0.1371,0.019018,0.052964,0.91102,26.849,-2.3175,-31.128,0.87836,-0.7859,2.0146,-28.626,-0.33671,0.20822,-0.04727,-0.92529,-0.13376,0.012905,0.056636,0.083057,28.007,-1.5049,-31.488,-0.75877,-0.42983,1.0069,-29.717
11.1,-0.30651,0.19584,-0.058932,-0.92184,-0.14286,0.027342,0.050052,-0.33731,28.086,0.57635,-29.852,-1.9497,-0.43152,3.0855,-30.466,-0.29997,0.19103,-0.066671,-0.93157,-0.1403,0.017235,0.060624,2.1844,27.79,-2.0107,-30.56,-0.36555,-0.093498,0.83491,-30.661
11.2,-0.30861,0.18604,-0.057747,-0.94142,-0.13272,0.017281,0.051455,3.1933,28.959,-2.9758,-31.377,1.7558,1.0385,-0.061361,-30.062,-0.29828,0.18514,-0.064906,-0.92592,-0.13854,0.017169,0.063208,1.4091,27.105,-1.776,-30.979,3.1879,0.49249,0.31474,-28.323
11.3,-0.29973,0.19652,-0.054563,-0.94596,-0.14108,0.022926,0.054258,0.1993,29.506,-0.58422,-32.353,0.040453,1.5622,-0.267,-27.937,-0.29623,0.17879,-0.051274,-0.94123,-0.13314,0.023788,0.053257,1.7743,28.792,-1.0522,-31.508,0.14856,0.95974,0.3985,-28.537
11.4,-0.26881,0.19277,-0.067816,-0.94531,-0.1365,0.024181,0.053946,2.511,26.511,-0.14015,-29.977,1.3902,0.3264,0.45358,-29.462,-0.27574,0.18758,-0.072021,-0.93168,-0.13758,0.018729,0.056785,1.2223,27.756,-1.9277,-30.228,-0.45369,1.97,1.7399,-28.901
11.5,-0.27881,0.19295,-0.064246,-0.93909,-0.1454,0.021402,0.048278,1.1605,29.628,-0.66084,-32.839,1.7569,0.75815,0.83541,-29.038,-0.27899,0.20678,-0.069074,-0.94171,-0.13515,0.01904,0.050675,0.95081,28.043,-2.0341,-31.444,0.040422,1.6007,0.27828,-28.508
11.6,-0.27966,0.18898,-0.05385,-0.94683,-0.13811,0.030675,0.05696,1.3275,29.198,-2.5963,-34.078,-0.65419,2.2495,0.46453,-27.333,-0.26959,0.17904,-0.06385,-0.94683,-0.14037,0.03594,0.042117,0.71506,29.072,0.22678,-30.918,0.74944,1.1131,0.82829,-30.057
11.7,-0.262,0.17361,-0.068557,-0.93528,-0.13965,0.027805,0.051033,-0.18049,29.325,-2.4746,-32.954,0.65466,3.0507,0.71328,-27.981,-0.26256,0.18187,-0.060858,-0.95067,-0.14507,0.022671,0.052776,-0.29403,28.749,1.5979,-32.832,0.10474,1.757,0.55409,-28.554
11.8,-0.25698,0.18886,-0.081078,-0.94337,-0.14224,0.028979,0.04487,0.27529,28.546,-1.5539,-34.264,0.59358,2.5183,-0.24491,-28.786,-0.26054,0.17686,-0.054657,-0.93952,-0.13633,0.02978,0.038642,1.5317,28.005,-1.7179,-34.141,0.52435,3.6032,-0.25726,-26.968
11.9,-0.24372,0.18576,-0.055096,-0.92641,-0.13856,0.037246,0.03773,0.20902,28.746,-1.9627,-34.296,0.7852,5.0094,0.33187,-27.731,-0.23875,0.19192,-0.069766,-0.95617,-0.13734,0.034112,0.051887,1.3431,30.143,-1.7863,-31.571,0.20448,3.6556,-0.6227,-28.767
12,-0.21831,0.19828,-0.06291,-0.93229,-0.14457,0.029666,0.046238,-0.40433,28.99,-0.50211,-33.591,0.33245,1.1134,1.1388,-26.178,-0.2281,0.20112,-0.081133,-0.95677,-0.1392,0.039443,0.046983,0.98308,28.255,-1.9283,-34.64,-0.17423,1.6712,-0.35751,-27.357
12.1,-0.22784,0.16839,-0.070743,-0.95115,-0.13584,0.0357,0.032703,1.0361,29.115,-1.9759,-36.406,-0.077889,3.153,2.4808,-27.724,-0.24671,0.15861,-0.091751,-0.95316,-0.1417,0.025181,0.038014,0.41411,28.674,-1.6584,-34.225,-1.5323,1.3656,0.98724,-27.732
12.2,-0.21413,0.1852,-0.068275,-0.95624,-0.14461,0.038988,0.03775,1.1217,28.326,-0.99306,-34.295,1.7051,2.7963,0.18293,-24.836,-0.23659,0.19778,-0.04764,-0.9488,-0.14423,0.026246,0.043734,0.88554,32.523,-1.553,-35.528,1.1576,2.7241,-0.0098756,-24.414
12.3,-0.22039,0.17574,-0.084011,-0.96326,-0.14418,0.03979,0.044531,1.0326,30.981,-1.3424,-35.467,1.9577,3.1675,1.2465,-26.897,-0.21082,0.17426,-0.074187,-0.94626,-0.1365,0.037032,0.034244,1.4013,28.849,-1.2211,-35.564,1.6258,3.6391,1.7301,-26.96
12.4,-0.22302,0.18221,-0.0624,-0.92859,-0.14496,0.040313,0.040658,0.30557,29.928,-0.67253,-35.656,0.21333,4.5566,1.1851,-25.421,-0.2135,0.17782,-0.073967,-0.93754,-0.14448,0.03437,0.034491,1.2654,30.426,-0.87218,-34.214,1.3316,2.3618,-0.14414,-25.752
12.5,-0.2236,0.15103,-0.064083,-0.96571,-0.14551,0.040606,0.04516,1.0111,30.531,0.39753,-34.215,-0.63913,3.8806,1.3421,-24.793,-0.20646,0.19102,-0.069006,-0.95343,-0.14421,0.037076,0.036717,0.51164,32.759,-1.7877,-37.286,0.98165,2.4575,-1.4599,-24.927
12.6,-0.2006,0.2009,-0.1013,-0.96668,-0.1406,0.039394,0.037854,-0.89947,31.36,-2.4976,-37.241,0.38486,5.3442,-0.825,-25.224,-0.18544,0.186,-0.06004,-0.96241,-0.14171,0.04649,0.03182,-0.74206,31.188,-0.67895,-36.58,0.5878,5.6439,2.7231,-25.064
12.7,-0.18553,0.20215,-0.068629,-0.96044,-0.14992,0.040144,0.035462,-2.8428,32.527,-1.3706,-37.314,-0.655,3.485,-0.019457,-26.281,-0.18713,0.16365,-0.077897,-0.95775,-0.13163,0.045138,0.04232,0.84831,32.357,-3.8369,-35.29,-0.85474,3.7667,0.028712,-27.482
12.8,-0.18417,0.16844,-0.074418,-0.96756,-0.14994,0.038705,0.034346,-0.91794,33.364,-0.75227,-35.806,0.54705,4.277,-0.63025,-24.343,-0.18034,0.18524,-0.058133,-0.96544,-0.13762,0.049383,0.035211,1.5235,32.282,-1.6867,-39.649,1.9279,4.0153,1.0173,-25.834
12.9,-0.1747,0.17795,-0.081166,-0.95834,-0.14478,0.041409,0.020563,1.7455,32.688,-1.0482,-38.73,1.101,5.426,0.29623,-25.299,-0.17986,0.17152,-0.077284,-0.96012,-0.14642,0.041116,0.031858,-0.044634,33.934,0.38137,-38.512,-0.21783,5.6981,0.6824,-25.005
13,-0.17173,0.17973,-0.084636,-0.96494,-0.14769,0.047458,0.019007,0.49405,32.767,-0.61371,-37.795,1.0899,5.6353,0.76037,-25.639,-0.15082,0.17262,-0.080254,-0.9724,-0.14796,0.048564,0.038022,2.0214,31.695,0.13214,-37.105,0.2999,4.7334,1.3261,-24.86
13.1,-0.15831,0.16454,-0.099367,-0.96102,-0.14166,0.043707,0.028184,1.0139,32.499,-0.48961,-38.238,1.6612,4.9426,0.36229,-24.186,-0.14357,0.17321,-0.094895,-0.96664,-0.14327,0.049801,0.033598,-2.0891,31.806,-0.68707,-38.923,0.29856,5.4825,1.2521,-24.305
13.2,-0.15655,0.18324,-0.074524,-0.95847,-0.14573,0.057262,0.033981,0.97553,31.265,-0.82377,-38.22,2.0013,5.9945,1.738,-23.118,-0.14272,0.17354,-0.071996,-0.95763,-0.14678,0.049285,0.035927,-0.20797,31.563,-2.4403,-39.074,0.44422,5.6828,-0.95899,-22.739
13.3,-0.14413,0.16495,-0.087856,-0.97485,-0.15175,0.045361,0.027031,0.94707,30.622,-1.0576,-40.046,0.55889,4.5707,0.16849,-22.63,-0.15595,0.18284,-0.080582,-0.97406,-0.15273,0.053328,0.018833,-2.7537,31.869,-0.81663,-39.572,1.911,5.5603,1.9612,-24.346
13.4,-0.12879,0.1493,-0.10729,-0.96274,-0.13974,0.053761,0.023153,-1.2534,31.407,-0.77736,-38.95,1.7179,5.9303,1.0053,-22.696,-0.12384,0.17179,-0.073052,-0.9851,-0.13803,0.05753,0.028983,-0.35532,32.5,-2.7751,-38.537,0.47455,6.9865,-0.70112,-23.599
13.5,-0.12416,0.17779,-0.080566,-0.97849,-0.14566,0.054294,0.026881,0.51783,33.89,-0.96689,-41.164,0.67361,5.132,3.5635,-23.649,-0.11371,0.16031,-0.072482,-0.97067,-0.13885,0.054817,0.028321,0.50058,32.266,0.0099299,-40.435,1.8711,6.8347,-0.87297,-23.316
13.6,-0.11633,0.16536,-0.089579,-0.97251,-0.13582,0.048568,0.025547,-0.60282,30.17,-1.3952,-43.245,-0.094121,6.491,1.4456,-22.699,-0.12736,0.15653,-0.073398,-0.96932,-0.15095,0.056293,0.025447,-2.7031,31.353,-1.5765,-43.141,1.8741,6.9775,1.5493,-22.872
13.7,-0.11534,0.17344,-0.063525,-0.98858,-0.14637,0.063376,0.025673,0.37847,32.598,-0.44996,-39.289,1.9737,6.2132,1.858,-21.434,-0.12699,0.16887,-0.10389,-0.97279,-0.13404,0.049563,0.028942,-2.0531,32.744,-1.9713,-40.152,0.22754,5.0105,0.24294,-20.268
13.8,-0.10024,0.14963,-0.090548,-0.98436,-0.1419,0.054233,0.022571,-1.9384,31.992,0.32484,-42.03,0.54336,7.0512,1.2282,-22.29,-0.1055,0.17155,-0.091739,-0.98461,-0.14031,0.063353,0.026692,-2.2971,31.324,-0.69195,-44.293,0.77571,7.7602,0.64327,-20.909
13.9,-0.10608,0.14159,-0.07363,-0.98608,-0.13871,0.049791,0.021084,-2.0399,31.046,-2.6989,-43.722,1.8291,7.726,1.8916,-21.655,-0.082883,0.16887,-0.075085,-1.0057,-0.14112,0.058641,0.017613,-0.46346,30.679,-1.0738,-41.662,2.4774,9.3568,1.5325,-19.078
14,-0.093663,0.14115,-0.10511,-0.96375,-0.13586,0.057641,0.023734,1.1842,30.264,-2.1191,-42.855,-1.0806,7.2991,1.4811,-21.977,-0.096114,0.15754,-0.082053,-0.97651,-0.12902,0.062742,0.017465,-0.66423,30.523,-1.0601,-43.737,0.12148,8.7834,0.84318,-18.824
14.1,-0.090342,0.13073,-0.082775,-0.98199,-0.12709,0.069051,0.018699,-1.9237,29.567,-2.0581,-42.163,0.54655,7.4923,-0.33538,-18.998,-0.090397,0.16618,-0.080263,-0.98138,-0.12405,0.061686,0.0095109,-0.77545,29.43,-2.1937,-42.095,0.72596,7.64,0.46565,-18.975
14.2,-0.091843,0.15613,-0.064526,-0.97048,-0.13249,0.063434,0.021762,-1.3484,30.58,-1.2922,-44.055,1.8243,9.7505,0.32663,-20.149,-0.071485,0.1441,-0.080582,-0.9902,-0.12737,0.057384,0.0083014,-0.78192,27.657,1.4782,-42.338,0.52409,7.0211,1.0847,-19.384
14.3,-0.063104,0.15543,-0.07076,-0.98822,-0.12821,0.064016,0.007755,-0.22742,30.111,-1.6595,-41.181,0.70881,7.6726,0.81972,-20.172,-0.065021,0.13749,-0.066823,-0.97933,-0.12498,0.079068,0.010638,-2.6957,27.438,-0.98248,-42.929,-0.15599,7.6545,-1.2697,-20.166
14.4,-0.082021,0.16904,-0.079339,-0.98027,-0.13001,0.077082,0.014021,-0.22583,27.679,-2.1546,-42.478,1.9844,10.298,1.333,-16.955,-0.057743,0.15155,-0.09868,-0.97271,-0.12379,0.068657,0.010319,-2.4216,26.99,-2.8168,-43.507,0.37192,8.7178,-0.93671,-18.458
14.5,-0.076784,0.14465,-0.10261,-0.97931,-0.1194,0.067903,0.013091,-1.5766,29.412,-0.51901,-44.062,-0.3038,9.2025,2.6547,-18.856,-0.0625,0.1391,-0.068203,-0.99162,-0.13191,0.070766,0.01369,-0.99468,28.392,-1.8412,-45.675,1.6937,10.673,-0.022121,-18.931
14.6,-0.050762,0.14818,-0.070442,-0.98396,-0.12563,0.06976,0.005137,-1.6901,27.812,0.57169,-44.797,-0.45531,11.002,2.3689,-20.158,-0.056529,0.14196,-0.086516,-0.97336,-0.12252,0.06194,0.013074,-0.86909,29.013,-1.4289,-45.108,2.3347,10.366,1.6483,-19.106
14.7,-0.059791,0.13164,-0.08092,-0.97798,-0.11187,0.073652,0.0098287,-1.9414,26.895,-1.2424,-43.778,0.2697,10.204,1.9561,-20.068,-0.061633,0.1296,-0.095046,-0.96908,-0.12647,0.078374,0.021829,-0.99823,30.153,-1.0011,-44.645,1.1856,11.981,1.1501,-18.016
14.8,-0.043712,0.11727,-0.089598,-1.0013,-0.11924,0.068078,0.0055528,-1.7595,23.958,-1.4611,-43.392,1.3351,10.948,1.2392,-19.898,-0.024921,0.15191,-0.079343,-0.98948,-0.11558,0.073559,0.015854,-2.3965,28.987,-0.22287,-45.084,1.0366,9.2995,2.283,-16.779
14.9,-0.041025,0.12278,-0.087483,-0.98705,-0.11869,0.081302,0.0107,-0.60566,26.973,-1.7477,-46.104,0.88274,10.222,1.9497,-20.573,-0.021802,0.13727,-0.087373,-0.98125,-0.12257,0.078595,0.0077246,-0.52284,27.088,-1.6455,-45.368,-0.29733,9.4379,0.34976,-17.129
15,-0.038311,0.13963,-0.079893,-0.98525,-0.11416,0.083091,0.012909,-0.78704,24.698,-1.2108,-46.586,0.86012,10.221,1.8965,-17.879,-0.032889,0.13727,-0.070088,-1.0013,-0.11029,0.07717,0.0068435,-0.43515,24.573,-0.21729,-45.767,1.7492,7.7041,3.575,-18.921
15.1,-0.02096,0.12209,-0.069493,-0.99633,-0.10902,0.084941,0.0060995,-1.7502,25.195,-1.0628,-46.991,1.2328,10.323,0.49585,-17.278,-0.017678,0.13772,-0.069774,-0.98719,-0.10984,0.083968,0.0028712,-2.7048,25.499,-0.25204,-48.404,0.99706,11.17,0.32914,-17.065
15.2,-0.029885,0.12778,-0.076891,-0.97486,-0.1053,0.080794,0.012317,-1.0368,24.777,1.1501,-46.816,0.91536,11.872,-0.13884,-18.164,-0.021585,0.13515,-0.071589,-0.97296,-0.11627,0.078773,0.0056841,-1.3648,25.464,-0.43786,-47.013,1.7256,9.8976,0.43423,-17.028
15.3,-0.00038913,0.10719,-0.096175,-0.98926,-0.10525,0.090458,0.0092816,-1.8901,24.513,-2.2304,-47.322,0.25898,10.805,-0.36037,-14.801,-0.019334,0.11734,-0.083184,-1.0056,-0.11591,0.088649,0.015688,-1.3313,24.271,-2.3873,-49.439,1.4162,12.22,0.19701,-17.384
15.4,0.0017865,0.1206,-0.068597,-0.98557,-0.1049,0.079117,0.010482,0.12822,23.906,-2.804,-48.74,0.89687,11.022,0.45667,-16.376,-0.0042792,0.097909,-0.090846,-0.99986,-0.10799,0.069492,0.0048044,0.18681,22.737,-0.61086,-48.239,2.1929,12.165,0.85248,-15.978
15.5,-0.0048422,0.11764,-0.070563,-0.99013,-0.10226,0.076737,-0.011986,-1.043,23.988,-1.2788,-47.685,0.69388,10.454,-0.82236,-17.608,-0.0034896,0.12261,-0.079665,-0.99673,-0.10727,0.085635,0.007256,-2.1235,23.217,-1.8493,-48.927,1.35,10.819,1.2343,-16.354
15.6,-0.0022101,0.10648,-0.072233,-1.0075,-0.089386,0.088598,-0.0012177,-1.6829,23.139,-1.2428,-47.796,0.82128,12.249,1.2908,-17.261,0.024873,0.10343,-0.094119,-0.99174,-0.098927,0.086407,0.00025826,-1.446,23.13,-1.2825,-46.724,0.58836,11.395,-1.1324,-15.556
15.7,0.0052186,0.10429,-0.072564,-1.0003,-0.10155,0.080402,0.00027588,-1.5517,22.221,-0.79194,-48.549,1.3827,11.94,1.0863,-14.813,0.0090453,0.10594,-0.088199,-0.99385,-0.095487,0.080251,-0.0040601,-2.0695,21.301,-3.8241,-47.972,0.89265,11.605,0.59476,-14.14
15.8,0.0083187,0.086696,-0.080691,-0.98393,-0.10265,0.078605,0.00081329,-1.129,21.829,-0.97061,-50.704,-0.37786,12.037,0.63986,-15.163,0.029729,0.098666,-0.091085,-1.0033,-0.091166,0.091318,0.0034557,-0.89544,23.162,1.146,-48.618,2.6501,12.443,1.3026,-16.007
15.9,0.034082,0.077535,-0.088913,-0.99621,-0.092425,0.088335,-0.0020729,-1.743,20.366,-0.86318,-48.31,1.252,13.29,-0.078085,-11.606,0.024698,0.10087,-0.084545,-0.99868,-0.097859,0.087843,-0.00059466,-1.4216,23.067,-1.0204,-48.122,0.76828,12.001,-0.65998,-13.608
16,0.044749,0.098045,-0.087305,-0.98399,-0.091393,0.089961,-0.0076092,-0.37529,18.631,-2.8335,-50.075,0.52963,10.786,-0.66486,-14.645,0.019003,0.10299,-0.062642,-0.98938,-0.08745,0.082243,-0.011493,-1.6919,21.303,-0.99701,-50.711,1.2904,12.879,1.4956,-13.607
16.1,0.014426,0.074987,-0.092707,-0.99185,-0.090732,0.090745,-0.0094701,-0.019221,20.041,-1.2156,-51.099,0.27728,13.387,0.12546,-13.747,0.041857,0.090096,-0.059987,-0.98389,-0.095192,0.08807,-0.011345,-3.3017,21.609,-0.10557,-51.02,1.4549,13.933,0.0062606,-14.883
16.2,0.030196,0.078564,-0.086848,-0.97986,-0.089232,0.086083,-0.011863,-1.9378,20.68,-0.40291,-50.598,-0.08376,14.711,-1.0984,-14.63,0.049151,0.094572,-0.055427,-1.0088,-0.078601,0.083116,-0.0076683,0.059076,19.055,1.5585,-51.239,0.42475,11.6,0.77173,-13.144
16.3,0.040236,0.07006,-0.068728,-1.0111,-0.084727,0.096393,-0.007609,-0.31413,21.267,-0.60947,-50.576,1.4583,12.109,2.7635,-13.368,0.039468,0.092593,-0.076349,-0.97916,-0.098079,0.08567,-0.022199,-1.0474,20.519,-0.77155,-49.278,2.6159,14.966,0.26757,-14.072
16.4,0.058973,0.081913,-0.055746,-0.98496,-0.086989,0.092591,-0.00583,-0.25551,20.83,0.07702,-49.332,0.3028,12.196,-0.45166,-13.595,0.044272,0.083716,-0.081747,-0.96825,-0.084099,0.090402,-0.011378,-2.3799,19.617,0.076072,-50.61,0.22126,13.301,-1.5629,-11.973
16.5,0.043183,0.080938,-0.088671,-0.97851,-0.081116,0.095089,-0.014333,-1.5031,19.356,-0.2812,-50.513,-0.045993,13.39,-0.04576,-12.508,0.058945,0.078684,-0.073987,-1.0153,-0.083395,0.086936,-0.0093356,-0.99445,19.637,-0.32915,-50.797,0.82095,14.181,2.6696,-13.451
16.6,0.038631,0.082211,-0.073409,-0.99172,-0.087047,0.09155,-0.021021,-2.7181,18.047,-0.19257,-47.146,1.0063,15.412,0.01501,-13.553,0.051657,0.068176,-0.082448,-0.98555,-0.075745,0.0915,-0.012891,-0.74302,18.843,1.9407,-48.758,1.7538,14.182,-0.64806,-11.716
16.7,0.057539,0.083101,-0.0704,-0.99377,-0.081464,0.099942,-0.0093602,-1.8619,19.709,1.6466,-48.425,2.4338,13.492,2.0197,-12.919,0.070147,0.053075,-0.06866,-0.99559,-0.066297,0.090356,-0.012432,-0.25584,17.286,1.5434,-48.593,-1.6286,14.281,1.0676,-11.902
16.8,0.047027,0.070622,-0.07375,-0.97395,-0.070055,0.087255,-0.012908,-0.17824,17.212,-0.19928,-49.158,0.53951,13.038,0.43362,-12.198,0.050088,0.067331,-0.073424,-1.0127,-0.077127,0.090079,-0.013501,-1.7898,18.116,0.42293,-49.163,-0.50355,15.146,0.26758,-11.685
16.9,0.051252,0.04714,-0.071331,-0.99361,-0.069146,0.095735,-0.012256,-0.9464,16.224,0.4025,-50.393,1.1514,15.083,0.8302,-11.296,0.056077,0.057449,-0.049387,-0.97021,-0.068143,0.089396,-0.013106,-1.1742,17.407,0.66398,-48.625,0.71529,16.158,2.3905,-11.881
17,0.055803,0.069035,-0.065385,-1.0105,-0.075205,0.094171,-0.017087,0.048809,17.263,1.328,-48.95,0.94468,15.42,0.75092,-10.382,0.068359,0.047677,-0.066985,-1.0046,-0.075487,0.089143,-0.015925,-2.0013,16.423,0.4138,-47.416,1.5104,16.73,-0.25187,-9.7701
17.1,0.059985,0.061959,-0.064922,-0.99554,-0.064789,0.089216,-0.018185,-2.1822,16.595,-0.16814,-48.525,1.8179,15.125,0.86024,-10.575,0.072832,0.039008,-0.07041,-1.0009,-0.078963,0.084987,-0.017484,-1.6751,13.491,2.188,-49.304,-0.21054,16.258,0.13,-12.157
17.2,0.086781,0.06964,-0.061108,-0.99551,-0.072002,0.085718,-0.0079598,-1.8167,14.993,1.5423,-49.485,1.0502,15.886,1.9064,-10.35,0.10846,0.0455,-0.047708,-0.9893,-0.062033,0.083222,-0.016137,-1.0049,14.368,1.5199,-47.67,1.5546,15.684,2.5014,-11.15
17.3,0.087187,0.041657,-0.060602,-0.98036,-0.058634,0.087443,-0.016898,-0.18479,13.076,0.85841,-47.507,1.2987,14.93,1.763,-9.3903,0.086113,0.052901,-0.08081,-1.0096,-0.065138,0.089112,-0.018911,0.31947,15.064,-0.69654,-49.409,0.86286,15.336,-0.02336,-10.065
17.4,0.080909,0.035154,-0.049015,-1.0043,-0.07111,0.095685,-0.018413,-1.3821,13.178,-0.14208,-46.733,0.43022,18.233,0.80244,-9.5936,0.091762,0.029987,-0.058754,-1.0103,-0.071477,0.088015,-0.019592,0.0015621,15.084,-1.2614,-48.592,-1.4377,14.775,0.56982,-8.8121
17.5,0.1004,0.021657,-0.062056,-0.98348,-0.055298,0.092682,-0.020056,-2.3401,15.523,-0.092553,-46.763,1.0273,16.478,0.85242,-10.989,0.088897,0.040561,-0.055646,-0.9916,-0.059867,0.090103,-0.025775,-0.62496,14.575,1.6332,-46.306,-0.36097,15.601,0.75959,-9.3816
17.6,0.093294,0.040339,-0.068722,-0.98381,-0.053286,0.086169,-0.026973,-1.5919,11.712,1.7703,-46.111,1.7264,16.92,1.1462,-9.492,0.094884,0.01529,-0.04508,-0.99521,-0.053794,0.087141,-0.020231,-2.0528,14.495,1.2969,-46.868,1.6631,16.453,2.319,-8.129
17.7,0.10224,0.028194,-0.067068,-1.0038,-0.056589,0.089778,-0.025517,-1.5918,14.704,1.9477,-47.048,2.0338,16.13,1.0404,-9.1201,0.082492,0.014078,-0.055901,-1.0057,-0.059707,0.093648,-0.029211,-2.1367,13.296,0.21249,-46.008,1.926,17.741,1.4113,-8.5459
17.8,0.095043,0.022032,-0.039338,-0.99203,-0.056514,0.088939,-0.016634,-1.6974,14.131,0.1554,-45.9,1.336,16.486,1.2348,-9.3225,0.10004,0.022541,-0.055767,-0.98481,-0.061835,0.080477,-0.016601,-0.89227,14.42,0.23179,-46.437,1.4647,17.131,1.3851,-7.8994
17.9,0.089841,0.028984,-0.039847,-1.0003,-0.053278,0.086606,-0.026913,-1.1843,11.242,0.29006,-45.842,-0.20676,16.728,-1.2913,-10.686,0.086204,0.011888,-0.065597,-0.99842,-0.051142,0.091114,-0.029934,-2.2923,11.319,0.62613,-45.983,1.4391,15.596,0.13953,-8.5897
18,0.092336,-0.007642,-0.067765,-0.98384,-0.054655,0.083621,-0.02977,0.11355,12.995,0.32407,-45.193,0.63027,17.502,-0.541,-8.5735,0.11877,0.0013123,-0.043716,-1.0034,-0.051203,0.086557,-0.022621,0.16605,10.549,1.1988,-46.616,0.8372,18.167,-0.77204,-8.2298
18.1,0.1129,0.0057227,-0.044029,-0.99328,-0.052668,0.085892,-0.02756,0.24501,12.187,2.2963,-45.194,0.3241,18.044,-0.46982,-9.3314,0.096218,0.0007971,-0.040671,-0.99395,-0.04147,0.089292,-0.024471,-1.4679,10.548,0.37615,-46.266,1.7229,16.199,1.0368,-8.6728
18.2,0.11399,-0.011072,-0.048713,-0.98233,-0.04446,0.089962,-0.030413,-0.43591,10.031,1.1641,-46.116,-0.062963,16.496,0.51087,-7.0901,0.1066,0.0090213,-0.057865,-0.99886,-0.046049,0.081297,-0.026229,0.9339,11.653,0.3655,-46.211,1.8979,19.548,1.4692,-6.1383
18.3,0.14188,0.0016946,-0.047732,-1.0047,-0.046764,0.082894,-0.028963,-2.3735,12.552,-0.83281,-45.29,0.41886,17.794,1.0979,-7.0624,0.1045,0.010657,-0.039979,-1.018,-0.047068,0.079851,-0.022384,-0.6279,11.002,0.75166,-43.074,0.88479,19.313,0.32005,-5.0667
18.4,0.12234,-0.0060443,-0.040852,-1.0026,-0.051382,0.08985,-0.026741,-0.37638,9.1274,-0.46434,-42.381,-0.25908,18.685,2.875,-4.8186,0.12382,0.0024263,-0.04955,-1.0193,-0.043288,0.084274,-0.030664,0.86099,7.5925,1.1252,-44.466,-0.43864,18.499,-0.43758,-8.2079
18.5,0.10564,-0.003871,-0.046311,-0.98528,-0.038945,0.079343,-0.031577,-0.12867,9.9714,0.11476,-43.481,3.6202,17.051,0.5266,-7.7037,0.11677,0.0049436,-0.055181,-0.98946,-0.044746,0.076317,-0.030959,1.272,10.853,0.86971,-41.999,0.13222,18.361,0.41888,-7.1683
18.6,0.10756,-0.0083695,-0.052269,-0.98847,-0.039132,0.088264,-0.02966,-1.3455,8.6949,0.11213,-42.455,-1.8757,20.3,0.95691,-5.6129,0.11147,-0.005298,-0.034039,-1.004,-0.038384,0.079607,-0.042363,-0.51767,9.9647,1.2842,-44.337,1.9425,18.524,0.76691,-5.4029
18.7,0.11657,-0.0031261,-0.042855,-0.99398,-0.040809,0.087973,-0.033435,-2.1818,10.113,0.23718,-44.377,1.1556,18.514,1.4709,-6.3721,0.12191,-0.013289,-0.035726,-1.0101,-0.054299,0.085432,-0.03887,-0.51963,10.19,0.49471,-41.759,-0.63949,17.621,2.6096,-5.9236
18.8,0.13214,-0.02859,-0.046075,-0.99489,-0.03281,0.081493,-0.032668,-1.638,8.6306,0.37964,-42.571,0.26277,17.613,-0.78676,-4.86,0.12799,-0.014704,-0.039836,-0.97595,-0.034749,0.083754,-0.030692,-0.48916,7.6837,0.92884,-44.829,-0.36481,18.008,0.25393,-6.0581
18.9,0.10902,-0.043737,-0.042344,-0.99848,-0.03411,0.076145,-0.03197,-1.0138,8.7052,1.1515,-42.236,0.81496,17.939,0.4677,-3.7989,0.13363,-0.028387,-0.032584,-0.99163,-0.028477,0.076895,-0.036934,-0.69004,7.568,-1.5736,-44.561,-1.2536,19.719,-0.75665,-5.3663
19,0.14247,-0.023195,-0.033899,-1.0006,-0.029661,0.077019,-0.030089,-1.7119,8.8422,0.045819,-42.892,-0.22527,20.064,1.7689,-4.3079,0.12254,-0.018455,-0.048568,-1.0017,-0.023295,0.080929,-0.031144,-2.4148,7.4984,0.93408,-42.728,1.3064,18.628,1.8304,-3.1877
19.1,0.12557,-0.021992,-0.016859,-0.99751,-0.026583,0.082167,-0.03331,-2.446,5.9366,0.60808,-41.978,0.80062,16.612,1.286,-5.9597,0.11433,-0.037836,-0.016838,-0.98728,-0.029485,0.07737,-0.038467,-1.8698,7.0043,1.8324,-43.399,-1.0972,18.867,1.4476,-5.9094
19.2,0.13108,-0.032336,-0.040856,-1.001,-0.019478,0.07883,-0.027835,-2.0239,9.2832,-0.71381,-44.367,-0.4992,17.87,-0.61383,-4.2146,0.13899,-0.025969,-0.0064242,-0.98693,-0.023698,0.077293,-0.04068,-1.7613,5.8735,1.5845,-41.639,-1.1817,19.079,-0.39412,-3.4151
19.3,0.122,-0.058638,-0.03429,-0.98394,-0.021809,0.085122,-0.029324,-0.31178,5.8431,1.6372,-42.205,1.7546,16.953,1.0395,-4.048,0.15701,-0.035509,-0.02355,-0.99746,-0.024689,0.076719,-0.038715,-0.43107,5.3842,0.55735,-42.096,-0.50746,19.099,-0.10277,-3.428
19.4,0.12919,-0.05638,-0.024952,-0.97953,-0.018652,0.077169,-0.039166,-2.1732,5.8872,2.8751,-43.742,0.68934,15.551,2.5537,-4.1524,0.14056,-0.040719,-0.0092984,-0.98871,-0.022003,0.073154,-0.04081,-1.5333,5.4902,-0.50561,-42.233,-0.23865,18.235,2.2303,-4.8666
19.5,0.13844,-0.04902,-0.012395,-0.97585,-0.010427,0.074566,-0.029695,-0.70289,5.7607,2.0731,-40.169,-0.75457,17.301,-0.57995,-5.6944,0.13301,-0.049642,-0.029807,-1.0148,-0.022066,0.083286,-0.041618,-1.2732,4.8981,-0.09942,-42.944,0.014184,19.623,-0.59224,-3.4486
19.6,0.13453,-0.062386,-0.012802,-0.97594,-0.012764,0.077079,-0.029259,-2.8817,4.5997,2.558,-42.489,-0.7831,17.922,1.3805,-2.378,0.14138,-0.044457,-0.029266,-1.0087,-0.014946,0.082427,-0.030786,0.32064,5.0828,2.3489,-42.179,2.3136,16.011,0.61322,-4.3251
19.7,0.14122,-0.05883,-0.0011068,-0.98301,-0.0081396,0.069365,-0.033525,-0.14336,4.3159,0.78258,-39.936,-1.4416,14.994,0.90072,-5.7949,0.14721,-0.051157,-0.021685,-0.99468,-0.016471,0.071575,-0.028999,-1.947,4.5314,-0.17296,-39.825,-0.70098,17.127,2.0872,-3.9173
19.8,0.1377,-0.047296,-0.0099913,-0.97797,-0.019487,0.070577,-0.033915,0.40817,3.7702,-0.22168,-39.533,-0.069687,17.126,0.88327,-4.0547,0.13026,-0.035689,-0.012885,-0.97058,-0.014768,0.072477,-0.031147,-0.9478,5.5643,1.1511,-39.591,0.094456,14.693,1.8586,-3.1689
19.9,0.1416,-0.066199,-0.0084842,-0.97892,-0.0073473,0.077408,-0.027112,-0.07831,4.5255,1.1951,-38.801,-0.3813,16.668,-1.0292,-4.0095,0.12585,-0.091787,-0.029133,-0.98545,-0.016761,0.071444,-0.033669,-0.82009,3.9992,0.33058,-42.188,-0.19398,17.947,-0.64607,-5.3881
20,0.12699,-0.062744,-0.011715,-1.0019,-0.0015787,0.06774,-0.031122,-0.83668,2.5099,1.6547,-39.78,0.84081,16.864,-0.27071,-4.8665,0.1536,-0.061987,-0.0089233,-0.99964,-0.020343,0.079715,-0.032494,-1.3927,2.5794,2.5263,-38.723,1.1353,16.68,-2.112,-5.1591
20.1,0.12834,-0.048067,-0.004992,-0.97731,-0.018009,0.070043,-0.031032,0.086758,3.1516,-0.59838,-38.594,-2.8113,15.143,-0.16117,-4.3229,0.13711,-0.069033,-0.019676,-0.99166,-0.013772,0.069695,-0.029884,-0.94621,1.6106,1.2221,-39.832,-1.9323,16.374,-0.878,-4.1646
20.2,0.13806,-0.074154,-0.025014,-0.9991,-0.010574,0.068563,-0.029074,-1.1983,2.7967,2.6412,-38.6,-0.054518,16.639,-0.043638,-3.6154,0.14232,-0.077527,0.0036082,-0.99083,-0.0075039,0.077827,-0.028036,-1.5453,2.9118,0.53651,-40.574,1.136,15.608,0.33641,-1.8542
20.3,0.1322,-0.071881,-0.010637,-0.97677,-0.015609,0.067748,-0.028151,-2.0837,1.0934,-0.084703,-40.873,-0.038219,16.832,-1.1688,-4.3714,0.14751,-0.086529,-0.00024146,-0.99264,-0.0071115,0.060344,-0.027914,-2.1675,2.4394,3.3532,-38.556,-1.387,16.094,-0.068348,-5.7095
20.4,0.13782,-0.073179,-0.018558,-0.98179,-0.0029797,0.068742,-0.025449,-1.0494,1.6593,1.355,-38.796,0.24234,16.036,-0.97178,-4.51,0.15755,-0.081816,0.0056782,-0.98289,-0.019095,0.062077,-0.026629,-2.4951,1.9495,0.449,-38.346,-0.52979,14.777,-1.0157,-4.4622
20.5,0.1374,-0.082347,0.0038653,-0.97097,-0.0066633,0.062682,-0.022791,-1.4598,1.3393,0.13975,-37.253,-0.15524,16.427,-2.0198,-4.3721,0.15839,-0.080851,-0.0019415,-0.99192,-0.0074176,0.070444,-0.031598,-0.56624,0.13674,1.5912,-38.554,-0.39354,16.121,-0.50529,-3.3835
20.6,0.14317,-0.078277,0.0055334,-0.98972,-0.010052,0.066472,-0.024272,-2.1714,-0.45142,0.56624,-38.132,-0.84602,16.868,-0.10215,-5.6317,0.12893,-0.096229,0.0019058,-0.99128,0.0001582,0.068517,-0.020658,-0.64769,2.1823,0.97628,-38.321,-0.19727,14.501,-0.05092,-4.4453
20.7,0.15398,-0.096891,0.013627,-1.0025,-0.0092436,0.070304,-0.032197,-2.1056,0.84958,0.45437,-35.681,-1.3801,16.028,0.15666,-4.1315,0.14114,-0.10014,-0.0054269,-1.0035,-0.0076888,0.063932,-0.024876,-1.7478,0.92257,0.0080319,-38.568,0.24024,14.026,-0.29731,-4.6483
20.8,0.1271,-0.091303,0.0094557,-0.98345,-0.00034781,0.060303,-0.024677,0.61966,1.121,-0.90705,-36.671,-2.3564,14.492,-0.93541,-3.4901,0.14249,-0.085071,0.001333,-0.97585,0.0048711,0.065747,-0.029003,-1.7771,0.53482,1.5489,-37.721,1.7421,14.513,-0.17022,-5.1212
20.9,0.13471,-0.087355,0.011888,-0.99451,6.7061e-06,0.059329,-0.0214,0.3901,-0.52143,-0.16755,-35.91,-1.1053,13.682,-1.7905,-4.1756,0.13881,-0.096373,0.010368,-0.99292,-0.0025046,0.054704,-0.018185,-1.6476,0.60393,1.3534,-36.775,0.43202,12.345,0.10797,-5.0163
21,0.12114,-0.076351,0.0024927,-1.0014,0.0048443,0.06418,-0.015669,-2.7913,-0.51297,0.75662,-38.493,-0.24553,13.323,0.086798,-4.5278,0.15043,-0.092738,0.0078637,-0.98581,-0.0068722,0.057493,-0.020063,-0.13965,-1.762,1.0667,-36.001,0.24371,14.765,-0.5523,-4.6109
21.1,0.13449,-0.097033,0.0010497,-0.99956,0.0016967,0.054386,-0.023125,-0.1058,-1.0542,1.0716,-36.954,0.32934,13.606,-0.74272,-5.6044,0.15516,-0.096629,0.00276,-1.0002,-0.0076599,0.059047,-0.022774,-0.91251,-1.1661,1.1909,-36.417,0.81624,13.834,-3.3936,-7.6495
21.2,0.13561,-0.11201,0.012248,-0.98073,0.0049841,0.064775,-0.031261,-1.7538,-3.38,0.19559,-33.14,-1.7793,12.672,-2.3632,-5.6771,0.1262,-0.10094,0.025709,-0.99566,-0.0029149,0.058037,-0.016777,-1.6562,-0.97342,0.29659,-34.451,-1.8372,12.503,0.37315,-5.2253
21.3,0.13354,-0.10195,0.013218,-0.99391,0.0058431,0.050667,-0.011132,-0.94395,-2.2452,0.17165,-34.786,0.19409,13.006,-1.3404,-6.986,0.14739,-0.10774,-0.001179,-0.97979,0.0021781,0.061805,-0.0094128,-0.42655,-0.38296,0.65896,-34.542,-1.5997,13.12,-0.34515,-6.0288
21.4,0.13704,-0.10836,0.019333,-1.0013,0.0061783,0.058889,-0.024706,-0.73567,-1.7758,1.6982,-34.943,-1.0847,12.51,-2.1219,-7.1355,0.14895,-0.08631,0.020061,-0.99305,0.0040941,0.057758,-0.014936,-2.1739,-1.1249,-0.67353,-34.193,0.13764,13.286,-0.77549,-8.2184
21.5,0.14391,-0.11456,0.014879,-0.98497,0.0040224,0.052958,-0.009868,0.51063,-1.3039,1.6045,-34.448,0.10352,12.483,0.60036,-6.0602,0.14045,-0.10624,0.0051129,-1.0037,0.0041447,0.061784,-0.016118,-1.361,-2.8578,-1.1724,-35.202,-1.919,12.893,-1.0173,-7.2149
21.6,0.14972,-0.10821,0.003291,-0.98554,0.012189,0.052033,-0.01618,0.040327,-2.9878,0.79244,-34.423,1.1486,12.639,-0.98452,-6.2681,0.15157,-0.12494,0.016368,-1,0.006742,0.063321,-0.005255,-0.77347,-1.8064,0.46483,-33.998,-0.47158,13.188,0.28161,-5.8186
21.7,0.16623,-0.11025,0.022591,-0.99417,0.0086277,0.045515,-0.016009,-0.32184,-1.4467,1.8812,-31.851,-1.3779,12.039,-0.37327,-7.4069,0.13122,-0.11693,0.0051896,-0.98066,0.0055327,0.053369,-0.0065418,-1.4649,-3.2851,0.81554,-35.302,-0.66721,12.12,-0.848,-8.3645
21.8,0.14143,-0.12251,0.011891,-0.97717,0.0042605,0.048917,-0.0088714,-2.3917,-2.6217,1.8128,-33.347,-1.1837,9.8961,-1.3139,-8.4485,0.1455,-0.10248,0.016813,-0.99031,0.015229,0.052216,-0.010709,-2.4556,-4.2449,2.5813,-32.897,1.4887,12.729,-0.36442,-7.6472
21.9,0.14667,-0.12869,0.024134,-0.98527,0.016601,0.052099,-0.0071017,-1.6079,-5.1316,1.432,-33.848,0.37689,10.097,-2.7827,-6.719,0.14251,-0.13622,0.039502,-0.97792,0.0092432,0.046913,-0.0060362,0.37519,-5.0276,-0.22962,-34.131,1.349,10.792,-0.80253,-7.8055
22,0.15578,-0.12759,0.013226,-1.0003,0.0085499,0.052577,-0.0051182,-0.7503,-4.0956,0.60651,-33.212,-1.399,10.278,-1.7133,-9.2024,0.14096,-0.12201,0.0019331,-0.97801,0.0085412,0.050853,-0.0062988,-0.42905,-3.9546,0.64498,-32.907,-2.4327,10.9,-3.266,-7.9978
22.1,0.13074,-0.13924,-0.0081516,-1.0011,0.0090784,0.033398,-0.0046213,-0.7036,-4.9368,2.1626,-33.788,-1.3311,10.599,-2.2839,-7.3742,0.1479,-0.11987,0.007427,-0.98986,0.012089,0.044159,-0.0076506,0.5071,-2.1467,3.0674,-33.132,-1.4467,8.6973,-1.7748,-7.0403
22.2,0.15515,-0.13534,0.0085896,-0.98933,0.0081675,0.048573,-0.0016954,-1.1577,-5.8696,0.48669,-32.069,-1.5784,10.268,-1.1162,-8.9221,0.14815,-0.13932,0.022332,-0.97684,0.0051852,0.049063,-0.014322,0.38972,-6.0441,1.8674,-32.124,-2.1941,9.7567,-1.0773,-7.8363
22.3,0.12983,-0.12539,0.015748,-0.97525,0.018852,0.053248,-0.0062296,-2.7972,-8.2486,-0.59401,-34.791,-2.2614,11.545,-1.791,-9.3336,0.14805,-0.13823,0.013805,-0.99327,-0.0033375,0.041594,-0.0012422,0.36094,-6.3522,1.1901,-31.067,-0.38769,10.283,-0.94356,-9.5075
22.4,0.1537,-0.13268,0.025649,-0.97489,0.010967,0.040279,-0.0023431,-2.0767,-5.0087,-0.41213,-31.75,-0.93055,9.1061,-0.89539,-8.2973,0.1509,-0.12283,0.0099752,-0.98877,0.0094826,0.04061,-0.0033555,-0.55436,-6.3466,0.047425,-30.198,-0.49351,11.131,-1.8035,-8.8493
22.5,0.13379,-0.12349,0.0092983,-0.97848,0.0051855,0.039899,-0.0089169,-0.24755,-4.8173,0.35809,-32.165,-0.23533,9.8023,-0.57015,-8.0771,0.14056,-0.14415,0.010138,-0.96143,0.015672,0.039222,-0.0040214,-1.1384,-6.882,-0.60171,-31.223,0.23048,10.825,-1.0051,-8.9277
22.6,0.12833,-0.1435,0.025941,-0.98885,0.012634,0.032286,-0.0080172,0.21986,-6.737,-0.38354,-31.001,-2.0586,9.856,-1.8139,-9.404,0.13203,-0.12607,0.030566,-0.98021,0.011561,0.036162,-0.00012694,-2.894,-7.33,0.59182,-31.427,-0.97549,9.1509,-0.6181,-11.122
22.7,0.15629,-0.12328,0.032563,-0.99007,0.012298,0.032589,0.002613,-0.60583,-5.0271,-0.37763,-32.316,0.045365,9.8823,-1.041,-11.859,0.13547,-0.14704,0.017763,-0.98675,0.0066655,0.038458,-0.0054547,-1.418,-6.086,0.95538,-32.215,-1.2926,9.7553,-1.8797,-9.4027
22.8,0.13841,-0.14412,0.0070463,-0.97426,0.020206,0.026208,0.0040896,-2.4972,-7.9166,0.61241,-30.32,-1.5529,8.1399,-0.0037205,-9.0712,0.15259,-0.14364,0.015551,-0.9891,0.012864,0.036651,0.0056587,0.68616,-6.6385,0.44557,-31.847,-0.28221,8.9401,0.1653,-11.253
22.9,0.12305,-0.13517,0.020252,-0.9939,0.0083268,0.035294,0.0099313,-2.4179,-8.162,1.2647,-30.467,-2.755,7.5395,-0.82534,-12.164,0.13972,-0.14814,0.013678,-0.97634,0.011525,0.033241,0.0025057,-0.80944,-9.3215,1.721,-30.815,-2.1327,9.2806,-0.614,-11.314
23,0.12659,-0.13346,0.031427,-0.98638,0.0073921,0.037232,-0.0023114,-0.81016,-8.3064,0.98343,-30.971,-0.75379,8.9448,-1.3546,-10.067,0.14302,-0.14313,0.019519,-0.98792,0.00097099,0.024959,0.0069842,-1.4434,-8.3789,1.4707,-29.79,-1.0553,8.9916,-1.725,-11.095
23.1,0.11969,-0.14793,0.026446,-0.97735,0.016866,0.026451,0.011505,-1.4053,-6.3596,1.0271,-29.697,-0.6384,7.3579,-0.090133,-11.286,0.11286,-0.14994,0.035254,-0.98622,0.019715,0.039616,0.0010664,-2.2698,-6.9696,0.68018,-30.365,-0.1491,8.3136,-0.98386,-10.712
23.2,0.12841,-0.1261,0.022719,-0.97434,0.0050852,0.026399,0.0095801,-0.72518,-8.4337,-0.20214,-30.793,1.1177,5.9651,-1.7333,-13.368,0.1445,-0.12856,0.014253,-0.99671,0.013129,0.02411,0.01123,-2.3762,-9.0971,-0.15947,-30.828,0.34276,6.7038,-0.38129,-12.958
23.3,0.12477,-0.12342,0.031801,-0.98332,0.0080525,0.027535,0.0068935,-0.50132,-8.8493,0.30234,-30.397,-1.8405,7.7353,-0.091905,-11.423,0.14235,-0.13546,0.017535,-0.97916,0.020442,0.036421,0.0064028,-1.0414,-9.5634,0.29868,-32.119,-0.32175,8.047,-0.89982,-12.235
23.4,0.14024,-0.15126,0.019509,-0.97084,0.018909,0.030709,0.022124,0.95891,-11.09,2.1545,-29.78,-1.1448,7.9531,-1.1288,-11.804,0.12787,-0.14691,0.026495,-0.99535,0.015137,0.027081,0.015246,-1.1508,-10.901,0.53423,-28.875,-1.102,9.5895,-2.6951,-14.119
23.5,0.13675,-0.15635,0.017076,-0.98423,0.016235,0.026923,0.0088177,-3.8398,-9.6452,1.2144,-27.695,0.5133,7.6648,-0.94865,-11.479,0.11125,-0.15695,0.035961,-0.96966,0.010512,0.023496,0.0073199,0.38288,-10.492,2.3989,-30.142,-0.78655,7.2959,-0.033712,-12.102
23.6,0.1283,-0.15237,0.026802,-0.98854,0.017158,0.016384,0.0038933,-2.6087,-11.823,0.55289,-28.994,0.87982,8.2319,-0.40402,-12.97,0.12484,-0.14817,0.021926,-1.0043,0.013895,0.012228,0.01396,-1.5192,-10.16,1.0251,-29.291,-0.063581,9.4316,-1.7804,-10.934
23.7,0.13197,-0.15635,0.024409,-0.99412,0.027197,0.029267,0.015063,-2.2641,-13.435,0.20779,-30.521,-1.4913,7.0855,-0.67519,-13.16,0.12674,-0.15045,0.010325,-0.97463,0.024385,0.020233,0.012674,-1.2147,-12.335,0.78676,-29.46,-1.1755,6.1014,-1.121,-13.69
23.8,0.13164,-0.15336,0.037929,-0.96948,0.014491,0.021405,0.01124,-1.2656,-11.434,1.679,-29.703,0.79277,7.7397,-1.1453,-14.789,0.13539,-0.14682,0.02027,-0.98255,0.026066,0.014587,0.013694,-1.7884,-11.552,2.3756,-26.977,0.39868,5.1076,-0.037861,-13.659
23.9,0.11495,-0.14363,0.023276,-0.95281,0.021784,0.019938,0.017504,-0.83653,-11.561,0.39895,-27.905,0.63621,5.6659,-1.2789,-13.393,0.12818,-0.15861,0.013676,-0.97487,0.023899,0.01364,0.017835,-3.7748,-10.391,-1.0781,-28.519,-1.675,6.2448,0.037413,-13.459
24,0.13811,-0.15165,0.023203,-0.99814,0.018472,0.015424,0.02442,-1.8024,-11.929,0.22765,-27.386,0.13673,8.0515,0.42427,-13.109,0.11447,-0.15356,-2.8329e-05,-0.97961,0.022482,0.0093761,0.021322,-1.8698,-11.091,1.5106,-27.688,-0.4641,5.3816,-2.4536,-14.275
24.1,0.1315,-0.15907,0.0035537,-0.98072,0.026789,0.0051514,0.011085,0.11344,-13.302,0.31906,-26.423,-0.85673,7.666,0.36793,-14.86,0.13473,-0.14975,0.0084362,-0.99117,0.030882,0.011041,0.0073241,-0.939,-12.224,0.72876,-25.552,-0.055929,6.3422,0.7724,-15.452
24.2,0.11855,-0.15874,0.0052477,-0.96899,0.025573,0.023279,0.024575,-2.7189,-12.795,0.64992,-27.97,-1.2154,3.6444,-2.1791,-15.299,0.12442,-0.15015,0.025619,-0.97997,0.030005,0.013891,0.018502,-2.2638,-13.499,3.0743,-26.062,-0.77699,6.6087,-0.92581,-14.435
24.3,0.11183,-0.1507,0.021039,-0.98666,0.020879,0.015601,0.016861,0.36449,-14.903,-0.010796,-27.445,-1.8746,7.3452,-1.0217,-14.615,0.13365,-0.15227,0.030024,-1.0125,0.020331,0.013522,0.012205,-0.99985,-12.009,1.0046,-24.249,-0.17644,6.6551,-1.3911,-14.079
24.4,0.12457,-0.14173,0.02396,-0.9957,0.023818,0.0049172,0.02074,-1.7753,-13.889,-0.071472,-24.579,-0.037165,5.4977,0.11503,-15.698,0.1038,-0.15887,0.027338,-0.98899,0.02873,0.014898,0.016251,-2.2943,-14.431,0.52114,-24.249,1.5991,5.8281,-1.7435,-18.086
24.5,0.12739,-0.14861,0.021127,-0.96788,0.018571,0.011187,0.021865,-1.2094,-13.588,2.4676,-24.28,-0.14602,6.0575,-2.0055,-17.38,0.12263,-0.14843,0.0021254,-0.97615,0.027011,0.01143,0.02012,-0.61071,-14.542,2.3922,-26.189,-0.33158,4.6677,0.74482,-16.164
24.6,0.12088,-0.16576,0.011516,-0.97908,0.020341,0.0025698,0.021316,-2.2189,-13.52,0.44497,-26.534,-0.31462,5.9794,-1.3612,-16.973,0.13616,-0.15864,0.015889,-0.96154,0.023745,0.012045,0.025782,0.4007,-16.176,0.55835,-26.243,1.3163,6.2096,-2.6374,-15.896
24.7,0.10771,-0.16504,-0.0055953,-0.96749,0.027783,0.00081997,0.024972,-0.31379,-15.767,-0.071751,-25.21,0.92734,6.3153,-2.6771,-16.217,0.097437,-0.13712,0.026482,-0.9822,0.030143,0.0070514,0.021103,-2.2755,-16.865,0.53498,-23.616,-0.22116,5.0146,-1.2102,-15.589
24.8,0.124,-0.15924,0.0087773,-0.99091,0.033505,0.0090469,0.026756,-0.20913,-15.595,1.4163,-24.784,1.6031,5.6539,-1.928,-18.223,0.11615,-0.14526,0.016486,-0.98565,0.023494,0.013126,0.026876,-1.5386,-13.744,0.93375,-23.566,0.11803,6.6034,-0.40239,-17.454
24.9,0.10486,-0.1561,0.01116,-0.96625,0.028682,-0.0016359,0.028259,-0.39968,-15.826,-0.87438,-21.734,1.4388,4.7346,0.026275,-16.756,0.10702,-0.1652,0.0070111,-0.98284,0.028976,0.011153,0.025329,-2.1156,-13.407,0.87937,-24.784,0.55283,4.5548,-2.1985,-16.738
25,0.1119,-0.16442,0.014088,-0.98601,0.022537,-0.00023652,0.022965,-0.11189,-15.903,2.1699,-22.116,1.0982,4.4703,0.33114,-19.561,0.1135,-0.14035,0.012095,-0.98031,0.021374,0.0014105,0.020764,-2.3518,-16.832,0.52006,-24.795,0.069289,4.5086,-0.74626,-18.387
25.1,0.11606,-0.14664,0.0093904,-0.97734,0.024718,-0.0081604,0.024615,-2.2599,-17.661,1.6329,-24.685,1.2279,4.9505,-0.24407,-19.832,0.094724,-0.1688,0.011113,-0.97812,0.027996,-0.00080362,0.032184,-1.0328,-17.293,-1.3104,-25.178,2.0541,5.3561,-0.87603,-18.329
25.2,0.098583,-0.15266,0.018443,-0.97948,0.026765,-0.0067768,0.022255,-0.99605,-18.802,0.11982,-22.553,1.045,4.3134,-1.0031,-19.498,0.14206,-0.14878,0.01855,-0.98809,0.033506,0.0017062,0.025647,-0.75779,-17.839,1.4188,-21.779,-1.7126,5.5609,-0.34497,-18.288
25.3,0.13173,-0.1509,-0.00025414,-0.97247,0.03789,-0.0044781,0.019321,-1.8689,-15.542,1.8007,-22.158,2.6398,6.2102,-0.34901,-18.538,0.11893,-0.1529,0.0093111,-0.9815,0.027957,-0.0037147,0.02843,-1.9952,-17.527,2.0667,-23.39,0.98714,8.1117,-1.2252,-20.051
25.4,0.098974,-0.14289,0.0086392,-0.98297,0.038569,0.0064138,0.026852,0.1172,-17.195,0.46761,-21.846,1.2621,6.4622,-0.74475,-19.516,0.11409,-0.16366,0.0034699,-0.98556,0.034771,-0.013358,0.026935,-1.4799,-18.542,-0.60787,-23.977,1.2586,4.6668,-0.96639,-20.161
25.5,0.10251,-0.13494,-0.011117,-1.0003,0.025069,-0.0071541,0.034349,-0.12357,-18.558,1.7926,-23.707,1.2357,7.5358,1.6625,-18.689,0.10325,-0.15491,-0.0028275,-0.97502,0.026207,-0.0011962,0.02558,-1.6623,-18.884,2.2026,-25.148,-0.2672,5.4869,-1.0234,-19.979
25.6,0.11389,-0.15429,0.0090025,-0.97703,0.035973,-0.00013768,0.032479,-1.6543,-18.975,1.5967,-22.185,0.55814,8.774,0.37503,-18.595,0.10581,-0.16152,-0.016161,-0.98086,0.025653,-0.016427,0.031608,-1.3278,-18.108,1.5086,-21.622,0.61509,6.0742,-0.60821,-18.666
25.7,0.10514,-0.16039,0.015561,-0.96503,0.037885,-0.015498,0.029192,-0.2332,-18.484,2.0523,-22.268,0.2995,7.3069,-1.8517,-19.301,0.098166,-0.15674,-0.012615,-0.99469,0.035234,-0.012791,0.027938,-0.94181,-17.577,1.2131,-21.412,0.60656,5.8813,-0.31832,-21.305
25.8,0.096308,-0.15363,-0.007749,-0.97479,0.036522,-0.01313,0.017224,-2.8725,-18.069,1.9091,-20.741,0.48693,8.1673,0.21602,-19.992,0.10666,-0.1473,0.00056051,-0.99623,0.034523,-0.012041,0.026048,-0.99621,-18.497,0.33565,-19.933,-0.46063,5.7879,-0.86718,-20.274
25.9,0.09034,-0.14269,0.0037638,-0.98414,0.036998,-0.015598,0.020926,-1.3365,-17.333,1.4161,-22.577,1.0977,8.0359,-1.5698,-19.035,0.093345,-0.1622,0.0012126,-0.98652,0.033111,-0.026266,0.033586,-0.79678,-19.502,0.84011,-19.382,-0.83414,5.3997,-0.21983,-19.999
26,0.096341,-0.1676,0.0037325,-0.98583,0.04076,-0.011521,0.022772,-0.86416,-19.422,1.3628,-20.384,-1.7675,6.3626,-2.1053,-19.011,0.11139,-0.15931,-0.0062464,-0.97346,0.039284,-0.022671,0.031806,-1.341,-18.847,0.95154,-22.488,-2.4246,5.9436,0.0035999,-19.076
26.1,0.094893,-0.14981,0.003883,-0.98619,0.041751,-0.016883,0.030253,-0.12272,-19.515,0.98914,-21.414,0.85356,7.7535,-0.52954,-20,0.094274,-0.16001,0.00025249,-0.97813,0.037887,-0.017378,0.025073,-1.3293,-21.277,-0.75003,-20.015,0.77082,7.1259,-0.39014,-17.647
26.2,0.096241,-0.14831,-0.0064047,-0.99435,0.027498,-0.017833,0.024616,-1.8665,-19.778,1.9255,-18.203,1.1193,7.0018,-2.2201,-20.872,0.082633,-0.16248,-0.0031186,-0.98314,0.042753,-0.020505,0.020687,-0.03674,-19.842,-1.1446,-18.577,0.53481,7.2284,-2.7853,-19.94
26.3,0.075128,-0.14774,-0.018845,-0.99493,0.03836,-0.020766,0.02901,-1.7855,-21.205,0.19248,-21.113,1.0982,6.6303,-1.0268,-21.531,0.084754,-0.16952,0.0096899,-0.97365,0.040319,-0.027006,0.027389,-1.7944,-22.139,2.937,-19.507,0.43544,9.7503,-0.53202,-21.464
26.4,0.092297,-0.14894,-0.013759,-0.9937,0.042366,-0.021032,0.021192,-2.8313,-19.905,-0.030353,-18.914,2.278,10.693,0.9116,-22.729,0.092316,-0.16505,0.00042453,-0.98286,0.045045,-0.023853,0.01918,-1.1409,-21.27,0.71485,-18.155,2.6461,8.7014,-2.3481,-20.813
26.5,0.087558,-0.16777,-0.0024076,-1.0034,0.039326,-0.011806,0.031249,0.18999,-19.413,1.0972,-18.596,-0.24183,7.1128,-2.0418,-21.369,0.089283,-0.1573,0.0074321,-0.9839,0.033047,-0.013802,0.02528,-0.71831,-19.974,1.5939,-19.653,0.68248,7.8256,1.1899,-22.378
26.6,0.075854,-0.14529,0.009694,-0.98755,0.042595,-0.021461,0.024979,-1.2912,-20.998,0.041946,-22.094,-0.19079,7.8749,-0.95804,-23.197,0.074962,-0.13482,-0.01389,-0.99506,0.046128,-0.023349,0.027597,-2.8108,-23.792,-0.24671,-17.222,0.69316,8.9398,-0.84336,-22.583
26.7,0.06771,-0.15256,-0.0053022,-0.97974,0.036899,-0.036182,0.026395,1.2752,-21.746,-0.861,-19.122,2.3707,8.9321,-1.0585,-23.716,0.078511,-0.1489,-0.0084806,-0.99108,0.04135,-0.024368,0.023546,-1.3965,-24.421,0.0025312,-19.556,1.3132,7.569,-0.88838,-22.802
26.8,0.081617,-0.14555,0.0026491,-0.96918,0.049059,-0.027498,0.028911,-1.6067,-23.683,2.5192,-18.159,0.58421,7.9574,-0.3635,-22.622,0.079672,-0.14607,-0.0037981,-0.97618,0.043896,-0.024762,0.016236,-0.49683,-21.634,0.48081,-17.013,1.0559,9.9877,0.0091639,-24.016
26.9,0.078535,-0.15531,-0.013743,-0.99216,0.046887,-0.027194,0.02459,-0.62897,-22.539,1.0577,-17.557,1.6169,8.8795,-1.3753,-23.537,0.087054,-0.14188,-0.015744,-0.98526,0.044776,-0.030627,0.025413,-1.6969,-23.824,0.21242,-15.546,0.78628,9.0197,-0.37962,-23.067
27,0.062593,-0.13684,-0.01673,-0.99502,0.036695,-0.02567,0.030389,0.037324,-25.028,1.4258,-18.78,1.416,8.4291,-1.6738,-24.978,0.072825,-0.12369,-0.023958,-0.9704,0.040665,-0.035733,0.030708,-0.73327,-25.878,0.8858,-15.934,0.59055,10.224,-0.47571,-24.967
27.1,0.058388,-0.1449,-0.012448,-0.99093,0.046216,-0.024935,0.027091,-1.878,-22.932,1.2052,-18.377,0.82541,8.4571,-0.37315,-24.901,0.074008,-0.13862,-0.0018563,-0.97604,0.041862,-0.032638,0.025852,-1.5765,-24.524,2.6452,-14.962,1.0339,10.089,-1.899,-24.044
27.2,0.085931,-0.13583,-0.023574,-0.98183,0.04929,-0.033263,0.023302,0.58164,-25.802,-0.071211,-19.154,1.0612,9.3634,-2.0029,-24.175,0.07721,-0.13977,-0.0068825,-1.0011,0.04639,-0.041219,0.028063,-0.097202,-25.472,2.3044,-15.194,-0.086023,9.855,1.1482,-24.413
27.3,0.06147,-0.14015,-0.017018,-1.0109,0.056346,-0.031023,0.029074,-2.6037,-25.922,2.1054,-16.329,-1.3872,10.503,-1.7494,-25.159,0.057416,-0.14716,-0.025901,-0.97956,0.047416,-0.0379,0.036807,-1.8513,-22.838,0.91967,-14.796,-1.3,10.561,-1.8417,-24.756
27.4,0.055132,-0.1301,-0.020506,-0.97999,0.049899,-0.035278,0.027278,-0.76683,-26.263,-0.54748,-18.268,1.2216,9.9839,-0.16422,-26.649,0.064997,-0.13718,-0.018066,-0.99873,0.058449,-0.044728,0.032252,-0.91336,-24.865,1.4027,-15.154,0.59982,11.345,-1.2738,-25.984
27.5,0.057635,-0.12885,-0.025761,-0.98693,0.050796,-0.037063,0.025061,1.0406,-23.471,2.4585,-16.783,1.2556,11.242,-0.77047,-26.015,0.061845,-0.14155,-0.027569,-0.98717,0.057585,-0.040421,0.026537,-0.85988,-24.815,-1.0047,-14.682,1.2653,12.453,-1.5634,-23.198
27.6,0.052046,-0.12651,-0.024711,-0.98183,0.051046,-0.034198,0.030872,-0.99944,-24.668,1.0376,-17.884,1.3123,11.635,-1.2131,-26,0.055874,-0.12678,-0.026451,-0.97987,0.04827,-0.04311,0.013741,-1.1398,-24.808,-0.59917,-15.11,2.4984,10.588,-1.2416,-26.868
27.7,0.070421,-0.14963,-0.025027,-1.0104,0.05449,-0.040085,0.028695,-0.65777,-25.574,2.0475,-16.603,0.78438,9.9788,-0.75664,-26.278,0.059304,-0.11431,-0.016266,-0.98451,0.05006,-0.033184,0.026385,-1.6897,-25.344,1.4987,-14.952,0.50656,10.102,-0.62094,-25.904
27.8,0.057114,-0.11484,-0.041455,-1.0004,0.055945,-0.05362,0.021113,0.79149,-26.371,-0.042556,-15.127,-1.0675,11.695,-0.77301,-26.888,0.053479,-0.14034,-0.012512,-0.9935,0.054585,-0.046632,0.023993,-0.0014258,-24.799,1.6018,-13.459,-0.28155,9.4853,-2.0308,-26.585
27.9,0.044204,-0.13754,-0.012308,-0.99032,0.047975,-0.039354,0.019046,-0.85818,-26.021,-0.13567,-15.605,-0.3416,12.793,0.52505,-25.408,0.031111,-0.12365,-0.017866,-0.97994,0.051732,-0.049425,0.030154,-0.43214,-27.687,0.65714,-12.522,1.1615,11.71,-1.3521,-24.903
28,0.054569,-0.12774,-0.006311,-1.0001,0.052702,-0.048828,0.027242,-1.2267,-24.99,0.31213,-14.919,0.48311,11.814,-0.57936,-25.351,0.047981,-0.1206,-0.022445,-0.99668,0.056149,-0.037128,0.027632,-0.2573,-25.988,-0.22425,-13.404,0.94099,12.319,-0.48715,-25.232
28.1,0.042881,-0.11805,-0.024292,-0.98485,0.041311,-0.043089,0.02587,-0.094636,-25.491,-1.4181,-13.434,-1.7071,11.879,0.58727,-26.209,0.045071,-0.10973,-0.024621,-0.99063,0.050171,-0.048103,0.02061,0.14701,-27.582,1.0053,-13.776,0.92798,12.71,1.8727,-26.017
28.2,0.031194,-0.12146,-0.028818,-0.97402,0.058504,-0.049251,0.021288,-2.2738,-25.745,0.28392,-14.065,-0.41587,11.522,-1.7173,-27.151,0.048433,-0.10875,-0.016334,-1.0036,0.047136,-0.047411,0.028432,0.63692,-26.046,-0.85797,-12.827,2.0566,10.543,-0.42304,-26.219
28.3,0.033289,-0.12392,-0.0046975,-0.99391,0.055142,-0.049458,0.025643,0.50288,-23.967,1.274,-13.403,2.3835,11.4,0.53529,-26.97,0.051831,-0.10629,-0.012691,-0.99565,0.049832,-0.051345,0.021892,-0.58615,-26.959,-0.0026834,-12.184,-1.2547,12.416,-0.43601,-26.49
28.4,0.028093,-0.11333,-0.028515,-0.99365,0.050019,-0.047094,0.021447,0.47785,-26.864,0.6621,-15.318,0.18335,13.743,-0.92402,-26.111,0.031445,-0.12299,-0.025636,-0.96965,0.052438,-0.051861,0.025918,1.2881,-27.192,1.8284,-11.211,1.2663,13.25,-0.34963,-26.911
28.5,0.024172,-0.12288,-0.012517,-0.99499,0.038153,-0.047678,0.028433,0.22931,-25.736,-0.6603,-11.904,1.1118,13.009,-0.071509,-27.703,0.031997,-0.11094,-0.025697,-0.9916,0.036911,-0.06535,0.021913,1.6017,-24.86,0.90112,-11.592,-0.051092,13.783,-2.4112,-27.154
28.6,0.026103,-0.10155,-0.040263,-0.99051,0.039896,-0.057891,0.035686,1.0847,-25.466,0.096883,-13.937,0.25057,13.885,-0.54829,-27.227,0.018577,-0.099843,-0.035399,-0.99721,0.037835,-0.058028,0.019992,-0.057691,-26.137,0.94801,-12.68,-0.21504,12.605,0.50594,-26.008
28.7,0.030258,-0.10277,-0.045312,-0.99269,0.04563,-0.05892,0.028335,0.16763,-24.17,-0.13377,-13.764,0.84007,13.284,-1.3196,-26.512,0.015247,-0.11145,-0.016478,-0.99804,0.044069,-0.059123,0.027231,1.9718,-23.558,1.7389,-9.2514,1.2557,14.114,0.041977,-27.408
28.8,0.029714,-0.10839,-0.029899,-1.0092,0.045629,-0.049025,0.026738,2.2216,-24.665,-0.26879,-11.647,2.006,14.031,-0.46792,-29.166,0.045282,-0.10376,-0.036739,-0.99285,0.041972,-0.055887,0.023675,0.6479,-23.838,2.9293,-8.9311,1.2367,14.271,-0.27276,-27.672
28.9,0.01891,-0.11063,-0.035624,-0.99419,0.039781,-0.058566,0.021718,0.81981,-26.222,0.7839,-11.176,0.80328,15.378,-0.459,-28.766,0.021985,-0.10219,-0.042922,-0.99312,0.052229,-0.05875,0.018166,-0.55631,-25.378,1.9103,-9.2521,1.2195,13.64,-0.25149,-27.99
29,0.028696,-0.1032,-0.030309,-0.99336,0.044567,-0.05548,0.025372,0.88861,-23.756,1.5327,-11.668,0.094961,14.478,1.248,-27.32,0.0051833,-0.089055,-0.034404,-1.0065,0.039194,-0.064391,0.021761,-3.0988,-25.301,0.38321,-8.1557,0.69732,13.519,-0.63314,-27.23
29.1,0.0033114,-0.10279,-0.044821,-0.98728,0.040707,-0.058034,0.019705,2.6122,-26.216,0.21414,-13.317,1.695,15.174,1.6305,-27.916,0.029458,-0.090905,-0.031769,-1.0078,0.037472,-0.062127,0.015007,2.1553,-23.5,1.6173,-8.1013,2.2989,16.929,-0.97187,-25.699
29.2,0.0078094,-0.080965,-0.023341,-1.0099,0.03852,-0.058992,0.028121,0.37794,-23.905,0.81356,-9.6031,1.2206,16.44,0.99965,-27.935,0.010013,-0.10457,-0.020497,-0.99324,0.039326,-0.060108,0.017963,1.5697,-24.957,2.1769,-9.2614,0.54448,16.087,-1.0202,-27.665
29.3,0.024539,-0.077337,-0.051027,-1.0025,0.044164,-0.061832,0.023911,1.1664,-23.603,1.7074,-10.871,0.80855,15.64,0.95262,-26.795,0.013909,-0.087648,-0.025545,-0.99377,0.034877,-0.066459,0.017598,0.49315,-22.656,1.298,-8.1582,0.29382,14.143,1.1984,-25.422
29.4,0.023526,-0.091877,-0.03325,-1.0071,0.036405,-0.058328,0.019606,-0.91999,-25.327,3.4626,-11.218,-0.024158,14.735,1.5083,-28.728,0.017566,-0.0648,-0.043676,-1.0107,0.026747,-0.065111,0.022356,0.77579,-22.788,1.3989,-6.6853,1.0904,14.893,0.99085,-27.568
29.5,0.022392,-0.097986,-0.049533,-0.99502,0.033121,-0.055798,0.0090795,0.54245,-22.654,2.1652,-9.3956,0.82177,15.858,-0.61949,-28.362,0.011972,-0.10192,-0.024532,-0.98831,0.036373,-0.065277,0.021437,1.4335,-23.127,0.86251,-7.1793,0.8133,15.999,-0.51606,-25.753
29.6,0.0031754,-0.085937,-0.038329,-0.99187,0.040113,-0.066574,0.021228,-0.83081,-23.178,1.5957,-9.0656,1.7877,15.071,-0.25221,-27.564,0.0092114,-0.074481,-0.021601,-0.99775,0.036517,-0.067297,0.022292,1.6435,-24.701,1.8435,-8.152,-0.15685,15.434,2.07,-25.984
29.7,-0.0055318,-0.1119,-0.037102,-0.99803,0.040208,-0.07057,0.02141,1.5297,-23.451,0.30498,-9.3574,0.094782,16.11,-0.4914,-26.437,0.0059305,-0.076742,-0.03194,-0.98941,0.044077,-0.07213,0.016923,1.3309,-21.105,3.0174,-7.354,0.80905,18.018,0.49132,-26.414
29.8,-0.004307,-0.068491,-0.031821,-0.98418,0.034154,-0.056844,0.01171,-0.37347,-23.903,0.037135,-7.1471,1.5478,14.602,0.45392,-26.993,0.0055325,-0.074651,-0.041202,-0.99312,0.033028,-0.061198,0.012525,-0.59099,-22.04,0.19837,-6.3872,-0.16446,16.139,0.20858,-24.236
29.9,-0.0037878,-0.086677,-0.022834,-0.9842,0.042081,-0.072539,0.010756,0.24946,-21.856,1.742,-7.6718,0.95412,17.386,1.069,-26.574,0.0040858,-0.068743,-0.027002,-0.99148,0.029166,-0.064852,0.013382,-0.23096,-21.708,-1.0691,-5.6027,-0.37486,18.641,1.3637,-26.519
30,-0.0030442,-0.060601,-0.045686,-0.99724,0.033282,-0.070746,0.01968,1.9946,-20.094,0.91494,-6.1597,2.662,16.038,1.8923,-24.988,-0.0026024,-0.077658,-0.034684,-0.99544,0.042702,-0.062809,0.0074358,0.71283,-21.089,-0.63149,-5.0043,2.5778,18.136,0.5105,-26.581
30.1,-0.0002336,-0.070426,-0.047524,-0.99099,0.034977,-0.066977,0.014653,0.99172,-21.435,0.37264,-8.9415,0.68351,16.266,-0.4791,-26.403,-0.0052058,-0.061973,-0.040655,-1.0021,0.028836,-0.081313,0.00086075,1.3817,-20.693,0.055582,-4.475,-1.288,16.759,2.1869,-25.958
30.2,-0.01329,-0.062683,-0.029359,-1.0014,0.034977,-0.058557,0.019154,0.70034,-21.163,0.48535,-6.8519,-1.0248,16.683,1.171,-25.46,-0.014037,-0.055837,-0.022671,-1.0009,0.03694,-0.054792,0.0097643,1.4952,-18.133,-2.2518,-7.33,-0.2644,17.949,-0.52472,-24.548
30.3,-0.013241,-0.071583,-0.029945,-1.0012,0.03145,-0.068746,0.0016943,0.60852,-19.355,-0.8362,-7.9156,2.0721,16.741,0.5572,-24.196,-0.013563,-0.059488,-0.038902,-0.9842,0.032762,-0.075896,0.0099316,0.058718,-18.227,-2.5408,-6.3532,1.5527,18.066,0.1138,-22.846
30.4,-0.021568,-0.068442,-0.038797,-0.98895,0.035294,-0.073298,0.0025535,2.1398,-18.036,0.9321,-6.8826,1.3105,18.272,0.79777,-26.756,-0.020742,-0.047987,-0.028613,-1.0049,0.029692,-0.071534,0.012102,2.4519,-20.054,-0.45517,-6.5796,1.4948,16.712,3.1864,-23.606
30.5,0.0053758,-0.067774,-0.028736,-1.0126,0.028775,-0.076694,0.010407,-0.21841,-20.383,-0.15068,-6.235,0.71116,17.533,2.1855,-26.286,-0.023087,-0.062157,-0.040446,-0.99607,0.025472,-0.066089,0.014651,2.6014,-20.124,-1.4266,-6.4867,0.1766,18.266,1.9622,-22.605
30.6,-0.0018644,-0.062388,-0.037108,-0.98481,0.036139,-0.071541,9.2008e-05,0.87715,-19.57,-0.16384,-6.3966,3.2589,18.84,0.2248,-24.9,-0.015137,-0.052916,-0.027518,-0.99513,0.030759,-0.070241,0.010173,0.56755,-18.691,-1.7696,-7.8847,1.4359,18.6,0.83877,-22.2
30.7,-0.010948,-0.069191,-0.037677,-0.98494,0.030953,-0.066326,-0.0001372,3.1343,-19.006,-0.65033,-5.2022,2.2337,19.041,0.49165,-25.577,-0.01526,-0.036566,-0.054604,-0.99658,0.033434,-0.048753,0.0037517,0.24575,-19.09,0.15799,-6.5772,2.7405,19.61,-0.3938,-22.273
30.8,-0.0139,-0.052922,-0.032516,-1.0085,0.039503,-0.066656,0.0095031,-1.0888,-19.392,-0.57117,-6.4823,-1.9136,18.31,1.3642,-25.698,-0.017718,-0.043591,-0.04219,-1.0043,0.038224,-0.057167,-0.00054938,1.8773,-17.567,-0.84697,-7.3685,2.8081,19.673,1.5157,-23.039
30.9,-0.032168,-0.05186,-0.0325,-1.0007,0.030354,-0.062365,0.0097851,2.6206,-17.061,-2.0385,-7.5755,2.834,19.064,0.78102,-23.924,-0.021647,-0.031041,-0.027812,-1.0018,0.02845,-0.062695,0.0029659,0.67196,-17.679,-1.4456,-7.5758,-0.32375,20.237,2.4645,-22.206
31,-0.02398,-0.034496,-0.04068,-0.99556,0.022312,-0.069292,-0.00097558,0.19697,-16.543,1.029,-9.195,-0.62309,19.247,1.119,-23.718,-0.031528,-0.033484,-0.064264,-1.0141,0.032048,-0.061601,-0.00027932,-1.0093,-20.115,-2.62,-8.2445,2.3965,19.647,0.55109,-22.003
31.1,-0.024131,-0.043233,-0.061554,-0.9964,0.026697,-0.062728,0.00075725,2.3521,-16.333,1.433,-7.3083,0.82435,18.59,1.7644,-23.035,-0.02626,-0.02519,-0.045429,-0.98672,0.030109,-0.054051,0.0075,1.1101,-19.168,-0.36654,-8.1173,1.1664,19.086,2.3599,-21.007
31.2,0.00080008,-0.043049,-0.055747,-0.99815,0.029572,-0.058697,0.0084274,-0.21984,-17.905,-1.4946,-10.508,1.9715,21.983,-0.4666,-23.501,-0.0080938,-0.034347,-0.04458,-0.97923,0.040795,-0.05518,0.0020907,0.75019,-17.753,-0.0078677,-7.2416,2.3249,21.253,1.1607,-19.613
31.3,-0.017924,-0.069447,-0.042523,-0.98693,0.030861,-0.048463,-0.0018083,0.70794,-17.242,-1.1193,-8.3256,0.055368,19.797,-0.22832,-22.607,-0.0084843,-0.038278,-0.042929,-1.015,0.033667,-0.053719,-0.0099783,0.00067232,-16.694,1.6094,-8.4961,1.5605,17.732,-0.65333,-22.062
31.4,-0.018906,-0.028613,-0.039701,-0.99238,0.031056,-0.054332,0.001492,2.1445,-17.258,-0.57412,-10.66,1.2433,21.011,-1.197,-20.528,-0.0097529,-0.024851,-0.048632,-0.99712,0.031445,-0.05017,-0.011216,0.057194,-18.168,-2.8726,-8.976,0.79119,19.757,0.94319,-19.817
31.5,-0.034033,-0.026812,-0.046364,-0.97695,0.034857,-0.050932,-0.0016695,1.1768,-16.585,0.18485,-8.7266,2.3686,20.505,0.58578,-22.451,-0.016979,-0.02902,-0.040365,-1.0167,0.039839,-0.051866,-0.0032773,1.7763,-16.573,0.37989,-9.0456,0.5522,21.014,-0.40611,-20.297
31.6,-0.028432,-0.034949,-0.031381,-1.0027,0.019826,-0.042555,-0.00098479,0.51473,-16.025,-0.080647,-10.913,1.5054,20.478,2.0558,-21.489,-0.038351,-0.0090982,-0.032349,-0.99632,0.033951,-0.054753,-0.010334,-0.14346,-17.158,-0.61145,-10.049,0.039619,21.689,1.8895,-19.251
31.7,-0.02438,-0.024283,-0.048509,-0.99154,0.026604,-0.052689,-0.00038262,0.88445,-17.586,-2.0356,-11.643,1.2472,21.355,0.44222,-21.511,-0.032838,-0.019799,-0.031811,-1.0092,0.020507,-0.053478,-0.0047107,1.6122,-13.869,-0.0090249,-10.459,2.4694,21.555,0.76804,-20.712
31.8,-0.03191,-0.015585,-0.073694,-0.98976,0.032071,-0.057829,0.0025494,1.9842,-15.535,-1.9942,-12.249,-0.096026,21.855,-0.13955,-20.778,-0.020443,-0.0092829,-0.020606,-0.99353,0.022759,-0.046232,-0.0045047,1.5654,-16.423,-1.7648,-9.7656,1.7435,21.006,-0.073894,-19.114
31.9,-0.046694,-0.022397,-0.048734,-1.0023,0.01396,-0.04817,-0.0098419,1.9135,-15.515,-2.4462,-12.476,0.76753,21.27,-0.4976,-20.184,-0.029091,-0.018609,-0.035639,-0.98529,0.027995,-0.044837,-0.0080779,2.0941,-13.248,-0.35834,-11.22,0.91191,21.311,2.0213,-20.537
32,-0.041689,-0.022611,-0.045391,-0.98775,0.018102,-0.039002,-0.0049716,-0.74442,-14.246,-2.1134,-11.812,1.5958,21.169,0.34329,-19.444,-0.051361,-0.010184,-0.047221,-1.007,0.022522,-0.044044,-0.010445,1.506,-15.269,-1.8056,-13.448,-0.19427,21.572,0.71112,-19.24
32.1,-0.027034,-0.029218,-0.020535,-0.99856,0.024599,-0.035635,-0.01207,1.1947,-15.489,-0.70488,-11.604,-1.4636,22.936,0.45067,-20.398,-0.024782,-0.0087156,-0.046419,-1.0044,0.029921,-0.045391,-0.003716,1.1235,-15.449,0.466,-10.459,1.1149,20.315,1.8421,-19.445
32.2,-0.03623,-0.012648,-0.048131,-1.0036,0.024853,-0.037075,-0.0064975,2.0358,-14.752,-1.1886,-12.598,1.1392,20.334,-0.39157,-19.901,-0.035287,-0.021203,-0.03622,-0.98548,0.023755,-0.050961,-0.0048936,-1.2901,-13.733,-1.6619,-10.833,1.1138,23.276,1.5207,-19.068
32.3,-0.012515,-0.0048688,-0.047979,-0.99512,0.028895,-0.045404,-0.012911,2.3001,-16.27,-0.23903,-12.188,0.68025,22.843,0.97064,-19.936,-0.044185,-0.0077603,-0.04832,-0.99163,0.035059,-0.043619,-0.010102,0.70684,-14.551,-1.0169,-12.639,0.26431,23.647,-1.221,-21.473
32.4,-0.02448,-0.016487,-0.053935,-0.99615,0.02764,-0.03774,-0.014238,-0.59006,-12.35,-1.1983,-13.33,0.56853,24.351,2.0539,-19.512,-0.04536,0.0026919,-0.042582,-1.0147,0.027712,-0.04731,-0.015686,-0.070231,-12.838,0.15355,-12.626,0.78403,23.332,0.92193,-19.495
32.5,-0.024435,0.002282,-0.024655,-1.0035,0.021333,-0.044932,-0.010376,0.22106,-11.638,-0.62457,-13.841,0.61154,22.581,0.58501,-19.432,-0.037927,0.0098094,-0.037417,-0.98347,0.01847,-0.041856,-0.010949,1.7468,-15.469,-1.9144,-12.243,0.25323,23.664,-0.50289,-19.169
32.6,-0.035213,0.0074349,-0.030218,-1.0236,0.024238,-0.046541,-0.011511,0.34486,-12.399,-1.6652,-13.678,1.1009,21.717,-0.56055,-22.102,-0.043706,-0.003737,-0.019406,-1.0006,0.023426,-0.034833,-0.019814,1.3288,-12.964,-1.4706,-13.383,1.1404,23.153,-1.2909,-19.442
32.7,-0.020406,0.0045777,-0.053575,-0.99992,0.02197,-0.0434,-0.0088036,0.19815,-11.44,-1.0319,-13.794,-1.3316,21.726,1.9899,-16.901,-0.044051,0.0025708,-0.016844,-1.0202,0.01108,-0.043807,-0.023143,1.5753,-12.005,0.1254,-14.991,1.3091,22.573,-0.99918,-17.83
32.8,-0.033544,0.0078471,-0.037698,-0.99036,0.017983,-0.029506,-0.0087004,1.9309,-11.892,-1.5179,-14.144,1.1782,21.66,0.36017,-19.214,-0.054031,0.0080384,-0.03113,-0.99623,0.0093035,-0.030639,-0.013749,1.5007,-11.369,-2.7631,-14.557,2.253,22.531,0.020766,-18.511
32.9,-0.044651,0.004123,-0.023498,-0.9843,0.014931,-0.034749,-0.016405,0.43896,-13.526,-1.2561,-14.428,2.1009,22.836,-0.15173,-18.853,-0.039372,0.028754,-0.03695,-0.99778,0.012901,-0.043767,-0.018957,-0.10891,-11.314,-0.943,-14.599,1.8731,22.371,0.33689,-17.018
33,-0.035727,0.0042427,-0.042121,-1.0004,0.019197,-0.02081,-0.0017924,1.9311,-12.202,-1.3117,-15.94,-0.055664,22.836,1.4506,-20.903,-0.053694,0.021574,-0.030433,-0.9913,0.018748,-0.037476,-0.0090196,0.51053,-12.947,-1.5667,-15.253,-0.65471,22.429,-1.2212,-18.325
33.1,-0.05361,0.0031358,-0.035147,-1.0102,0.012488,-0.020035,-0.013778,1.3239,-11.979,-1.5055,-16.328,2.3781,24.947,2.6724,-19.137,-0.031622,0.02577,-0.029413,-1.0003,0.016777,-0.035804,-0.021027,1.3833,-12.551,-0.74814,-15.723,1.3205,23.592,-0.58389,-19.042
33.2,-0.04476,-0.024076,-0.033035,-1.0079,0.0086098,-0.027758,-0.02282,1.3429,-12.244,-0.88837,-15.103,-0.13333,22.314,2.5217,-20.129,-0.03963,0.028785,-0.044594,-0.99934,0.013951,-0.035998,-0.017551,2.1227,-11.911,-2.3276,-16.632,-0.068367,25.008,0.70629,-18.914
33.3,-0.040824,0.008403,-0.046101,-0.99672,0.013085,-0.023681,-0.016002,0.54558,-11.275,-2.6115,-16.402,2.0654,23.478,0.082261,-20.496,-0.047168,-0.014972,-0.038416,-1.0042,0.0052199,-0.022725,-0.012571,-0.39457,-10.807,0.30906,-16.581,0.68041,23.682,-1.5677,-18.929
33.4,-0.055756,0.0097766,-0.05399,-0.97354,0.014427,-0.033222,-0.01573,0.93746,-11.752,-2.918,-16.218,0.16503,27.679,-0.089397,-18.99,-0.061059,0.013644,-0.025378,-0.9974,0.022271,-0.028942,-0.010662,1.2698,-9.5816,-2.2758,-17.997,0.38126,24.984,0.59645,-18.113
33.5,-0.052685,-0.0020233,-0.030227,-0.99432,0.01226,-0.030864,-0.022675,0.3458,-12.144,-1.7359,-17.5,-0.30483,27.217,0.63963,-20.936,-0.035989,0.023029,-0.031841,-1.0012,0.011541,-0.039029,-0.012364,1.3489,-12.848,0.72913,-18.41,-1.587,23.31,1.4131,-19.708
33.6,-0.026202,-0.0052501,-0.01953,-0.99055,0.013878,-0.028114,-0.0281,-0.023911,-10.407,-1.3132,-17.146,2.3265,26.484,-0.28248,-19.817,-0.059018,0.02461,-0.020014,-0.99198,0.011985,-0.045322,-0.016932,1.3929,-10.802,-2.1078,-18.013,1.3285,24.195,0.33294,-19.222
33.7,-0.064735,0.015015,-0.01008,-0.9973,0.0014131,-0.030677,-0.018982,1.6614,-10.323,-0.20471,-18.056,0.38095,25.392,-0.26929,-19.614,-0.057518,0.016917,-0.027672,-0.9914,0.018324,-0.027233,-0.025847,1.002,-9.007,-1.9541,-18.03,0.65924,22.967,-0.92153,-19.52
33.8,-0.042824,0.018451,-0.024029,-0.99964,0.010439,-0.025698,-0.020448,0.34599,-9.1096,-1.4456,-21.057,-1.85,26.801,0.4205,-19.431,-0.047262,0.031581,-0.026648,-1.0037,0.013138,-0.019724,-0.013252,1.9936,-8.7265,-0.49975,-16.75,-1.0579,25.628,0.5536,-17.559
33.9,-0.051202,0.0072758,-0.02672,-1.005,0.0064757,-0.030661,-0.018407,-1.6244,-8.8349,-0.095627,-19.166,0.26903,27.911,0.25365,-20.699,-0.051817,0.033188,-0.017068,-0.9918,0.0051707,-0.033008,-0.013118,1.6328,-6.457,-1.9727,-19.225,-1.7928,25.581,-0.41941,-18.538
34,-0.051512,-0.00092975,-0.026337,-0.99655,-0.0035762,-0.019363,-0.019301,0.08128,-7.0462,-0.41545,-19.563,-1.0299,24.117,-2.3473,-20.542,-0.055926,0.012534,-0.025025,-1.0057,0.014036,-0.025977,-0.01568,-0.26295,-8.066,-0.099585,-19.19,-0.68873,23.392,-1.5483,-17.527
34.1,-0.04512,0.015019,-0.022236,-1.006,-0.0053054,-0.027405,-0.020573,0.86934,-6.9059,-1.1469,-19.776,2.2767,25.696,1.0259,-17.8,-0.055836,0.030022,-0.010785,-0.99735,0.0058891,-0.024558,-0.014478,1.6188,-7.706,-0.788,-20.308,-0.039168,24.22,0.46186,-19.662
34.2,-0.033355,0.031458,-0.020533,-0.98871,0.011723,-0.015487,-0.01643,-1.0728,-7.8508,1.5254,-20.977,2.2362,26.485,-1.1114,-20.288,-0.052267,0.043941,-0.027645,-0.99603,-0.0010722,-0.022039,-0.018043,0.8579,-5.5982,-1.3474,-20.602,-0.27753,23.235,1.995,-18.64
34.3,-0.045653,0.010498,-0.011633,-0.99699,-0.0020616,-0.024224,-0.020073,-0.58146,-6.9284,-0.040305,-21.768,0.054146,24.91,-1.1146,-18.67,-0.054885,0.0048663,-0.014361,-0.9904,-0.00044671,-0.028534,-0.017293,0.63256,-6.1761,-1.0673,-20.595,0.27578,26.279,-0.76193,-18.765
34.4,-0.059817,0.017445,-0.036257,-0.99671,0.0019339,-0.030456,-0.018659,-0.27343,-6.9562,-0.66482,-21.12,-0.7327,25.885,-1.7228,-19.15,-0.042457,0.0025551,-0.0081074,-1.0147,0.0041327,-0.020543,-0.011184,-0.12451,-7.1249,-0.86263,-21.952,-0.84459,25.307,-0.022769,-19.26
34.5,-0.033217,0.012791,-0.024946,-0.99655,-0.0069675,-0.012889,-0.022441,0.23108,-6.6126,-2.1665,-21.56,2.3867,24.945,0.9885,-21.501,-0.052331,0.03869,-0.021235,-0.98993,0.0058366,-0.021774,-0.020364,0.16578,-7.2258,1.3452,-23.104,-0.22198,24.89,1.1978,-20.021
34.6,-0.032869,0.030119,-0.0097621,-1.0149,-0.0038698,-0.0019296,-0.021383,-0.21563,-7.5646,-1.6187,-23.368,0.33672,26.233,-0.39124,-19.547,-0.034804,0.023172,-0.011932,-0.99062,-0.0078728,-0.023191,-0.012235,1.5317,-7.6145,-1.3417,-21.002,0.72966,25.404,-0.8399,-18.285
34.7,-0.068315,0.02746,-0.020555,-0.9866,-0.0034822,-0.01504,-0.015309,1.9585,-5.7231,0.51218,-22.301,-1.7711,26.375,1.0902,-19.668,-0.060139,0.025673,-0.013236,-0.98764,0.0041835,-0.010653,-0.020046,-0.3313,-5.7707,-1.5942,-21.562,1.7312,25.415,1.3583,-18.789
34.8,-0.051313,0.027828,-0.00026965,-0.99216,-0.0042673,-0.015567,-0.016913,-0.65791,-5.7617,-0.73227,-24.722,1.1441,24.908,-1.2405,-20.584,-0.064163,0.028874,-0.0038391,-1.0037,0.00087432,-0.0192,-0.013559,-0.62772,-4.8595,-1.0687,-21.767,1.3164,24.918,-2.1161,-20.582
34.9,-0.052708,0.022436,-0.032657,-0.98816,-0.0088799,-0.016296,-0.015003,1.1543,-7.1073,-1.1773,-22.195,1.4548,27.255,-0.59888,-21.417,-0.061872,0.026251,-0.010003,-0.98452,-0.0015691,-0.016112,-0.011761,-1.9203,-7.7773,-0.88478,-21.847,2.1664,24.873,-1.2565,-20.907
35,-0.044964,0.035572,-0.011832,-1.0015,0.00012316,-0.023609,-0.023976,2.9199,-4.315,-0.44565,-22.802,-0.33907,25.038,-2.1395,-21.169,-0.058552,0.033314,-0.013896,-1.0108,0.0037113,-0.016405,-0.0074077,1.629,-4.7177,-1.4697,-22.738,1.2143,25.637,0.91226,-19.291
35.1,-0.028227,0.018941,-0.0098155,-0.99668,-0.0095316,-0.012097,-0.014686,0.85961,-5.9285,-1.3998,-25.444,2.5401,26.702,0.5183,-19.964,-0.041735,0.029043,0.00077364,-1.017,-0.010197,-0.0059558,-0.011721,1.3692,-3.9367,-1.8641,-22.511,-0.17569,23.535,0.81867,-19.417
35.2,-0.052097,0.02207,-0.005551,-0.99854,-0.00135,-0.018237,-0.011293,1.0744,-5.4923,-2.0834,-25.775,1.0643,26.683,0.83921,-21.293,-0.037388,0.025768,-0.011223,-0.98021,-0.010251,-0.0035416,-0.0038899,0.75094,-5.3518,-0.079205,-23.169,-0.53763,23.747,-1.3237,-20.714
35.3,-0.048136,0.019038,-0.0044853,-0.99512,-0.013437,-0.021919,-0.022518,0.58213,-4.333,-0.11205,-24.223,0.36451,25.768,-1.281,-20.431,-0.048641,0.017192,-0.010175,-0.99285,-0.0087566,-0.02013,-0.0077654,-0.65491,-5.7144,-2.4772,-24.387,-1.2352,24.464,-0.29539,-17.767
35.4,-0.034114,0.02462,-0.013968,-1.0007,-0.01314,-0.012432,-0.0010215,1.6071,-3.9485,-2.1013,-25.079,1.8498,25.526,0.30079,-20.806,-0.032323,0.049447,-0.019644,-0.99225,-0.010696,-0.012632,-0.0057394,0.69413,-3.363,-2.338,-24.266,0.1499,23.163,1.0677,-21.524
35.5,-0.042579,0.026315,-0.027787,-1.0013,-0.013729,-0.011982,-0.010338,2.2248,-2.465,-0.2498,-26.11,-2.1151,24.976,0.030486,-21.418,-0.034967,0.023625,-0.012846,-0.99347,-0.012734,-0.0059822,-0.007914,1.1654,-2.2443,-1.6407,-24.316,-0.19785,24.256,1.1794,-19.46
35.6,-0.053382,0.020148,-0.010925,-1.0059,-0.0046137,-0.0084198,-0.012905,2.6605,-2.9827,1.5998,-25.218,-0.55334,23.765,0.32211,-22.058,-0.032016,0.045082,0.0023056,-0.981,-0.022753,-0.0067007,-0.011754,0.81678,-0.92294,-2.4742,-25.208,-1.338,22.998,1.2371,-18.796
35.7,-0.026623,0.017565,-0.021152,-1.0086,-0.0074107,-0.014116,-0.012878,3.5588,-3.4681,-0.42227,-27.019,-0.687,23.864,-0.50363,-21.813,-0.051957,0.03269,-0.025469,-1.0078,-0.016266,-0.00654,-0.0033592,0.77988,-1.5473,-1.3525,-24.521,-1.4465,23.036,0.16432,-20.266
35.8,-0.046001,0.027341,-0.00038218,-0.99744,-0.0098606,-0.0063539,-0.0042754,0.90132,-3.6097,0.048539,-26.502,-0.54018,24.127,0.48756,-20.621,-0.046581,0.025253,-0.0094958,-1.0036,-0.0070264,-0.010162,-0.011253,1.8186,-0.83272,-0.88818,-24.937,2.2601,24.536,-0.21555,-21.663
35.9,-0.053508,0.044269,-0.02353,-0.98982,-0.021813,-0.0048719,-0.0086713,0.49803,-4.4025,-2.7709,-28.945,-1.4887,23.382,0.033713,-20.356,-0.041825,0.045055,0.00038326,-1.001,-0.016348,-0.0085951,-0.0068803,0.010043,-2.6196,-1.8067,-27.416,-2.005,22.168,2.2852,-20.386
36,-0.03602,0.037665,-0.0082075,-0.98171,-0.026936,0.0024807,-0.0032555,1.1656,-1.811,-1.3892,-27.357,-1.1194,24.216,-0.96364,-20.392,-0.064164,0.039197,-0.012729,-1.0039,-0.018173,-0.014204,-0.014068,0.49277,-1.1661,-0.51774,-26.903,-1.2489,21.849,-0.35725,-19.732
36.1,-0.042806,0.025684,-0.012725,-0.985,-0.011387,-0.0088382,-0.016289,1.3773,-0.2797,-0.76383,-28.12,-0.39467,23.121,0.31567,-19.47,-0.043702,0.037003,-0.005711,-0.99369,-0.0083898,-0.0069491,-0.0014167,-0.050108,-1.6982,-1.8301,-24.146,0.71933,21.609,0.8962,-17.602
36.2,-0.032522,0.012703,-0.0055552,-1.0188,-0.01703,-0.0080247,-0.013959,2.1746,-2.1376,-2.4455,-30.49,-0.16172,24.72,-0.67178,-20.624,-0.025704,0.043288,-0.0027938,-1.0033,-0.027027,-0.0015856,-0.0056313,2.82,-0.4998,-2.0774,-24.932,-1.5689,22.924,-0.54855,-20.529
36.3,-0.038002,0.02063,0.0032369,-1.0019,-0.024497,-0.0042233,-0.0032925,1.2994,-0.2587,-1.8567,-27.325,-0.47838,22.674,2.2214,-21.455,-0.048067,0.047126,-0.00039268,-1.0019,-0.016455,-0.0066236,-0.00057457,1.9879,-1.0274,-1.6389,-29.177,0.37703,21.931,0.60785,-20.201
36.4,-0.055509,0.024783,-0.0066002,-0.99391,-0.023513,0.0025303,-0.0056456,1.044,-1.6867,0.31518,-28.959,-0.36661,23.641,-1.2782,-20.261,-0.042299,0.034788,-0.0074892,-1.009,-0.012339,-0.0014077,0.002588,1.935,0.34307,-1.2413,-27.262,0.98675,20.849,0.28296,-18.947
36.5,-0.05425,0.014767,0.0097543,-0.99685,-0.014594,0.0046855,-0.015508,2.5962,-0.78852,-0.73194,-27.736,-2.1776,25.162,-1.0247,-19.105,-0.043528,0.030722,-0.017599,-0.99133,-0.016191,0.0044691,-0.01015,0.52636,-2.1123,-1.506,-27.867,-1.4482,19.988,1.4022,-18.732
36.6,-0.036733,0.025876,-0.010873,-0.99082,-0.032294,-0.0035813,-0.0092184,-0.44498,-1.6566,-2.4241,-31.178,-0.93719,23.006,-0.23388,-21.446,-0.03453,0.047283,0.02223,-0.993,-0.018891,-0.00072715,0.00061956,0.23139,-0.42053,-0.011555,-29.993,-1.1728,20.433,0.18317,-18.109
36.7,-0.042431,0.027322,0.007618,-0.99281,-0.02182,0.0042644,-0.0067309,0.19602,0.27253,-2.2519,-31.088,-0.47814,23.977,-0.81789,-18.04,-0.044898,0.025105,-0.0089746,-0.99667,-0.028305,0.012937,-0.0097728,-0.1275,-0.52436,-3.6545,-29.585,-1.0805,20.996,0.83408,-17.909
36.8,-0.041628,0.030081,-0.012619,-0.99614,-0.022942,0.0097432,-0.00965,0.73978,0.62541,-1.3218,-30.972,-0.46567,22.741,1.6107,-23.101,-0.041777,0.038323,-0.0087047,-0.99492,-0.023708,0.0041525,-0.019999,1.2704,1.9647,-1.1011,-28.02,-1.1606,22.867,-0.84062,-19.608
36.9,-0.045817,0.043739,-0.011369,-1.0135,-0.028509,0.012793,-0.0051144,1.429,0.1476,-0.78543,-30.281,0.74624,22.017,0.36491,-19.067,-0.032416,0.04948,0.0014378,-0.99736,-0.016272,0.0072419,-0.0071552,0.2873,0.80962,-1.7582,-28.639,-0.59323,21.294,2.2213,-18.331
37,-0.016138,0.010299,-0.025348,-1.0041,-0.026653,0.0093002,-0.01597,0.14609,1.7027,-1.4031,-31.021,-1.015,20.889,1.0292,-18.971,-0.049511,0.047841,0.010433,-0.98837,-0.026757,-0.00047656,0.00022728,1.5289,0.45047,-0.72982,-29.445,-0.11118,20.119,0.28273,-18.882
37.1,-0.028885,0.03678,-0.025579,-1.0109,-0.025927,0.0046669,-0.0043567,1.2961,2.6225,0.27849,-31.029,-0.58468,21.755,1.2532,-18.066,-0.032967,0.024599,0.011026,-0.99282,-0.026119,-0.0014473,-0.0051623,0.81818,1.3582,-2.0616,-29.39,-0.9778,22.1,1.6081,-18.393
37.2,-0.040528,0.035095,0.0042706,-1.0069,-0.029981,0.0060892,-0.0079438,0.20221,2.5043,-0.3821,-31.287,-0.89526,21.622,1.6534,-19.616,-0.025597,0.029444,0.00051,-0.99125,-0.028057,0.013847,-0.0057106,-0.33935,1.6996,-1.4672,-31.948,-0.29153,18.796,-0.17874,-18.952
37.3,-0.027527,0.02284,-0.0048412,-0.99873,-0.022956,0.011379,-0.00044512,1.1325,1.0934,-2.0434,-32.793,-0.61937,20.533,0.58543,-17.72,-0.025276,0.036274,-0.0070067,-1.012,-0.02262,0.012334,-0.004283,1.5724,3.1621,-0.79435,-31.814,-2.4929,17.983,1.1278,-17.727
37.4,-0.019581,0.025249,0.0023235,-0.98512,-0.024147,0.0059401,-0.008379,-1.3187,1.1828,-1.6447,-31.536,-0.20767,19.26,1.1878,-18.182,-0.036998,0.039246,-0.0023549,-1.0037,-0.032915,0.0088772,-4.199e-05,-1.3998,1.2128,-0.29063,-33.653,0.059175,20.603,-0.073599,-17.73
37.5,-0.030541,0.024263,-0.015881,-1.0001,-0.037838,0.016809,-0.0082907,-0.22563,1.3543,-1.703,-32.011,-0.71048,21.138,-1.2366,-17.995,-0.02711,0.030505,-0.0010856,-0.99312,-0.029483,0.0194,-0.0011806,1.5644,0.64661,-0.34319,-32.488,2.1254,17.611,0.27378,-18.971
37.6,-0.0062433,0.020145,-0.010721,-0.99403,-0.023373,0.010552,-0.0081879,-1.2795,0.93289,-1.8348,-32.744,-1.4846,20.214,0.87354,-17.161,-0.023858,0.013954,0.012314,-0.99959,-0.022651,0.020207,-0.0061805,2.0509,3.3372,0.64073,-33.642,0.12234,16.318,1.235,-17.899
37.7,-0.032245,0.020994,-0.01216,-0.99054,-0.025256,0.015095,-0.0033508,-1.3297,0.49842,-1.4603,-33.719,-0.82876,18.338,-0.04542,-17.966,-0.023504,0.033387,0.015751,-0.98631,-0.019261,0.026871,8.1597e-06,-0.73363,0.50186,-1.0703,-33.989,-2.0965,18.633,1.0523,-18.16
37.8,-0.0088722,0.024894,0.0019713,-0.99563,-0.022518,0.024247,-0.003881,-3.2732,0.62733,-1.1956,-35.351,-1.6167,17.77,-0.43731,-18.066,-0.027392,0.030301,0.0036338,-0.97616,-0.035118,0.0157,0.0088387,0.80245,1.83,-1.7986,-33.428,-0.75356,17.703,0.5276,-14.916
37.9,-0.0092533,0.020327,0.008084,-1.0001,-0.018385,0.027019,-0.0043652,0.18668,-0.99683,-0.83023,-35.808,-0.57731,16.17,1.5381,-16.419,-0.0077123,0.03514,-0.010011,-1.0068,-0.02092,0.021084,-0.0033502,0.16856,2.6621,-2.1593,-33.168,0.1934,16.373,0.41701,-15.338
38,-0.012035,0.017913,-0.0030724,-1.0088,-0.020094,0.013099,0.0027156,2.1988,0.88925,-0.35341,-36.284,-1.0123,18.8,-0.79256,-16.518,-0.024357,0.030575,-0.0070331,-0.98379,-0.020862,0.018043,-0.00079732,-1.1086,1.658,-0.80091,-35.494,-1.8567,16.722,0.86598,-15.872
38.1,-0.024805,0.036446,-0.0024148,-0.99342,-0.01279,0.029109,-0.0001573,1.2927,0.84435,-0.018528,-36.488,0.24951,16.8,-0.78875,-16.347,-0.017252,0.027744,-0.012306,-0.99632,-0.025908,0.023096,-0.0012436,-0.45786,2.5859,-0.45778,-33.74,-1.4714,17.544,1.1849,-13.187
38.2,-0.01529,0.014004,-0.0093598,-0.98783,-0.016602,0.019574,0.0031756,-0.32221,-1.4712,-0.34881,-36.057,-0.15576,18.169,-0.49409,-15.936,-0.022645,0.024349,0.0086223,-1.0095,-0.023375,0.029322,-0.0017238,0.81113,1.2463,-1.334,-35.025,-0.61785,15.821,-0.32461,-15.376
38.3,-0.028118,0.0066998,-0.017021,-0.97953,-0.016925,0.024322,-0.0041748,-0.79856,-0.14183,1.9785,-35.185,0.2199,15.578,-0.6008,-16.849,-0.01399,0.014369,0.00051508,-0.97931,-0.016928,0.02419,-0.0035764,0.1209,4.5626,-0.95292,-36.774,-1.9794,14.846,0.19127,-15.739
38.4,-0.027962,0.0064315,0.00060484,-0.99731,-0.019469,0.029191,0.00017207,-1.6712,-0.030152,1.0825,-34.483,-1.2189,17.977,-0.97116,-17.97,-0.016411,0.027275,-0.0013915,-1.0071,-0.01776,0.020383,-0.0079442,-0.55837,0.90784,1.019,-34.65,-0.054822,15.081,-1.3556,-15.408
38.5,-0.016198,0.025723,-0.009884,-1.0021,-0.014087,0.018186,0.0025588,-0.49897,-0.84269,1.1449,-35.307,0.77136,16.518,0.60125,-18.152,-0.0052253,0.030726,-0.011425,-0.99202,-0.0084777,0.020027,-0.0042773,-1.2466,2.1297,2.0515,-34.351,0.33442,15.787,-0.41938,-17.202
38.6,-0.023086,0.0083284,0.0051838,-1.0174,-0.010973,0.025366,-0.00014354,-1.9944,-2.5001,-1.9565,-33.034,-0.29282,16.502,-1.97,-17.986,-0.021069,0.032412,-0.0070593,-0.9829,-0.024036,0.02446,-0.00032644,0.14565,0.47993,1.5018,-35.744,0.005955,15.619,1.7063,-15.722
38.7,-0.0188,0.002953,0.002604,-1.0153,-0.021093,0.018466,-0.0082427,-1.4157,-2.4263,-0.34358,-32.312,1.3136,17.314,0.09291,-18.515,-0.018578,0.024603,-0.005395,-1.0102,-0.016681,0.023563,0.0024786,0.50598,-0.75346,2.0543,-34.589,-2.1308,15.672,1.4484,-14.127
38.8,-0.0243,0.0010678,-0.011108,-0.99037,-0.013409,0.010664,-0.00105,-2.0395,-2.4064,-0.24221,-33.45,1.514,20.518,-2.0567,-18.029,-0.028157,0.009369,0.0042749,-0.98726,-0.015143,0.021138,0.008665,-0.73179,0.26234,0.71903,-35.804,-0.61074,15.537,-0.39395,-15.103
38.9,-0.0010093,-0.0086396,0.0067891,-1.0083,-0.018911,0.0092997,-0.0060744,-0.63593,-2.2715,0.23766,-33.631,0.38773,17.69,-0.46006,-17.258,-0.013077,0.0085855,0.0011266,-0.98126,-0.012869,0.020418,0.01239,-0.23608,-2.5422,1.1083,-35.6,1.7597,14.199,-0.81893,-16.613
39,-0.016444,-0.00568,-0.0090481,-1.0133,-0.012228,0.015062,-0.0010025,-0.32203,-2.3318,0.90016,-31.863,0.077234,19.458,0.39029,-19.887,-0.012886,0.014972,-0.00077647,-1.01,-0.015696,0.012287,-0.0037453,-1.7099,0.53849,0.29633,-32.482,0.7988,15.05,-0.90316,-15.81
39.1,-0.011753,-0.0011812,-0.011806,-0.97979,-0.0065998,0.0071045,-0.003785,-0.68517,-2.7848,1.2875,-32.615,-1.172,15.762,-0.75978,-18.18,-0.0083994,0.01826,-0.011933,-0.98976,-0.024936,0.017883,-0.0076984,-0.38397,-0.39344,-0.33713,-33.07,0.52732,15.374,1.1549,-15.585
39.2,-0.027006,0.011911,-0.014029,-1.0046,3.8277e-05,0.0092365,0.0066216,-0.95435,-3.9908,0.42179,-32.929,-0.82118,16.428,-0.62995,-19.747,-0.013492,0.010287,0.0032698,-0.99332,-0.0057895,0.012315,-0.005356,0.74545,-2.3911,0.54702,-33.346,-0.27541,16.657,1.6821,-15.323
39.3,0.0084436,-0.016187,-0.01978,-1.0098,-0.019954,0.0049636,0.00043483,-0.75967,-3.7862,-0.25745,-31.736,1.2909,18.183,0.19662,-19.312,-0.0019416,0.012962,0.0074122,-0.98725,-0.015978,0.015813,-0.0055332,-1.2597,0.89778,0.20383,-32.048,1.9545,17.152,0.58196,-16.887
39.4,-0.0030512,0.023291,-0.0050957,-1.0113,-0.010441,0.010407,0.0036964,0.11024,-2.8341,0.33327,-32.598,0.042253,17.269,-2.4509,-19.707,-0.012701,0.010251,-0.01054,-1.003,-0.010363,0.017471,-0.0061531,-0.56805,-1.5431,0.23402,-32.41,-0.67122,17.426,-0.28035,-15.44
39.5,-0.0052744,0.012343,-0.0080506,-0.98571,-0.0092365,0.0085429,-0.0032763,1.2428,-3.0764,-1.1966,-31.12,-1.5694,17.494,-0.37495,-16.289,-0.0065268,0.020106,0.014415,-1.0052,-0.0076206,0.014321,0.0034723,-2.3764,-0.89944,0.70335,-33.032,1.1934,16.166,-1.9942,-15.85
39.6,-0.014992,0.0085179,0.0033616,-1.0015,-0.017055,0.013754,0.00096123,0.51687,-2.4095,0.32936,-32.925,-0.39595,18.467,0.27977,-19.108,-0.017418,0.0072486,0.0035036,-1.0044,-0.01277,0.011812,0.0063992,0.054779,-2.1185,-1.1079,-32.256,0.4491,16.435,-0.033433,-15.901
39.7,-0.023587,-0.0016886,0.011661,-1.0064,-0.006456,0.013237,0.0055964,0.14554,-0.99289,1.4958,-29.929,0.80533,18.564,1.8508,-18.712,0.0065381,0.0085849,0.0045134,-0.99478,0.00060911,0.016162,-0.0056516,0.47221,-1.9995,0.71175,-31.477,1.4368,15.631,0.33914,-15.235
39.8,-0.0090413,0.031861,0.021569,-0.99058,-0.0023764,0.015612,0.0019321,-1.6154,-4.6734,0.39456,-31.067,1.9167,18.318,0.79676,-18.01,0.0013988,0.013842,-0.00040124,-1.0023,-0.016249,0.011979,-0.00034362,0.016259,-0.78436,-0.33534,-31.492,-2.1809,17.863,0.89591,-14.099
39.9,-0.0039455,0.015311,-0.0167,-1.0125,-0.0060215,-0.00033771,-0.0048026,0.77207,-5.0595,1.3281,-30.984,0.45023,16.738,-0.34537,-17.746,-0.016607,0.016484,-0.0018978,-0.99017,-0.0012332,0.0047581,-0.0057537,0.35108,-1.6361,-1.2618,-32.597,-0.31288,17.345,-1.0494,-16.128
40,-0.0088215,-0.00906,-0.011146,-1.0089,0.00030545,-0.00029926,0.0021943,1.1006,-4.7126,0.26454,-32.467,-2.3038,17.879,-0.6384,-19.217,-0.0059617,0.013059,0.0023186,-0.98171,-0.013346,0.013872,-0.0065161,-1.6115,-2.1444,-0.47219,-33.519,-0.65834,17.693,-0.73693,-16.994
40.1,-0.01636,0.007152,-0.0023818,-1.0025,-0.0046211,0.014222,0.0034352,0.31299,-3.1457,-0.70159,-30.094,-0.89297,17.624,2.3781,-17.666,-0.011779,0.018097,-0.0063933,-0.99728,-0.002729,0.013392,0.0041255,-1.8304,-1.3433,1.0125,-31.911,-0.5831,17.826,1.4419,-16.538
40.2,-0.025459,0.0030157,-0.021983,-1.0035,-0.0049376,0.011146,-0.0011276,-1.289,-4.4692,-1.8345,-32.499,0.88747,16.346,-0.40245,-16.977,0.00053595,-0.00068254,0.012282,-1.0028,-0.00080467,0.010281,0.0076298,0.016831,-0.65598,0.55073,-31.626,-1.2995,17.259,0.5239,-16.569
40.3,0.00035253,0.0067292,0.018751,-0.99468,-0.0048999,0.0059237,0.0037952,0.4985,-5.106,-0.46318,-31.968,1.6741,17.078,0.22433,-16.83,0.011141,0.01545,0.0042719,-0.99647,-0.0057247,0.010064,-0.0051616,0.79936,-2.7273,0.4409,-31.069,-0.2336,14.809,-2.0322,-16.832
40.4,0.0081693,0.016578,0.0023501,-1.0025,-0.0051206,0.0048791,0.0016195,0.1613,-4.6469,2.8658,-31.045,-0.25577,18.84,-1.4413,-17.624,0.0061309,0.010652,-0.0069112,-1.0088,-0.0045771,0.0063612,0.0012257,0.23753,-3.0872,0.9129,-31.264,-0.23156,16.461,1.6723,-18.498
40.5,-0.024642,-0.0047621,0.0026198,-1.0068,0.00071694,0.00047451,0.00022305,-1.6162,-1.717,-0.2635,-30.37,-1.2746,15.855,-0.53683,-16.419,-0.015342,-0.0015304,0.011904,-0.99435,-0.0053049,0.0035577,0.0015507,-0.4518,-2.916,-2.2083,-29.274,0.9302,16.153,-1.2951,-17.167
40.6,-0.016414,0.0066542,-0.0022399,-0.98995,-0.0039978,-0.0023357,-0.0005765,-0.78833,-6.0131,-0.68661,-31.177,0.7268,18.536,-0.94754,-18.375,-0.0023518,-0.0079857,0.003678,-0.9808,-0.0027675,0.0031823,-0.004405,-0.99759,-1.4012,1.4614,-30.961,-0.21646,15.627,-0.28968,-15.393
40.7,0.013844,0.0015245,-0.016669,-1.0159,-0.012466,0.0090398,-0.0054752,-2.0043,-3.4556,-1.3454,-30.548,-0.052184,20.012,0.29237,-18.703,-0.0056787,0.017498,0.012851,-0.99792,0.0048905,0.0060086,-0.0087627,-0.44001,-2.3187,1.1051,-28.868,0.4691,16.139,0.76344,-17.073
40.8,0.019667,0.0032837,-0.0021106,-1.0106,-0.0011807,0.006987,-0.0045801,-1.8592,-5.3955,-0.013382,-29.736,-1.9154,20.181,2.3155,-18.294,-0.031631,0.0053483,-0.0055303,-1.0053,-0.0020057,-0.00059432,0.002003,0.15877,-2.1189,0.068272,-30.115,-0.31686,15.829,0.20366,-16.107
40.9,-0.0019598,-0.0069319,0.01515,-0.99333,-0.0069259,0.0059744,-0.00041467,0.12971,-3.2187,-1.8053,-30.413,-2.4841,15.838,-1.3921,-17.564,-0.016203,0.011347,0.012142,-0.99109,-0.0043398,0.0013252,0.014772,-1.4942,-1.4937,0.80229,-29.952,0.53941,15.787,0.34886,-17.834
41,-0.0052364,0.00014369,0.0090508,-1.0024,0.0025265,0.0045441,0.0053645,1.1258,-2.2652,-0.68168,-32.111,-1.8432,17.587,0.85219,-15.709,-0.0035261,0.016409,0.002804,-1.0052,-0.0030769,0.0092764,0.0016569,-0.0034548,-2.9088,-0.64017,-28.782,-0.0078639,17.312,2.6853,-15.545
41.1,0.0052966,-0.00054726,-0.0076879,-0.98636,-0.0010913,0.002985,0.0020325,1.1976,-5.8795,1.6441,-31.157,0.054314,18.459,1.7911,-17.625,-0.0072865,-0.011645,-0.0018885,-0.99118,-0.0084585,-0.00099538,0.0052533,-1.7241,-4.0751,-1.1644,-29.061,-0.80488,18.8,2.1466,-15.476
41.2,0.016119,0.0090587,0.001239,-1.0016,-0.0041912,0.0047805,0.0029784,-1.56,-4.224,-1.997,-30.955,1.0556,18.969,0.030509,-17.477,-0.0078228,-0.0033775,0.0079256,-1.0027,0.00096216,0.0045675,-0.00023943,1.1546,-3.8655,0.6792,-31.445,0.39809,15.779,-0.48415,-15.669
41.3,-0.0093414,0.0021785,-0.0065283,-0.99005,-0.0034321,0.0089703,0.0019363,0.28851,-3.7779,-0.5348,-31.893,1.9238,18.043,-0.37461,-16.597,-0.015879,0.007266,-0.0048827,-1.0055,-0.0024558,0.0012448,0.0043612,1.5125,-3.2607,-0.99023,-30.488,-0.91142,17.151,1.5138,-14.034
41.4,-0.0071798,-0.004803,0.0058408,-0.99369,0.001587,-0.002092,0.010244,0.69282,-4.5467,0.14914,-31.2,-0.25618,17.233,0.40381,-18.748,-0.0095184,0.015251,0.00047906,-1.0043,-0.0089354,0.016195,-0.00057851,-1.4783,-2.5616,1.1289,-32.193,-0.90663,16.136,0.28373,-15.826
41.5,-0.0012899,0.0057394,-0.0021544,-0.9829,-0.0001933,0.0031282,0.013202,0.37052,-5.1594,0.97167,-30.272,0.4278,17.336,-1.9496,-17.332,0.010395,0.0068731,-0.0009996,-0.99569,-0.003369,0.010083,-0.001663,1.0416,-1.6502,0.40855,-32.027,-0.27452,17.571,-0.40789,-15.459
41.6,0.0073052,0.0041655,-0.013502,-1.0176,-0.014327,0.0077949,0.0072857,-0.71192,-4.239,-0.84296,-30.224,-0.66941,18.89,0.61515,-17.758,-0.00073321,0.0104,0.033577,-1.0195,0.0018546,0.0062197,0.0025977,0.29384,-1.5341,-1.695,-31.856,0.6646,15.493,0.61253,-16.86
41.7,-0.0037118,0.0057201,-0.0049731,-0.99227,-0.005321,-0.00035391,0.0017333,-1.8802,-3.489,0.56779,-30.639,0.38947,20.293,0.82758,-18.133,0.021968,0.0092141,-0.022251,-1.0026,-0.00010137,-0.0028999,0.00065545,-0.49974,-3.7706,0.13588,-32.186,2.1845,16.393,1.6966,-17.921
41.8,-0.0037906,0.0015202,0.0052108,-1.0007,-0.0048513,0.0099241,-0.0012184,-0.6446,-4.9111,-3.211,-31.4,-1.3252,18.8,0.72013,-16.264,-0.02209,-0.00010129,0.013147,-1.004,-0.0074608,0.0069281,0.00055866,-0.45685,-2.8505,-0.9295,-29.056,0.78827,15.774,-1.6259,-16.27
41.9,-0.016824,0.0073827,0.0089842,-1.0038,0.0043456,0.0017858,-0.00093871,-1.7281,-4.5076,-0.0097067,-30.161,1.3856,17.921,-0.8633,-17.28,-0.0037583,-0.013945,-0.0023484,-1.0022,-0.0081303,-0.00013322,-0.0029333,-0.88562,-2.6308,1.2046,-30.974,0.21723,15.39,-0.65201,-17.118
42,0.011608,0.0018277,0.00011069,-1.0148,0.0031323,0.0011751,0.0042734,0.1515,-4.798,1.1726,-29.739,0.67821,17.803,-1.1774,-18.927,-0.0054906,-0.01087,-0.010678,-0.99275,-0.012185,0.0011415,-0.0025417,-1.5381,-3.8633,0.048399,-28.827,-0.65751,17.059,-1.7948,-15.489
42.1,-0.005673,0.0034915,0.0017057,-0.99137,0.00082103,-0.0062841,-0.0049208,0.065815,-4.2038,0.10115,-32.352,-0.19,19.987,-0.3348,-18.146,0.0082547,0.0066999,0.004082,-0.99069,-0.0068528,0.0026405,-0.0022281,-1.4073,-4.517,0.69752,-31.172,-1.0812,17.257,0.70917,-15.714
42.2,-0.011915,0.0079317,0.023854,-1.0229,-0.0083021,0.00024586,-0.0069634,-2.1136,-2.8892,-0.32737,-31.155,0.91358,17.764,-0.65658,-17.003,-0.018069,-0.0070338,-0.011178,-0.98503,0.0056755,0.0014194,-0.0060284,0.81477,-3.9804,-1.4934,-31.414,1.6324,16.57,1.4067,-17.05
42.3,-0.0085183,0.0077189,-0.015536,-1.0095,-0.00078744,0.013383,-0.0039719,-1.6345,-5.3228,-0.30908,-30.89,-0.82817,19.118,0.50257,-16.688,0.010981,0.0016464,0.026707,-0.99434,-0.0020746,0.0044531,-0.005437,-0.38025,-3.8518,2.5466,-30.702,-0.92441,17.246,-0.40911,-16.227
42.4,-0.0022675,0.0033673,0.013695,-0.99567,-0.0026536,0.0017789,0.00065693,1.1395,-5.203,0.74492,-32.966,-1.6169,18.453,-0.42338,-16.863,-0.0028532,0.01876,0.0059839,-1.0065,-0.0001964,0.0044171,0.0084202,-1.1835,-4.4504,1.1419,-30.868,-0.78763,16.175,-0.33315,-14.755
42.5,-0.013606,0.016338,-0.024162,-0.99496,-0.0016176,0.0011699,-0.00010891,0.86452,-3.8147,2.3644,-30.106,-1.2556,17.436,0.15469,-16.406,0.014999,0.019989,0.0061581,-0.99413,-0.0021674,0.010508,0.0068326,-1.1956,-3.3202,1.2312,-29.88,0.41131,16.605,-0.16421,-16.292
42.6,0.006759,0.0025842,-0.0020257,-0.99715,-0.012534,-0.0005867,-0.00098996,-1.6026,-5.5522,0.98934,-30.314,0.98876,18.47,0.86269,-16.875,0.0014896,0.013905,0.017882,-0.99966,-0.0082398,-0.0059192,0.0027761,-2.1187,-1.9491,-0.79391,-30.116,0.54892,15.605,-0.78973,-15.646
42.7,0.017704,-0.01544,-0.013387,-1.0062,-0.00021297,0.0050723,0.0038886,0.79117,-6.4678,-1.752,-29.879,-0.1883,18.601,1.5341,-18.765,-0.004147,0.010515,0.0018183,-1.0038,0.0025314,0.005079,-0.0023862,-1.2983,-2.9459,-0.095142,-30.359,1.2871,14.882,0.0028996,-16.293
42.8,-0.013457,0.0066194,-0.0082674,-1.0061,0.0042452,-0.0038247,0.0026526,-0.18568,-3.1496,-0.71185,-31.848,2.0063,18.712,1.0877,-18.125,-0.00057205,-0.0068329,-0.00503,-0.99994,0.00062087,0.0087148,-0.010512,-0.37954,-3.9574,-0.60408,-30.165,-0.37877,19.201,0.043579,-15.773
42.9,-0.018125,-0.013931,-0.0015633,-0.9981,-0.00019293,0.0076945,-0.0025679,-0.41814,-4.6367,-0.38551,-31.469,-0.77318,16.991,1.7054,-16.464,-0.016667,-0.0036515,-0.0068614,-1.0055,-0.0060587,0.0059195,0.0037897,0.13765,-3.7573,0.72093,-29.511,-1.3903,15.901,-1.9446,-15.361
43,-0.0048917,0.015371,-0.0054259,-0.99061,-0.0049859,0.0020069,0.001973,3.2236,-5.4504,1.619,-31.083,-2.2316,17.102,-1.9728,-16.239,-0.013271,-0.0016911,-0.0099162,-0.99317,-8.7879e-05,-0.00061665,-0.0038029,1.1204,-5.9828,1.7663,-28.57,0.88712,15.773,-1.6913,-16.841
43.1,-0.010812,-0.015698,-0.0074878,-1.0007,-0.0068631,0.0024819,-0.00075969,-0.017164,-4.9675,-0.1571,-30.988,-0.05551,16.904,1.3264,-17.852,0.0082253,0.010497,-0.020236,-0.9995,-0.0053879,0.0022983,0.0049982,-0.52869,-1.5681,-0.22831,-30.103,1.0579,17.173,0.11218,-15.93
43.2,-0.013167,-0.0047042,-0.0058898,-1.0172,-0.014394,0.0002714,-0.007853,0.16825,-4.034,1.3714,-30.75,1.8841,17.59,1.2164,-17.321,-0.00044519,-0.019318,0.0066679,-0.98298,-0.0074725,-0.00020995,-0.0016534,-1.7922,-4.5361,-1.872,-28.533,0.20821,17.376,0.16782,-16.76
43.3,-0.0023286,0.00071909,-0.0052843,-1.0064,0.0048249,-0.0038009,0.004329,-0.11837,-6.8509,-0.51134,-29.497,1.722,17.538,0.59316,-18.134,-0.0077138,-0.010799,0.0016161,-0.98645,0.00039472,-0.00066765,0.0097559,-0.19493,-4.7354,1.9407,-32.475,-0.24616,16.195,-0.63723,-15.606
43.4,0.018448,0.019094,-0.002012,-1.0178,0.0058016,-3.9508e-05,-0.0056562,0.56828,-3.7863,0.10301,-30.866,0.25999,17.132,-1.6199,-17.138,0.023022,0.010157,-0.0072402,-1.0062,0.0059029,-0.00047221,0.00066543,-0.31639,-5.6472,-0.018172,-28.9,0.22939,17.488,1.327,-16.63
43.5,-0.004505,-0.0099803,0.011066,-0.99949,0.0034305,0.007298,0.0090018,0.26532,-5.559,0.68613,-32.188,-2.169,19.359,-0.91637,-16.206,-0.0014055,0.0072071,-0.0045334,-1.0184,0.00075878,0.0051364,0.0015019,0.34406,-4.5863,0.92209,-30.117,-0.42241,16.959,-0.026913,-16.98
43.6,-0.0056665,-0.0019126,0.0040197,-1.0057,-0.0055584,0.0047293,0.0072659,-0.057794,-5.5783,-0.57384,-30.559,-1.4729,18.355,-0.72562,-18.081,-0.0031344,0.00079329,-0.00025704,-0.99142,-0.006904,0.0021452,0.0017614,0.37735,-4.1887,0.8506,-29.606,-0.19383,16.332,-1.1514,-15.604
43.7,-0.0076459,-0.0012967,0.016375,-1.0112,0.00014541,0.00032206,-0.0025498,-0.24238,-6.7374,-0.81566,-30.6,-2.1662,16.233,0.59735,-17.604,-0.0036166,-0.0096899,-0.019444,-0.98657,-0.0075338,-0.0052615,-0.0013677,-1.0799,-4.932,-0.38046,-30.655,1.1011,16.196,-0.071209,-16.298
43.8,-0.0075277,-0.0063578,-0.0035511,-1.0116,-0.0027416,0.0016456,-0.00060992,-0.72364,-4.2886,1.0225,-29.602,1.3737,18.811,1.5137,-17.192,0.013581,0.0049554,-0.0030548,-1.0042,0.0030035,-0.0017114,0.0026282,-0.49862,-3.658,-0.88858,-28.638,-0.10594,16.613,0.73396,-15.39
43.9,-0.016917,0.0032026,0.0088172,-0.99908,0.00017314,0.0024382,0.0047352,-0.69316,-4.7301,-2.2115,-31.896,-0.56006,18.387,2.672,-16.402,-0.00044284,0.012754,-0.0054332,-0.99175,-0.0037785,0.0022099,0.0064967,0.077627,-4.155,-1.6191,-28.983,0.40309,17.108,0.34349,-16.67
44,0.015583,0.022865,0.014747,-1.0112,0.00054,-0.0027748,-0.0075634,1.2427,-4.3121,0.6741,-30.474,-1.9583,16.452,0.41762,-16.42,-0.0062686,-0.0090664,0.0040595,-1.0125,0.0050423,-0.00099114,0.0054454,-0.86766,-4.7623,1.4856,-30.606,-1.2854,16.252,0.59532,-16.173
44.1,0.006352,-0.016709,0.0087065,-0.98127,-0.0058637,0.0014114,-0.014138,1.6529,-5.0899,0.74613,-30.046,0.057994,16.701,0.020622,-17.118,-0.0015899,0.0096933,0.0020718,-0.99941,0.0048856,-0.0019424,0.0065547,1.6994,-4.8372,1.8568,-27.878,-1.2232,15.737,-0.84588,-17.254
44.2,0.0013447,0.00065981,0.0014471,-1.0102,0.0033811,-0.0010657,-0.0042019,0.058812,-4.6431,1.0877,-30.928,-1.5542,17.947,1.5153,-17.877,-0.0049021,-0.0027597,0.0095128,-1.0046,-0.0060247,-0.0019537,0.0037252,0.075469,-3.7952,0.36766,-32.003,0.090808,15.466,-0.56796,-18.141
44.3,0.0094002,-0.0010035,-0.0054736,-0.99676,-0.0018976,-0.0056498,0.0065937,-0.97253,-3.3731,-0.98428,-30.537,1.7147,17.959,-0.15273,-17.202,0.0046109,-0.011474,0.022635,-1.0017,-0.0092274,0.010038,-0.0027388,0.22271,-3.2161,0.29386,-30.539,1.5102,17.448,1.5472,-18.048
44.4,0.0002452,0.01075,-0.006865,-1.0042,0.0074725,0.0016604,-0.0022901,-1.1275,-6.414,0.35411,-31.228,0.17031,19.881,-0.68038,-15.837,-0.005,0.0026124,-0.0032912,-0.99521,0.0010362,0.0012752,0.0041999,-1.2284,-3.7709,-0.85478,-30.148,-0.47141,18.515,-1.2445,-16.491
44.5,-0.0039778,0.0014902,-0.00025218,-1.0015,0.0091095,0.0017685,-0.00062145,0.15258,-4.4857,-1.0326,-29.807,-1.7625,18.535,-0.95085,-16.685,0.010839,-0.0069023,0.006094,-1.0188,0.0067253,0.0091494,-0.002624,0.25461,-3.4964,-0.37901,-32.101,0.4566,16.733,0.38142,-16.055
44.6,-0.0067255,0.019366,-0.005325,-0.98822,-0.0089039,3.2264e-05,0.0017487,1.0819,-4.4479,-0.60131,-31.175,0.17396,18.533,0.045987,-17.821,-0.0058336,0.010623,-0.021487,-0.99006,0.0036126,-0.0025875,-0.002318,-0.5182,-4.502,0.6631,-29.078,-2.4201,17.096,-0.97709,-16.331
44.7,-0.009611,0.018583,-0.0068027,-0.99504,-0.0072618,0.0023458,0.0034574,1.6505,-6.0161,-0.4312,-30.511,-0.24817,17.011,-0.8197,-19.179,0.00029541,-0.015438,0.0096828,-1.0086,-0.0015819,-0.0029953,0.004551,-1.0345,-5.1509,0.6333,-31.103,0.37875,17.683,-0.18473,-16.046
44.8,-0.0031205,-0.0075279,0.012013,-1.0056,-0.0022266,-0.011018,-0.0021265,1.7008,-5.4874,-2.4092,-30.969,2.7963,16.696,0.12868,-15.874,-0.0051158,-0.013011,-0.011455,-1.0086,-0.0033631,0.0034419,0.0053204,-1.4874,-6.2148,0.19033,-29.782,-0.13483,17.251,-0.74176,-14.775
44.9,-0.013066,-0.0045979,-0.002934,-1.0052,-0.0053258,0.0039234,-0.00040621,-0.55364,-3.3117,-0.86664,-31.809,-0.26745,16.238,1.3381,-16.488,-0.015703,0.0085002,-0.00094803,-0.99199,0.0025714,-0.004225,0.0087357,0.86708,-6.3584,1.4252,-32.282,1.4908,17.905,1.0613,-16.479
45,-0.014929,-0.00049598,0.010003,-0.99878,-0.0016638,-0.010945,-0.0033031,-1.5772,-3.5727,-0.90954,-31.926,0.012018,17.741,-1.0415,-15.347,0.0080927,-0.007068,-0.014324,-0.98872,-0.00028898,0.0029576,-0.00052368,-0.22163,-6.7365,0.74818,-30.01,-0.68215,16.854,-0.68543,-18.481
45.1,-0.0040417,0.016672,0.010949,-1.0095,-0.010803,0.0067977,-0.00011922,1.2825,-3.006,-0.72775,-30.12,-0.32901,18.393,-0.0299,-17.301,0.00073486,0.0020038,0.0030072,-1.0058,-0.0035397,0.0043632,-0.010046,0.56383,-4.6007,0.25513,-30.392,-0.48015,17.469,-0.6828,-16.611
45.2,0.022046,0.012408,0.0032144,-0.98691,0.0015182,0.0054503,0.00088168,-1.1185,-5.5302,-0.099297,-30.699,0.99512,16.772,0.5377,-16.554,-0.020759,-0.011283,-0.0046146,-1.0128,0.0082377,-0.0011855,0.0033841,-2.1399,-4.9079,1.3681,-28.836,0.69499,15.945,-0.41787,-14.94
45.3,0.0057674,0.0087081,-0.0023712,-1.0097,-0.00070373,0.0072434,-0.0045447,-2.5632,-3.3833,-0.29863,-29.014,-0.67171,17.651,0.96519,-17.527,-0.0081519,0.006176,0.016446,-0.98814,0.0030386,-0.0022717,-0.0020333,-0.16367,-2.3641,-1.1848,-31.818,1.3287,17.532,-0.70947,-16.561
45.4,0.0025209,0.0062293,0.012106,-1.0022,0.0020712,0.0044225,0.0060769,0.4793,-6.1111,-1.8707,-31.263,-1.5029,18.442,-1.6151,-16.292,-0.002682,-0.0096499,-0.00255,-0.99548,-0.0025971,0.012326,0.0002882,-0.14539,-6.2086,-0.6159,-31.288,0.7801,18.5,2.7112,-16.435
45.5,-0.011425,0.0013515,0.0026218,-1.0078,0.003478,0.0038427,0.0035425,1.6324,-5.0324,-1.3559,-30.862,-0.83985,17.373,-0.40244,-17.383,0.017156,0.012585,0.0094048,-1.0139,-0.00034481,0.0022999,-0.0036156,0.18312,-6.3297,1.7023,-30.021,-1.5319,16.148,0.93095,-16.037
45.6,-0.0051945,-0.00088619,-0.0011699,-0.999,0.00026826,0.0070798,0.0013345,-0.37094,-4.8077,-0.096768,-32.06,-0.38333,16.485,0.38964,-17.485,0.011127,-0.0041979,-0.014236,-1.0224,-0.0060883,0.0031998,0.0040336,-1.0434,-3.3826,1.7575,-30.293,-1.6426,17.745,0.26283,-17.791
45.7,0.0027969,0.017446,-0.011919,-1.0049,0.0039784,-0.0040452,0.0027636,-1.1767,-3.9543,2.0062,-29.576,0.89657,17.946,0.95043,-17.04,0.0040207,0.006138,-0.012018,-1.004,-0.0060668,-0.0064618,0.0030098,-1.1692,-3.7298,0.48623,-29.878,0.08372,17.408,-1.3247,-14.956
45.8,0.00059894,-0.0064873,0.0017174,-1.0015,0.00077675,0.0025943,0.0023833,-0.93023,-5.138,0.66213,-30.879,1.6673,19.008,-0.55343,-15.715,-0.0014769,0.0029775,0.012139,-0.99982,0.0029099,-0.0026781,-0.0039925,-1.4506,-4.9333,-1.8427,-31.68,-0.74088,16.778,-0.0011974,-15.551
45.9,0.0033545,-0.0034763,-0.011494,-0.99018,0.012502,0.0050519,0.0043263,-0.28445,-4.2545,1.0791,-29.106,-0.077222,17.965,-1.356,-15.576,0.0018288,-0.011534,0.00065678,-1.0048,0.0028619,-0.00067953,0.0019734,-1.4718,-4.2765,-0.24959,-30.222,1.2888,18.107,1.5169,-16.618
46,0.0008471,-0.0010507,-0.0163,-1.005,0.0016143,0.0069132,0.0038714,-0.62866,-5.2516,0.075303,-28.018,-1.3857,17.431,-1.8882,-18.228,-0.004302,0.0061835,-0.010484,-0.9978,-0.0033797,0.0012363,-0.0025717,1.1324,-4.5245,-1.5631,-29.465,-1.1555,18.233,0.37813,-13.82
46.1,-0.0032881,-0.0026106,0.0061084,-0.99163,0.0037995,-0.013003,0.0040554,-0.62479,-5.0259,0.42475,-31.846,-0.53698,14.896,0.14907,-17.28,0.011464,-0.002145,-0.0011715,-1.0092,-0.0061648,0.010162,0.0078935,0.85533,-3.0607,0.23782,-30.728,-1.0354,17.723,0.76849,-16.474
46.2,0.0038492,-0.0057714,-0.0049265,-0.99532,0.00051128,0.0047521,0.00045276,-0.89911,-3.2809,0.42522,-30.526,0.49089,18.77,1.0228,-16.734,-0.0036301,0.001486,0.01365,-0.9946,-0.0023671,-0.0010025,0.0052236,0.84316,-4.8326,0.15411,-31.374,0.91605,16.47,-0.34711,-14.833
46.3,-0.01414,0.0054509,0.0008257,-1.0013,0.0012226,0.006104,-0.0010336,0.84463,-3.4077,0.94355,-30.293,3.1738,18.122,1.3518,-17.439,-0.0022379,0.0029651,-0.0082887,-0.98909,-0.001566,-0.0042393,-1.7331e-05,-2.0027,-5.6225,-0.99623,-29.267,1.1106,17.3,-0.14412,-15.774
46.4,0.0056613,0.013827,0.016544,-1.011,-0.0042249,-0.0034245,-0.00016751,0.50168,-4.272,-0.8726,-31.835,-0.84711,16.893,-1.0445,-15.482,0.021783,0.0014319,0.0053168,-1.001,-0.0053486,-0.00085493,0.0053205,-0.4533,-3.2896,-1.3947,-32.444,-0.93004,16.484,-1.5521,-15.278
46.5,-0.0068912,-0.01131,-0.0060991,-0.9975,-0.0011438,-0.0055578,0.0048632,-0.22032,-3.8391,0.1474,-30.26,-0.47381,18.682,-2.0833,-17.23,0.012028,0.0047498,-0.0084296,-0.99611,-0.0037655,0.0001827,-0.00079905,0.39367,-4.1215,-0.23651,-29.487,-1.1882,17.047,0.11434,-15.476
46.6,0.0012363,0.002579,0.009869,-0.98946,-0.00263,-0.0036025,0.0021101,0.66614,-5.1332,-0.59416,-30.385,-0.72404,17.665,0.41992,-16.916,-0.012459,-0.0086046,-0.012104,-1.016,-0.0012453,0.010535,-0.0044692,-0.7291,-3.9804,1.0053,-30.807,-1.6389,17.853,-2.2479,-16.118
46.7,-0.032352,0.0067834,0.0026008,-1.0011,0.0017384,-0.015315,0.0010257,-0.57109,-5.4902,-1.8629,-30.296,3.0112,16.598,-0.69689,-15.785,0.0046858,0.0086714,-0.01006,-1.0018,0.002127,0.001383,-0.0056102,-0.41339,-3.6403,0.12604,-32.509,1.8902,17.854,-1.7238,-16.856
46.8,-0.012777,0.011691,0.00038064,-1.0047,0.0048028,-0.00032127,0.0040535,-0.24741,-5.5455,0.12765,-30.218,1.1821,17.43,0.42785,-17.367,-0.0078332,-0.026104,0.0058628,-0.98879,0.0025275,0.004487,0.0016883,-3.0013,-2.6555,-0.35852,-30.559,0.13219,17.402,1.9959,-15.246
46.9,0.001773,0.00083694,0.0029475,-1.0004,0.007565,0.0068291,-0.0023811,0.099753,-4.2909,1.3711,-30.525,-1.251,17.884,-0.61474,-14.369,0.0078586,0.0078204,0.0021561,-1.0088,0.00096915,0.0062129,0.0034963,1.1994,-5.6751,-1.2329,-29.716,0.91912,16.827,2.2204,-15.853
47,0.017689,0.010783,0.0018862,-1.0145,0.00055317,0.0012157,-0.0041685,-0.48671,-4.5317,0.23752,-31.796,-0.054386,18.023,0.55888,-17.631,0.0019116,0.0039933,-0.00024952,-0.99699,-0.0005775,-0.0073552,-0.008194,-0.93745,-4.7999,-0.15745,-29.148,0.48452,17.355,-0.45685,-14.556
47.1,0.011981,0.0031427,0.00086106,-1.0078,-0.0050345,-0.002152,0.0079406,0.19686,-3.9108,1.877,-30.464,0.36435,17.599,0.63032,-17.344,0.0020153,-0.0097167,0.0084479,-0.98598,-0.0067739,0.00061425,0.003129,-0.83054,-2.5345,1.3576,-32.377,-1.7165,16.355,0.0048233,-15.27
47.2,-0.0034651,0.0024209,-0.010704,-1.0058,-0.0009329,0.0018843,-0.00040936,-1.6721,-3.5467,-0.89159,-31.207,-0.49738,16.889,-1.0766,-17.117,0.0083884,0.0011767,-0.014863,-0.99284,-0.006282,0.003155,3.5234e-05,-0.12184,-3.9848,0.98989,-30.34,-1.8196,17.406,1.2681,-15.695
47.3,0.007369,0.015288,0.001799,-1.0024,-0.007351,-0.0041958,0.003751,0.4023,-5.0057,-1.4536,-31.704,1.5225,17.306,1.0893,-16.529,0.0073445,-0.0004167,-0.0040781,-1.0178,-0.0058248,-0.005192,-0.0033858,0.11518,-4.8325,-3.5929,-32.392,0.762,15.812,0.7334,-16.103
47.4,0.0087574,0.018561,-0.017587,-0.99106,-0.0024249,-0.0015371,-0.001265,-1.2087,-5.2797,-0.68948,-29.887,0.77095,19.085,0.65622,-17.084,-0.0066821,-0.0088993,-0.011364,-1.0026,-0.0092211,0.00035146,-0.0077762,-1.418,-4.7035,-1.8041,-32.943,2.3375,16.959,0.14423,-15.298
47.5,-0.010225,0.0059726,0.0143,-1.0004,0.0030165,-0.00033202,-0.0055459,1.3589,-3.9707,-1.7621,-30.584,0.28599,19.148,-0.74445,-16.989,-0.004733,-0.011432,0.0016955,-1.0084,-0.00039753,-0.0085218,-0.0099556,-1.1524,-5.8323,0.6357,-31.678,-1.6879,18.347,0.49896,-15.769
47.6,-0.0089094,0.010008,-0.02404,-1.0001,-0.0036186,0.001137,0.00086946,1.1281,-5.1169,-0.29889,-32.056,2.1805,17.784,0.84493,-15.344,0.017571,0.011575,0.0051016,-1.0027,-0.0046678,0.0087904,-0.00079047,0.97547,-2.741,0.64759,-30.165,0.2604,15.684,-1.1171,-16.238
47.7,-0.0046769,0.0082563,-0.0014748,-0.96996,-0.0088353,-0.0035457,0.0038872,0.0049924,-3.2877,-0.91406,-33.148,1.3456,19.525,-1.7721,-18.654,0.001947,-0.0077212,-0.0035676,-0.99334,-0.0036604,0.0015733,0.0012048,1.4246,-3.5189,-0.14117,-31.496,0.9985,17.373,-1.0536,-15.742
47.8,0.0021276,-0.0086961,-0.002431,-1.0057,-6.365e-05,0.010212,0.0087047,-0.72883,-3.2275,-0.16837,-31.742,2.5452,16.898,0.71721,-16.358,-0.016939,0.0011191,0.0072387,-1.0051,-0.0026761,0.0057888,-0.00051416,0.090474,-2.4904,-2.1929,-30.615,1.5019,16.63,-0.76723,-15.791
47.9,0.0093219,-0.0067751,0.0022773,-0.97264,-0.0033456,0.0018423,-0.0022247,0.024929,-4.8009,1.8161,-30.156,1.3912,16.88,-0.53475,-15.666,0.011092,-0.0078605,0.0029358,-1.0162,0.0017944,-0.002648,-0.00030135,-1.399,-4.2821,-1.3808,-30.328,0.20707,16.936,0.85655,-17.764
48,0.0046068,-0.0042285,0.019279,-1.0071,-0.0020849,-0.0032686,0.0047651,0.18472,-3.7936,1.2197,-32.525,0.18006,18.793,-2.4059,-16.772,-0.01354,-0.0045861,-0.014257,-0.98897,-0.0019335,-0.0023108,-0.0042738,0.86452,-2.8773,-0.060333,-30.655,1.2719,17.363,0.97672,-16.51
48.1,-0.0075952,0.013937,0.014612,-0.993,0.0017868,0.0042019,0.0045272,-0.43701,-4.1637,2.0216,-31.635,-1.4447,18.304,1.6883,-16.44,-0.00054597,0.0063346,0.0067983,-0.99441,0.0041567,-0.0046731,-0.0034878,1.6499,-3.6884,-0.90635,-31.674,-1.9801,17.991,-1.0941,-15.891
48.2,0.010503,0.0094221,-0.011574,-0.99752,0.0042337,0.0010272,-0.0058387,-0.40128,-5.3503,-0.78516,-32.309,1.2228,19.278,0.73998,-18.172,-0.00092694,-0.0088318,-0.0047723,-1.0066,-0.0033952,-0.0062587,-0.0032947,-1.0826,-3.3126,0.45164,-30.015,-1.4257,16.654,-1.8273,-17.909
48.3,-0.0063905,-0.0024064,-0.0038036,-0.99576,-0.0011671,0.001847,-0.0025217,0.34449,-4.6203,-0.24584,-32.312,-0.5754,20.054,-0.28837,-17.543,0.0076307,-0.013479,-0.010202,-0.99815,0.010957,-0.0027231,0.0066641,-0.43881,-3.5278,0.55318,-34.185,-0.51791,16.741,0.71935,-16.573
48.4,-0.0058986,-0.00030471,0.013878,-1.0152,-0.0036065,-0.0057829,-0.0054691,-0.79611,-3.2743,2.0843,-30.917,-0.049889,18.185,0.50922,-16.329,-0.0084126,0.0089228,-0.0046856,-1.0075,0.00011873,0.0058968,0.0042865,-0.79912,-4.1431,-0.74792,-29.702,2.3993,18.101,1.7987,-14.558
48.5,-0.0066944,-0.00020778,-0.0012403,-0.98914,0.000353,0.0042295,-0.00076531,-0.40215,-5.9308,-1.8835,-31.247,0.25946,18.798,-0.13524,-17.284,0.0088737,0.0073312,-0.0075793,-0.9898,0.0024701,0.0037322,-0.00032366,-1.1013,-4.7384,0.3136,-31.886,-0.16417,17.345,-0.68944,-14.661
48.6,-0.0040414,-0.0057882,0.0069986,-0.99369,0.00085218,0.0020429,0.0031214,-3.4169,-4.1938,-1.9436,-33.169,-0.78065,18.142,0.29611,-16.667,0.011321,0.0038505,-0.013345,-1.0008,-0.0083897,0.0075935,-0.0026211,0.82446,-3.9804,-1.6802,-31.636,-1.5215,17.139,0.17563,-14.829
48.7,0.02163,-0.019285,0.0036224,-0.99453,0.0067487,0.004975,0.003685,-0.035454,-4.9543,-1.4215,-32.711,1.2578,17.517,1.3501,-17.066,-0.027529,-0.0039801,0.01324,-0.99308,0.0022039,-0.0024969,0.0032251,0.73059,-4.3057,0.51938,-31.388,-2.3316,16.603,-3.3934,-15.835
48.8,0.012247,-0.0010268,0.016362,-1.0007,0.0035976,0.0023899,-0.00059749,0.63467,-2.2513,-0.70984,-31.243,0.3973,18.604,-1.1276,-14.711,-0.0092597,-0.0091653,0.0054833,-0.99059,0.00076557,-0.00029106,0.001899,-1.0824,-2.1296,0.56817,-31.257,-0.42229,17.03,0.38534,-16.962
48.9,-0.0074627,0.0082948,-0.016236,-1.0117,0.0029397,-0.0042461,0.0035265,-1.4133,-3.4831,-0.096639,-32.162,-0.43788,16.896,-2.0281,-15.291,0.00093069,0.0039757,-0.0078024,-0.99738,0.0065421,-0.00027043,-0.0056655,-1.4515,-4.0432,0.075051,-32.312,1.6784,16.612,-0.45783,-16.859
49,-0.0047045,0.00035195,-0.0045463,-0.98764,-0.0029481,-0.0032134,0.0018385,0.3166,-5.9673,-1.9547,-30.336,0.88918,19.564,-0.2724,-17.466,0.00025137,0.011579,0.019107,-0.98826,0.00060141,-0.0035151,0.0013563,-1.9492,-4.4863,1.1904,-32.809,-1.915,17.779,2.0781,-14.342
49.1,0.011194,-0.012275,-0.0016683,-1.0057,-0.0031648,-0.005674,-0.0083008,-0.71755,-3.9432,-3.5281,-33.026,1.7961,20.07,0.35547,-16.727,0.0080562,0.011754,0.00093662,-1.0031,0.0073883,-0.0086715,-0.012839,-0.55082,-4.3381,0.94849,-31.272,-0.52758,19.405,-1.8535,-16.206
49.2,-0.0086437,-0.013446,-0.0068871,-0.98994,-0.0066389,-0.0020764,0.00038278,-0.29512,-3.3488,-0.31166,-32.443,0.33055,17.17,0.87917,-17.236,-0.0067921,0.0029378,-0.0079405,-0.9955,0.0034869,-0.0020478,0.0039647,0.69852,-2.7756,1.478,-32.181,0.18051,18.761,-1.5895,-15.105
49.3,0.020925,0.00571,-0.0004427,-0.99856,-0.00165,-0.0025529,-0.0059442,0.18593,-4.8011,-0.51484,-32.775,0.12681,18.322,-0.68965,-16.91,-0.0018256,0.026503,0.0075456,-1.0029,-0.0018626,-0.0079812,0.0060929,0.84412,-5.2305,-0.3293,-30.588,-1.2142,16.062,0.47789,-15.946
49.4,0.010175,0.00093944,0.00026344,-1.0039,0.002293,0.0044175,-0.01132,0.89375,-3.8154,0.23058,-31.772,-0.27633,17.332,-1.632,-18.051,0.012989,0.011868,-0.0076374,-1.0036,-0.00072253,0.0030889,-0.0027365,-1.003,-4.4069,-1.4702,-31.619,0.7704,17.435,0.65493,-14.428
49.5,0.0025637,0.0077159,0.019621,-0.98658,0.0019367,0.0024585,0.0061975,-0.73486,-2.943,1.3136,-33.094,-0.39233,17.967,-0.41877,-16.593,-0.00068134,0.013963,-0.0090181,-1.0013,0.00015943,-0.0018267,-0.0026086,-0.92291,-3.3346,-1.2274,-29.604,1.7556,18.179,-0.030282,-14.948
49.6,0.016187,0.020474,0.029521,-1.0097,-0.0030878,-0.0068187,0.0010915,-0.64295,-3.8378,-0.2168,-32.345,1.2682,20.346,-0.44354,-15.508,-0.0038432,0.0085971,0.00064982,-0.99404,0.0014907,0.0099078,0.0085,1.6841,-2.2933,0.82732,-31.462,-0.30173,17.25,-1.3495,-14.898
49.7,0.002949,-0.0075853,0.0093836,-0.99948,-0.0048337,0.0036723,-0.00023653,-0.51443,-5.4316,0.30429,-32.503,-0.40293,18.812,1.0692,-17.431,-0.011466,0.0062143,-0.0083502,-0.98748,-0.0063832,0.0011771,-0.003664,-0.1372,-4.4892,-0.14949,-31.894,-0.53573,15.079,-2.62,-15.259
49.8,-0.0058004,0.0031613,-0.018208,-1.0056,-0.0060798,0.0034943,0.00040561,-0.84917,-4.6559,0.28802,-33.227,0.65003,17.015,-1.1016,-16.355,0.010489,-0.016566,0.003254,-1.0218,-0.0048905,0.0012735,0.00030812,1.3412,-3.906,1.6265,-31.185,0.63882,15.077,-2.4824,-15.298
49.9,-0.0034083,-0.0047942,-0.00085423,-1.0098,-0.00020474,0.0011159,0.0019761,-0.45415,-3.783,-0.57306,-31.788,-1.3135,19.14,-1.1188,-17.946,0.01718,0.0018452,-0.0056694,-0.98137,-0.0050335,0.0068651,0.0093358,0.5263,-4.0031,0.33966,-30.583,0.87097,15.074,-2.7941,-15.164
50,-0.0065157,0.0047406,0.0047577,-0.99264,0.0012049,-0.001052,0.0081173,-0.14372,-3.0682,-1.5233,-31.877,0.16283,16.152,0.94394,-17.607,0.0040875,0.001496,0.00028419,-0.99321,-0.0020055,-0.004889,0.0047401,-0.033605,-2.3303,-2.1248,-31.431,-0.87748,16.265,1.2623,-14.632
50.1,0.0014872,-0.011313,0.00071939,-1.0134,0.0053912,0.0092763,-0.00090514,0.57563,-3.5212,0.1198,-31.409,1.3541,18.409,1.9106,-16.824,0.0054069,0.0029147,-0.016957,-1.0009,0.0056676,-0.0072083,-0.0019034,-0.88279,-3.5281,-1.6745,-30.643,0.40366,19.223,0.11192,-13.508
50.2,-0.0058259,-0.020846,0.0012861,-0.99999,0.00012588,0.0096099,-0.0025893,-1.1538,-6.29,-1.4123,-33.293,2.8459,17.632,0.46382,-16.529,-0.0024822,0.0017187,-0.0014433,-0.99231,0.00033352,-0.0043359,-0.0027183,0.057144,-4.8739,-0.7507,-32.6,-1.786,18.486,-0.39274,-14.696
50.3,-0.00043683,0.0008976,0.012315,-0.98189,-0.0020188,-0.0040469,0.00029524,-0.89031,-4.3886,0.54684,-31.87,0.59352,17.849,-2.1563,-17.448,-0.029402,-0.0046326,-0.0067535,-1.0067,0.0003234,-0.0052088,0.002565,1.147,-4.5773,-0.43319,-30.875,-0.6958,17.356,-1.2348,-15.468
50.4,0.0010965,-0.0085304,0.005647,-1.0025,0.0021432,-0.0028162,0.0025471,1.3356,-3.2658,1.7315,-32.882,1.2483,17.84,-1.6018,-16.901,-0.0017575,-0.0032434,0.018876,-0.9922,-0.0084617,-0.00034525,-0.0042225,1.7725,-1.8557,-1.2239,-31.516,-0.0029964,15.486,-0.86816,-15.512
50.5,-0.0142,0.0078671,-0.014412,-0.99038,-0.0050432,0.0018194,0.0092159,2.1314,-2.1931,-1.1317,-33.649,0.71013,18.243,0.43665,-15.809,0.008265,-0.0093539,-0.0058581,-1.0067,-0.00709,0.0010662,-0.0033961,-0.49386,-4.014,1.0403,-33.026,1.2182,16.407,0.61078,-15.27
50.6,0.00062295,0.019298,0.0044236,-1.0026,-0.005315,0.0078348,-0.0028269,-0.95911,-3.6445,1.3899,-32.895,1.6016,17.377,0.1613,-16.796,-0.0050021,-0.0018701,-0.010241,-1.0093,0.0056153,-0.0068681,-0.0027865,-0.67463,-4.6716,-1.6067,-29.587,1.1026,18.466,0.36562,-15.727
50.7,-0.00089349,0.0096066,0.0042046,-0.99701,-0.0027136,0.0011728,-0.008695,-0.38356,-5.9145,-2.9142,-31.812,2.8156,19.666,1.4273,-16.521,0.0017787,-0.02601,-0.009737,-1.0147,0.0042406,-0.0039053,-0.0062955,-1.5267,-3.9778,-1.2774,-32.235,-0.1378,17.541,-0.38188,-15.871
50.8,0.019773,0.011234,-0.0018509,-0.98939,0.0014313,0.0055296,-0.0098446,0.87872,-5.1173,0.97239,-33.293,-0.016602,17.917,1.0907,-17.905,-0.015865,0.01082,-0.0082103,-0.99419,-0.0061373,0.0024837,0.0023407,-0.083601,-4.3498,1.7218,-30.29,0.036341,16.224,0.059329,-16.316
50.9,0.0039274,-0.0052406,0.00023588,-0.98324,-0.0066646,-0.0016233,0.00050161,0.54864,-3.0037,0.27813,-31.809,0.19686,17.484,-0.51476,-15.423,-0.010663,0.0033153,0.010184,-1.0054,0.0013716,-0.0009044,-0.0044864,-0.56545,-3.5929,-1.9002,-31.621,-0.53836,17.928,-1.1794,-15.739
51,0.0050681,0.011544,0.0038022,-1.003,-0.0064875,-0.0026252,-0.0025229,-1.0748,-2.9647,2.0361,-33.976,2.7246,15.302,0.28003,-16.52,0.017255,-0.00806,-0.0040912,-0.98335,-0.0034015,-0.0031198,-0.0032924,0.50531,-4.2643,1.1061,-32.741,0.57874,18.861,0.61077,-16.392
51.1,-0.013527,-0.018956,-0.0068365,-0.99157,-0.0078187,-0.0011027,0.00053004,-0.47776,-4.673,-0.73029,-31.887,1.2443,18.868,0.75853,-16.077,0.0062786,-0.009012,-0.0012199,-0.99968,0.008516,-0.0055669,-0.0013981,1.2014,-2.0342,-0.018164,-32.802,0.83057,18.064,-0.46625,-14.134
51.2,0.007858,-0.0026899,-0.018172,-0.98108,0.0024559,-0.0027488,-0.0013977,-1.9709,-3.2365,-0.0579,-33.955,1.4239,17.911,-0.66172,-18.704,-0.026151,-0.011632,-0.0046133,-0.99433,0.0016122,-0.00098997,0.0042712,1.3411,-3.3367,-2.1851,-32.505,-0.14144,15.697,-0.49293,-13.313
51.3,-0.0065445,-0.01066,-0.0031583,-0.99952,0.0045128,0.0042649,-0.0081358,-2.9839,-5.0071,-1.1502,-34.026,0.47402,20.866,-0.48048,-15.839,-0.0015908,0.004162,0.004271,-1.0065,0.0025441,0.0023564,0.00088954,-0.58295,-4.4556,-0.38942,-31.777,0.17475,17.048,-0.08605,-13.102
51.4,-0.021365,-0.012271,-0.00098225,-0.99664,0.0029185,0.0054062,0.003784,2.3225,-3.8012,-0.9795,-33.85,-0.27357,16.417,-0.37743,-16.108,-0.0056387,-0.0075792,-0.010964,-0.98425,-0.005035,0.0052948,-0.002831,-0.41394,-3.1007,1.8824,-32.049,0.42437,17.649,-2.2618,-14.348
51.5,0.0087819,0.0015513,0.004473,-0.99772,0.0020251,-0.0012312,0.004467,-0.75907,-4.5828,0.80647,-32.464,-0.010613,18.441,1.2318,-13.809,-0.0064947,0.017364,-0.0075966,-0.99708,0.00052319,0.0070367,-0.0028839,-0.95635,-1.6283,-1.031,-32.878,-0.52849,18.069,0.66031,-16.233
51.6,-0.006622,0.01888,0.002393,-1.0036,0.0006737,0.0055299,0.0036239,0.29346,-4.7658,-0.40696,-33.78,-0.74272,18.351,-2.0072,-16.438,-0.013059,-0.0026517,-0.0058195,-0.9845,0.0023875,-0.0022929,0.0028392,0.89749,-2.2802,-1.3178,-31.986,-1.037,17.348,0.80613,-16.688
51.7,-0.0040354,0.0082957,-0.0075948,-1.0007,-0.0028525,-0.0020398,0.0034562,0.35762,-3.8198,0.075593,-32.144,2.177,18.306,0.24094,-17.066,0.0007123,-0.00040218,0.0014354,-1.0156,-0.00010856,0.0043837,-0.012647,-0.14181,-2.2944,-1.5579,-32.492,-1.7069,16.175,-0.37161,-14.47
51.8,0.0050932,0.0067084,-0.0098897,-1.0003,-0.0058625,0.00098555,-0.0032137,-1.5758,-4.3171,0.21405,-32.56,0.63239,19.059,0.006021,-17.704,-0.00072951,0.01026,0.010528,-1.0102,-0.0046496,-0.0020553,-0.0050877,-0.24406,-1.9823,0.63897,-31.631,0.38337,16.819,-2.8823,-13.176
51.9,-0.011837,-0.0014446,0.007066,-0.99887,-0.0002151,0.010052,0.011985,-1.2076,-4.8792,-0.17383,-32.362,-1.0222,20.433,0.34527,-16.138,0.0069305,0.0025326,0.0074784,-1.007,-0.001115,-0.0042911,-0.0076413,-0.55047,-1.8905,-0.43961,-32.162,-1.2185,16.738,-1.0667,-13.777
52,0.0064395,4.4245e-06,-0.018886,-1.0097,0.0027122,0.00085036,0.0056455,1.5644,-4.177,-0.59531,-34.226,-0.40773,19.02,0.25303,-17.326,0.030175,0.0045515,0.011971,-1.0006,0.0023124,-0.013743,-0.0014087,0.926,-3.0274,-1.3257,-32.392,0.8098,15.78,0.63409,-14.774
52.1,0.0019774,-0.0064835,0.010484,-1.0078,-0.0016339,-0.0083221,-0.0018053,0.24956,-4.8679,2.1934,-32.916,-0.60673,18.197,-1.6289,-16.453,-0.012675,-0.021509,-0.0073785,-1.0064,0.0064263,0.0042888,-0.0033838,-1.1569,-1.7941,-2.1902,-31.8,0.34027,17.956,0.27402,-15.85
52.2,0.013618,-0.013899,0.00014293,-1.0004,-0.0095954,-0.0092395,0.00056402,0.54885,-3.1514,0.54573,-34.824,-1.179,17.7,0.34046,-17.25,0.010342,-0.017285,0.0095812,-1.0063,-0.0053341,0.0034499,0.006923,-1.7471,-4.6283,0.29755,-31.816,1.4061,16.132,0.44522,-14.153
52.3,-0.0073225,-0.015667,0.00025765,-0.99693,0.0026032,-0.00092357,-0.003649,-0.65755,-6.8068,-1.4342,-32.707,-0.64018,17.73,1.7614,-16.581,-0.0024177,0.0079416,0.0061838,-0.99632,-0.010382,0.0041696,0.0056629,-0.55888,-3.5435,-0.37633,-30.702,0.19754,17.936,-1.7397,-13.456
52.4,0.0028589,-0.007433,-0.0021357,-0.99622,0.0061308,-0.0031095,-0.0022413,1.7175,-4.6503,0.1555,-33.052,1.7329,19.9,0.64758,-17.544,0.01089,0.013612,-0.0071625,-1.0083,0.0011537,-0.0057304,-0.0074594,2.0835,-2.8635,-0.22145,-32.672,-2.0267,15.751,-1.7669,-15.059
52.5,-0.019194,-0.003797,0.0018938,-0.99232,0.00050069,0.0044994,-0.005583,2.0777,-4.8195,-0.43618,-32.567,-0.97247,19.737,-0.45318,-17.769,-0.010154,0.0097658,-0.002604,-0.99085,-0.0042678,-0.010017,-0.003677,0.6455,-4.4951,0.67583,-32.602,0.33788,16.153,-1.1226,-15.563
52.6,-0.0091679,-0.00025973,0.010967,-1.0038,-0.0048722,0.0010675,0.00054452,1.9575,-3.3462,-0.19279,-32.148,-1.5172,16.62,0.57764,-17.105,-0.0016938,0.013896,-0.0039747,-0.99865,0.0036583,-0.0043317,0.0061944,-0.69829,-3.9305,0.16189,-32.649,1.4955,17.355,-0.78025,-14.937
52.7,-0.0013658,-0.0096619,0.0064082,-0.99586,-0.0042591,-0.0012835,0.0010239,1.3092,-2.9369,0.21685,-33.149,0.53364,17.506,0.86842,-16.318,-0.0045974,-0.013789,-0.00071752,-0.98929,0.00086163,0.011722,-0.010034,-0.40303,-2.9531,-2.3639,-33.764,-0.937,17.324,2.0266,-14.091
52.8,-0.0083068,0.02158,-0.0027126,-1.0161,-0.0051325,-0.0021541,0.0092022,-1.6609,-5.2935,-1.4535,-33.304,0.71489,18.375,-0.10812,-18.086,-0.0083519,-0.011261,-0.0030001,-1.0019,-0.0014814,-0.0038156,0.00021483,0.029949,-3.8433,-0.60647,-31.731,1.766,19.041,0.75867,-14.46
52.9,-0.012647,-0.0011969,0.00076021,-1.0193,-0.0088844,-0.002753,-0.0059511,-0.28319,-5.2977,1.6101,-33.015,0.18439,17.812,0.88664,-15.721,-0.012203,0.019626,0.0012733,-0.98821,0.0027473,0.0077133,-0.004109,0.057145,-2.4921,1.8279,-32.739,-2.0193,16.655,-0.77183,-13.868
53,0.011589,-0.0076808,-0.0096164,-1.004,0.0069251,-0.0042313,0.00021565,-0.074991,-6.3868,0.45171,-35.05,0.89502,18.923,-0.81141,-16.392,-0.01967,0.0041512,-0.0058376,-1.0151,-0.0048993,-0.0048595,0.0016672,2.0964,-4.4227,-1.3734,-32.894,-1.1531,17.039,-1.1046,-14.291
53.1,0.012192,-0.015187,0.009901,-1.002,0.0047814,-0.0061219,-0.0053123,-0.64543,-2.7253,0.0051788,-35.362,-0.88175,18.08,-2.1224,-17.44,0.00077365,-6.8497e-05,0.0015357,-0.98694,-0.0046266,0.014525,0.0039324,-1.8929,-2.3472,1.4023,-32.264,-0.58001,18.678,-0.69484,-16.742
53.2,-0.013202,0.02217,0.006085,-1.0069,-0.006697,-0.0023724,0.0035738,1.3135,-5.8366,-1.2774,-33.252,-0.018589,17.535,0.68667,-18.446,0.00050789,0.0019714,-0.001122,-0.99581,0.0050396,0.0069619,0.0028233,-0.38221,-1.6192,0.3829,-32.835,-0.074156,17.78,0.27686,-14.49
53.3,-0.00072727,0.017357,-0.0016107,-1.0059,-0.0022636,-0.0062321,0.0070916,0.3368,-1.8786,-0.71328,-32.769,1.2311,18.179,0.38304,-18.304,-0.012302,0.0076758,-0.0053397,-1.0052,0.0023877,-0.0053038,-0.0030717,0.85975,-2.5627,-0.94928,-32.472,1.5731,18.268,1.0302,-13.91
53.4,-0.013769,0.0052075,0.0056815,-0.9903,-0.0016143,-0.0066013,-0.0041875,-2.0662,-3.1281,-0.83971,-32.224,1.0583,18.606,1.1378,-16.292,-0.01394,0.0035396,-0.0029793,-0.99263,0.0053381,-0.0014697,-0.010702,1.1483,-2.674,-1.2488,-32.769,0.63193,19.429,-0.1127,-15.145
53.5,0.014669,0.0054066,-0.0079644,-1.0049,0.0038684,0.0081776,-0.0026503,0.17248,-5.0124,-1.1572,-33.772,-1.7217,20.244,0.036869,-16.789,-0.001824,0.0038427,-0.0032295,-1.0079,-0.0044495,0.00026928,0.0036322,1.3667,-4.0085,-0.68675,-33.45,-0.73294,17.446,-2.0902,-14.923
53.6,-0.0085063,0.0087361,-0.0074329,-0.99937,-0.0063036,0.0037428,-7.1618e-05,1.9374,-3.9823,1.365,-34.208,-0.83486,19.324,-1.1799,-17.085,0.005751,-0.013842,-0.013374,-0.99651,0.0059585,9.5387e-05,-0.0070497,-1.192,-2.7545,0.13353,-34.179,0.2701,15.259,-0.4268,-14.493
53.7,0.00026715,-0.010778,-0.014028,-1.0015,0.00091473,-0.0013903,-0.0030607,1.0835,-2.7611,0.41686,-32.478,0.1192,17.072,-0.40092,-16.504,-0.0020684,0.0027051,0.010728,-0.99639,0.0059693,-0.0046039,0.0009905,1.021,-2.463,-1.059,-32.704,2.72,17.82,0.24873,-11.569
53.8,0.0067426,-0.013785,0.0079842,-1.0079,0.0069407,0.00037461,-0.002018,0.4316,-3.2411,0.13546,-36.22,0.50172,17.716,0.75853,-17.852,0.0081691,-0.007123,0.00012574,-1.0233,0.00074762,0.0032845,5.0478e-06,-1.6321,-2.9168,-1.1863,-30.813,-0.58341,18.304,1.8596,-11.932
53.9,0.0061359,0.004993,0.007913,-1.0126,-0.0029357,0.0032771,-0.00066527,-0.19312,-3.6344,-2.9054,-32.724,2.1219,19.74,2.4944,-16.201,0.0074685,-0.0059325,0.0052479,-0.99156,0.0092847,-0.0022981,0.0009077,-0.31284,-2.6659,-0.21126,-32.502,-2.249,17.505,0.53553,-14.976
54,0.011227,0.0054615,-0.010211,-1.0166,0.012905,-0.0026353,-0.012999,2.4196,-4.601,-0.26321,-34.216,0.90917,19.555,-0.97278,-16.942,0.0023511,-0.0020093,0.018054,-1.0004,-0.0075625,-0.0019675,-0.0014851,-0.01513,-3.282,1.0614,-31.828,1.5758,17.682,-1.5526,-15.508
54.1,0.0092426,0.0028941,-0.019851,-1.0101,0.0091692,0.0079513,0.0076244,0.85967,-4.5475,-1.4517,-34.387,-0.96178,17.833,-0.89541,-14.688,0.0010376,-0.010331,0.007097,-1.0085,0.00048009,0.0035672,0.0016615,1.0394,-1.5463,-1.8261,-32.844,1.5017,15.615,-0.66544,-13.732
54.2,0.0080236,-0.0032889,-0.011292,-1.0213,-0.0069737,-0.0031888,0.0015091,0.85231,-5.155,-0.13744,-33.951,1.2152,18.015,-0.98256,-17.905,-0.00020492,0.0080774,0.0004586,-0.99641,-0.0021728,-0.0029208,0.00090944,-1.0831,-1.0964,-1.4946,-32.4,1.1066,18.604,-0.44344,-14.273
54.3,-0.018919,-0.0099113,-0.017482,-0.99604,0.005987,-0.0050485,-0.0039067,-0.071696,-1.7958,0.84774,-35.039,1.8883,17.557,0.45828,-16.876,0.0031612,-0.0051637,0.0078786,-1.0012,0.0011635,0.0018991,8.962e-05,-0.040654,-1.9994,0.13782,-34.106,0.12552,16.085,1.0195,-14.621
54.4,-0.00091568,-0.020993,0.00028069,-0.99503,0.0026036,-0.0014929,0.0020632,-0.27015,-3.4278,0.29155,-34.046,-0.93312,18.75,1.1649,-16.194,-0.014713,0.012545,-0.0072006,-1.0193,0.0036954,0.0074527,0.0029785,2.0129,-4.4988,-1.6365,-34.44,-1.3429,16.587,-1.4079,-14.019
54.5,-0.016658,-0.014169,0.0065789,-0.98689,-0.0075935,-0.0010164,0.0022956,-1.1615,-5.1426,0.19145,-33.097,-0.82231,16.864,-0.81749,-15.338,-0.015098,-0.0021478,0.0063608,-0.98319,-0.0013519,0.0051403,0.005399,0.11865,-1.0097,1.6678,-33.901,-1.7467,17.739,-0.63269,-13.5
54.6,0.023893,-0.017254,0.016523,-1.0039,0.0043328,-0.0004092,-0.00088169,1.3415,-4.1851,-0.8974,-33.062,-0.93505,18.467,-1.3235,-18.741,0.0013275,-0.0046802,-0.0044533,-0.98552,0.0014255,0.0029497,0.0024595,0.44602,-2.3926,-0.6137,-32.054,-0.42931,15.503,0.14331,-14.954
54.7,-0.00066962,0.0031965,-0.0098285,-0.9943,-0.0077365,0.0028626,-0.0015362,0.28875,-4.0252,-0.97949,-32.867,-0.74052,18.723,1.6406,-16.195,-0.0031045,-0.011587,0.001981,-1.0176,-0.0029816,0.0091688,0.0028069,0.61034,-1.4703,0.45944,-32.41,0.61113,16.499,2.2878,-13.849
54.8,-0.013352,-0.0084626,-0.0083903,-0.98759,-0.0014242,-0.0029308,0.0027329,0.17222,-3.4103,-0.48227,-34.002,-1.0098,18.452,0.78877,-15.113,-0.014813,0.0030764,0.0092724,-0.99287,0.0080917,-0.0042276,0.0016866,0.098427,-3.9484,0.22935,-32.012,-0.036525,17.213,1.1668,-15.283
54.9,0.007579,-0.022841,-0.034113,-0.99552,-0.0081376,0.0041383,0.0015435,-0.72904,-2.6507,-2.209,-36.625,-0.13209,19.021,2.3908,-16.337,0.016678,-0.0076285,-0.029682,-0.99828,0.00055222,-0.0052965,0.006972,0.030947,-3.7798,0.90854,-32.689,-1.0986,16.829,-1.474,-13.35
55,0.0056085,-0.021837,0.014111,-1.0034,0.00016678,0.011049,-0.008117,-0.9989,-2.3299,0.57091,-34.955,-0.4037,17.635,0.098416,-16.865,0.0018988,-0.0026682,-0.01412,-0.99228,0.0043507,-0.0080537,-0.0054939,0.50865,-4.4603,0.42149,-33.965,-0.7775,17.622,0.27215,-13.813
55.1,0.00018357,-0.00077009,0.0091023,-1.0016,-0.0063684,-0.0048631,-0.0010122,0.10565,-3.9237,1.7736,-34.987,-1.3895,18.353,-1.2046,-16.108,-0.017284,0.012623,-0.018388,-1.0071,0.00057511,-0.0080601,0.0022445,0.1716,-2.1295,0.80133,-32.253,-1.1232,16.935,-0.51362,-12.98
55.2,-0.0038764,0.0034197,-0.010904,-1.0036,-0.0023107,-0.0081043,0.0084955,1.8621,-3.1508,1.5954,-33.193,2.999,17.966,-1.9833,-14.953,0.007481,-0.01904,0.01304,-0.9856,0.0013366,0.0009591,-0.00016367,0.55437,-1.6643,-0.59126,-33.655,1.3597,17.344,0.34531,-12.969
55.3,0.0076082,-0.012825,0.0046579,-0.98965,0.0017267,-0.010915,0.0023596,-1.6715,-4.2871,-0.94679,-33.554,0.91091,20.21,1.2255,-17.234,0.0019396,0.0079357,-0.0094753,-1.0065,0.0022596,0.00079762,-0.0052764,-1.8841,-2.5399,0.59149,-31.781,0.44196,17.548,2.2157,-14.441
55.4,0.0013396,0.0041813,0.0036615,-1.0119,0.00053945,0.0069685,-0.0092059,0.43093,-3.7948,-1.3798,-34.337,0.93702,16.234,0.51893,-17.652,0.0062829,0.021298,-0.0033462,-1.0027,0.01087,7.3478e-05,0.0033019,0.20316,-4.6607,2.3754,-33.937,0.090085,16.939,0.54028,-16.021
55.5,0.0080077,0.0045105,-0.025131,-1.0031,0.0024079,0.006757,-0.0064735,-1.9724,-4.0147,-2.4755,-34.118,2.2729,18.396,0.83388,-17.435,-0.011782,-0.0018444,0.0017409,-1.0111,0.0070171,0.005947,-0.0057947,0.88893,-2.9034,-0.76255,-33.271,-0.78492,17.627,-0.77689,-13.819
55.6,0.027254,-0.0074454,-0.017546,-1.0088,-0.0058888,0.0051007,-0.0010514,-0.90204,-3.2105,1.928,-34.393,-0.31235,19.092,-0.67231,-13.951,0.0057582,0.025164,0.010278,-0.9994,0.0076497,-0.0026672,0.0036511,2.8437,-1.8344,1.1343,-32.055,1.8212,17.541,1.3867,-14.219
55.7,-0.0095703,0.002462,0.0018446,-1.0221,0.00015784,0.0044291,0.00016293,0.87838,-5.6003,0.055328,-34.627,-0.26276,19.159,0.64384,-17.338,0.0047834,0.0026887,-0.003031,-0.97541,-0.009276,-0.0010003,-0.00193,0.44859,-2.5384,-2.1516,-33.404,0.25367,16.127,-0.21335,-14.845
55.8,0.0013911,-0.0042807,-0.0077186,-0.99541,-0.0036041,0.008347,-0.0068256,1.4954,-2.9818,0.061682,-33.801,-2.6106,16.352,-3.0409,-16.222,0.016332,-0.0070795,0.0017863,-0.99166,0.004931,0.00073972,0.0030196,-0.060958,-0.0024948,-1.2044,-35.857,1.0671,16.137,0.24157,-14.735
55.9,0.010327,0.00085308,0.00043861,-0.99467,-0.011158,0.00065238,-0.00067049,0.91395,-4.4411,-0.12655,-33.89,1.8452,17.62,0.45236,-16.403,-0.021847,-0.0058287,0.0029697,-1.0098,0.00083846,0.0054019,0.0029821,-0.87877,-2.7972,0.96586,-34.261,1.9568,17.582,0.96698,-14.675
56,-0.0054196,-0.0042742,0.00071959,-0.99435,-0.00017012,-0.0031348,0.0013926,-1.0558,-1.6606,-0.21495,-35.666,0.0081466,19.206,0.87285,-16.113,-0.0060122,0.0034218,-0.0075764,-1.0275,-0.00076079,0.0011196,0.0025536,1.0144,-1.2227,1.4034,-32.981,-2.0629,17.041,-0.45849,-13.548
56.1,0.006201,0.012343,0.011677,-1.0048,0.0011279,-0.0077934,-0.0070423,-2.6829,-3.6036,-1.494,-34.38,0.45855,19.812,-0.85535,-17.263,0.0015187,0.012302,-0.013899,-0.98283,-0.0020504,-0.0025348,-0.0007251,0.58773,-1.263,0.56784,-34.012,0.33225,15.017,-0.986,-14.47
56.2,-0.0028469,-0.0086298,0.0048201,-1.0083,0.0071448,0.0066272,-0.002029,1.4773,-4.2298,0.40721,-33.555,0.41146,19.222,0.20126,-17.932,-0.0014985,-0.0035283,-0.011507,-0.9932,0.0021814,0.00017303,-0.0025013,-1.1938,-2.7653,0.0069658,-34.599,1.9055,17.214,-1.5113,-15.306
56.3,0.01705,-0.001272,-0.0034876,-1.0113,0.0074157,0.00067829,0.0082945,0.44862,-3.4769,1.1122,-35.928,-1.291,16.726,-2.4841,-17.196,0.0064939,-0.012472,0.014057,-0.99908,-0.0051971,0.0029618,-0.0091415,0.80637,-2.5103,-1.5839,-34.087,0.62043,16.208,0.48723,-12.568
56.4,-0.0084839,0.0049886,-0.011872,-0.98438,0.0044254,0.0010567,0.0047414,0.58018,-2.6607,1.4145,-35.761,-0.74128,18.94,-0.67263,-16.095,-0.0055497,-0.020203,-0.0076741,-1.0127,0.0025155,0.0030687,-0.0037154,-0.72329,-3.6622,-0.64171,-35.004,2.3014,18.967,1.6529,-16.88
56.5,0.0038755,-0.00030533,0.00053871,-0.99862,0.0029475,0.0037807,0.005463,-1.5097,-3.9229,0.12291,-34.598,1.0437,18.045,0.69869,-16.718,-0.0085036,0.0020639,0.022145,-1.015,0.009459,0.0097244,0.0034395,0.50959,-2.03,0.66585,-32.584,1.081,17.052,-2.2924,-13.543
56.6,0.009828,0.0046083,0.0060705,-0.99278,0.0019528,-0.0054,0.0015245,-0.5187,-4.6984,-2.3284,-35.341,1.5374,17.623,0.087691,-16.546,0.0082824,-0.0087644,-0.003655,-1.0059,-0.0022429,0.0030545,0.003285,2.3869,-1.9231,-0.80232,-33.595,-0.23156,17.21,-2.0654,-15.372
56.7,0.0047644,-0.0089707,0.0053982,-1.0101,0.0013983,-0.0013214,-0.010557,-0.30857,-3.3907,-1.6979,-36.467,0.77138,19.988,2.3637,-16.231,0.002288,-0.0082596,0.016232,-1.0165,0.0045801,-0.0047951,0.0024557,0.34115,-1.6207,0.21411,-32.573,0.51488,16.006,-0.63282,-11.674
56.8,0.0077464,0.0022234,-0.0030782,-1.0042,0.0019792,-0.00085428,0.00087437,0.58752,-3.576,1.1124,-35.482,-0.46327,19.344,0.43448,-16.162,-0.0094968,-0.0085099,-0.0038717,-1.0104,0.00096961,-0.0060434,-0.0063596,0.63432,-3.4722,0.088724,-31.725,0.77754,16.996,0.45062,-15.979
56.9,0.0023843,-0.0022728,0.00079348,-1.0203,-0.0011902,0.012442,0.0053621,-1.654,-3.8216,-1.6203,-37.457,-2.844,20.441,-0.71138,-17.991,-0.004962,-0.0022134,-0.0025939,-1.0064,0.00090063,-0.0059253,0.0071489,-0.50214,-2.6393,-0.90122,-34.158,0.56854,16.894,1.2414,-14.336
57,0.0054428,-0.0006146,-0.003705,-1.013,-0.0014419,5.3462e-05,-0.0069059,1.7759,-3.9595,0.69087,-35.703,-0.1006,18.797,-0.48268,-15.806,-0.0041916,-0.0099604,-0.0049999,-0.99537,0.00093918,0.00020703,0.0007991,-0.63915,-3.6888,-1.3967,-34.814,0.3693,16.662,1.7411,-15.85
57.1,-0.0079585,0.0022235,-0.019859,-1.01,-0.001877,0.006923,0.0052045,-0.51918,-3.9509,-1.3211,-34.093,2.5744,21.161,-0.046006,-14.939,-0.0017155,-0.01722,-0.010354,-1.0088,-0.0076176,-0.0029943,-0.0034368,-1.8525,-1.9051,0.89648,-35.903,-0.13898,18.35,-1.2423,-13.582
57.2,-0.0030157,0.009352,-0.0053213,-0.98967,-0.0014054,-0.003503,-0.0042514,-0.87788,-5.0377,-1.7366,-35.004,2.0008,17.476,1.0131,-16.156,0.013323,0.0072658,0.0086853,-0.9968,-0.0063636,-0.0081588,0.0030263,0.6144,-1.6353,2.8399,-33.796,-1.644,17.471,-0.039564,-13.98
57.3,0.003867,-0.0031977,0.016674,-0.99122,-0.0008087,0.002363,-0.0059519,-0.28537,-5.4306,1.5821,-35.869,0.99474,19.626,0.35733,-15.557,0.0053933,-0.0097236,-0.0010807,-0.9874,-0.0035214,0.0071443,0.0011629,0.76162,-4.2582,-0.66907,-35.973,-0.18413,15.904,-0.67472,-16.02
57.4,0.0015509,0.010565,-0.004131,-0.99446,0.00064929,-0.00066192,-0.0055795,-0.66344,-2.7547,1.3946,-36.102,-1.2211,17.936,-1.2303,-14.271,-0.0019163,0.015437,-0.014892,-1.0041,-0.0057882,0.0053847,-0.00027454,0.25877,-3.0287,0.2662,-34.117,-0.14611,17.939,0.1325,-15.281
57.5,-0.013239,0.0016296,0.020886,-1.0063,0.0024072,-0.0041562,-0.007103,0.98731,-3.4067,0.44296,-34.892,-0.78646,17.622,-0.80387,-16.689,-0.0056431,0.013785,-0.010641,-0.99573,0.0084153,-0.007136,0.0048682,-1.4204,-3.4601,-0.45561,-35.757,0.85591,17.49,-0.14941,-16.932
57.6,-0.0047186,-0.0020436,0.010019,-1.0072,-0.0037964,-0.0010073,-0.0056503,1.0584,-3.899,-1.6847,-35.511,-0.27682,17.712,-0.43751,-16.413,0.01461,-0.020823,0.023402,-1.0217,-0.0042749,-0.0054098,0.0012187,-2.4264,-4.1446,-1.1793,-35.692,0.38026,18.455,0.29714,-14.696
57.7,-0.0023344,0.0038666,-0.00071825,-1.014,0.0051825,-0.001013,-0.0078549,0.14948,-3.0681,-2.6005,-34.984,0.30396,18.575,1.1836,-17.058,-0.0049865,0.0046318,0.0052035,-0.98369,0.0038905,0.011609,-0.0047224,2.4348,-1.9145,-0.87617,-34.44,-1.0246,18.079,-2.4748,-13.498
57.8,0.0081125,-0.0094827,-0.014176,-1.0104,-0.0089898,-0.0043354,-0.0088682,-0.7976,-3.0776,1.5606,-33.438,-0.06613,19.087,0.28428,-17.166,-0.0029543,0.005413,0.0032518,-1.0044,0.0059728,-0.0041271,0.0018923,-0.70796,-3.2851,1.4196,-35.15,0.077141,17.614,0.26465,-13.767
57.9,0.0017956,-0.0050198,0.0078345,-1.0079,0.00062537,0.0022323,-0.0031629,0.069888,-4.8304,-0.37429,-36.063,-0.29554,19.218,-1.3012,-19.107,-0.0018949,0.0025972,-0.002044,-1.0105,-0.0035039,-0.0019652,0.0034266,0.070612,-2.5058,1.4647,-34.515,1.9755,17.448,0.092443,-14.538
58,-0.020696,0.0038643,-0.0033276,-0.99608,-0.002162,0.0032472,0.0017689,-0.74744,-5.7161,1.1188,-32.887,0.22803,16.761,-0.76194,-16.886,-0.0065315,-0.013819,-0.003434,-0.98687,-0.00088135,-0.0081388,-0.0034681,0.37102,-1.5547,-1.7868,-34.068,0.21145,16.369,-0.36595,-15.184
58.1,0.0053757,0.010387,-0.0099044,-1.0017,-0.0026456,0.0041404,0.011454,-3.4289,-3.9016,0.77169,-35.218,1.1267,18.948,-0.10822,-14.614,-0.0014001,-0.0050162,-0.021146,-0.99417,0.0038432,-0.0025174,-0.0011463,0.029587,-1.8652,0.9394,-34.164,0.20856,18.262,0.3386,-16.562
58.2,-0.01844,-0.0031785,-0.016385,-1.0244,0.0008054,-0.008805,-0.0043771,-1.6734,-4.0324,-1.3996,-35.487,1.1886,19.373,-1.2701,-18.086,0.0015217,-0.0043864,-0.0052929,-1.0096,-0.0054648,-0.0049532,0.0064166,1.9162,-2.4597,-0.32197,-33.901,-0.35398,17.114,-0.9506,-13.593
58.3,0.0095698,0.012566,-0.0010318,-0.98198,0.0047977,-0.0028995,-0.00091705,1.2843,-2.9958,-1.7468,-35.822,-0.064619,16.939,0.27575,-16.659,-0.012911,-0.011078,-0.011423,-1.0158,-0.0030705,0.0015796,-0.011008,0.54935,-2.3137,-1.7687,-32.857,-1.7916,17.261,0.3342,-15.852
58.4,-0.0010698,0.012254,-0.010074,-1.0125,-0.0075636,0.0078505,-0.0054902,-0.78547,-2.5101,1.5721,-34.715,1.012,20.373,-0.36716,-15.254,0.013841,0.020236,-0.0083229,-1.0064,-0.005223,0.002711,0.0023347,0.63107,-0.50713,-0.95249,-34.382,-1.5554,17.233,-1.053,-15.183
58.5,0.0062301,-0.0062845,0.0026233,-1.0005,-0.0039016,0.0049555,0.00656,0.035965,-2.746,2.2279,-35.701,-0.5015,19.362,-0.025555,-17.508,0.0084913,-0.010829,-0.0095561,-0.97799,-0.0021745,0.0023086,-0.0058301,0.38702,-1.0396,-0.62783,-35.069,-0.89971,18.851,0.09139,-14.476
58.6,-0.0014358,-0.0088776,0.0041815,-0.99867,-0.0084649,-0.0053933,-0.0035939,-0.4551,-3.5927,1.3991,-36.538,0.65339,19.777,1.7469,-15.728,-0.0031197,0.0090354,0.00068918,-0.99124,-0.003354,-0.00048674,-0.00021718,-0.53591,-2.4441,-2.0849,-34.091,0.77958,17.481,-0.14934,-15.107
58.7,0.011518,0.01954,-0.0061007,-0.99189,-0.0050114,0.0061825,-0.0066824,-2.7923,-2.182,-1.288,-35.559,0.16273,17.972,0.70903,-15.427,-0.0065427,-0.0016116,0.0062913,-1.0073,0.0086684,-0.003717,-0.014586,-1.2841,-2.2206,-1.6241,-35.532,1.069,18.435,-0.57723,-13.064
58.8,0.022788,0.0023619,0.0074544,-0.9998,0.0032979,0.0019968,0.0073551,0.95555,-3.9459,-2.3735,-35.988,-0.16001,20.834,1.3821,-16.523,0.0089188,-0.0035025,0.0054703,-0.99892,0.0079675,0.0040238,-0.0043649,-2.0632,-2.4331,0.73199,-34.684,0.2832,15.25,0.38874,-15.035
58.9,-0.0022897,0.0012055,0.0056706,-0.99973,0.0052651,-0.0015042,0.0063779,0.10431,-1.7372,-0.20676,-35.542,1.1795,21.368,1.618,-16.727,-0.020791,0.014776,-0.0023826,-1.0093,-0.0051093,0.0019296,0.00040562,0.42321,-3.286,0.15688,-34.879,-2.3329,16.918,-0.040438,-15.917
59,-0.0072175,0.012706,0.0058042,-1.0176,-0.013106,-0.0043006,0.0063348,-0.29809,-4.0568,-0.47155,-35.989,-0.65281,18.742,-0.32305,-15.974,-0.0010694,0.00074813,-0.015512,-0.99751,-0.0011126,0.00096853,0.0038963,-0.84467,-2.0129,0.082182,-36.582,0.28925,16.23,-0.81124,-13.489
59.1,-0.0097781,0.0066519,0.0065747,-1.0069,0.004568,0.0036908,-0.0018523,-0.38292,-2.1204,-0.47414,-34.998,0.89775,18.1,-0.18665,-16.071,-0.00014491,0.013764,0.0088104,-0.98101,-0.0081254,-0.0037756,-0.0031239,-0.30279,-3.3762,-0.58733,-33.806,-0.73181,15.745,0.35857,-14.255
59.2,-0.011368,-0.0005251,-0.0042806,-1.0058,0.0046857,0.0058986,-0.0024048,0.27828,-2.3738,-0.80185,-35.233,-0.39972,16.976,0.79893,-17.307,0.0063373,-0.0079441,0.0082357,-0.99639,0.0030644,0.00039606,-0.001412,-0.11309,-1.7783,-0.63804,-36.16,0.20839,18.742,-0.54172,-15.134
59.3,0.0079788,-0.0018242,-0.0093831,-1.0087,0.00095078,0.0084251,-0.0073911,0.65107,-2.7747,-0.3782,-35.241,-0.19578,19.588,0.029202,-15.908,-0.0050417,-0.012589,0.0017057,-1.0047,-0.00433,0.0062881,-0.00036551,-0.68021,-3.9365,-1.5819,-35.563,1.0952,16.418,0.12559,-13.862
59.4,0.0036516,-0.0090603,0.0013369,-0.99918,-0.0044198,-0.0020781,0.0016053,2.4646,-2.5638,0.48714,-38.057,-0.64149,18.084,-1.1205,-16.078,-0.016521,-0.0059948,-0.008316,-0.99505,0.005582,-0.0064661,-0.0032865,-0.22839,-3.1362,-0.15631,-35.833,-0.19881,18.84,-0.94124,-14.95
59.5,0.01551,0.002142,-0.011181,-0.98277,0.0016981,0.0048125,0.0057457,0.057617,-3.9409,0.61006,-36.703,-0.61524,17.995,0.049513,-15.736,0.0093312,0.0041185,-0.0033742,-1.0102,0.0037366,-0.0051651,0.0072005,-0.45242,-1.3303,-0.5495,-35.386,-1.5123,17.435,-1.3549,-13.204
59.6,0.019296,-0.003774,0.011478,-1.0115,0.0055218,-0.00054235,-0.0029478,1.7023,-3.6238,0.96771,-36.929,-1.8249,19.702,-0.43295,-17.484,0.0038485,0.0080215,-0.0019747,-1.0151,0.0013895,0.0066128,0.0051207,-0.51156,-1.4606,1.145,-35.205,2.0022,16.705,0.43161,-15.955
59.7,-0.00091379,0.0064927,-0.0041648,-0.99652,-0.0043632,0.0068154,0.0051431,0.65438,-2.6655,0.30224,-33.845,1.1656,18.686,-0.45854,-16.988,0.021661,0.02448,-0.0046203,-0.97841,0.0026036,0.0028013,0.0070739,-1.2233,-0.14686,-1.1652,-34.913,-0.13473,19.18,0.40606,-13.302
59.8,0.00034526,-0.0059118,-0.0053644,-0.98101,0.0067246,0.0011701,-0.0069561,-1.3042,-1.7154,-0.55099,-35.735,0.015821,20.077,1.1093,-16.049,-0.017997,0.0012703,-0.012747,-1.0032,-0.0048399,0.0033353,0.002328,-0.84627,-2.573,-0.59915,-36.793,1.8966,14.894,0.11461,-13.201
59.9,0.0008735,0.0022282,0.012288,-1.0019,-0.0031537,-0.0076297,0.001,0.17479,-2.9042,-1.2521,-35.125,0.5063,20.599,1.3022,-16.015,0.00020881,0.012641,-0.015054,-0.99736,-0.0027028,0.0021896,0.001665,0.47007,-1.7432,0.91413,-34.643,-0.15678,18.228,-0.028739,-15.5
60,-0.0025581,-0.016668,0.020277,-1.0141,0.0076687,-0.0032836,-0.0035787,-0.48658,-3.3476,-0.50282,-35.434,-0.39521,18.81,-1.2032,-15.666,-0.0069231,-0.013659,-0.010291,-0.99345,-0.0034356,-0.011279,0.010514,1.6747,-1.6072,0.80353,-35.712,-1.3821,18.379,-0.68475,-14.552
