time,q1_healthy,q2_healthy,q3_healthy,q4_healthy,omega1_healthy,omega2_healthy,omega3_healthy,wheel1_i_healthy,wheel1_w_healthy,wheel2_i_healthy,wheel2_w_healthy,wheel3_i_healthy,wheel3_w_healthy,wheel4_i_healthy,wheel4_w_healthy,q1_faulty,q2_faulty,q3_faulty,q4_faulty,omega1_faulty,omega2_faulty,omega3_faulty,wheel1_i_faulty,wheel1_w_faulty,wheel2_i_faulty,wheel2_w_faulty,wheel3_i_faulty,wheel3_w_faulty,wheel4_i_faulty,wheel4_w_faulty,
0,0,0,0,0,0,0,0,0,0,0,0,0,0,0,0,0,0,0,0,0,0,0,0,0,0,0,0,0,0,0
0.1,-0.72436,0.017739,0.12541,-0.67834,-0.0036513,0.0014124,0.0025871,-0.24181,0.38622,0.94324,-0.89399,-2.1434,-0.93105,-1.2739,1.336,-0.71918,-0.0060171,0.10467,-0.68721,-0.0023568,-0.0074899,0.010313,1.6811,0.20815,-1.2185,-0.47782,-1.925,-0.359,0.73328,-1.8317
0.2,-0.7087,-0.016329,0.11682,-0.7072,-0.0011866,-0.0059344,-0.0044043,0.8477,-0.25763,-0.85408,0.19279,0.34506,0.72107,0.11873,-0.49406,-0.70162,0.013485,0.12714,-0.695,-0.0013444,0.0049993,0.00073135,-0.37667,-1.0681,-0.14348,-1.6375,-0.21096,-0.47964,0.60917,-0.86064
0.3,-0.70797,0.014075,0.11184,-0.71552,-0.0052193,0.0015793,0.0093036,1.4689,0.84126,-0.085756,0.94336,-1.3521,-0.2948,-2.0325,-2.299,-0.70541,0.030409,0.12929,-0.70384,0.0013978,-0.0060814,0.0088103,0.53829,-1.0534,1.7069,-0.48575,-0.15914,0.26422,1.0741,-0.36467
0.4,-0.69368,0.0056447,0.11515,-0.68489,-0.010657,-0.0088361,-9.9876e-05,0.96146,1.9158,1.6905,-1.2452,0.06154,-0.2486,-2.7117,-1.8204,-0.69135,-0.0010621,0.10684,-0.70552,-0.0078561,-0.0020502,0.0016815,0.38512,-1.1067,0.23146,0.39906,-0.79879,-1.5769,-1.2372,0.14126
0.5,-0.71246,-0.00064844,0.13205,-0.70313,-0.0052443,-0.0038396,-0.0027402,0.031812,1.4262,0.63963,-0.015036,-1.0188,-1.7554,-0.0072327,-1.6557,-0.72448,0.0039771,0.11731,-0.69802,-0.010039,-0.0051522,0.0019079,3.4467,1.6738,-0.0042842,0.98373,-0.81512,-0.41795,-1.9207,-2.1798
0.6,-0.70555,-3.5578e-05,0.13487,-0.6768,-0.0062577,-0.0024873,0.0076062,0.88074,1.0419,0.11049,-1.6958,1.7649,-2.7829,-0.7345,-2.0985,-0.69984,0.00066222,0.092471,-0.69086,-0.0020237,-0.0055146,0.007665,0.63279,1.877,-0.78065,0.84655,0.27582,-1.4269,-0.95106,-2.5141
0.7,-0.69721,-0.0034579,0.14384,-0.71026,-0.0037881,-0.004573,0.0086517,-0.33865,1.9613,-0.78737,-0.15385,-3.0053,-1.7319,-0.27051,-3.3253,-0.7104,0.00029537,0.13697,-0.69989,-0.013331,-0.007199,0.0080526,0.2391,1.2175,-0.53357,0.8403,0.90882,-2.1584,-1.9504,-2.08
0.8,-0.68696,-0.012654,0.12905,-0.69546,-0.016058,-0.0078707,0.0056451,-0.017518,1.2007,-0.12211,1.1344,-1.692,-3.4608,-1.4596,-1.1649,-0.70313,0.0025957,0.11441,-0.70273,-0.0037232,-0.005421,0.0099445,-0.44736,1.2488,-0.11083,-0.21783,-2.0942,-2.4227,-2.0325,-2.3565
0.9,-0.69394,0.015885,0.15076,-0.684,-0.011434,-0.0041954,0.012873,2.0072,1.8926,0.29905,0.78986,-3.0865,-2.064,-1.8398,-3.2742,-0.70076,-0.0056757,0.13433,-0.71,-0.013578,-0.007943,0.01921,-0.12654,1.0119,-1.3345,0.34267,-1.4636,-3.3477,-0.47855,-1.7595
1,-0.71853,0.015923,0.13451,-0.68919,-0.011365,-0.0024093,0.011476,1.6995,3.1039,0.43552,-0.7103,-0.0096509,-1.9082,-1.6451,-2.3293,-0.72343,-0.003453,0.12812,-0.69544,-0.0083419,-0.0025047,0.015254,0.23631,3.7595,-0.60949,0.49694,-1.0505,-5.6066,0.93198,-2.5898
1.1,-0.70792,0.0012595,0.10913,-0.68936,-0.012477,-0.011505,0.014864,-0.85237,4.4511,0.19783,-0.4172,-1.1555,-3.8264,-0.72693,-2.1431,-0.70476,-0.0020703,0.10406,-0.68995,-0.022138,-0.012489,0.017791,1.3123,3.8637,-1.2641,0.19525,-3.3265,-2.0367,-1.5936,-3.396
1.2,-0.71225,0.024875,0.1357,-0.70553,-0.019865,-0.0028749,0.010072,1.5418,3.414,-0.5415,-0.98631,-1.4633,-4.4658,-1.1583,-3.4461,-0.69568,-0.0041125,0.12251,-0.71297,-0.02738,-0.0024935,0.01038,1.1025,1.7905,1.5642,-0.098021,-2.5215,-5.1998,-0.24552,-4.0306
1.3,-0.71525,-0.0091716,0.10807,-0.69473,-0.01535,-0.0051417,0.014342,1.1914,3.8856,0.72278,-0.93371,-0.1843,-3.9661,-3.5608,-4.9894,-0.7146,-0.00084565,0.12782,-0.69824,-0.028594,-0.004041,0.024417,0.13937,3.8153,-0.71164,-0.35083,-0.2156,-2.9173,-1.3823,-6.3349
1.4,-0.68763,0.008518,0.12083,-0.69667,-0.024533,-0.009306,0.016007,0.27245,3.6281,-0.28986,-0.67383,-1.2698,-5.0809,-0.75277,-2.6802,-0.68821,0.0011355,0.1237,-0.69512,-0.030389,-0.0070974,0.018747,1.1063,3.9056,-1.2126,-1.8043,-0.18191,-5.4652,-2.547,-5.2013
1.5,-0.70533,0.0079493,0.12376,-0.70936,-0.02259,-0.013974,0.023319,-0.97323,2.9093,-1.16,-0.6603,-1.136,-5.9842,-1.5989,-5.7631,-0.71128,0.0051097,0.11335,-0.71679,-0.017673,-0.0089087,0.031945,1.2979,5.7931,-0.25689,0.20732,-2.4364,-6.1604,-0.024782,-5.748
1.6,-0.69305,-0.0032032,0.12305,-0.70538,-0.02089,-0.010161,0.023147,2.0304,6.4483,-0.16203,1.0414,-1.4937,-5.8793,-0.28248,-7.0664,-0.69552,0.0047789,0.12011,-0.69357,-0.024694,-0.0074524,0.022619,-0.8951,4.9385,0.83039,-3.0166,-2.4729,-5.8367,-1.3534,-4.3619
1.7,-0.70472,0.0025511,0.11312,-0.71199,-0.018153,-0.0092062,0.024492,-0.2254,3.2549,-2.2259,-0.79143,-2.2417,-5.0245,-1.4734,-5.4857,-0.69845,0.00085699,0.11052,-0.70096,-0.018211,-0.0079554,0.029475,0.43311,4.0977,0.11081,-1.4338,-1.6072,-7.1602,-0.81014,-7.4281
1.8,-0.71102,0.0028821,0.10735,-0.73184,-0.026233,-0.0094573,0.026655,-0.093264,4.4987,-0.82936,-0.0069781,-2.426,-5.7798,-3.1034,-4.8777,-0.68567,0.014617,0.12075,-0.70171,-0.034134,-0.011416,0.028036,1.4348,4.0621,-0.85709,-1.8803,-2.1215,-6.1152,-1.145,-5.9567
1.9,-0.68882,0.00057356,0.12086,-0.7124,-0.029841,-0.01757,0.033371,1.2969,4.2921,-2.0591,-2.7473,-1.8802,-6.4989,-1.7394,-6.321,-0.69909,0.020572,0.10533,-0.71194,-0.024635,0.00188,0.023485,0.21522,5.7046,0.79017,-1.7973,0.16886,-7.4487,-1.3633,-7.0473
2,-0.69534,0.0011182,0.13711,-0.69795,-0.041704,-0.0033887,0.021666,2.9622,5.7386,-1.5476,0.77038,-1.9768,-6.163,-2.1377,-7.0246,-0.67892,-0.00082602,0.1232,-0.725,-0.027743,-0.00066424,0.03151,-1.2848,3.5236,-0.52979,-1.7898,-0.29699,-6.8166,-2.6706,-6.5619
2.1,-0.68776,0.0047246,0.10003,-0.70006,-0.040966,-0.0080378,0.02851,1.9359,6.4223,0.7107,-0.87998,-0.61145,-3.3872,-0.61991,-8.789,-0.69079,0.0007162,0.13569,-0.70492,-0.036257,-0.016485,0.038887,1.7503,4.0542,-1.0411,-0.2514,-2.5404,-6.598,-1.2327,-6.8354
2.2,-0.70521,0.013817,0.10306,-0.71705,-0.032443,-0.0098006,0.026326,1.3235,4.8033,-1.0866,0.42666,-0.30853,-7.7015,-1.8469,-7.5301,-0.69969,0.020679,0.10657,-0.68717,-0.037702,-0.0047549,0.041483,1.3527,6.6038,0.52765,-0.17941,-1.1389,-6.9528,-0.03004,-8.2531
2.3,-0.70188,-0.00010806,0.12628,-0.71901,-0.031812,-0.014479,0.043369,0.39719,7.2305,1.6222,-1.942,-1.3042,-7.7982,-0.52409,-6.8198,-0.69492,0.0080368,0.10407,-0.73504,-0.037873,-0.014009,0.036691,1.0748,5.8401,-1.4201,-1.5782,-1.6656,-8.4699,-1.4886,-7.3725
2.4,-0.69802,0.037309,0.10427,-0.70504,-0.037833,-0.015113,0.027977,-1.5488,6.5858,1.1459,-0.68724,0.030008,-8.3444,-1.8377,-8.0348,-0.68878,0.0087176,0.11089,-0.69397,-0.03494,-0.016207,0.035896,0.83562,7.3533,-0.59555,-2.1387,0.83024,-8.9143,-2.0966,-7.8897
2.5,-0.69619,0.0098091,0.12123,-0.71066,-0.035959,-0.0070096,0.041603,1.4893,7.794,-0.9169,-0.81786,-2.782,-7.4618,-0.8807,-7.2356,-0.69538,0.025649,0.092859,-0.71948,-0.021324,-0.012944,0.044828,0.014012,7.4976,-0.055577,-2.1271,-1.545,-9.6701,-1.1369,-8.2657
2.6,-0.6763,0.018484,0.1166,-0.71203,-0.032836,-0.015838,0.026464,0.68429,6.5424,-1.1878,-1.5529,-2.3526,-6.5634,-0.88758,-9.8717,-0.6922,0.027355,0.11806,-0.73038,-0.03428,-0.01129,0.040733,-0.073618,6.5667,-0.72328,0.25579,0.7868,-8.2429,-0.35125,-9.6642
2.7,-0.69472,0.026461,0.11681,-0.72837,-0.029899,-0.0095624,0.035733,2.3019,8.0067,-2.364,-1.0541,-1.3702,-8.2446,0.10345,-8.7822,-0.68925,0.019087,0.11663,-0.72212,-0.042008,-0.011052,0.043046,1.1634,7.6878,-0.5096,-3.0648,-1.0523,-8.8639,-3.3765,-10.419
2.8,-0.68562,0.020247,0.11489,-0.7148,-0.037172,-0.020306,0.046029,2.3488,7.4386,-1.1945,-1.8373,-2.0712,-8.4811,-1.5405,-10.024,-0.67686,0.039051,0.095605,-0.70705,-0.040091,-0.011726,0.052269,0.54983,6.6401,-0.96634,-1.266,-0.045289,-11.049,-0.5046,-9.5012
2.9,-0.69791,0.032693,0.10539,-0.72476,-0.040671,-0.0184,0.047197,0.98091,7.5877,-0.87129,-1.2096,-0.047903,-10.349,-2.3681,-9.984,-0.69039,0.024801,0.12866,-0.7291,-0.051583,-0.0117,0.037813,-1.5115,8.79,-0.90301,0.45505,-1.142,-9.1774,-0.20709,-9.8322
3,-0.67373,0.026987,0.11879,-0.72958,-0.048024,-0.025425,0.041258,0.27281,7.4852,-0.31079,-3.0414,-1.1432,-9.1669,-1.3819,-9.5986,-0.67571,0.020941,0.11259,-0.70969,-0.049861,-0.0087682,0.038864,-0.52554,9.2062,0.094565,-0.89819,-1.7613,-10.337,-0.35969,-9.0137
3.1,-0.68257,0.039819,0.10838,-0.71682,-0.046956,-0.021601,0.045695,-0.34689,6.8949,0.02596,-3.3733,-2.5047,-10.945,-2.7536,-9.9942,-0.68179,0.021733,0.11277,-0.72504,-0.052428,-0.014836,0.046884,1.3277,7.9754,-1.1949,-0.69714,-1.075,-10.684,-0.012593,-9.8534
3.2,-0.68885,0.027227,0.10853,-0.72698,-0.044405,-0.017719,0.053164,0.59807,7.1471,-0.78757,-2.0896,-2.7414,-9.4381,-3.3769,-11.113,-0.68807,0.01542,0.11001,-0.73736,-0.050564,-0.019103,0.045372,1.3814,9.8517,-1.7785,-3.1669,-0.12163,-10.71,-0.056255,-11.924
3.3,-0.68244,0.029526,0.084627,-0.73421,-0.05276,-0.023441,0.044203,0.43297,9.1198,-0.65908,-4.0246,-0.12128,-11.487,-1.521,-11.702,-0.66956,0.023984,0.10467,-0.70509,-0.049897,-0.0098244,0.043836,-1.8573,10.695,-1.4675,-2.6506,-1.386,-11.607,-0.55743,-10.314
3.4,-0.67692,0.041549,0.097715,-0.73668,-0.067276,-0.027254,0.048532,1.8676,8.3216,-0.60753,-3.3125,0.41502,-10.612,-0.8685,-12.58,-0.68897,0.039544,0.11459,-0.71784,-0.050443,-0.017569,0.051704,0.72153,9.3361,-1.5774,-2.0143,-0.086801,-13.667,-1.3468,-12.183
3.5,-0.67484,0.031499,0.088319,-0.71462,-0.053127,-0.0096609,0.058402,1.1005,9.983,-1.5101,-2.9876,-1.4036,-12.628,-0.23243,-13.415,-0.66155,0.038655,0.10441,-0.75437,-0.056114,-0.015682,0.048267,1.8332,9.8393,0.85189,-0.33879,0.37658,-10.865,-2.3483,-12.106
3.6,-0.66693,0.037939,0.10755,-0.73941,-0.055422,-0.014731,0.060823,3.8264,9.4585,-1.9745,-2.2642,-0.16099,-12.107,-1.7208,-12.911,-0.67488,0.039244,0.11039,-0.74253,-0.061621,-0.021419,0.050819,2.3371,9.3654,-1.1001,-1.8964,-0.917,-11.752,-0.55001,-12.269
3.7,-0.67321,0.041932,0.095816,-0.73061,-0.053065,-0.011184,0.060661,1.051,11.307,-1.4967,-3.8952,-0.8117,-12.14,-3.2431,-12.996,-0.67228,0.03706,0.10418,-0.73686,-0.061392,-0.011369,0.055098,3.2796,10.889,-2.1849,-1.9241,-1.7575,-11.42,-0.095523,-14.39
3.8,-0.6688,0.040224,0.10269,-0.75127,-0.054222,-0.011872,0.045406,1.5627,8.8475,-2.1564,-3.2326,-0.92897,-12.955,-1.2738,-13.59,-0.64989,0.059689,0.11054,-0.73017,-0.052272,-0.012059,0.061454,-0.0050321,10.774,0.013408,-2.5287,2.311,-12.887,-1.2355,-13.607
3.9,-0.66031,0.059528,0.10782,-0.73703,-0.051632,-0.010141,0.055108,0.68962,8.7578,-1.7942,-5.1511,-2.4789,-12.843,-1.149,-13.318,-0.67318,0.049346,0.096704,-0.74541,-0.054945,-0.011254,0.054568,-0.60399,10.53,0.74395,-2.3147,0.82079,-11.483,-0.11423,-14.601
4,-0.65949,0.057598,0.097542,-0.74138,-0.049855,-0.020548,0.055484,0.24089,10.213,-0.39787,-3.8123,-0.41803,-11.147,-0.7761,-13.198,-0.6703,0.031977,0.099004,-0.73459,-0.059509,-0.018721,0.064673,1.4344,11.859,-0.40105,-7.4713,-2.555,-11.653,-0.48762,-12.967
4.1,-0.67583,0.048454,0.09013,-0.74514,-0.062139,-0.01526,0.065488,1.6093,12.81,0.088177,-4.6445,0.12788,-12.627,-2.9164,-15.443,-0.64845,0.040765,0.077858,-0.74488,-0.053849,-0.0083786,0.071813,1.7272,11.19,-0.23554,-3.8453,-0.61545,-10.594,-0.88085,-14.538
4.2,-0.66447,0.048216,0.080453,-0.72413,-0.054729,-0.012659,0.059212,1.2867,10.48,-0.83771,-5.1837,0.25428,-13.007,-0.0083365,-15.965,-0.65853,0.05647,0.095816,-0.722,-0.063361,-0.00076176,0.060224,-0.43942,9.6537,0.00078228,-5.6122,-0.42363,-12.607,-0.65517,-13.83
4.3,-0.66054,0.042518,0.069739,-0.7428,-0.059012,-0.0070103,0.056114,0.8598,10.599,-1.8387,-5.6639,-1.6197,-12.502,0.45798,-15.957,-0.6401,0.042986,0.091606,-0.75689,-0.068942,-0.0087821,0.059808,-0.25916,12.367,-0.31913,-5.6274,-1.7489,-13.139,-2.7547,-15.369
4.4,-0.65851,0.069427,0.099041,-0.75805,-0.063871,-0.0076626,0.064646,2.175,12.572,-0.0014763,-4.0368,1.0297,-12.301,0.27479,-14.999,-0.65754,0.058992,0.09863,-0.72971,-0.069284,-0.019597,0.06213,1.3495,12.569,-0.72677,-6.395,-2.8143,-12.612,-2.0673,-17.07
4.5,-0.66443,0.059304,0.06278,-0.73977,-0.063054,-0.013234,0.061233,0.44121,11.474,-1.0875,-5.8853,-0.22851,-12.615,-0.81059,-15.755,-0.64664,0.064064,0.086348,-0.76523,-0.072497,-0.01347,0.062415,2.0798,9.8946,-1.0728,-5.3537,-0.23674,-12.536,-1.6191,-15.688
4.6,-0.64857,0.039538,0.095003,-0.74989,-0.063302,-0.0046948,0.061481,-2.9169,11.619,0.23358,-3.4322,-1.2921,-13.354,-2.0185,-16.538,-0.66129,0.070936,0.094446,-0.75682,-0.061936,-0.011409,0.060894,-0.18674,11.273,-1.5101,-6.2298,-0.70656,-13.532,-0.366,-16.998
4.7,-0.64745,0.074206,0.098368,-0.75276,-0.065032,-0.0085139,0.054888,0.83392,13.689,-0.79259,-5.7433,0.61286,-13.033,-0.56132,-17.368,-0.63792,0.065092,0.078384,-0.76392,-0.066784,-0.009647,0.07047,0.76916,13.101,-0.077767,-6.1271,-1.2552,-12.073,-0.91529,-18.156
4.8,-0.65134,0.061658,0.079365,-0.75848,-0.073393,-0.011923,0.071961,-1.3034,12.866,-0.68287,-6.2629,-1.0843,-12.914,-1.9465,-17.745,-0.6539,0.080301,0.076288,-0.75696,-0.078437,-0.014147,0.068129,0.30888,12.623,-0.38572,-7.6963,1.0982,-15.206,-1.1057,-16.549
4.9,-0.65356,0.079295,0.069843,-0.75066,-0.069859,-0.010502,0.064083,1.6783,12.786,0.76484,-8.6437,0.71026,-13.695,-0.88884,-19.144,-0.6543,0.065706,0.068515,-0.78227,-0.072503,-0.015539,0.071773,-0.16488,14.049,-0.51001,-7.6983,-0.89185,-12.344,-1.3152,-16.416
5,-0.62637,0.0712,0.075301,-0.7629,-0.076555,-0.01098,0.071836,1.3518,12.744,-2.7978,-4.8781,0.76547,-13.79,-0.74163,-19.284,-0.63056,0.080969,0.087436,-0.7657,-0.075499,-0.021438,0.070859,2.397,14.389,0.95563,-7.2151,-0.64842,-13.356,-1.5081,-18.15
5.1,-0.64451,0.080523,0.081599,-0.77953,-0.075881,-0.006735,0.074245,-0.45257,12.777,-1.0248,-7.1841,0.8201,-13.022,-0.98183,-20.054,-0.62375,0.064495,0.07755,-0.76464,-0.08199,-0.0054567,0.070281,1.5922,14.882,-1.2222,-7.8582,-0.40802,-14.781,-1.2266,-20.603
5.2,-0.6403,0.086117,0.082857,-0.76466,-0.075321,-0.019992,0.07856,-0.43371,13.445,-3.242,-7.8458,0.26369,-13.006,0.033011,-19.511,-0.63379,0.074909,0.093855,-0.7725,-0.081025,-0.0051618,0.066738,1.0407,15.674,-2.6293,-6.9721,-0.62487,-13.823,-0.93436,-16.537
5.3,-0.62236,0.068237,0.067513,-0.76871,-0.085192,-0.011754,0.057346,2.1056,13.315,-0.70438,-6.7067,1.336,-12.093,-0.81488,-20.138,-0.61914,0.077122,0.077901,-0.77271,-0.083097,-0.011633,0.07388,3.1356,14.596,-3.8932,-8.3239,0.12509,-14.318,0.25128,-19.514
5.4,-0.6339,0.075825,0.069341,-0.78111,-0.07988,-0.011632,0.070696,0.13821,14.571,-2.3639,-8.6523,0.60887,-13.168,-1.2751,-18.502,-0.62928,0.094259,0.063536,-0.75961,-0.084221,-0.0073397,0.07379,0.39769,16.497,-1.4958,-8.2263,-0.095129,-14.584,-0.44654,-19.459
5.5,-0.62059,0.097909,0.08797,-0.76868,-0.079346,-0.0084183,0.072224,0.30316,13.143,-1.3212,-8.5944,0.96284,-12.083,-0.38397,-19.735,-0.62127,0.088129,0.058206,-0.7896,-0.079295,-0.010656,0.073987,0.28929,17.254,-0.61861,-9.5994,1.3,-13.27,-2.1352,-19.838
5.6,-0.62126,0.065836,0.076487,-0.79614,-0.082835,-0.010498,0.071668,1.433,13.635,-2.3765,-8.8987,-1.2168,-12.33,-1.4923,-21.228,-0.59623,0.095129,0.068909,-0.79781,-0.095717,-0.0082882,0.07227,-0.99231,17.365,-0.030085,-10.335,-1.8782,-14.877,-0.66411,-19.932
5.7,-0.6159,0.10418,0.040714,-0.78286,-0.075561,-0.0095986,0.071406,2.7371,15.401,-1.1402,-8.6903,-1.2107,-14.644,-2.6409,-20.744,-0.6116,0.090031,0.064611,-0.80085,-0.083558,-0.0032907,0.070382,1.8856,16.468,0.096383,-10.869,1.3627,-15.429,-1.8953,-22.493
5.8,-0.60378,0.092438,0.069491,-0.79858,-0.084383,-0.017967,0.074607,0.93381,16.268,0.12705,-10.298,0.72858,-14.182,-1.6409,-20.209,-0.62049,0.099358,0.056064,-0.80978,-0.089866,-0.016917,0.074139,1.1963,16.727,-0.74247,-9.9336,-0.72067,-14.084,-1.1958,-22.402
5.9,-0.62536,0.080955,0.045851,-0.78717,-0.083207,-0.0055851,0.065793,1.7575,14.758,-1.8972,-11.568,-0.58935,-13.183,-1.0709,-20.521,-0.59984,0.09191,0.047123,-0.79267,-0.085672,-0.0058876,0.076072,0.41011,16.642,-1.2331,-11.058,0.53055,-14.714,0.50519,-21.225
6,-0.60019,0.098726,0.053756,-0.78474,-0.089572,-0.007265,0.074753,-0.29988,15.402,1.1755,-11.601,-0.58393,-13.539,-1.5831,-21.456,-0.60796,0.082255,0.056067,-0.7866,-0.08825,-0.0074357,0.077318,0.51392,15.675,-3.6081,-12.796,-0.041223,-14.807,-0.21029,-22.038
6.1,-0.60647,0.11264,0.04742,-0.81707,-0.081461,0.00082693,0.069244,0.96003,13.353,-0.6347,-12.076,0.40558,-14.192,-2.1567,-23.564,-0.59737,0.086178,0.057526,-0.80037,-0.085577,-0.021164,0.077203,0.77964,17.94,-2.2069,-11.615,-0.052079,-14.885,-1.3243,-22.703
6.2,-0.6004,0.10805,0.072403,-0.79658,-0.09333,-0.0086968,0.069265,0.51655,15.575,-1.3443,-11.76,-0.93321,-16.702,-2.3556,-24.947,-0.59092,0.075458,0.073777,-0.78755,-0.096775,-0.0088101,0.082592,0.62829,17.268,-2.0443,-11.778,-0.53023,-12.242,0.11947,-21.386
6.3,-0.58414,0.0874,0.049311,-0.80683,-0.090093,-0.010213,0.085219,1.0933,17.99,0.91264,-12.277,1.2446,-14.229,-1.2469,-21.695,-0.59896,0.11579,0.038877,-0.81552,-0.097657,-0.017339,0.072968,0.44168,16.991,-1.5998,-11.287,0.66425,-13.961,-2.0395,-21.656
6.4,-0.58055,0.084747,0.03682,-0.79976,-0.094902,-0.009094,0.082199,1.1107,16.951,-0.056741,-12.163,-1.051,-12.563,-1.5306,-22.162,-0.57986,0.10767,0.043176,-0.80653,-0.089473,-0.011554,0.06922,-0.054893,20.178,-0.4398,-14.175,-0.7753,-13.292,-0.77926,-23.917
6.5,-0.5727,0.093498,0.041553,-0.80329,-0.096784,-0.0075984,0.089353,1.8198,18.847,0.66565,-14.542,-0.93956,-13.962,-2.5551,-23.334,-0.5715,0.10334,0.044053,-0.80528,-0.10321,-0.0056133,0.081798,2.5335,17.118,1.9118,-13.752,1.2573,-13.803,0.43047,-26.138
6.6,-0.57552,0.10172,0.040995,-0.80147,-0.097309,-0.010231,0.074825,0.15149,16.11,-0.29356,-11.871,0.94168,-14.226,-1.8499,-23.936,-0.56537,0.093342,0.038305,-0.79445,-0.10357,-0.0060363,0.074193,1.0018,18.719,-1.1582,-14.704,1.3626,-14.249,-0.82245,-23.961
6.7,-0.55291,0.10896,0.057982,-0.82281,-0.091053,-0.014763,0.077574,0.034229,14.691,-0.53982,-13.946,0.59976,-14.982,-2.12,-25.669,-0.55772,0.11284,0.037841,-0.82941,-0.097042,-0.0084798,0.07919,0.9112,19.605,-1.0834,-12.849,0.45941,-13.088,-1.2852,-25.625
6.8,-0.56426,0.11493,0.020798,-0.81168,-0.094783,-0.007511,0.071979,2.6453,18.503,-1.4477,-11.52,0.51843,-13.95,-1.63,-23.402,-0.54985,0.10516,0.033629,-0.82174,-0.11008,-0.010279,0.081283,1.1716,19.061,-0.94281,-14.017,-0.5407,-13.66,-2.9038,-26.81
6.9,-0.55455,0.10989,0.028563,-0.80593,-0.093607,-0.0021832,0.080737,-0.99831,18.243,-1.3476,-15.02,1.4203,-12.227,-2.0004,-23.591,-0.5657,0.12847,0.031404,-0.82748,-0.10292,-0.0059099,0.07827,-1.4466,18.06,-1.1317,-14.089,-0.37748,-12.866,-0.078354,-26.942
7,-0.55774,0.13365,0.029208,-0.81239,-0.095134,-0.0088378,0.073918,2.4085,17.328,-0.41905,-15.98,2.8418,-11.054,-2.0644,-25.936,-0.55008,0.12716,0.027207,-0.81907,-0.10399,-0.0074038,0.081577,1.7055,22.72,-2.3847,-15.155,1.3881,-11.736,-1.2332,-25.192
7.1,-0.55598,0.12081,0.042488,-0.8196,-0.10498,-0.0029123,0.084163,1.1173,18.947,-1.552,-14.795,0.37632,-11.89,-1.0815,-26.227,-0.53702,0.1356,0.03338,-0.83499,-0.11089,-0.0044807,0.07782,-0.68424,20.887,0.97463,-14.316,-1.5451,-12.822,-1.007,-26.303
7.2,-0.53028,0.11705,0.042716,-0.81259,-0.1022,0.0012417,0.092314,1.4177,18.81,-2.8238,-16.109,-0.057441,-12.48,-1.4004,-27.183,-0.54013,0.11628,0.0269,-0.84279,-0.10827,-0.0052258,0.0726,0.58409,19.406,-0.97011,-16.181,2.128,-11.251,-2.3669,-27.106
7.3,-0.54475,0.13545,0.034016,-0.82969,-0.10005,-0.00015706,0.088654,0.72071,19.87,-2.1568,-15.297,-0.73482,-14.371,-1.1142,-25.634,-0.55123,0.13246,0.01611,-0.83661,-0.10145,-0.0014186,0.082025,2.7168,22.18,-1.6529,-17.492,-1.5349,-13.449,-2.2546,-26.211
7.4,-0.53103,0.14043,0.0339,-0.80316,-0.12204,-0.010136,0.077367,0.2518,20.166,-1.6981,-16.102,0.73667,-12.631,-2.1073,-26.494,-0.5266,0.12214,0.0090017,-0.82911,-0.11598,9.2593e-05,0.072813,-0.67987,22.69,-1.1779,-16.924,1.3399,-12.538,-1.8916,-27.937
7.5,-0.53368,0.14657,0.031087,-0.82351,-0.1142,-0.0055501,0.085228,-0.66244,22.06,-1.4097,-18.177,0.059276,-11.749,-0.074781,-28.426,-0.51337,0.12325,0.024613,-0.85113,-0.1161,0.0025701,0.077149,0.23103,20.494,-2.1544,-16.949,1.1049,-10.582,0.48759,-29.567
7.6,-0.53441,0.13371,0.00010438,-0.81528,-0.10396,-0.0020879,0.08286,-0.28985,18.438,-0.76653,-17.29,-1.4321,-12.555,-3.283,-29.782,-0.51853,0.13633,0.029948,-0.83726,-0.11665,-0.0013604,0.079048,2.2428,20.705,-1.1133,-18.573,1.5654,-12.368,-1.0573,-26.999
7.7,-0.50298,0.12328,0.0072337,-0.84216,-0.10922,-0.00092711,0.083946,-0.19034,20.364,-1.2856,-17.435,2.329,-10.558,-1.0271,-29.893,-0.52021,0.12521,0.01445,-0.85021,-0.11963,-0.0050563,0.086214,-0.53503,22.508,-2.1376,-17.395,-0.93195,-11.6,-1.2897,-30.527
7.8,-0.49764,0.12143,0.029384,-0.84636,-0.11371,-0.0066891,0.073474,0.52591,19.818,-0.0091534,-18.012,0.52614,-12.194,-0.65957,-29.14,-0.49143,0.12723,0.015299,-0.85859,-0.12177,-0.010287,0.085353,0.85432,21.839,-2.8745,-18.111,3.1788,-10.228,-2.0182,-29.086
7.9,-0.50131,0.12426,-0.00080226,-0.83312,-0.11045,-0.01014,0.082791,1.0127,21.595,-1.3645,-18.9,-0.73224,-10.005,-1.1196,-28.788,-0.5098,0.13021,-0.00056917,-0.84255,-0.10945,-0.002739,0.066745,0.24568,23.465,-2.763,-19.386,1.9219,-11.527,-1.0369,-30.298
8,-0.51977,0.13703,0.0031075,-0.86095,-0.11434,0.00034294,0.073962,1.5408,21.559,-0.67397,-17.89,-0.26881,-10.619,-2.9845,-28.929,-0.49605,0.11458,0.014931,-0.85725,-0.12256,-0.010045,0.083855,1.7167,20.498,0.060547,-17.48,1.7769,-11.066,-0.9724,-29.75
8.1,-0.50768,0.13873,-0.0014177,-0.85563,-0.11878,-0.0028592,0.080005,-0.36491,21.209,-0.6493,-20.94,1.9522,-10.374,-0.60672,-29.19,-0.51662,0.13569,0.012563,-0.86373,-0.12732,-0.014453,0.080056,1.5548,22.118,-1.3162,-18.597,1.1579,-9.0454,-2.6818,-31.6
8.2,-0.47761,0.14158,-0.0096051,-0.86153,-0.11474,0.0057992,0.086569,3.0921,21.202,-0.63663,-18.216,-3.0075,-9.7294,-1.5256,-31.832,-0.4778,0.13781,-0.0038029,-0.85931,-0.1351,-0.0036914,0.085823,3.1419,24.106,0.10162,-19.731,0.34293,-8.824,-0.26351,-30.143
8.3,-0.49813,0.14885,-0.0029833,-0.8559,-0.12814,-0.0049496,0.07717,0.10353,21.656,-0.73974,-20.14,0.23015,-10.918,0.094036,-29.312,-0.46108,0.14563,-0.0072382,-0.85095,-0.12105,-0.0087502,0.071103,2.0561,22.671,-0.015603,-19.306,2.0534,-9.0764,-0.72733,-29.889
8.4,-0.47039,0.15242,0.009824,-0.86062,-0.13377,0.0016752,0.08276,-0.0055773,19.339,-2.0719,-18.716,1.9413,-7.5688,-0.81078,-30.803,-0.47751,0.14471,-0.0074427,-0.86534,-0.11986,-0.012745,0.072443,2.5697,23.265,-0.5326,-19.176,0.3862,-8.1391,-2.1952,-30.796
8.5,-0.46469,0.15259,-0.010768,-0.8471,-0.12139,-0.005952,0.085092,1.1388,20.899,-1.0467,-21.928,1.2013,-6.8974,-0.73887,-30.062,-0.46075,0.14635,-0.011062,-0.87638,-0.12747,-0.0085075,0.082226,1.5846,23.638,-3.7442,-20.03,-0.32594,-9.4619,-0.80432,-31.355
8.6,-0.47993,0.16605,-0.017961,-0.85283,-0.12112,-0.0090999,0.076832,1.4502,24.037,-1.5249,-20.178,1.8103,-7.6007,-1.366,-30.83,-0.45722,0.15252,-0.0031188,-0.86969,-0.13112,-0.003126,0.066176,1.634,24.546,1.381,-18.708,0.70476,-8.5496,-0.43283,-32.377
8.7,-0.46339,0.14734,-0.0098362,-0.86681,-0.12747,0.0022807,0.084938,3.0024,21.504,-2.5431,-20.833,0.76202,-7.712,-0.73131,-31.76,-0.45651,0.17592,0.0034259,-0.86045,-0.13625,-0.00083596,0.077758,-0.63636,26.314,-0.9138,-21.448,-0.48825,-8.0089,-1.628,-33.937
8.8,-0.47131,0.15034,-0.012088,-0.87748,-0.1243,0.0014482,0.08956,0.74096,24.145,-0.77995,-21.46,-0.62558,-6.3625,1.0002,-32.711,-0.44392,0.14181,0.002786,-0.88254,-0.12736,-0.0053768,0.084519,-0.35665,26.3,-0.64933,-20.598,1.2278,-7.0547,-1.1036,-31.952
8.9,-0.45187,0.17618,-0.016072,-0.86997,-0.12872,0.0006005,0.080464,2.6383,23.761,-3.308,-22.723,1.0918,-8.1179,-0.6844,-34.367,-0.44274,0.16137,-0.016864,-0.86731,-0.13747,-0.00015726,0.083957,0.97191,23.739,-0.15882,-23.219,-0.03853,-6.9572,1.3964,-32.444
9,-0.45097,0.16323,0.0010435,-0.88229,-0.1273,-0.0038571,0.084292,0.50291,22.434,-0.65071,-21.884,1.3656,-7.0308,-0.1443,-34.474,-0.44036,0.1631,-0.018602,-0.87154,-0.1315,-0.0011506,0.082084,1.8506,23.928,-1.3165,-22.09,0.24295,-8.1834,0.93906,-32.775
9.1,-0.44694,0.15292,-0.026626,-0.87279,-0.13438,0.0040024,0.088778,1.0401,22.502,-1.163,-25.739,1.1632,-7.523,-0.59477,-32.82,-0.44345,0.14087,-0.022016,-0.88164,-0.13809,0.0015056,0.079971,1.3082,25.682,-0.89304,-22.765,-0.94257,-6.9477,0.55559,-32.116
9.2,-0.44298,0.15529,-0.034562,-0.8636,-0.12731,-0.001611,0.087971,0.33971,22.331,-0.34892,-24.698,2.3288,-7.9601,-0.77306,-33.667,-0.43978,0.17343,-0.021999,-0.90162,-0.14739,0.0049978,0.067583,1.3154,25.324,-1.9309,-23.561,1.9469,-8.0037,1.3297,-33.181
9.3,-0.42473,0.17531,-0.041453,-0.87919,-0.13628,0.0013817,0.081142,-0.27967,23.726,-0.66486,-23.833,0.21441,-5.5866,0.67651,-33.237,-0.41658,0.15829,-0.027458,-0.88039,-0.14397,0.0067639,0.076577,-0.63974,25.384,-1.507,-24.394,0.52063,-5.7927,-0.80961,-34.211
9.4,-0.41384,0.16242,-0.011287,-0.87695,-0.13517,0.0048749,0.079125,-0.26417,24.789,-1.8103,-25.276,0.76698,-5.0307,-0.59832,-33.552,-0.41976,0.16989,-0.010466,-0.896,-0.13472,-0.003042,0.075123,0.84659,24.499,-0.70748,-24.398,1.6903,-4.2585,0.054413,-34.928
9.5,-0.41444,0.15758,-0.030062,-0.88446,-0.13655,0.011027,0.078986,-0.067881,25.953,-3.0199,-23.303,-0.095226,-7.5857,2.2125,-34.412,-0.40112,0.17283,-0.032559,-0.88911,-0.15285,-0.004269,0.071842,-0.31199,26.248,-0.88159,-23.926,2.2551,-4.9411,-0.095627,-32.435
9.6,-0.41298,0.16804,-0.037062,-0.89126,-0.13607,0.001948,0.077016,1.2869,23.621,-2.7896,-24.486,-0.26174,-6.4015,-0.42195,-33.583,-0.40562,0.15889,-0.03249,-0.90743,-0.14071,0.0095033,0.069124,0.82258,27.202,-2.7739,-24.51,1.9412,-2.5247,-0.9519,-32.188
9.7,-0.41821,0.17671,-0.046846,-0.89223,-0.13518,0.0076671,0.073755,-0.15346,25.138,-1.3626,-25.215,-0.21222,-4.4555,-0.5021,-32.711,-0.39349,0.1729,-0.028118,-0.92126,-0.14295,0.0035134,0.071684,0.90646,28.027,-1.3427,-25.108,0.17229,-3.1454,-0.14191,-31.29
9.8,-0.40449,0.16701,-0.029471,-0.91895,-0.13011,0.0087906,0.069725,2.8146,23.943,-0.041535,-27.219,-0.63153,-4.9829,0.94487,-30.828,-0.38077,0.17465,-0.03938,-0.90775,-0.14264,0.0033685,0.073242,1.5794,27.953,-0.59919,-25.849,0.53582,-3.3245,0.3649,-32.537
9.9,-0.39306,0.18427,-0.044304,-0.89431,-0.13597,0.014258,0.066674,0.33898,26.036,-0.6959,-22.639,0.94314,-4.4384,0.55337,-34.13,-0.37802,0.17579,-0.038516,-0.91197,-0.14178,0.019642,0.075431,2.9309,27.397,-1.3441,-26.858,3.4027,-4.0653,0.1056,-33.467
10,-0.38855,0.17795,-0.02803,-0.89821,-0.13893,0.013224,0.067704,0.18053,23.663,-1.9958,-24.282,-0.73405,-5.7252,1.0756,-33.872,-0.36156,0.15574,-0.037687,-0.90677,-0.15054,0.0078268,0.063009,1.2607,26.806,0.33417,-24.63,0.71752,-3.549,3.3495,-32.523
10.1,-0.37066,0.19775,-0.037557,-0.89654,-0.1412,0.0064941,0.077358,1.436,26.731,-0.42825,-26.284,1.1432,-3.7138,-0.11333,-32.751,-0.33718,0.1725,-0.040852,-0.90221,-0.14998,0.0073402,0.066457,2.5496,28.631,-1.8284,-26.469,-0.62768,-2.2434,1.6587,-31.47
10.2,-0.38225,0.18187,-0.032288,-0.91348,-0.14735,0.010105,0.063218,1.3679,27.76,-1.2468,-26.066,0.83648,-1.6682,2.2305,-32.629,-0.33548,0.17668,-0.049796,-0.9348,-0.14473,0.01691,0.067919,1.6356,25.438,-0.081528,-27.97,-0.24707,-3.9538,-0.28354,-31.113
10.3,-0.3701,0.19402,-0.035759,-0.89852,-0.14571,0.0074662,0.061839,-0.092682,26.792,-0.37844,-28.86,0.41337,-1.0215,0.22688,-33.003,-0.35532,0.17108,-0.026423,-0.93479,-0.14485,0.0094482,0.060184,0.68324,28.049,-1.5395,-29.31,1.0312,-2.9689,0.21029,-31.68
10.4,-0.3459,0.19758,-0.062241,-0.9113,-0.13619,0.010334,0.05512,-0.50813,24.984,-1.1348,-26.339,0.58704,-2.2582,2.6515,-31.056,-0.34745,0.16107,-0.048875,-0.90101,-0.14418,0.01223,0.05795,-0.45714,30.147,-2.0718,-28.87,-0.65582,-2.3872,0.32185,-31.601
10.5,-0.35008,0.19162,-0.055714,-0.91921,-0.14864,0.010408,0.064182,0.78807,26.991,-0.40471,-29.354,-0.21273,-2.2549,0.40514,-32.233,-0.32005,0.18722,-0.043948,-0.91276,-0.13909,0.019353,0.060844,0.93796,28.76,0.12497,-28.574,0.73394,-2.5225,2.1159,-32.979
10.6,-0.34547,0.20446,-0.051159,-0.92242,-0.12859,0.01557,0.066651,1.041,27.135,-1.3925,-29.789,-0.16012,-2.4516,2.0387,-30.185,-0.32661,0.16787,-0.035512,-0.93106,-0.13999,0.0085424,0.046856,0.28548,29.232,-2.4875,-30.922,2.1826,-0.10493,1.159,-30.125
10.7,-0.3235,0.18182,-0.043109,-0.91677,-0.12666,0.023062,0.062239,0.84504,25.238,-1.2658,-28.262,0.69104,-2.0682,0.44365,-29.21,-0.30022,0.17266,-0.038081,-0.92348,-0.144,0.016888,0.058547,1.8202,30.682,-0.85329,-29.141,1.663,-1.2752,0.016555,-30.234
10.8,-0.33165,0.17781,-0.068347,-0.93202,-0.14278,0.016582,0.058906,1.151,25.77,-1.5259,-28.691,0.75458,-1.9927,0.9107,-31.929,-0.31813,0.15923,-0.023771,-0.93609,-0.14314,0.024165,0.056877,2.4524,31.116,-1.2093,-30.152,0.78374,-0.00038573,2.2672,-29.254
10.9,-0.32112,0.18123,-0.055706,-0.91709,-0.14361,0.022996,0.061602,0.91163,25.599,-1.3445,-30.343,0.69279,-0.045799,1.6806,-30.006,-0.30865,0.19925,-0.051023,-0.93433,-0.14996,0.021127,0.052023,-0.75683,28.282,-2.3616,-30.188,1.5139,-1.5128,2.8455,-30.981
11,-0.3233,0.17698,-0.071528,-0.92583,-0.13975,0.01408,0.062432,1.1857,27.463,0.0057971,-32.22,0.58031,-2.2308,-2.7027,-30.849,-0.29382,0.18925,-0.047919,-0.93192,-0.14528,0.014864,0.065573,2.502,30.312,-0.29722,-30.502,0.20173,2.0216,2.6576,-29.798
11.1,-0.30427,0.19898,-0.055325,-0.95967,-0.14298,0.028562,0.061322,-0.097348,29.209,-2.0271,-30.709,-0.2063,-0.43924,-1.4388,-30.262,-0.26484,0.18961,-0.067723,-0.95014,-0.13462,0.02109,0.043142,0.055736,30.854,-2.2447,-27.169,1.0543,0.5882,0.33072,-26.264
11.2,-0.31166,0.18589,-0.068121,-0.93086,-0.13605,0.027901,0.051365,1.5105,27.673,0.743,-30.729,0.74915,1.5359,-0.55193,-29.438,-0.27988,0.19158,-0.042423,-0.94142,-0.15217,0.02503,0.049869,0.66552,31.453,-0.42342,-30.32,-0.23179,0.019674,0.37861,-30.429
11.3,-0.2907,0.20069,-0.070359,-0.91295,-0.13324,0.016023,0.043134,1.0557,27.165,-1.8785,-29.187,-0.32736,1.8707,1.2335,-27.935,-0.26932,0.17587,-0.06877,-0.95893,-0.14922,0.01445,0.040618,0.59397,30.587,-2.1308,-31.555,2.4084,-0.2314,2.3175,-28.791
11.4,-0.29716,0.19851,-0.060985,-0.92717,-0.14023,0.020307,0.051284,0.98458,27.554,-1.625,-31.009,-0.7369,0.6016,-0.15081,-29.325,-0.26416,0.17837,-0.061556,-0.94806,-0.1484,0.02619,0.040835,0.20644,32.179,-1.1253,-33.289,0.55332,2.0499,2.8641,-27.782
11.5,-0.27567,0.19049,-0.076374,-0.9485,-0.14275,0.015853,0.049755,1.4691,28.816,-2.6549,-32.849,-0.37635,1.0847,0.9566,-29.581,-0.26282,0.18532,-0.052501,-0.95496,-0.15226,0.032922,0.048513,0.21705,30.85,-0.61863,-31.164,2.1797,-0.51942,1.9106,-25.741
11.6,-0.26152,0.18323,-0.070814,-0.9421,-0.14893,0.024474,0.051056,1.3548,30.324,-0.65707,-32.258,1.5754,0.088432,3.3626,-29.256,-0.24556,0.17633,-0.061704,-0.94957,-0.14935,0.02363,0.045465,0.99434,30.775,-1.1843,-32.629,0.33421,0.1724,0.41941,-26.338
11.7,-0.26761,0.18294,-0.06174,-0.94223,-0.13851,0.032334,0.046357,-0.31273,28.851,0.11447,-33.321,-0.99492,0.1087,0.66093,-28.064,-0.2465,0.19864,-0.079206,-0.93554,-0.16167,0.026675,0.042063,0.92042,33.219,-0.54313,-35.122,0.76615,2.2125,0.91413,-26.517
11.8,-0.27166,0.17947,-0.079464,-0.93653,-0.14138,0.034666,0.051724,0.72143,30.359,-3.1605,-33.071,0.85051,2.5003,1.1967,-27.411,-0.24128,0.16693,-0.07346,-0.94753,-0.15093,0.028527,0.04308,0.18857,32.707,-1.7783,-35.254,0.75066,0.71574,0.80583,-27.443
11.9,-0.26887,0.18632,-0.064425,-0.92537,-0.14483,0.02814,0.048351,2.0502,30.146,-0.017505,-33.236,0.25649,4.3111,-0.53432,-25.549,-0.21982,0.1955,-0.049362,-0.95325,-0.14701,0.043001,0.041163,0.5438,30.383,0.11401,-32.415,-0.70598,2.5434,-0.38033,-27.213
12,-0.26449,0.19662,-0.056243,-0.9457,-0.1394,0.031095,0.047903,0.91849,29.834,-2.3064,-34.658,1.1563,3.28,-0.1706,-28.253,-0.20735,0.19429,-0.068006,-0.95949,-0.14629,0.034576,0.040616,0.93286,32.719,-1.8269,-34.024,0.77012,2.8448,0.81315,-25.379
12.1,-0.25138,0.18121,-0.066283,-0.93508,-0.14651,0.02686,0.047302,1.1769,30.381,-2.0729,-35.7,-0.51434,2.5201,-0.62419,-27.961,-0.20313,0.18987,-0.064582,-0.95179,-0.15435,0.03093,0.03657,0.46088,34.925,-0.93923,-34.198,0.63343,2.6796,0.78788,-25.363
12.2,-0.22868,0.18425,-0.07739,-0.95824,-0.1374,0.036901,0.039625,-0.80118,29.696,-1.745,-35.11,1.351,3.4499,0.79097,-26.558,-0.19742,0.19102,-0.087996,-0.94603,-0.14793,0.033156,0.036491,0.85478,34.981,-1.0205,-35.424,0.67859,3.8311,0.70777,-24.814
12.3,-0.21206,0.17171,-0.072942,-0.96226,-0.14828,0.03649,0.037175,0.81145,30.567,-1.7353,-34.384,0.69996,0.73766,-0.12439,-25.718,-0.19121,0.16143,-0.056538,-0.95578,-0.14874,0.040997,0.032598,1.3994,33.733,-0.18279,-36.621,2.4113,2.6922,0.50551,-23.912
12.4,-0.20056,0.18488,-0.066948,-0.97459,-0.13991,0.03653,0.031361,2.0567,30.111,-1.5971,-37.103,-0.076443,5.2824,1.0103,-25.279,-0.17748,0.19483,-0.063859,-0.97988,-0.14937,0.036298,0.035816,1.3232,33.419,0.85093,-35.815,1.5348,3.2946,1.2387,-25.16
12.5,-0.21514,0.18299,-0.07806,-0.95651,-0.13928,0.03919,0.033482,-0.70588,31.164,-0.31598,-36.569,2.0697,3.4928,0.7967,-24.134,-0.18866,0.16904,-0.057671,-0.99127,-0.15039,0.04396,0.037693,1.2621,34.944,-1.0974,-36.984,1.6719,1.5808,-0.18458,-23.361
12.6,-0.19205,0.19283,-0.084303,-0.96863,-0.14452,0.04158,0.031431,-0.28909,30.679,-2.2448,-35.46,1.4352,3.7042,2.1536,-27.089,-0.17503,0.18951,-0.075359,-0.9667,-0.15605,0.036014,0.037526,2.4284,33.199,-0.92163,-36.957,0.75599,3.3287,0.04896,-25.414
12.7,-0.19622,0.1698,-0.094743,-0.95633,-0.15035,0.049871,0.033403,2.3124,32.299,-2.239,-35.08,1.1417,3.5099,0.60132,-24.269,-0.16542,0.18523,-0.059536,-0.97541,-0.15537,0.046783,0.032264,-1.0905,34.63,-0.12954,-36.197,0.25083,3.1433,-1.9499,-23.814
12.8,-0.16868,0.1814,-0.063794,-0.9666,-0.14241,0.036498,0.033095,-0.3747,31.368,-1.7814,-36.204,0.68852,4.0806,2.26,-24.944,-0.16724,0.16324,-0.058152,-0.96588,-0.15691,0.050129,0.031417,0.78339,33.045,-0.9179,-36.76,1.0049,3.2296,2.4915,-23.662
12.9,-0.16572,0.17759,-0.082664,-0.95814,-0.1365,0.045057,0.030238,1.7682,31.825,-0.78674,-38.069,0.1117,4.6817,1.5311,-26.496,-0.15342,0.15219,-0.099379,-0.96133,-0.1451,0.05026,0.032418,2.2633,33.538,-0.86636,-37.632,0.87755,5.7674,0.48433,-23.753
13,-0.17875,0.16118,-0.0868,-0.95849,-0.14802,0.05068,0.028579,0.33503,32.291,-2.23,-37.946,1.2891,5.559,-0.82366,-23.845,-0.13776,0.15734,-0.08687,-0.99628,-0.15435,0.044328,0.036331,-1.9543,33.352,-1.0559,-36.505,2.0169,4.2869,0.30544,-23.961
13.1,-0.16125,0.18111,-0.084253,-0.96571,-0.15655,0.051515,0.026342,-1.5403,34.047,-2.0055,-37.587,2.7275,3.7485,0.07438,-23.46,-0.13484,0.1647,-0.08599,-0.97712,-0.14945,0.047274,0.033618,-1.3204,34.211,0.10637,-38.77,0.62092,4.1193,0.91435,-22.671
13.2,-0.16415,0.16769,-0.069082,-0.96992,-0.14455,0.051316,0.029945,1.0137,31.583,-1.025,-38.089,0.51896,4.8018,1.245,-22.991,-0.12162,0.16941,-0.076254,-0.98497,-0.14419,0.050551,0.034338,-0.60022,32.985,-1.8197,-39.662,-0.078125,6.3326,1.0308,-22.827
13.3,-0.15072,0.18813,-0.093632,-0.9531,-0.13871,0.050929,0.034128,1.0498,32.52,-2.1642,-38.757,0.44668,6.3669,-0.89995,-22.216,-0.13067,0.16528,-0.068927,-0.9879,-0.15005,0.042578,0.020851,1.3345,33.445,-1.071,-39.216,0.90537,5.1858,0.65246,-22.201
13.4,-0.11604,0.16088,-0.080901,-0.97584,-0.13808,0.049979,0.02833,-1.6304,33.334,-1.383,-40.36,1.3127,4.1481,0.30606,-23.797,-0.096766,0.14863,-0.074254,-0.95417,-0.14445,0.057982,0.034396,-0.45235,33.111,-2.251,-40.806,1.0307,5.2691,1.0346,-20.821
13.5,-0.11146,0.17657,-0.084237,-0.98015,-0.14729,0.061405,0.028742,-0.6769,32.918,-1.7224,-40.874,-0.43446,7.0072,-0.29984,-24.485,-0.10235,0.15352,-0.068626,-0.9749,-0.14449,0.061076,0.023826,-0.31877,32.359,-1.9853,-41.738,0.40722,6.8213,-0.21246,-22.249
13.6,-0.12999,0.16927,-0.097033,-0.97349,-0.13245,0.063258,0.031819,0.50712,32.712,-1.0479,-41.373,1.3172,5.4487,0.72799,-22.916,-0.10692,0.14795,-0.067041,-0.95773,-0.14154,0.057169,0.025974,1.6292,33.849,-0.49594,-41.395,-1.4762,6.7573,0.085296,-20.935
13.7,-0.12787,0.16068,-0.086207,-0.96797,-0.13943,0.062989,0.020623,-0.11705,32.591,-0.80866,-41.608,0.61545,6.758,0.21505,-21.606,-0.071038,0.1466,-0.086437,-0.97659,-0.14554,0.060518,0.019587,-0.5452,31.513,-2.0631,-40.392,0.17851,6.8682,0.56815,-21.43
13.8,-0.12117,0.15544,-0.086388,-0.96333,-0.14444,0.059654,0.022227,0.12936,31.327,-1.5285,-41.623,0.76608,7.5666,0.80617,-21.42,-0.075318,0.13738,-0.062192,-0.98098,-0.12536,0.05647,0.01937,-0.1998,33.287,-0.42262,-40.691,-0.51128,8.387,2.3819,-22.122
13.9,-0.1056,0.17174,-0.078967,-0.97303,-0.14118,0.066469,0.015751,0.69406,30.883,-2.6223,-40.64,0.36563,7.1284,1.9598,-21.301,-0.075481,0.16124,-0.067178,-0.98171,-0.13855,0.063627,0.019819,-1.2386,29.807,-2.6957,-40.6,-0.40833,7.3749,0.15242,-19.713
14,-0.083293,0.17887,-0.077204,-0.97964,-0.13434,0.060083,0.021088,-1.5653,31.055,-2.4277,-40.793,2.5197,7.1332,-0.21618,-20.629,-0.06446,0.16032,-0.078934,-0.96983,-0.14276,0.062448,0.014973,-0.49272,30.843,-0.91436,-42.21,1.0263,8.6682,-0.02237,-19.931
14.1,-0.097842,0.14534,-0.0806,-0.97728,-0.12901,0.069536,0.013039,-1.249,29.443,-1.9817,-41.396,1.1119,7.7161,1.0044,-20.54,-0.040819,0.13936,-0.065172,-0.98995,-0.13069,0.055485,0.013227,-0.24036,31.495,-2.9,-42.065,1.0418,7.2162,0.48245,-19.277
14.2,-0.075507,0.15483,-0.091391,-0.96174,-0.12821,0.061761,0.016792,-0.17851,29.199,-2.2913,-42.372,3.7741,7.753,0.84108,-20.558,-0.068674,0.14794,-0.057719,-0.98568,-0.12611,0.06757,0.0037329,-2.0859,29.444,-2.3955,-41.953,2.0414,9.3037,0.068415,-20.454
14.3,-0.083483,0.16633,-0.077895,-0.98959,-0.13119,0.06964,0.0097903,-0.57781,27.757,-3.423,-42.056,0.89032,9.1923,0.53553,-19.205,-0.051592,0.14861,-0.066864,-0.9988,-0.12998,0.052031,0.016854,-1.4315,29.248,-0.69437,-44.004,-0.42784,9.902,0.53804,-19.904
14.4,-0.071625,0.15425,-0.081592,-0.98438,-0.12838,0.068071,0.015881,-1.0196,28.851,-3.079,-42.753,1.6967,7.9442,1.2417,-21.903,-0.023926,0.12495,-0.063199,-0.97455,-0.12282,0.069602,0.0066297,-2.0157,30.721,-3.2138,-44.273,2.1355,8.6724,0.40739,-16.971
14.5,-0.059176,0.12812,-0.08336,-0.9856,-0.12344,0.071856,0.018577,-1.666,30.518,-1.2474,-43.249,0.6701,9.1163,2.3775,-20.347,-0.04376,0.12166,-0.076753,-0.98985,-0.1307,0.070576,0.0089993,-0.88087,28.361,-1.8065,-44.909,1.5274,10.551,-0.016777,-18.879
14.6,-0.038291,0.13783,-0.084489,-0.97565,-0.11624,0.072251,0.0076157,-0.43689,27.728,-2.6854,-42.335,0.71323,11.528,2.5995,-18.294,-0.040033,0.13301,-0.059236,-0.9939,-0.11957,0.071551,0.0095165,-2.1103,28.931,-2.1824,-45.084,-0.14358,10.009,1.7613,-16.721
14.7,-0.064241,0.13061,-0.072741,-0.96284,-0.12478,0.073752,0.0060625,-2.1419,28.821,0.4237,-46.489,0.83001,10.587,1.5202,-16.22,-0.026095,0.10961,-0.084432,-0.99958,-0.11673,0.076659,0.013057,-1.62,27.14,0.64498,-44.303,-0.95137,7.6288,2.323,-18.401
14.8,-0.052552,0.13881,-0.086858,-0.98761,-0.1265,0.073815,0.010219,-1.3458,27.046,-1.6038,-44.134,-0.54331,9.2543,1.4626,-18.146,-0.028707,0.13074,-0.076235,-0.99659,-0.12885,0.072423,0.014023,-1.6771,27.669,-0.62992,-45.639,0.90003,10.897,1.1073,-16.324
14.9,-0.033058,0.13076,-0.067998,-1.0026,-0.11877,0.0731,0.010148,0.9074,26.144,-2.2418,-45.952,2.0494,9.8375,0.78119,-19.622,-0.020596,0.13934,-0.075798,-0.98882,-0.11429,0.073525,0.0073707,-1.5179,27.326,-0.25398,-47.401,2.4889,9.025,1.7642,-15.66
15,-0.024573,0.10502,-0.065063,-1.0004,-0.12016,0.081541,0.011167,1.4114,26.99,-0.2355,-45.997,0.51909,9.3046,-0.51716,-17.507,-0.018148,0.11291,-0.075509,-0.98533,-0.12217,0.074275,0.0021182,1.1704,26.562,1.5795,-46.942,-0.28212,10.236,-0.36454,-17.741
15.1,-0.029257,0.12444,-0.082411,-0.99669,-0.11092,0.076347,0.0021418,-0.71522,24.794,-0.26609,-47.777,1.0772,10.071,-0.042797,-18.408,0.00045142,0.11908,-0.071782,-0.99879,-0.11267,0.084359,0.0025468,-1.6798,26.351,-0.61395,-44.607,1.0546,11.327,1.6904,-16.103
15.2,-0.021486,0.11684,-0.087239,-0.98611,-0.11409,0.08257,0.0031746,-2.9595,24.053,-0.72355,-48.903,0.45486,11.089,0.9648,-17.655,0.010621,0.11153,-0.079735,-0.99588,-0.11133,0.081336,-0.001152,-0.44261,24.791,-1.8971,-45.808,1.6979,11.67,0.34452,-15.724
15.3,-0.019739,0.12168,-0.072254,-0.98717,-0.11515,0.084764,0.006101,-1.9647,23.901,-1.5235,-47.669,1.5644,11.106,-0.32937,-17.715,0.011773,0.1138,-0.061213,-0.98563,-0.1101,0.085738,0.0019096,-2.4701,25.59,-2.2519,-47.481,1.1813,11.757,0.98944,-15.042
15.4,-0.0062934,0.10459,-0.072758,-0.98824,-0.10947,0.084116,0.0077372,-3.0443,22.815,-0.53703,-48.543,1.1366,11.835,1.4269,-16.524,0.026081,0.094017,-0.082795,-0.98651,-0.11053,0.089362,0.0034064,0.36297,24.301,-1.6427,-48.036,1.3274,10.96,0.43406,-16.069
15.5,-0.0028511,0.11264,-0.089555,-0.99682,-0.093696,0.081421,-0.00041434,-2.2599,24.354,-2.5354,-49.319,1.3042,13.295,0.94036,-16.335,0.050986,0.1069,-0.081582,-0.97965,-0.10659,0.078695,-0.0023654,-1.0514,22.698,-0.37722,-47.022,1.5474,11.773,1.4178,-15.418
15.6,0.014526,0.093177,-0.065143,-0.99261,-0.10027,0.092066,0.0012472,-1.4862,23.414,-2.5399,-47.798,0.55708,10.967,0.90739,-15.908,0.028803,0.10724,-0.082969,-0.97326,-0.097242,0.081478,0.0078362,-0.89047,24.365,-1.3908,-48.948,0.42849,11.966,-0.016859,-15.886
15.7,0.0057431,0.10151,-0.080546,-0.98486,-0.087548,0.079416,0.0083864,-0.58646,22.925,0.96465,-48.186,1.1392,11.736,-0.12182,-15.464,0.032011,0.091642,-0.068508,-1.002,-0.092602,0.097627,-0.0037085,-0.13273,23.248,-1.682,-48.836,-0.52528,11.949,1.2235,-12.932
15.8,-0.0090827,0.098598,-0.075684,-0.99598,-0.091761,0.08428,0.0020614,0.90263,21.9,-2.2335,-49.097,1.3978,12.632,1.1064,-16.131,0.038298,0.090468,-0.072845,-0.98547,-0.085535,0.096153,-0.005511,-0.53161,22.404,0.12239,-48.577,0.022101,12.275,0.62925,-13.339
15.9,0.012419,0.08142,-0.083136,-0.99281,-0.097032,0.092448,0.0011191,-0.8873,22.548,1.2688,-50.206,1.2118,11.223,0.82482,-15.763,0.060673,0.069074,-0.080767,-0.98646,-0.094611,0.091105,-6.2993e-05,-0.18345,23.339,-0.84624,-49.119,2.999,13.153,2.5774,-11.384
16,0.016842,0.089715,-0.078155,-0.98983,-0.097935,0.088495,-0.00019249,-1.5345,21.383,-0.076349,-49.851,-0.12578,13.757,0.76797,-13.68,0.062664,0.078267,-0.066439,-1.0053,-0.090985,0.090822,-0.0027921,-1.6544,21.095,-1.4629,-47.201,1.2481,12.591,-1.8015,-13.666
16.1,0.028333,0.089624,-0.075423,-0.99982,-0.084598,0.089321,-0.010426,-1.0504,22.168,1.0884,-48.477,1.3948,13.133,1.3653,-13.86,0.059005,0.07446,-0.069669,-0.99719,-0.090963,0.086231,-0.0037956,0.26635,21.623,-0.044761,-47.636,-0.86107,11.231,0.73892,-13.993
16.2,0.030202,0.092811,-0.061195,-1.0018,-0.084026,0.093378,-0.0045951,-1.0745,20.556,-0.40266,-50.842,-0.044901,14.699,0.93434,-12.794,0.055315,0.077432,-0.061534,-0.97601,-0.093487,0.099367,-0.0088902,-1.8678,21.698,-0.66402,-48.892,2.186,13.311,1.7617,-13.251
16.3,0.033532,0.079091,-0.075049,-0.99267,-0.0847,0.092901,-0.0084858,-2.3255,20.371,-0.098993,-51.294,-0.18943,14.285,1.0127,-13.468,0.050438,0.074609,-0.057151,-0.98506,-0.088169,0.089642,-0.0036651,-0.51356,20.472,0.89698,-49.108,2.6022,12.784,1.5422,-13.744
16.4,0.033534,0.079912,-0.081311,-0.99884,-0.075764,0.093429,-0.0039939,-2.9085,19.472,2.4327,-48.417,2.0712,12.899,2.8017,-10.732,0.073351,0.053315,-0.060891,-0.9876,-0.083099,0.085238,-0.010188,-1.4832,21.292,0.80083,-47.978,1.4574,12.764,-0.25518,-12.392
16.5,0.044544,0.085891,-0.070614,-0.98021,-0.077892,0.084817,0.0010627,0.59482,20.34,-0.54393,-47.475,1.6682,13.408,0.78002,-12.245,0.058551,0.04709,-0.060774,-1.0076,-0.098693,0.088271,-0.016434,-1.6073,20.076,-0.15084,-50.218,1.6161,13.866,1.8808,-12.909
16.6,0.082747,0.06976,-0.055073,-1.0028,-0.083324,0.085585,-0.00602,-1.0593,19.58,0.25496,-50.259,0.39929,13.502,0.063179,-12.447,0.082766,0.07297,-0.062619,-0.98277,-0.079354,0.084166,-0.016928,-1.3336,19.595,2.9167,-48.025,0.068686,15.12,1.1017,-11.768
16.7,0.054155,0.050818,-0.078383,-0.96677,-0.086767,0.097106,-0.017175,-1.7972,20.543,0.6901,-49.886,1.1882,13.434,-0.44519,-11.642,0.090969,0.052477,-0.060692,-0.97862,-0.077148,0.082162,-0.013554,-0.6854,19.794,-1.0188,-48.952,3.8088,14.917,1.1625,-11.225
16.8,0.059631,0.062468,-0.055487,-1.0044,-0.074115,0.088139,-0.011212,-0.53098,16.914,0.50226,-49.878,0.40713,14.955,-0.030176,-11.348,0.098663,0.032982,-0.068236,-0.99754,-0.076066,0.092109,-0.019172,0.36535,17.402,-0.92427,-48.606,3.4621,17.344,1.0923,-12.216
16.9,0.048471,0.046233,-0.084031,-0.9892,-0.084143,0.089835,-0.014567,-1.7878,16.731,0.34668,-48.279,0.42705,15.535,0.65368,-13.453,0.092293,0.036377,-0.063006,-0.99258,-0.07015,0.086317,-0.01182,-2.1822,16.769,2.0981,-48.64,-0.81391,13.586,2.0218,-10.104
17,0.066407,0.041688,-0.076404,-0.97995,-0.054542,0.094147,-0.010427,-1.3473,17.366,-0.091917,-48.751,1.1978,15.529,-1.0896,-12.676,0.092187,0.035817,-0.048081,-1.0112,-0.077023,0.084564,-0.022472,-2.179,17.695,-1.1423,-48.455,1.6159,14.777,-1.1613,-10.748
17.1,0.072924,0.048743,-0.070355,-0.9877,-0.062713,0.09454,-0.015145,-1.4228,16.203,0.5266,-48.852,-0.85628,16.758,-0.52395,-9.7731,0.086172,0.040755,-0.079623,-0.9961,-0.073959,0.085361,-0.017348,-2.5199,17.426,1.1053,-47.553,0.63192,15.564,0.64903,-8.6123
17.2,0.095269,0.029378,-0.067276,-0.98164,-0.076269,0.094018,-0.017425,-1.0116,16.083,-1.9452,-46.96,2.1885,16.488,0.02794,-11.102,0.1244,0.037678,-0.035959,-0.98296,-0.069501,0.084384,-0.019958,-2.7121,16.173,1.3958,-46.96,1.5392,15.586,0.49491,-9.5793
17.3,0.073611,0.022635,-0.06049,-0.99503,-0.066754,0.09723,-0.01907,-1.4416,13.522,0.97496,-46.565,0.44565,17.886,0.60732,-10.422,0.11437,0.034286,-0.051614,-0.98614,-0.064906,0.092389,-0.023983,-0.48805,15.912,1.0152,-47.34,-0.98985,14.955,-0.70899,-9.8657
17.4,0.083157,0.035985,-0.07304,-0.9998,-0.065094,0.085747,-0.0096672,-2.4982,14.564,1.2133,-46.168,0.66352,16.58,0.54618,-8.5978,0.10903,0.029669,-0.059407,-0.98295,-0.075445,0.093515,-0.024714,-1.4283,15.741,-0.91998,-45.962,-1.3451,17.627,2.5715,-9.2571
17.5,0.10396,0.025149,-0.060791,-0.98574,-0.061444,0.095794,-0.0167,-1.296,13.488,2.3154,-45.659,-0.33738,17.994,1.0008,-10.677,0.12696,0.018946,-0.045909,-1.0059,-0.070294,0.08537,-0.017074,-0.25424,16.005,0.1334,-44.222,1.686,15.682,0.66255,-7.7928
17.6,0.083853,0.03499,-0.041572,-0.99504,-0.060602,0.09551,-0.020594,0.82475,14.487,0.65978,-45.91,-0.65253,16.777,0.81404,-7.9865,0.1248,0.014673,-0.039392,-0.99147,-0.056173,0.085424,-0.01389,-2.6657,15.177,-0.35352,-46.271,-0.16141,16.569,-0.023709,-9.3974
17.7,0.098675,0.012229,-0.049554,-0.99585,-0.055627,0.091238,-0.0090405,-1.117,13.356,1.9546,-46.828,0.83184,18.003,0.81859,-8.0974,0.12269,0.010616,-0.029476,-0.99559,-0.055679,0.088646,-0.026723,-1.66,15.427,1.0923,-44.889,0.47011,15.449,-1.086,-7.2735
17.8,0.096089,0.014168,-0.045235,-0.99692,-0.055398,0.087721,-0.022365,-3.3933,11.36,1.0903,-47.273,1.6361,17.585,1.0794,-7.4609,0.13043,0.0041761,-0.058898,-0.9985,-0.065419,0.081664,-0.027704,-1.9839,13.207,1.7846,-46.414,-0.21706,16.899,-0.33556,-8.7128
17.9,0.10034,0.020881,-0.048427,-0.98936,-0.049148,0.084459,-0.026298,-0.76285,12.098,-0.85496,-46.655,0.94767,18.265,0.26186,-7.9126,0.13024,0.016091,-0.037275,-1.006,-0.06123,0.08735,-0.029042,-0.13576,14.893,0.52317,-45.955,-0.68086,17.24,0.16528,-4.7604
18,0.091159,0.016528,-0.030866,-1.0056,-0.057415,0.097468,-0.028131,-2.3395,11.086,1.6102,-46.151,0.1548,16.293,1.1571,-8.9385,0.13668,-0.0069504,-0.038824,-1.0105,-0.067558,0.08828,-0.034236,-1.2211,14.318,0.43754,-43.088,-1.0481,16.327,0.93014,-8.9546
18.1,0.10966,-0.0076514,-0.058239,-0.99034,-0.049924,0.091564,-0.026131,-2.7532,11.889,0.19725,-45.162,1.7279,18.79,0.038157,-6.4696,0.14886,-0.017414,-0.041461,-0.97218,-0.055549,0.063962,-0.026978,-0.51323,13.91,0.90765,-43.975,0.44241,16.853,-0.22629,-6.7706
18.2,0.10891,-0.016124,-0.049645,-0.97828,-0.04821,0.080143,-0.022535,0.29671,10.748,1.1572,-47.153,0.98743,18.627,-0.87031,-7.5452,0.14014,0.0048076,-0.04285,-1.0032,-0.050244,0.086406,-0.026348,-2.2357,14.228,0.061039,-44.954,-1.7112,14.919,1.0887,-6.5573
18.3,0.10964,0.00023751,-0.064555,-0.99844,-0.041014,0.079198,-0.027467,-1.0549,11.436,1.2017,-42.849,-0.17011,19.073,0.73307,-6.8814,0.13248,-0.009962,-0.031369,-0.98183,-0.055843,0.084639,-0.027616,-2.1389,12.094,1.5554,-43.504,-0.66903,16.712,-0.58798,-6.605
18.4,0.10941,-0.021717,-0.027764,-0.99072,-0.04512,0.083234,-0.032908,-1.1476,10.272,2.7074,-44.578,-0.30087,17.454,1.0893,-5.8743,0.1322,-0.014082,-0.038857,-0.97959,-0.054507,0.079899,-0.030434,-1.49,10.456,-0.266,-43.195,-1.116,15.38,0.7504,-5.7792
18.5,0.12391,0.0016102,-0.057148,-0.98053,-0.043133,0.091498,-0.03055,-1.8487,9.9616,2.6674,-44.361,0.72842,18.219,2.912,-5.7226,0.13797,-0.037843,-0.010313,-1.0096,-0.042576,0.071607,-0.029129,-1.5848,9.7149,1.1203,-43.105,1.5998,15.925,1.7257,-5.2514
18.6,0.13314,-0.043983,-0.04021,-0.98658,-0.043098,0.074255,-0.044027,-1.1604,8.4336,0.59377,-44.898,0.094133,17.67,1.3234,-6.1951,0.14481,-0.030107,-0.032315,-0.98675,-0.040009,0.086282,-0.031426,-1.1317,12.261,1.496,-44.593,-1.1383,17.995,1.3335,-6.5315
18.7,0.11352,-0.035392,-0.0078086,-0.98897,-0.031915,0.076068,-0.032809,-2.4933,8.6136,1.5217,-44.948,0.18278,18.721,2.0696,-6.2669,0.15564,-0.039106,-0.022934,-0.9929,-0.039883,0.081197,-0.032312,-0.945,10.577,1.0579,-42.025,0.14565,15.074,1.9031,-4.7462
18.8,0.13176,-0.01623,-0.029142,-0.98192,-0.035556,0.081001,-0.031648,-0.9603,8.0124,0.74473,-43.334,-0.40615,19.343,0.011623,-3.8872,0.14262,-0.045111,-0.029393,-0.99671,-0.044628,0.08768,-0.03109,0.28659,11.017,2.7033,-40.896,-0.26239,14.778,0.9792,-3.3246
18.9,0.11983,-0.028906,-0.04211,-0.97212,-0.032746,0.076137,-0.026791,-0.92341,7.3972,-0.20045,-42.845,0.77466,17.329,0.56863,-5.0798,0.14099,-0.038912,-0.0097628,-0.9844,-0.03657,0.070258,-0.031513,-3.3794,10.71,-0.0062297,-41.992,1.3788,15.56,0.90653,-3.8697
19,0.1163,-0.038138,-0.023278,-0.99564,-0.030408,0.081763,-0.031835,-1.3815,8.8885,1.3722,-43.47,0.94491,17.965,2.0345,-4.6682,0.15334,-0.044764,-0.026295,-0.98035,-0.039382,0.082021,-0.028492,-1.5944,9.3229,0.55715,-41.74,-0.41179,17.02,-0.39809,-3.6327
19.1,0.12895,-0.042954,-0.025499,-1.0082,-0.029018,0.076393,-0.037334,-0.8495,5.1878,0.59869,-42.21,-0.47591,17.377,0.3817,-4.1039,0.14992,-0.026882,-0.024228,-0.98601,-0.039358,0.08216,-0.030142,-2.2795,8.0587,-0.25643,-42.251,-0.18414,17.282,-1.2517,-4.4735
19.2,0.15531,-0.032431,-0.038705,-0.99212,-0.025173,0.077007,-0.025953,0.50018,4.7014,0.37118,-42.776,-0.37687,16.547,1.081,-5.1867,0.16813,-0.034651,-0.017186,-0.97398,-0.02053,0.076305,-0.031098,-1.3231,9.895,0.65393,-41.706,0.14035,15.902,1.1052,-3.1786
19.3,0.1228,-0.052381,-0.035773,-0.99729,-0.021931,0.078191,-0.031711,0.852,5.9106,0.17225,-43.601,-1.2964,17.842,0.18704,-2.9704,0.16557,-0.048445,-0.0079687,-0.9852,-0.022799,0.083455,-0.033276,-0.64503,8.3425,-0.11299,-42.254,0.40218,15.526,-0.38063,-1.3804
19.4,0.13729,-0.035222,-0.023161,-0.98524,-0.026779,0.073227,-0.037223,-3.8448,7.1935,0.32301,-40.449,0.52355,18.785,-0.11349,-2.8228,0.15543,-0.062171,-0.020394,-0.99052,-0.021951,0.076864,-0.021627,-0.87068,8.421,1.6238,-40.504,0.58399,15.513,1.1814,-1.7555
19.5,0.14334,-0.033293,-0.023103,-0.99516,-0.02325,0.074083,-0.029263,-2.9018,4.0579,0.17046,-39.046,-0.25643,17.99,2.2643,-4.8002,0.17508,-0.048677,-0.010715,-0.98148,-0.025991,0.075395,-0.034639,-1.369,7.5532,0.78756,-39.815,0.54447,13.554,1.125,-0.17999
19.6,0.14439,-0.040957,-0.01424,-0.97428,-0.023029,0.070868,-0.032034,-0.43198,5.0642,0.6257,-39.719,0.28395,16.536,-1.2135,-3.7122,0.1717,-0.050359,0.010135,-0.98968,-0.020159,0.071543,-0.022458,0.033435,7.4301,-0.81827,-38.491,-1.1944,17.346,0.096297,-2.3968
19.7,0.10966,-0.053141,-0.04097,-0.98387,-0.019336,0.07559,-0.022318,-3.5418,5.2379,1.855,-41.67,-1.444,17.105,0.11516,-4.1362,0.15576,-0.05655,-0.0014624,-0.98868,-0.029716,0.082837,-0.035565,0.30114,5.5526,1.1854,-38.638,-0.5707,14.167,0.3717,-3.3376
19.8,0.13504,-0.056528,-0.016859,-0.9866,-0.014955,0.069551,-0.031271,-1.2125,5.9419,0.95982,-38.658,-0.81656,14.892,-1.3744,-3.9823,0.16722,-0.071816,-0.015569,-0.96933,-0.020626,0.062106,-0.025404,-2.1099,6.5488,0.69833,-38.496,0.18218,13.999,-0.086263,-2.4438
19.9,0.13908,-0.061861,0.00017116,-0.96807,-0.019497,0.075052,-0.025835,-0.63946,4.4685,-0.64858,-40.975,-0.97555,16.692,2.0632,-4.6894,0.16305,-0.057623,0.0092988,-0.98468,-0.012435,0.066359,-0.028572,-0.43952,5.9061,0.54819,-38.674,-1.7008,13.805,-1.2893,-0.77322
20,0.13823,-0.08031,-0.003372,-0.99284,-0.01517,0.079944,-0.030897,-0.49457,1.2449,1.4231,-40.72,-1.0833,15.919,-0.18943,-3.0524,0.16936,-0.080474,-0.018039,-0.96863,-0.013662,0.075242,-0.024932,-2.4484,4.9728,1.3912,-39.219,-0.81346,12.714,-1.2327,-1.3717
20.1,0.13882,-0.067921,-0.0073691,-0.97845,-0.015074,0.065603,-0.027456,-1.7434,0.34892,2.2227,-40.737,-1.2613,15.788,1.4789,-5.055,0.17483,-0.058278,0.0044656,-0.96983,-0.0093142,0.068296,-0.027662,-0.49908,5.7573,0.76755,-38.847,-0.82863,14.485,0.26991,-2.0131
20.2,0.12676,-0.059894,-0.011733,-0.9929,-0.011397,0.060437,-0.020553,-2.392,2.5192,0.95935,-39.404,-0.44006,15.841,0.57701,-4.3924,0.17035,-0.077516,-0.017082,-0.99436,-0.011325,0.067631,-0.024942,-0.7858,4.99,0.54807,-36.938,-0.053169,13.273,0.053215,-0.94662
20.3,0.14293,-0.08822,-0.013848,-1.0015,-0.0040532,0.071052,-0.02884,-1.4166,4.8379,-0.70419,-38.996,-0.6384,15.581,0.13184,-4.9382,0.14861,-0.079446,0.010227,-0.97505,-0.0089171,0.060186,-0.036442,-2.3952,4.6636,1.135,-37.894,-0.42416,12.884,0.15896,-1.8065
20.4,0.13702,-0.069406,-0.0054698,-0.99528,-0.00076185,0.071165,-0.024425,-1.5316,2.4431,0.1121,-38.67,-1.257,14.641,0.9121,-5.6248,0.19656,-0.075531,0.0043759,-0.98567,-0.014478,0.063032,-0.028065,-1.3527,5.4262,-0.40503,-38.406,-0.033236,13.634,0.14804,-2.6099
20.5,0.1497,-0.087204,-0.021583,-0.97834,-0.013653,0.068669,-0.028844,-0.037412,-0.3489,1.5407,-38.076,-0.072075,16.528,2.0047,-4.5867,0.17649,-0.096106,-0.015466,-0.99886,-0.0023558,0.063805,-0.024771,-0.029451,2.5698,2.3973,-36.135,-0.9137,13.565,2.3826,-2.3428
20.6,0.13012,-0.092454,0.0066849,-0.9997,-0.0062095,0.060498,-0.026822,-1.3988,1.468,0.1453,-35.38,-1.7221,16.174,-1.3893,-4.0575,0.17213,-0.092892,-0.0020342,-0.98047,-0.0036484,0.061722,-0.033794,-0.67944,4.91,-0.62144,-36.101,-1.4998,12.033,1.2685,-2.9895
20.7,0.14271,-0.096736,-0.015012,-0.98462,-0.013983,0.065254,-0.019981,-1.37,0.60202,0.28072,-37.909,0.43381,15.649,-2.9877,-5.7288,0.15976,-0.099908,0.014043,-0.98187,-0.0051894,0.058223,-0.026259,-0.86922,3.5164,2.5459,-35.536,-0.6096,8.5968,0.39827,-4.4453
20.8,0.15118,-0.075476,-0.0031896,-0.98975,-0.0082718,0.061247,-0.02851,-1.9749,-0.33495,0.40531,-37.272,-2.4874,15.115,-0.89595,-4.8646,0.20621,-0.088273,0.0074791,-0.98638,-0.0070682,0.066154,-0.019167,1.0075,3.2276,1.6087,-35.445,-0.97047,9.1746,-2.0916,-3.0853
20.9,0.14195,-0.081608,0.016606,-0.97823,-0.0054249,0.057196,-0.018363,-1.4071,-1.219,0.18264,-36.56,0.26391,14.542,0.15135,-5.9842,0.18008,-0.089364,0.022948,-0.98256,0.0018933,0.059928,-0.014565,-0.73518,0.93568,1.4297,-36.538,-0.96804,11.248,0.7289,-4.2219
21,0.1627,-0.1138,-0.0078826,-0.97127,-4.8991e-07,0.062556,-0.021138,-0.88687,-2.3977,1.4048,-35.573,-1.3138,12.892,0.10667,-6.7361,0.17842,-0.10604,0.0071561,-0.96609,-0.0035432,0.067143,-0.018671,-2.7523,2.0121,-0.73928,-34.507,0.16406,10.68,0.067004,-2.2218
21.1,0.13295,-0.089837,0.011571,-0.97459,0.0012527,0.059485,-0.011655,-0.7589,-0.86965,1.0231,-36.65,1.3145,14.37,0.59665,-6.5975,0.18316,-0.11261,0.023242,-0.9967,-0.0022137,0.059653,-0.020426,-1.2389,-0.25282,1.6043,-35.842,-2.0247,13.265,0.5551,-2.3474
21.2,0.14765,-0.10662,0.022981,-0.98787,0.0044144,0.058225,-0.021537,-0.097269,0.43713,1.1941,-37.493,-0.79041,14.828,1.1284,-6.6995,0.17173,-0.10305,0.023547,-0.99377,-0.0055135,0.067831,-0.014206,-0.9513,0.8396,0.92244,-34.776,-0.18431,11.322,-1.6339,-3.2229
21.3,0.14334,-0.10705,0.0011463,-0.98329,0.0044848,0.053716,-0.014448,-0.2296,-1.9443,0.3767,-36.635,-0.98896,11.613,-0.50504,-6.7386,0.18263,-0.11034,0.046775,-1.0046,0.0060495,0.050449,-0.01214,0.070841,1.1936,0.69668,-33.699,0.72556,7.5633,0.025409,-3.3328
21.4,0.14261,-0.11413,0.0109,-0.95803,-0.0017257,0.058269,-0.010182,-1.1841,-1.9638,0.085642,-35.63,-0.28503,13.937,-0.9551,-6.0834,0.1671,-0.091452,0.013191,-0.9893,0.0031099,0.059663,-0.010382,-1.1929,-1.7706,1.4564,-35.343,-1.5066,10.056,0.90026,-3.7935
21.5,0.15214,-0.10944,0.012343,-0.9939,0.0042351,0.055819,-0.01736,-1.0623,-1.4738,0.92054,-34.573,-0.34383,13.974,-0.86985,-5.8399,0.17634,-0.11175,0.015669,-0.97837,0.010208,0.056938,-0.018324,-1.4206,-0.52597,0.69775,-33.515,-1.1604,7.9658,-2.2681,-5.5681
21.6,0.15468,-0.12075,0.0012918,-0.98799,0.0025834,0.045265,-0.012011,-1.7421,-2.1876,-0.30528,-34.356,-1.5246,12.211,0.42429,-7.3283,0.16109,-0.10959,0.016545,-0.97161,0.0069228,0.043324,-0.013335,-1.8485,-1.9508,0.0056328,-31.318,-1.611,9.1442,0.33927,-4.4157
21.7,0.14724,-0.10195,0.0010353,-0.9868,-0.0028128,0.045876,-0.009864,0.33453,-3.9253,-1.6725,-34.532,-1.0206,9.8389,-1.3414,-7.1095,0.17645,-0.13731,0.037146,-0.98691,0.0067685,0.053723,-0.01193,0.20196,-0.22135,1.4257,-32.969,-0.91782,9.6178,-0.9088,-4.942
21.8,0.15101,-0.12357,0.010896,-0.98131,0.010905,0.049485,-0.018086,-1.2463,-3.3111,-1.2866,-34.462,-0.064782,12.68,-1.6053,-6.9625,0.18066,-0.11906,0.023447,-0.97752,0.0050213,0.050097,-0.0029695,-1.1643,-1.0861,2.4758,-32.219,-0.43184,8.2741,-0.28179,-4.8781
21.9,0.13231,-0.1157,0.019887,-0.96875,0.0072654,0.0517,-0.0049889,-1.9457,-2.9153,-0.6237,-32.92,0.95784,9.8693,1.8036,-5.2607,0.16852,-0.12925,0.014094,-0.97568,0.0036753,0.046431,-0.012099,-0.14822,-2.4767,1.2286,-32.209,-0.93139,8.2789,-1.8742,-4.5588
22,0.13121,-0.12463,0.02022,-0.99118,0.012507,0.04073,-0.0071984,-0.3044,-4.7754,-1.0974,-33.28,0.4713,11.62,0.33631,-10.363,0.16367,-0.1264,0.026643,-0.98348,-8.231e-05,0.048098,-0.0037712,-1.4197,-2.1873,0.4409,-31.402,-1.0716,7.1865,0.22609,-4.0787
22.1,0.11305,-0.11919,0.033872,-0.99934,0.0081625,0.042332,0.0049457,-0.64675,-4.0367,1.5374,-32.764,-1.9279,9.6458,-2.6612,-9.8538,0.17022,-0.11977,0.049649,-0.97228,0.0050884,0.04553,0.0058367,0.52113,-3.0432,1.6462,-33.048,-1.6178,7.2223,-0.75413,-5.61
22.2,0.14162,-0.13269,0.029349,-0.97877,0.0060037,0.049656,0.0016898,-0.55085,-5.8304,-0.79859,-31.729,-0.61213,11.479,-0.40878,-9.0538,0.17509,-0.1405,0.020051,-0.99354,-0.0014886,0.046769,-0.0080035,-0.24917,-3.1729,1.271,-30.866,-0.70915,7.7288,0.5509,-5.3121
22.3,0.15406,-0.12113,0.012585,-0.99667,0.018171,0.04605,-0.006832,-1.1972,-4.3714,1.6325,-32.283,-1.0766,9.9501,-0.40027,-7.2187,0.17497,-0.12719,0.026608,-0.98008,0.014074,0.033348,-0.0014543,0.41558,-2.4428,1.2524,-31.337,0.0021757,5.3831,-0.97331,-4.9429
22.4,0.13748,-0.11774,0.029862,-0.97407,0.006794,0.045856,-0.0014564,-2.0243,-6.3114,1.2474,-32.435,-1.2332,11.031,-0.88319,-8.0853,0.18571,-0.13592,0.036721,-0.99648,0.0046316,0.039644,0.0047665,-1.2504,-2.7239,0.88047,-30.617,-0.7363,7.01,-0.42193,-3.8544
22.5,0.1364,-0.13191,0.027227,-0.99534,0.015446,0.04516,-0.0061805,0.11548,-5.7554,0.79587,-30.552,-2.136,8.3007,-1.3656,-10.959,0.15735,-0.12953,0.037003,-0.97686,0.0070684,0.040695,0.0050865,-1.4369,-4.0552,1.074,-30.535,-0.49823,5.2623,-1.5122,-6.059
22.6,0.14842,-0.11816,0.023268,-0.97393,0.019496,0.043077,0.0043559,-2.3089,-7.2134,-1.47,-33.236,0.36686,10.127,-0.53924,-11.508,0.14474,-0.14291,0.023527,-0.96385,0.0023401,0.042468,0.013195,0.49979,-4.6172,1.1276,-29.196,-1.4501,5.9174,-0.11858,-7.0307
22.7,0.12815,-0.12441,0.051074,-0.98743,0.012569,0.025047,0.00011616,1.6489,-6.8068,0.6191,-30.327,0.031136,9.5785,-0.97257,-10.932,0.16628,-0.1336,0.038693,-0.95899,0.012446,0.043287,-0.00082909,0.32432,-4.9796,1.1875,-29.55,-0.29074,3.3038,0.15903,-5.5797
22.8,0.15853,-0.12933,0.010626,-0.98641,0.012365,0.032536,-0.0052444,0.19797,-6.2177,-0.98361,-32.404,-0.633,8.3529,-0.37217,-10.544,0.16783,-0.13708,0.02727,-0.97133,0.021231,0.032401,0.0036818,0.039704,-6.1733,1.1996,-29.158,-0.31308,4.2626,-0.15363,-6.9427
22.9,0.13255,-0.13152,0.033256,-0.97576,0.011344,0.030506,0.010204,-2.4918,-5.9013,-0.036284,-31.92,-1.9465,11.395,-1.4325,-10.907,0.17468,-0.13261,0.031917,-0.96026,0.011162,0.024845,0.0038372,-1.4334,-7.3935,-0.84433,-28.462,-2.5835,5.9063,0.62379,-7.7565
23,0.13786,-0.14214,0.027743,-0.97453,0.016169,0.021357,0.0083244,-2.3762,-8.0413,0.69494,-32.013,-1.4164,8.3226,-1.9238,-9.4583,0.16976,-0.12164,0.020439,-0.95964,0.011695,0.029726,0.0022414,-1.3403,-6.7134,0.63378,-28.722,-1.173,2.0481,-0.54972,-7.7044
23.1,0.13844,-0.13693,0.0033034,-0.96939,0.013231,0.024869,0.00050575,-0.37832,-8.9397,2.1864,-30.68,-0.69694,8.2822,0.29282,-12.095,0.15863,-0.1381,0.014466,-0.99222,0.016462,0.029349,0.0092591,-0.73226,-5.3843,1.3257,-29.223,-3.371,3.4257,-0.26,-6.6779
23.2,0.12178,-0.15341,0.025475,-0.98189,0.017096,0.030616,0.0096346,-0.37958,-9.4629,1.2664,-30.572,-0.94728,6.699,-1.3094,-10.723,0.17245,-0.15416,0.016445,-0.97028,0.018545,0.035467,0.0071001,-0.23613,-6.4519,-0.94683,-28.321,-2.1294,2.9593,0.58005,-7.3186
23.3,0.13856,-0.14957,0.024299,-0.97508,0.011542,0.022115,0.014797,-0.48772,-10.729,0.93003,-31.189,-1.1323,7.2146,-1.5063,-13.026,0.15808,-0.15176,0.027814,-0.96739,0.015131,0.038471,0.016637,0.34122,-7.382,1.0885,-29.086,-1.5122,4.0172,-1.7123,-8.122
23.4,0.12982,-0.14586,0.022318,-0.9659,0.013501,0.022978,0.011959,-0.70941,-8.1588,-0.47102,-28.882,-0.14797,6.7894,0.54705,-11.473,0.1485,-0.14017,0.026125,-0.96685,0.016067,0.024541,0.0093607,-0.3193,-8.3202,1.2428,-27.356,-0.39595,2.5816,0.86122,-8.081
23.5,0.13536,-0.17178,0.029766,-0.95772,0.021831,0.028554,0.016447,-1.5203,-10.506,0.68958,-29.19,-2.967,6.7122,-1.7645,-12.663,0.14578,-0.15078,0.034899,-0.98019,0.010207,0.018962,0.0018256,-1.2325,-8.238,0.46224,-26.845,0.023716,2.4217,0.29683,-7.8779
23.6,0.13678,-0.15385,0.0059249,-0.9625,0.022762,0.018286,0.018526,-0.70015,-11.984,0.64611,-28.973,0.28655,6.7343,-1.6444,-13.823,0.14907,-0.14885,0.025266,-0.98536,0.017929,0.023168,0.0085779,-2.1798,-8.3162,1.2992,-25.959,0.18451,3.5244,-1.6989,-7.9642
23.7,0.13279,-0.14953,0.044902,-0.9898,0.015002,0.014993,0.017011,-0.9822,-11.634,1.7016,-28.996,0.3588,7.4805,-2.9856,-15.005,0.1445,-0.16365,0.022975,-0.97447,0.023729,0.0161,0.014586,-0.10221,-7.5385,-0.54726,-26.587,-0.97857,2.4272,-0.10101,-6.9162
23.8,0.12324,-0.15449,0.016233,-0.98331,0.020076,0.025101,0.017822,-0.39413,-10.913,1.4215,-27.366,-1.8873,8.0351,-0.95035,-12.164,0.15642,-0.16057,0.029521,-0.96938,0.025105,0.028286,0.017772,-0.81626,-8.9278,0.046112,-26.918,-1.1118,4.0968,0.3451,-9.0587
23.9,0.12845,-0.15963,0.023787,-0.97329,0.028305,0.015756,0.02401,-1.4691,-10.163,-0.15669,-26.726,2.0849,5.0302,-2.1789,-14.341,0.16331,-0.15463,0.018228,-0.96198,0.015294,0.01362,0.0216,-0.98225,-6.5939,1.2436,-25.972,1.1095,0.30626,1.6112,-9.3434
24,0.11261,-0.14621,0.02067,-0.97853,0.025267,0.021088,0.020421,-3.0158,-11.966,-0.23329,-26.672,-0.56246,7.3305,-0.46887,-13.619,0.15642,-0.13712,0.029572,-0.98387,0.012603,0.021742,0.015548,-0.76448,-8.3005,-0.97783,-25.459,-0.21428,3.3551,-1.1614,-7.8288
24.1,0.1184,-0.16266,0.008011,-0.96727,0.026805,0.011424,0.017187,-1.4995,-13.126,1.4573,-26.569,-1.2666,4.8229,-0.97777,-13.679,0.15369,-0.1673,0.01644,-0.97146,0.00833,0.015508,0.01558,-0.85055,-9.9145,-0.35919,-24.538,-0.56511,1.4862,-0.89965,-8.8119
24.2,0.12754,-0.1433,0.017476,-0.96463,0.02048,0.008005,0.01947,-0.23919,-10.453,1.3666,-26.707,0.96607,6.5971,-1.7462,-15.423,0.14415,-0.14797,0.024093,-0.96487,0.024462,0.0060236,0.01346,-0.99115,-10.978,0.63812,-24.081,-2.1393,2.0267,0.027797,-8.3909
24.3,0.12279,-0.14477,0.021528,-0.98849,0.031089,0.01103,0.017672,-0.36279,-14.203,0.71365,-26.781,-0.82577,5.7434,-1.5843,-15.524,0.15029,-0.17274,0.01882,-0.97957,0.018994,0.014575,0.020138,-0.84444,-9.7375,1.6172,-25.55,1.18,2.1516,0.039645,-9.2198
24.4,0.10961,-0.16126,0.0032462,-0.98321,0.024479,0.012112,0.023564,0.21514,-13.232,-0.47834,-26.497,-0.86904,7.6773,-0.48884,-15.046,0.14974,-0.16442,0.018656,-0.9755,0.022896,0.02097,0.018171,-1.841,-9.5839,1.0657,-24.698,-0.051738,-0.76978,-2.2125,-9.822
24.5,0.12174,-0.15884,0.028924,-0.98342,0.031909,0.0017475,0.029189,-1.7012,-12.655,-2.9643,-25.959,0.3779,6.1646,-1.5585,-16.61,0.13228,-0.1443,0.034511,-0.99179,0.021669,0.021664,0.013365,-1.4649,-10.535,1.6671,-24.76,-0.56293,1.959,-1.0893,-11.48
24.6,0.11023,-0.14858,0.015234,-0.98851,0.024715,0.0093498,0.01654,-1.6588,-13.807,1.0921,-23.412,0.71169,3.8429,-1.0078,-15.591,0.16586,-0.17201,0.02361,-0.96518,0.027477,0.014591,0.021148,0.57824,-12.263,1.7208,-23.667,-1.388,2.4353,-2.0442,-11.296
24.7,0.13147,-0.15716,0.018931,-0.97866,0.027701,0.006037,0.024387,-0.99697,-14.224,0.0085955,-24.284,-0.24834,4.7376,-1.4172,-17.23,0.14431,-0.17367,0.031884,-0.97942,0.023821,0.012199,0.02529,-0.099924,-11.279,-0.56847,-22.137,0.29959,0.85079,-2.0408,-11.037
24.8,0.10778,-0.13804,0.00048691,-0.98109,0.021116,0.0072568,0.023424,0.79238,-14.648,0.94837,-25.372,-0.19625,6.1945,-1.9741,-15.332,0.14847,-0.1605,0.022571,-0.97515,0.025963,0.00226,0.02558,-1.6908,-12.853,0.077723,-21.432,1.187,0.86182,-1.477,-12.687
24.9,0.10115,-0.15699,0.033892,-0.98246,0.032221,0.0011727,0.023429,0.68664,-15.066,0.31096,-25.082,1.0047,5.8698,-1.8784,-18.856,0.12206,-0.17543,0.012624,-0.97677,0.025017,0.0073664,0.017967,-1.0245,-12.497,0.8106,-23.228,-0.72188,1.2503,-1.1421,-11.062
25,0.11649,-0.15217,0.019493,-0.96141,0.0276,-0.0091084,0.013298,-2.0559,-16.304,3.1311,-25.524,0.23662,4.0968,-2.2664,-18.642,0.12974,-0.16922,0.018218,-0.98055,0.023513,0.0010844,0.0293,-0.54992,-11.644,1.3991,-21.59,0.76257,0.7246,0.59259,-10.801
25.1,0.098896,-0.14004,0.01287,-0.97915,0.020819,-0.0012687,0.019991,-2.0184,-15.839,0.32616,-23.057,0.58498,4.8117,-0.28809,-16.234,0.15383,-0.1688,0.011102,-0.98704,0.032088,0.012152,0.027597,-1.1759,-13.869,0.80507,-22.27,1.3016,0.4986,-2.8519,-12.31
25.2,0.086696,-0.17334,-0.0039224,-0.98255,0.026098,0.0019109,0.033528,-1.5959,-16.613,0.96765,-23.687,0.36584,6.266,-0.46566,-18.198,0.12973,-0.16112,0.016714,-0.9642,0.028292,-0.0013845,0.017736,-2.0702,-11.376,1.5682,-20.629,0.72362,3.6477,1.5528,-14.049
25.3,0.10895,-0.15062,0.013369,-0.95883,0.029517,0.0097631,0.023063,-3.6951,-18.274,0.33707,-24.876,-1.5741,5.0577,0.075228,-18.791,0.15306,-0.15876,0.015218,-0.96372,0.029221,0.0072795,0.027509,-1.1979,-15.932,-0.23457,-20.61,0.22038,-0.12223,0.86864,-12.504
25.4,0.094581,-0.15034,-0.0033386,-0.98142,0.036551,-0.0026921,0.026115,-1.4781,-17.384,0.13713,-23.379,-0.16673,6.0081,-0.51262,-19.627,0.14482,-0.17763,0.029682,-0.97343,0.031769,0.0041862,0.025771,-1.7624,-14.488,-1.0551,-21.321,-1.0229,-0.31116,1.0726,-12.565
25.5,0.08705,-0.15106,0.0027606,-0.99565,0.02932,-0.0029634,0.020483,-0.15398,-17.061,1.5444,-21.061,-0.25725,5.9198,-1.5872,-19.362,0.1318,-0.16372,0.01981,-0.97174,0.026913,0.0048494,0.028246,-0.4529,-13.024,0.80902,-20.114,1.1198,0.40214,0.14888,-13.995
25.6,0.11205,-0.17664,0.013043,-0.96541,0.048176,-0.0012452,0.032409,-2.1237,-17.859,-0.49159,-24.501,2.1369,5.1066,-2.6002,-19.704,0.10035,-0.1563,0.014501,-0.97284,0.032942,-0.0053417,0.030606,0.075275,-15.341,-0.9945,-22.078,-1.0541,-0.58829,-1.0905,-12.397
25.7,0.10655,-0.15676,-0.0048963,-0.9795,0.051666,-0.003408,0.017749,-1.6185,-18.789,-1.1279,-22.157,-0.14131,4.5076,-0.28701,-20.649,0.13653,-0.15463,0.013133,-0.97898,0.041451,-0.0012908,0.040215,-0.54007,-14.858,0.9125,-18.694,-0.31399,0.2204,-0.36417,-14.762
25.8,0.1137,-0.14378,0.018308,-0.96305,0.039369,-0.012504,0.029634,0.45495,-18.871,0.37872,-21.529,0.97523,4.6391,-0.848,-20.082,0.11384,-0.16035,0.0090928,-0.95624,0.03847,-0.010092,0.02907,-2.2116,-16.467,2.2684,-21.341,-1.0651,-0.26861,1.4919,-12.858
25.9,0.10408,-0.15881,-0.0057543,-0.98567,0.035735,-0.014781,0.027695,-1.4858,-17.954,1.7951,-22.124,0.7802,6.4277,-2.7737,-19.706,0.12665,-0.17722,0.020559,-0.97311,0.038817,0.0016182,0.026108,-0.93909,-15.527,2.3632,-20.583,-0.029772,0.57525,0.89646,-13.654
26,0.099943,-0.16062,0.0043224,-0.98406,0.036483,-0.012038,0.02859,-0.73856,-18.643,0.50527,-19.772,-0.066441,5.4764,-0.76396,-21.646,0.11814,-0.16512,0.014494,-0.98546,0.032055,-0.014605,0.032463,-0.16494,-16.138,1.2282,-19.803,1.7986,-0.51011,-1.0053,-11.954
26.1,0.098699,-0.15816,0.0034754,-0.98507,0.032202,-0.016497,0.025558,-0.85111,-20.05,-0.89641,-21.197,0.3111,6.7388,0.82199,-20.344,0.11695,-0.1639,0.022464,-0.96812,0.037903,-0.013751,0.030651,-0.49675,-15.827,-0.019408,-16.91,0.6456,2.0056,-0.8722,-14.367
26.2,0.088786,-0.15809,0.013575,-0.99383,0.03731,-0.0065386,0.030147,-2.0068,-21.036,-0.92648,-20.366,-0.79362,6.3975,-0.97694,-21.351,0.13111,-0.15972,0.0029984,-0.98612,0.039612,-0.010035,0.017484,-1.159,-16.392,-1.089,-19.393,-0.85389,2.6323,-0.2127,-12.81
26.3,0.092405,-0.15911,-0.0017173,-0.99884,0.044271,-0.015301,0.022339,-1.9214,-21.291,0.10288,-17.188,1.3641,8.5827,-3.4617,-22.115,0.10029,-0.15327,-0.015603,-0.97656,0.043386,-0.013682,0.034048,-2.0775,-16.831,0.26816,-17.114,-0.043293,1.7253,-0.0028778,-15.043
26.4,0.08227,-0.1618,0.019816,-0.99909,0.040171,-0.020707,0.022017,0.30078,-20.8,0.67809,-20.434,-0.21391,6.1723,-1.1365,-21.604,0.10276,-0.1659,0.0029381,-0.9664,0.029559,-0.016177,0.023168,0.064121,-18.961,-0.23544,-16.88,-0.14678,0.80853,-1.3599,-14.39
26.5,0.076205,-0.12373,-0.014,-0.98954,0.039375,-0.02057,0.031697,-1.6426,-20.101,0.93742,-17.641,0.050354,7.2379,-1.0848,-24.06,0.09095,-0.14147,0.0035354,-0.99268,0.030283,-0.01059,0.030415,-1.8989,-17.105,1.2661,-16.935,2.0062,2.7804,0.9444,-15.367
26.6,0.075983,-0.15486,-0.011058,-1.0065,0.044271,-0.025818,0.028599,-0.82888,-24.135,0.78161,-18.308,0.57583,6.4061,-0.67857,-23.506,0.10156,-0.16585,0.0025949,-0.96526,0.035052,-0.013064,0.021133,-1.916,-17.398,0.84288,-18.035,-0.36014,3.3592,-0.1195,-15.564
26.7,0.062748,-0.14485,-0.0072073,-0.99996,0.045682,-0.022752,0.026726,-1.3781,-21.147,1.2732,-19.478,0.54756,7.6097,-1.8925,-21.543,0.1013,-0.16292,-0.0012597,-0.98356,0.044468,-0.024284,0.023793,-1.7033,-17.618,1.0159,-19.625,0.94993,2.014,-0.53781,-16.083
26.8,0.080427,-0.14947,0.0059661,-0.96478,0.038868,-0.023277,0.031812,-0.8621,-22.792,0.93797,-17.64,0.23368,9.5362,-3.4597,-23.568,0.10078,-0.15434,-0.0018531,-0.965,0.03538,-0.021332,0.034399,-2.1498,-19.835,0.83049,-17.093,1.0631,2.1114,-0.95671,-13.729
26.9,0.06715,-0.15207,-0.011257,-0.96787,0.045119,-0.026587,0.015121,0.20099,-21.871,0.32381,-18.392,0.51866,8.4341,-1.1895,-23.262,0.081967,-0.16761,-0.0087345,-0.98579,0.045003,-0.019388,0.03076,-2.7863,-19.94,0.42136,-14.956,0.33531,3.204,-0.14395,-15.38
27,0.072993,-0.14551,-0.0089691,-0.97273,0.037145,-0.034566,0.021194,-0.99552,-23.5,1.1139,-16.656,1.1273,8.5906,-0.44156,-23.774,0.10455,-0.14644,-0.0035077,-0.98697,0.037903,-0.020883,0.032018,-0.93874,-19.762,1.0917,-15.913,-0.11786,2.9933,-0.57625,-15.328
27.1,0.061252,-0.1679,-0.0010217,-0.98211,0.049986,-0.030595,0.031845,-1.96,-24.115,2.1673,-18.353,0.19382,9.7356,-2.2833,-25.238,0.10288,-0.15846,-0.013381,-0.99808,0.047605,-0.019687,0.028053,-1.1733,-19.637,-0.52852,-16.123,-1.2903,2.2937,-0.85882,-16.473
27.2,0.067454,-0.1425,-0.00819,-1.0063,0.045454,-0.025257,0.033504,-2.5174,-26.6,1.5135,-16.96,-0.51786,10.261,-1.096,-24.15,0.103,-0.14521,-0.013016,-0.98717,0.051415,-0.018173,0.029468,-0.46517,-20.861,0.5625,-15.128,0.3822,1.942,1.8768,-18.78
27.3,0.061964,-0.15507,-0.0094226,-0.9943,0.042432,-0.036813,0.024729,-1.5702,-23.231,1.5972,-15.739,1.1096,9.3183,-1.0717,-24.941,0.10013,-0.15716,-0.018132,-0.97434,0.046014,-0.027788,0.03692,-2.8126,-20.741,2.2474,-14.987,1.2853,4.3337,-0.63602,-17.79
27.4,0.057361,-0.14745,-0.014823,-0.99582,0.050359,-0.029201,0.024898,-1.1956,-25.167,-0.54786,-16.921,0.23419,11.277,-1.1773,-26.779,0.097468,-0.17272,-0.0050925,-1.0004,0.053243,-0.022654,0.026329,-2.2355,-21.972,0.029011,-14.72,-1.6108,3.5768,0.7235,-16.796
27.5,0.058495,-0.13931,-0.015073,-0.99667,0.053226,-0.045065,0.028605,-0.53471,-27.904,-0.2403,-16.15,0.16741,9.294,-0.36721,-24.366,0.096614,-0.14593,-0.01495,-0.99059,0.051762,-0.027695,0.027057,0.8247,-19.361,0.92449,-13.522,-0.65203,4.0584,-2.0258,-20.161
27.6,0.050858,-0.13952,0.0013994,-0.99137,0.054844,-0.04101,0.024293,1.5051,-26.133,0.35767,-16.903,0.97627,11.658,-1.6506,-26.107,0.07628,-0.15147,-0.0081,-0.98195,0.051233,-0.03471,0.027025,-0.90281,-22.185,2.3525,-14.195,2.2663,2.4699,-1.3818,-17.351
27.7,0.04575,-0.14978,-0.026977,-0.98132,0.053482,-0.044398,0.023071,-0.30893,-25.31,0.38824,-14.448,0.62791,10.456,-0.73446,-27.303,0.082388,-0.15652,-0.024583,-0.98464,0.05927,-0.033787,0.025626,-0.14243,-22.666,-0.089986,-12.4,-0.44781,4.346,-0.85179,-18.885
27.8,0.040792,-0.12731,-0.010862,-0.99241,0.052714,-0.043308,0.028943,0.43725,-25.499,1.9988,-15.796,0.57254,11.524,-1.0604,-26.799,0.088371,-0.1434,-0.011664,-0.98656,0.048844,-0.036512,0.021946,-4.0105,-23.533,-0.0544,-14.627,0.39583,5.6914,-0.66306,-19.096
27.9,0.06192,-0.12614,-0.016417,-1.0073,0.051987,-0.042554,0.036747,0.38781,-27.044,0.36431,-15.278,-0.011869,11.532,0.21524,-25.863,0.092747,-0.15774,-0.013162,-0.97775,0.055537,-0.040445,0.026864,-0.83219,-25.187,2.3631,-14.18,0.52202,4.3094,-2.8515,-18.073
28,0.053649,-0.12632,0.0004754,-1.0018,0.049296,-0.046245,0.0218,-0.13985,-25.866,-1.2368,-15.795,-0.24589,12.576,-1.5772,-26.65,0.085049,-0.14662,-0.011563,-0.99686,0.050945,-0.031668,0.03149,-0.064663,-23.921,0.53551,-13.049,0.91968,6.4324,-0.91896,-19.911
28.1,0.045174,-0.13804,-0.017556,-0.98749,0.052369,-0.046158,0.01976,0.278,-25.7,-0.17851,-14.561,2.7701,9.6581,-1.3898,-26.487,0.061453,-0.15179,-0.035298,-0.96833,0.054948,-0.039234,0.027063,-1.9497,-21.675,0.77351,-12.029,0.65081,5.2064,0.11108,-19.298
28.2,0.050676,-0.11733,-0.032142,-0.98293,0.054066,-0.051074,0.026109,0.224,-27.038,-0.53359,-14.603,0.88232,9.5888,-0.695,-26.399,0.075431,-0.14075,-0.015844,-1.0042,0.054214,-0.039115,0.029856,-0.91366,-23.01,0.61509,-10.992,0.089395,5.2129,-0.35546,-17.954
28.3,0.049295,-0.098799,-0.03617,-0.99322,0.049425,-0.047372,0.022145,0.21585,-24.634,3.0248,-14.934,0.17395,12.609,-0.32239,-27.43,0.065674,-0.14012,-0.021466,-0.9863,0.049331,-0.049249,0.029013,-0.29688,-26.869,0.41506,-13.238,1.9751,6.1255,-1.4528,-20.897
28.4,0.03161,-0.10148,-0.0085282,-0.99677,0.041158,-0.046136,0.025457,-1.2058,-23.918,1.6268,-13.269,2.4194,11.834,-0.27777,-27.441,0.058838,-0.14968,-0.013321,-0.99331,0.058741,-0.043968,0.030251,-0.35112,-25.287,2.9429,-11.557,-1.5892,5.0212,0.23878,-19.349
28.5,0.046217,-0.11923,-0.028089,-0.97435,0.04244,-0.053402,0.038742,-1.6882,-25.469,0.64351,-13.154,0.88916,12.494,-0.10522,-29.131,0.077197,-0.12899,-0.013975,-0.99315,0.058986,-0.043422,0.03228,-0.29839,-24.235,2.4712,-12.697,1.3079,5.5483,-1.5378,-20.208
28.6,0.027613,-0.10575,-0.0177,-1.0086,0.048967,-0.049213,0.02175,0.16573,-25.908,-0.041424,-12.805,1.7244,13.163,-0.0113,-27.979,0.065315,-0.13265,-0.029439,-0.98462,0.063082,-0.04695,0.026816,0.22257,-23.542,2.1781,-13.459,1.243,8.8192,-3.0035,-20.065
28.7,0.020638,-0.11211,-0.025533,-0.98734,0.043843,-0.052287,0.031996,1.9455,-24.537,1.9993,-12.652,1.3538,13.781,-1.0257,-28.872,0.060126,-0.11974,-0.013884,-0.98674,0.048451,-0.054424,0.023931,-0.27144,-23.587,-0.68821,-10.084,1.2882,5.3241,-0.25752,-17.055
28.8,0.018087,-0.11704,-0.030048,-1.0013,0.0363,-0.045978,0.02694,2.8938,-25.838,1.3521,-12.324,0.54669,13.821,-1.1471,-27.681,0.044157,-0.13406,-0.013992,-0.99205,0.056083,-0.052446,0.016248,1.513,-23.716,0.73617,-10.595,0.072376,7.093,0.27113,-19.961
28.9,0.018763,-0.087785,-0.039348,-1.0131,0.034246,-0.065682,0.023127,1.6059,-24.484,0.29259,-11.815,1.5563,14.241,1.1075,-29.337,0.041929,-0.13112,-0.0060628,-0.99337,0.054001,-0.044689,0.013768,-1.1913,-25.081,1.5152,-10.269,0.10326,7.0514,0.15929,-20.074
29,0.035723,-0.096848,-0.035517,-0.98523,0.039711,-0.05213,0.022876,0.60338,-25.425,-0.73142,-10.966,1.6736,12.838,0.10355,-30.666,0.043713,-0.12401,-0.011794,-0.97862,0.052794,-0.063465,0.026811,1.1941,-24.655,2.1219,-10.686,-0.35184,9.9631,-3.4731,-21.909
29.1,0.015383,-0.095232,-0.021676,-0.9876,0.035713,-0.061297,0.013881,0.12089,-24.055,2.3691,-10.669,1.1387,13.476,-0.14218,-28.278,0.039235,-0.11726,-0.018759,-1.0081,0.05491,-0.051971,0.026652,-0.2219,-23.986,-0.96569,-10.556,0.30018,11.279,-1.1192,-20.524
29.2,0.016305,-0.10765,-0.027618,-1.0086,0.0384,-0.057686,0.015866,1.471,-22.812,0.7954,-10.381,1.2807,14.937,-0.0057195,-31.199,0.038478,-0.12219,-0.013137,-0.99074,0.054329,-0.058515,0.026739,0.063608,-25.075,-1.4301,-8.8593,0.31566,9.0301,0.07594,-21.689
29.3,0.00094034,-0.087408,-0.033825,-1.0158,0.045721,-0.056346,0.018455,-0.12567,-23.466,1.9684,-10.452,0.85674,13.69,0.86125,-28.834,0.043515,-0.1162,-0.01051,-0.99513,0.050234,-0.049781,0.02739,0.64575,-24.917,0.74351,-9.0267,-1.1643,10.332,1.0285,-21.272
29.4,0.0044976,-0.086529,-0.030923,-1.0011,0.040131,-0.057362,0.022589,1.0681,-24.349,1.5195,-8.7083,1.3822,14.578,-1.9804,-28.92,0.045456,-0.12935,-0.026625,-0.98987,0.041449,-0.053749,0.028478,0.53219,-25.326,0.86145,-9.0141,-0.74849,10.775,0.88241,-21.318
29.5,-0.014732,-0.06946,-0.017737,-0.97675,0.033962,-0.063302,0.021281,1.7775,-22.574,0.53998,-10.878,0.45022,14.95,-0.87656,-29.49,0.042245,-0.11128,-0.025663,-0.99493,0.051667,-0.059505,0.023425,-1.337,-23.594,-0.37336,-7.9847,1.1635,10.949,0.27925,-22.543
29.6,0.0053739,-0.086095,-0.052646,-0.99459,0.035202,-0.06091,0.017795,0.8878,-23.858,0.78818,-7.8311,0.15643,16.741,-1.2838,-27.034,0.031218,-0.11143,-0.031082,-1.0137,0.043563,-0.054428,0.025747,1.408,-24.083,1.0911,-6.1283,3.2837,9.3648,0.67541,-22.526
29.7,0.027126,-0.088273,-0.053036,-0.97861,0.032742,-0.064777,0.018936,-0.37759,-24.36,1.6982,-8.4626,0.71636,15.671,-0.89477,-27.105,0.01848,-0.11645,-0.051037,-0.99374,0.051181,-0.058807,0.033097,0.088964,-23.545,0.8118,-7.934,1.5817,11.258,-0.77593,-23.153
29.8,0.010012,-0.096217,-0.047414,-0.98715,0.026862,-0.059099,0.017513,2.3598,-22.188,1.713,-8.5677,-0.29689,16.808,1.8274,-26.384,0.030998,-0.095095,-0.030478,-0.99049,0.043994,-0.065147,0.01832,0.49354,-22.21,0.76358,-6.5199,0.38451,8.8956,0.38358,-21.486
29.9,0.003082,-0.091086,-0.038664,-0.98884,0.033902,-0.065682,0.015451,0.40077,-22.529,1.0832,-8.0475,1.4055,16.298,-0.67782,-26.329,0.019013,-0.10516,-0.039743,-0.98822,0.053711,-0.06006,0.016715,1.103,-24.137,0.96961,-8.1128,1.5938,9.2544,1.8678,-21.239
30,-0.012997,-0.073633,-0.030131,-1.0028,0.037485,-0.064646,0.021176,2.2307,-21.879,1.2922,-8.2785,0.070614,17.863,2.2478,-26.542,0.033899,-0.089524,-0.028623,-0.98988,0.045481,-0.056965,0.029181,1.9241,-21.86,1.4397,-7.9946,-0.92459,11.929,-0.45407,-22.17
30.1,0.0071441,-0.080145,-0.042908,-0.9942,0.028099,-0.068065,0.015145,1.0514,-21.954,0.41356,-8.7918,-1.1042,17.59,1.2668,-26.876,0.0047264,-0.099088,-0.040153,-0.99931,0.035578,-0.060633,0.017555,2.6096,-19.603,2.5454,-5.8864,-0.84097,11.115,1.3952,-23.893
30.2,-0.0057909,-0.072321,-0.037739,-1.0033,0.030999,-0.060141,0.020341,1.7098,-19.498,0.95572,-8.0755,2.0593,15.409,0.18857,-24.618,0.024221,-0.088695,-0.045143,-0.97121,0.041674,-0.064308,0.026659,3.553,-22.365,-1.3574,-6.1203,2.122,11.251,0.1542,-21.937
30.3,0.01132,-0.059661,-0.042611,-0.99679,0.042921,-0.06456,0.016892,1.5219,-20.926,0.08943,-6.6956,1.2174,17.886,0.7897,-26.913,0.013746,-0.096639,-0.032232,-0.99706,0.043798,-0.062629,0.012869,1.6398,-21.663,1.402,-6.1551,1.1584,10.509,0.27257,-20.714
30.4,-0.0065258,-0.061046,-0.037186,-0.98791,0.04008,-0.060151,0.00063565,0.65927,-21.188,1.2942,-8.8831,-1.0928,19.103,1.2427,-24.597,0.020044,-0.086265,-0.034273,-0.99426,0.04052,-0.058849,0.016608,1.2064,-22.969,0.10199,-5.5626,1.1893,11.203,-0.96007,-20.662
30.5,-0.0022666,-0.053234,-0.046385,-0.99281,0.033173,-0.068199,0.0076425,0.87044,-19.904,-0.74588,-7.7985,-1.1325,18.751,0.91347,-23.664,0.018046,-0.082077,-0.03243,-0.98668,0.051375,-0.061439,0.015834,1.4456,-19.901,0.30816,-4.8964,0.12445,11.625,2.9716,-21.093
30.6,-0.015661,-0.066282,-0.025924,-1.0097,0.024843,-0.072197,0.0083019,0.9103,-17.757,-0.43265,-8.2778,0.33533,18.378,0.63304,-25.284,0.013963,-0.099729,-0.048314,-0.99315,0.04875,-0.061303,0.010843,1.0042,-21.715,1.6484,-5.7665,1.8883,11.776,0.90305,-21.437
30.7,-0.024062,-0.056063,-0.0305,-0.99511,0.027801,-0.069064,0.01026,-0.077973,-17.211,-0.93138,-7.4454,-1.3968,18.335,1.3941,-25.091,0.010936,-0.077383,-0.038276,-0.97707,0.039585,-0.063738,0.0089251,0.98357,-18.134,1.3032,-4.9493,-0.69804,12.576,0.1523,-19.97
30.8,-0.0068399,-0.051918,-0.053027,-0.98173,0.040673,-0.062604,0.0062319,1.6042,-18.326,-2.1397,-6.9106,-0.018738,18.38,1.9716,-24.419,-0.0013746,-0.08089,-0.05173,-0.99414,0.046366,-0.067508,0.0095493,2.0955,-19.816,0.39766,-4.9583,3.1957,13.634,-0.26727,-18.738
30.9,-0.0075116,-0.054626,-0.022165,-1.0001,0.027267,-0.057795,0.00033979,0.99517,-18.68,-0.85498,-7.5346,1.1309,19.972,0.72047,-25.209,0.0058045,-0.070444,-0.031071,-0.98494,0.044977,-0.067378,0.0134,-0.02061,-20.649,1.1634,-3.6762,0.22676,11.744,-0.13989,-17.508
31,-0.021143,-0.043637,-0.044294,-0.9992,0.024134,-0.063468,0.0089287,2.9719,-18.896,0.64605,-6.8592,0.040054,19.708,0.15119,-24.211,-0.014566,-0.054444,-0.054702,-1.0116,0.037011,-0.065852,0.017612,0.70446,-19.02,-0.26318,-4.0836,0.88762,12.851,0.69019,-19.436
31.1,-0.017119,-0.02966,-0.052599,-0.99898,0.016401,-0.060355,0.0070429,-0.023375,-17.29,-1.6673,-7.5853,0.38427,19.025,1.8872,-23.164,-0.01091,-0.065316,-0.049812,-0.99752,0.049345,-0.075142,0.015922,1.0636,-17.384,-0.29233,-4.4979,-0.061795,12.897,1.4444,-19.013
31.2,-0.032942,-0.04377,-0.029661,-0.99356,0.030583,-0.054682,-0.0020215,-1.5524,-17.447,-0.89753,-8.2361,-0.32613,20.534,-0.18688,-21.236,-0.0094897,-0.067876,-0.056895,-0.99883,0.039879,-0.072539,0.022115,1.9583,-19.008,0.90933,-2.5853,-0.20351,15.507,1.5812,-20.164
31.3,-0.018281,-0.041314,-0.076924,-1.0038,0.030072,-0.0604,-0.00011693,0.0033078,-17.877,-1.9885,-7.4007,1.5341,19.558,0.088305,-22.073,-0.0089058,-0.066384,-0.048703,-1.0069,0.042138,-0.079461,0.011605,2.0981,-17.734,1.3865,-0.86617,0.66398,15.287,-0.88303,-19.055
31.4,-0.027251,-0.029926,-0.043909,-0.99695,0.029679,-0.054991,-0.0052787,-0.44099,-18.14,-1.8684,-8.8418,1.0438,19.693,0.40321,-23.337,-0.019995,-0.048342,-0.041744,-0.99672,0.042562,-0.06794,0.011491,0.34542,-17.544,-0.41968,-2.5477,-0.39641,14.138,3.5049,-18.116
31.5,-0.026844,-0.022352,-0.043042,-0.99995,0.03292,-0.047567,0.0070016,1.7931,-16.483,-2.1993,-10.053,0.0089977,21.199,1.1456,-20.433,-0.0070683,-0.049681,-0.044409,-0.9889,0.046047,-0.055896,0.0052467,-0.16148,-17.453,-0.75854,-5.4276,0.23361,14.755,1.8107,-18.539
31.6,-0.032475,-0.023601,-0.048732,-0.99159,0.026175,-0.046585,-0.0047926,-0.42165,-16.528,-0.89783,-11.647,1.852,20.222,1.6681,-20.87,-0.0090789,-0.038791,-0.032209,-0.98698,0.036849,-0.058976,0.012228,2.0394,-17.578,-2.2192,-4.407,0.34526,14.475,0.22022,-18.729
31.7,-0.026983,-0.030569,-0.04429,-1.0113,0.034916,-0.044681,-0.020488,-1.5884,-18.623,-2.1783,-12.136,-0.47271,20.885,1.0879,-20.546,-0.020061,-0.055857,-0.041447,-1.0192,0.033734,-0.058179,-0.0022322,-0.068353,-15.394,-1.3116,-6.3972,-0.86126,15.714,2.0668,-17.57
31.8,-0.020521,-0.033068,-0.061193,-1.0026,0.025385,-0.047517,0.0030585,1.2807,-13.345,-0.99377,-13.658,1.1178,19.912,0.80645,-21.003,-0.024577,-0.025707,-0.050854,-1.0088,0.027293,-0.068617,-0.0071782,0.62675,-18.826,0.98805,-5.7613,0.12895,14.785,0.60405,-17.306
31.9,-0.032155,-0.025462,-0.051357,-0.99307,0.018636,-0.038482,-0.0040435,-0.00051243,-16.078,-1.8871,-11.533,-0.27335,21.967,1.6659,-21.859,-0.0037041,-0.031606,-0.061023,-1.0116,0.028262,-0.061081,-0.0057839,0.53247,-15.216,-1.1962,-5.4087,-0.45104,14.808,0.073525,-16.482
32,-0.038245,-0.010091,-0.035326,-1.0009,0.017636,-0.043121,-0.013918,0.40234,-15.221,-1.2078,-10.726,2.7717,22.706,0.57096,-21.453,-0.014104,-0.039379,-0.051443,-1.0091,0.037688,-0.056563,-0.0025831,1.0244,-15.501,-1.7743,-7.448,0.86676,17.429,1.7194,-17.159
32.1,-0.027793,-0.01615,-0.027586,-0.99448,0.028834,-0.039189,-0.012178,2.0335,-15.993,-0.40344,-12.034,1.6293,23.862,-0.17666,-20.272,-0.018813,-0.026018,-0.042259,-1.0084,0.033516,-0.04886,0.00077509,2.1621,-14.267,-0.26941,-7.8526,1.6792,15.042,1.4267,-16.217
32.2,-0.046967,-0.022118,-0.036816,-1.0056,0.018949,-0.030794,-0.001177,-0.27203,-14.195,-0.54793,-11.84,-2.3274,22.772,1.467,-19.323,-0.030516,-0.040758,-0.039548,-1.0109,0.027253,-0.049515,-0.0040809,1.2129,-15.109,-0.30492,-5.4904,0.095937,15.092,-1.1592,-15.457
32.3,-0.027885,-0.0063035,-0.043714,-0.99185,0.015872,-0.041633,-0.013304,-0.5929,-14.579,-0.25144,-12.91,0.48039,22.917,0.30265,-19.271,-0.018417,-0.042188,-0.031579,-1.0022,0.034632,-0.048038,0.0024635,0.25944,-14.477,0.10031,-8.2763,2.7481,18.411,-0.074536,-15.998
32.4,-0.043185,-0.010403,-0.034668,-1.0028,0.019768,-0.032735,-0.010921,-0.1075,-11.879,-2.1023,-14.067,-0.63867,24.206,-1.7333,-19.179,-0.024547,-0.024162,-0.037608,-1.0059,0.032017,-0.054603,0.0044535,0.32081,-15.09,-1.0963,-7.0006,-0.67912,16.833,1.012,-16.759
32.5,-0.036033,0.0072183,-0.029772,-0.99577,0.016195,-0.039423,-0.011615,0.95392,-12.672,-1.7165,-12.607,0.29339,23.785,0.68221,-18.637,-0.02568,-0.027402,-0.040186,-0.99711,0.028014,-0.05646,-0.00776,3.3839,-14.736,-0.70194,-7.9169,-0.22227,17.414,-1.2191,-15.578
32.6,-0.055206,-0.007296,-0.037634,-1.0073,0.02074,-0.043996,-0.0023396,2.5906,-12.661,-0.49425,-14.728,0.9768,22.25,1.7764,-19.512,-0.026535,-0.020904,-0.02134,-0.98377,0.030391,-0.045273,-0.0095616,1.9898,-13.131,-0.0068334,-7.7563,1.5599,17.514,-0.92441,-15.311
32.7,-0.047258,-0.0015726,-0.036515,-1.0115,0.011507,-0.043738,-0.0053365,1.0435,-10.799,0.092721,-15.532,1.0709,23.756,-0.47084,-18.767,-0.037086,-0.0073077,-0.030363,-1.0146,0.026854,-0.059669,-0.010417,-0.44022,-13.08,-1.3058,-9.9798,0.58975,15.955,-0.97869,-13.881
32.8,-0.034381,-0.0007825,-0.042033,-1.0144,0.013959,-0.038483,-0.0091551,1.1361,-11.573,1.878,-15.487,-0.69695,23.308,-0.38373,-20.292,-0.02362,-0.0051974,-0.019586,-0.9946,0.037372,-0.046476,-0.0041774,-0.033697,-13.231,-1.8084,-9.806,1.1836,17.786,0.81626,-15.081
32.9,-0.067448,0.0024649,-0.026387,-0.98743,0.015374,-0.039291,-0.012245,-0.33809,-12.279,-1.0379,-13.513,1.5669,23.509,1.1273,-17.963,-0.04735,-0.01987,-0.050164,-0.99842,0.019004,-0.042038,-0.013539,-0.27856,-12.358,-3.139,-10.106,0.073834,17.075,0.32097,-12.938
33,-0.031975,0.00083397,-0.031684,-1.0033,0.019687,-0.037959,-0.018702,1.5023,-11.759,-1.469,-16.065,-0.22971,24.4,0.4625,-19.046,-0.045433,-0.01493,-0.041788,-1.0077,0.019794,-0.046727,-0.00669,2.7916,-11.129,-1.3551,-7.6779,-0.82553,16.21,1.2054,-13.264
33.1,-0.033602,0.0128,-0.026218,-1.0084,0.015246,-0.025006,-0.014247,1.6327,-10.479,-1.0341,-16.345,1.77,24.584,-1.9554,-19.057,-0.038624,0.00091121,-0.024482,-1.0201,0.028019,-0.043621,-0.013517,-0.75046,-10.927,-1.7734,-9.4344,-0.33302,19.231,-0.43562,-13.119
33.2,-0.040957,-0.0025105,-0.039599,-1.0072,0.019869,-0.028128,-0.020092,0.34445,-10.973,-0.82187,-15.994,0.91627,23.693,-2.4865,-19.756,-0.031785,-0.0083742,-0.034465,-1.0097,0.029531,-0.044144,-0.0086322,0.84602,-11.026,-2.832,-11.44,2.2703,18.05,-0.13113,-14.416
33.3,-0.037074,-0.0075693,-0.041257,-1.0095,0.01958,-0.029425,-0.016906,0.42332,-12.028,-0.74276,-16.364,1.3483,23.938,-0.67091,-18.357,-0.029998,-0.026198,-0.033901,-0.99214,0.018764,-0.038288,-0.017878,2.7126,-12.484,-2.6929,-9.1309,-0.64658,18.598,-0.59529,-10.581
33.4,-0.049101,0.00018206,-0.046593,-0.98044,0.01807,-0.028222,-0.017771,-1.0595,-10.821,-1.0969,-15.612,1.5571,26.592,-0.72199,-18.192,-0.042865,0.0061209,-0.044641,-1.0221,0.023438,-0.042644,-0.0099133,1.2366,-10.415,-2.2665,-9.4024,-0.60855,17.446,1.0172,-13.871
33.5,-0.062857,0.0045434,-0.031089,-0.99686,-0.00040603,-0.025296,-0.022161,1.2738,-12.077,-0.83668,-18.313,-0.099273,26.005,0.20385,-19.645,-0.051491,-0.00043273,-0.039489,-1.0143,0.021472,-0.037181,-0.010349,0.48861,-11.25,-1.1647,-10.725,0.76941,19.238,-0.17247,-12.276
33.6,-0.048975,-0.0051685,-0.03298,-0.98834,0.017677,-0.020058,-0.025122,-0.085013,-9.649,-1.1811,-17.638,1.2852,26.196,-0.95565,-19.981,-0.040371,0.0051332,-0.042729,-1.0026,0.027316,-0.039135,-0.0049935,0.57688,-12.034,-0.98532,-11.887,-1.9071,19.253,-1.2465,-12.254
33.7,-0.044547,0.0063545,-0.027311,-0.99319,0.014329,-0.024152,-0.019624,-1.1307,-8.8068,-0.68901,-18.54,-0.092136,24.765,-0.80999,-19.637,-0.049856,0.0083903,-0.049141,-0.98757,0.023258,-0.042866,-0.020482,2.0282,-8.6997,-0.93915,-14.381,0.98906,20.353,-0.051886,-14.684
33.8,-0.042157,0.016276,-0.04748,-0.9981,0.0095011,-0.027861,-0.019187,1.6003,-9.8607,0.03376,-18.156,1.3327,26.517,-0.62528,-20.294,-0.043824,-0.020103,-0.037069,-0.99959,0.014049,-0.026593,-0.016735,0.85879,-9.5915,-0.5064,-12.793,1.1023,21.087,-1.2683,-14.402
33.9,-0.044772,0.0082214,-0.026117,-0.99934,0.0052549,-0.019538,-0.02038,1.5878,-9.9439,-0.26929,-19.947,1.219,24.915,-1.4216,-18.821,-0.063446,0.004892,-0.030575,-0.99911,0.010919,-0.034392,-0.0091076,1.1785,-9.9614,-0.95947,-13.005,0.64916,19.6,0.075019,-13.7
34,-0.044698,0.017987,-0.013889,-0.99281,0.00046688,-0.018217,-0.02186,1.2343,-8.7885,-1.9165,-20.539,0.00087288,24.865,0.40884,-21.378,-0.05883,-0.012946,-0.046753,-0.99747,0.012418,-0.029132,-0.028231,0.31395,-7.4134,-2.4907,-13.744,0.54273,21.137,-0.70018,-13.694
34.1,-0.046501,0.012804,-0.020164,-1.0122,0.0030314,-0.017828,-0.020803,-1.1412,-5.8035,-1.3811,-20.407,-1.6656,27.26,-0.63748,-18.497,-0.061985,-0.0026727,-0.037935,-0.98082,0.015673,-0.030346,-0.016582,-0.34292,-10.247,0.19425,-12.095,0.79673,20.822,-1.151,-13.194
34.2,-0.055526,0.014562,-0.015704,-0.99872,-0.0033842,-0.027691,-0.026973,2.5646,-8.1254,-0.69173,-19.359,0.5826,27.346,-0.036245,-19.775,-0.05988,0.0093643,-0.04483,-0.98845,0.013199,-0.033513,-0.017285,1.8196,-7.2354,-2.2808,-14.066,-0.65619,20.921,-0.44974,-12.893
34.3,-0.037594,0.011956,-0.027826,-0.99498,0.0030981,-0.022707,-0.029209,1.0942,-8.5797,-0.29402,-20.973,0.81451,28.426,0.91383,-18.89,-0.04234,0.021514,-0.026684,-0.99401,0.011955,-0.030439,-0.020745,-0.45534,-5.7265,-1.2503,-12.373,2.2412,20.444,0.18932,-12.369
34.4,-0.058743,0.027871,-0.032058,-0.9837,0.0070756,-0.024379,-0.026928,0.56722,-7.6704,-1.3218,-19.943,0.22866,26.302,0.55649,-19.076,-0.041464,0.026502,-0.03443,-0.9908,0.005536,-0.025329,-0.027209,-0.69907,-7.591,-0.96562,-14.924,0.52259,19.651,0.037744,-14.199
34.5,-0.030974,0.032539,-0.015228,-1.0005,0.0089882,-0.019512,-0.0094791,-0.01565,-6.8102,-3.4821,-21.979,-1.0354,26.489,0.15309,-17.586,-0.046785,0.013098,-0.040986,-0.98958,0.00753,-0.032254,-0.023716,1.8363,-6.1556,-1.3418,-15.418,-0.11337,21.516,-1.3703,-11.565
34.6,-0.045214,0.008496,0.00084847,-1.001,0.00085284,-0.018109,-0.020935,0.89667,-7.1737,-1.0799,-22.346,-1.014,26.93,-0.2085,-19.858,-0.035994,0.035567,-0.028226,-0.99366,0.0081225,-0.038017,-0.0076743,-0.087895,-4.4435,-0.073101,-14.524,-0.88844,20.443,-0.73069,-13.36
34.7,-0.052293,0.0091075,-0.0015203,-0.99964,-0.012492,-0.01994,-0.020383,-0.20987,-6.3382,-0.014393,-22.606,-0.27764,26.384,1.6112,-21.635,-0.046051,0.012743,-0.024707,-0.99506,0.016951,-0.023819,-0.022161,1.692,-5.0236,-1.6801,-15.109,-0.74693,20.573,-1.7436,-14.622
34.8,-0.051063,0.018328,-0.0094679,-0.99161,-0.0075845,-0.028388,-0.010505,0.94193,-7.0963,-1.61,-23.098,0.52933,27.939,-3.6217,-20.484,-0.05148,0.0042469,-0.01511,-1.0161,-0.0024906,-0.029383,-0.013005,1.0379,-9.0849,-1.6152,-15.355,0.57318,22.131,-1.0524,-12.509
34.9,-0.073495,0.0024979,-0.010582,-0.99575,-0.0070405,-0.014731,-0.018198,-0.15927,-4.7945,-3.2533,-23.653,1.3564,24.014,-0.73662,-20.419,-0.06754,0.01177,-0.035136,-0.98555,0.012182,-0.022217,-0.026529,-0.10482,-5.137,-3.1116,-16.836,0.3512,23.288,-0.92854,-14.709
35,-0.052123,0.022555,-0.010968,-1.0153,-0.0075099,-0.012755,-0.015603,1.4721,-4.6025,-1.1815,-21.762,0.13616,27.12,0.26562,-21.982,-0.046075,0.012482,-0.017035,-1.0013,0.0090608,-0.027876,-0.025741,0.65512,-5.507,-1.4167,-17.826,-0.92893,20.939,-2.1556,-14.549
35.1,-0.048221,0.019583,-0.018479,-1.0026,-0.011286,-0.0071814,-0.011001,1.0627,-7.3552,-1.1865,-24.638,-2.421,26.709,-0.1146,-21.648,-0.048345,0.035522,-0.02751,-0.99488,-0.0072528,-0.023399,-0.010225,-0.51247,-5.0115,0.078357,-17.877,0.7338,22.448,-0.37748,-13.952
35.2,-0.044302,0.028663,-0.0076808,-1.0137,-0.007572,-0.010558,-0.0095585,0.49359,-4.8842,0.53996,-24.44,-0.82506,25.892,-2.09,-22.164,-0.067921,0.013937,-0.033279,-1.0116,0.00085288,-0.025178,-0.017698,0.057469,-3.5153,-1.128,-17.465,-0.023475,23.065,-0.20453,-15.905
35.3,-0.055623,0.011802,-0.018794,-1.0067,-0.0057181,-0.016296,-0.023844,1.0833,-3.5871,-2.1735,-24.966,-1.8783,25.756,1.0151,-21.694,-0.046425,0.025054,-0.00936,-0.98581,0.0002147,-0.036288,-0.018116,0.26339,-5.6167,-1.3224,-17.135,-0.69687,19.982,-1.4602,-12.913
35.4,-0.037676,0.025617,-0.0043831,-0.99394,-0.014251,-0.012459,-0.018833,-0.88072,-4.7832,-2.5337,-25.764,-0.96783,25.253,-1.6211,-21.555,-0.0356,0.0088831,-0.0097274,-1.0041,-0.0034444,-0.026784,-0.020326,0.94393,-4.7332,-1.8473,-16.789,-1.2087,21.564,0.63285,-15.298
35.5,-0.048249,0.037998,-0.013377,-0.98423,-0.0043399,-0.01305,-0.017407,0.34491,-0.57802,-1.3183,-26.652,-0.61052,25.278,0.48173,-22.599,-0.050581,0.033557,-0.021948,-0.99897,0.0015383,-0.017918,-0.015819,0.89724,-3.5618,-0.057329,-17.455,-0.46865,22.786,-0.012738,-15.785
35.6,-0.031598,0.021293,-0.0015599,-1.0068,-0.0072376,-0.012357,-0.016984,-0.098594,-3.4856,-1.469,-25.424,1.1207,24.784,1.802,-22.856,-0.057046,0.031111,-0.018508,-1.0205,0.00067978,-0.033236,-0.023575,0.45362,-2.134,0.31916,-17.104,-0.67378,21.816,-1.4798,-14.635
35.7,-0.058733,0.033079,-0.013567,-1.0037,-0.015787,-0.01557,-0.010986,0.15847,-2.4551,-0.12247,-27.851,0.036899,24.959,-0.204,-21.695,-0.037284,0.036938,-0.022866,-0.99713,-0.013371,-0.015792,-0.018859,1.4422,-1.9023,-2.1178,-21.091,-1.6685,23.075,-0.0082301,-17.122
35.8,-0.043576,0.029648,-0.017843,-1.0028,-0.016262,-0.0017344,-0.014977,-0.37474,-2.4107,-0.98478,-26.839,0.74478,23.01,-0.60405,-22.841,-0.057599,0.037357,-0.012444,-0.99706,-0.0034512,-0.015574,-0.016022,-0.64222,-2.1941,-2.9873,-21.337,1.0032,21.461,-2.6856,-13.793
35.9,-0.051543,0.030038,-0.0022556,-0.99097,-0.026629,-0.010369,-0.017913,0.24445,-1.5435,-1.7508,-25.517,-1.4016,24.397,-1.7984,-21.195,-0.048329,0.041996,-0.012365,-0.97375,-0.010808,-0.021202,-0.010619,1.9893,-2.7277,-0.99004,-20.568,-0.9893,21.254,-0.89691,-13.224
36,-0.0432,0.027924,-0.0090332,-0.99753,-0.025913,-0.0054087,-0.0079222,0.38442,-2.2434,-0.11071,-28.043,-1.9213,23.066,-0.686,-22.247,-0.067049,0.019109,-0.022003,-1.0033,-0.0066391,-0.020854,-0.0135,0.20953,-1.3387,-1.8868,-20.939,-1.5419,22.786,-0.79727,-14.794
36.1,-0.034017,0.032558,-0.0070741,-0.9974,-0.022474,-0.0080446,-0.009363,0.23896,-0.011738,-0.039496,-27.798,0.65743,23.815,-1.2784,-19.637,-0.054901,0.039485,-0.026314,-0.99764,-0.0061676,-0.010361,-0.021995,1.2166,-0.92489,-0.12838,-21.261,1.1303,20.965,1.1949,-13.998
36.2,-0.03725,0.028483,-0.0020214,-0.98636,-0.015108,-0.005609,-0.015547,-0.81196,-0.97867,-0.51119,-26.938,2.6846,23.761,-0.22738,-22.675,-0.048998,0.059092,-0.0098632,-1.0159,-0.0095535,-0.018371,-0.017025,1.2662,-1.4295,-0.49149,-23.229,0.024987,21.376,-0.64752,-15.066
36.3,-0.033368,0.027596,-0.003569,-0.98907,-0.014021,-0.0016451,-0.0074937,1.3547,-1.5859,-2.1598,-28.993,0.14202,21.833,2.5092,-20.756,-0.067894,0.023111,-0.017079,-0.98606,-0.016899,-0.01095,-0.015359,1.6442,-1.6808,-0.60728,-22.106,-1.1193,20.846,0.21003,-13.981
36.4,-0.034609,0.029636,-0.014106,-0.99302,-0.013039,0.0092579,-0.0078841,0.060299,-0.40869,-1.713,-29.208,-0.11538,22.419,-0.39818,-21.454,-0.031096,0.0090952,-0.013721,-0.99493,-0.014555,-0.012161,-0.016004,-0.1713,-0.40062,-2.6373,-23.447,-2.0666,22.59,-1.3032,-13.392
36.5,-0.020572,0.021163,0.0020835,-0.99445,-0.025906,-0.0037041,-0.0062469,1.1246,-0.97203,-0.93483,-30.11,1.0665,22.235,-0.47571,-20.98,-0.051518,0.034987,-0.027723,-0.98383,-0.016635,-0.0079254,-0.016269,0.86168,-2.4243,-1.1214,-21.847,0.72877,21.559,-0.23272,-13.783
36.6,-0.025895,0.041907,-0.022248,-1.0102,-0.02565,-0.0050437,-0.0067289,1.9591,-2.3006,0.96673,-30.351,-1.4579,23.901,-0.24672,-19.044,-0.043738,0.02944,-0.021757,-0.99594,-0.011478,-0.010047,-0.011532,0.49993,1.4097,-2.0386,-24.94,-0.695,20.583,-0.52396,-17.253
36.7,-0.055508,0.022018,-0.0098708,-0.99873,-0.028331,0.0047254,-0.011694,-0.10759,-0.5484,-1.9922,-29.742,-2.3745,23.801,0.4323,-20.409,-0.047968,0.025536,-0.023026,-0.99409,-0.022004,-0.0044588,-0.0042064,1.1327,0.2388,-0.27971,-25.156,0.97183,20.594,0.81451,-14.305
36.8,-0.056311,0.033881,-0.022595,-1.0148,-0.020388,-0.0036605,-0.0049922,0.12777,1.2457,-0.040079,-29.147,0.42068,22.469,1.542,-18.981,-0.05075,0.040982,-0.014725,-0.99827,-0.023097,-0.0021879,-0.013416,0.9276,0.543,-2.2122,-23.759,-0.12122,20.343,1.915,-15.015
36.9,-0.029492,0.028017,-0.023205,-0.99467,-0.024728,0.0089439,-0.0063943,-0.029335,1.1024,0.47946,-28.917,-0.079427,23.101,2.3585,-20.364,-0.052849,0.029723,-0.020043,-0.98802,-0.019667,-0.0089921,-0.007347,1.2965,1.6868,-0.47148,-25.304,-1.8789,18.564,0.030321,-15.173
37,-0.024433,0.020772,-0.0032554,-0.99553,-0.025255,0.0075807,-0.010035,1.6629,0.26139,-0.60082,-29.528,-1.1361,20.618,1.7457,-20.105,-0.04673,0.023026,-0.020575,-1.0254,-0.021559,-0.0071456,-0.0011073,2.0348,2.5866,-0.4832,-25.247,-1.8208,19.136,0.20887,-14.292
37.1,-0.020472,0.022601,0.0038435,-0.9992,-0.027611,0.0073641,-0.0020125,1.2604,-0.36294,0.10248,-30.897,-0.92916,22.242,0.2466,-20.273,-0.034071,0.020144,-0.032507,-1.0068,-0.021381,-0.0011458,-0.011363,-0.608,2.977,-3.3501,-26.347,1.5324,20.625,-0.66797,-13.873
37.2,-0.018818,0.023562,-0.0040562,-1.0013,-0.019752,0.011188,0.00039395,1.4315,-0.13562,-2.3598,-32.807,-1.4479,20.035,1.8374,-19.022,-0.03397,0.033222,-0.014657,-0.99878,-0.0264,-0.0036158,-0.016003,1.313,1.7441,-0.62476,-24.364,-2.0058,19.12,1.7662,-15.12
37.3,-0.030709,0.024007,0.013278,-1.0134,-0.02209,0.011387,-0.0072239,4.7601,1.6571,-1.3394,-32.545,-1.3852,22.589,1.9997,-19.009,-0.049109,0.025405,-0.0045499,-0.99489,-0.028755,0.0034014,-0.0093334,0.15087,0.91466,-0.37786,-25.765,-0.38543,17.9,-0.6467,-14.979
37.4,-0.016998,0.038099,0.0016755,-0.97832,-0.027183,0.013731,-0.00026722,0.50716,1.978,-0.8804,-33.826,-0.57418,19.973,0.33054,-18.659,-0.029863,0.036971,0.022292,-0.99836,-0.024063,0.0096856,-0.0039462,0.66956,3.1738,-0.11061,-25.746,-0.48764,18.204,0.46585,-12.668
37.5,-0.039211,0.026253,-0.013515,-0.99142,-0.027048,0.010074,-0.0087602,-0.53958,3.6083,0.27171,-32.734,0.77053,20.37,-0.84513,-20.303,-0.039376,0.039635,0.023902,-1.0026,-0.028919,-0.00082558,-0.018965,1.3666,3.5885,-2.8706,-26.597,-1.83,18.902,0.33679,-13.971
37.6,-0.023447,0.035813,-0.0016138,-0.99087,-0.031267,0.010576,0.0013519,-0.59166,1.2305,-1.9071,-32.769,-1.4124,19.967,-0.076206,-17.915,-0.034828,0.030939,-0.0033642,-1.0087,-0.023071,0.0095584,-0.011198,-0.69746,4.8108,-1.0161,-27.197,-1.854,18.628,-0.76451,-11.126
37.7,-0.04218,0.018442,-0.024556,-0.99536,-0.017322,0.012327,-0.0047187,0.26908,-0.13965,-2.1028,-34.131,-0.29303,18.74,1.7787,-18.037,-0.049102,0.039336,-0.015755,-0.99562,-0.018098,0.0027221,-0.008513,0.38791,3.1852,-4.3332,-26.943,-0.65535,17.095,0.80542,-15.443
37.8,-0.0004164,0.019911,-0.00029045,-1.0019,-0.019536,0.016162,-0.0034948,-1.3047,-0.59818,-0.76402,-34.952,-2.1499,19.119,0.23206,-17.253,-0.038225,0.034654,-0.0073503,-1.0063,-0.025615,0.0082653,-0.0057126,0.62564,2.5237,-0.15801,-28.895,-0.56821,17.633,1.6208,-15.527
37.9,-0.021247,0.033827,-0.010264,-1.0099,-0.020551,0.016056,0.00064747,-0.63865,-0.6377,-0.67089,-34.164,-0.23782,18.364,0.45144,-17.756,-0.040204,0.021132,0.0049476,-1.0013,-0.023434,0.011553,-0.01311,1.1153,5.0505,-0.3682,-28.356,-1.1366,16.098,1.2059,-14.62
38,-0.020195,0.054222,-0.013659,-1.0034,-0.012849,0.017168,-0.0046171,0.65881,-0.51038,-1.809,-34.891,-2.5123,17.038,1.3662,-16.793,-0.028496,0.045072,-0.0096386,-1.0014,-0.031434,0.0053419,-0.012315,1.7123,5.2723,-0.79411,-29.165,-1.4314,17.258,0.084653,-11.166
38.1,-0.025469,0.028392,-0.0074429,-0.99935,-0.014983,0.022197,-0.0022807,0.33529,0.92437,2.1323,-35.981,-0.58164,17.271,-0.12576,-17.555,-0.037,0.037121,-0.0088823,-0.99306,-0.024495,0.013738,-0.0016125,0.98617,5.2679,-2.0321,-26.588,-0.79863,18.228,1.8207,-12.838
38.2,-0.022785,0.013896,0.0080638,-0.99905,-0.014792,0.028113,0.002223,-1.3326,-0.59463,0.75221,-34.484,0.92997,17.317,-0.75068,-16.603,-0.015696,0.017554,0.0073106,-0.99276,-0.034169,0.0102,-0.0067918,-0.70256,5.7372,0.85945,-28.973,0.44153,16.601,1.7415,-12.647
38.3,-0.0049236,-0.0087474,-0.0041711,-0.9994,-0.017953,0.026291,-0.00083499,-0.47216,0.80419,0.18949,-36.895,0.24777,17.13,1.397,-16.435,-0.017548,0.028122,0.00057425,-0.99014,-0.026336,0.0031623,-0.015803,1.5703,3.8813,0.11251,-28.761,-2.4398,15.057,1.5723,-11.915
38.4,-0.021506,0.020614,-0.0114,-0.99837,-0.022002,0.016061,-0.00070215,-1.2314,-0.93957,1.9669,-35.41,1.0644,16.652,0.78204,-15.809,-0.015294,0.013163,-0.0013063,-0.99075,-0.020835,0.01102,-0.007197,-0.20706,4.0693,0.44593,-29.624,-1.7516,16.201,-0.85515,-11.204
38.5,-0.010957,0.010707,-0.010868,-1.0152,-0.017468,0.020191,0.0020409,-1.7054,-1.1253,-0.84824,-33.285,0.5234,18.665,0.72746,-18.99,-0.017733,0.031456,-0.0074604,-1.0084,-0.021452,0.0078697,-0.0032685,-0.22295,5.6426,-0.11427,-29.258,-0.55895,17.043,2.7671,-9.5263
38.6,-0.0089051,0.020693,-0.0028155,-1.0064,-0.0056699,0.023343,-0.0013333,-1.0709,-1.4512,-0.14454,-34.232,1.3584,17.982,0.37792,-16.952,-0.0058388,0.027658,0.0040375,-1.0235,-0.023374,0.024771,-0.013558,0.80201,3.8551,-1.8937,-33.825,-1.095,16.058,-0.00025833,-11.677
38.7,-0.012199,0.0080586,0.0071438,-0.99709,-0.023118,0.018555,0.0033089,-1.4013,-0.5613,0.99991,-35.726,0.23463,19.232,0.1954,-17.189,-0.022049,0.017798,-0.0014792,-1.0056,-0.022489,0.022154,0.0013589,0.7446,5.5942,-0.38804,-31.515,-0.15194,15.04,0.19886,-9.6907
38.8,-0.0074736,0.016513,0.0004932,-0.98245,-0.015912,0.012711,-0.0053467,-1.6736,-3.0879,0.72307,-33.532,0.19725,17.751,-1.2537,-17.068,-0.020519,0.026698,0.0034909,-0.98767,-0.019407,0.024246,-0.0081165,-0.69836,4.4827,-0.84272,-32.117,-1.4257,13.257,0.31495,-10.565
38.9,-0.0063228,0.0094435,-0.0051175,-1.0032,-0.016264,0.026148,-0.0057881,-2.0809,-3.1055,0.86282,-30.82,1.4577,19.308,-1.0464,-17.828,-0.027883,0.0091643,0.0052604,-0.98721,-0.024457,0.029624,0.0054145,-0.55505,6.6132,-0.32182,-33.242,-1.5522,13.842,2.6567,-13.165
39,-0.00067407,0.0045185,0.00035357,-1.0013,-0.011789,0.018356,0.0016974,-0.38294,-1.2315,1.2434,-32.242,0.3297,16.07,0.38442,-17.684,-0.0030525,0.027407,0.013189,-1.0014,-0.027444,0.025018,-0.0072157,-0.71095,5.1824,0.26031,-32.872,-0.74691,10.754,-0.23316,-10.252
39.1,0.0098716,0.0078635,-0.012912,-1.0121,-0.011968,0.0083597,-0.0023918,-0.77686,-2.1107,0.33531,-30.995,-0.068372,18.583,-2.2944,-18.655,-0.013859,0.0096459,2.9025e-05,-0.99724,-0.017889,0.029314,6.4983e-06,-1.5015,2.7661,-0.42623,-33.114,-0.041082,11.888,0.30626,-10.983
39.2,0.0027984,-0.01007,0.0068104,-1.0051,-0.012066,0.0050398,0.0033265,-0.82278,-3.2114,-0.85193,-32.95,-0.23509,18.518,-0.21627,-19.21,-0.0056905,0.014483,-0.0082045,-0.99539,-0.015588,0.014145,-0.0046914,-2.6082,4.515,-1.2551,-33.886,-0.50745,11.531,-0.36077,-9.5084
39.3,-0.018399,0.016291,-0.0013968,-0.99489,-0.017486,0.0035184,0.00023683,-1.9022,-3.2795,0.90337,-32.635,0.47821,19.029,-0.10013,-18.592,-0.024345,0.01789,0.006502,-0.99313,-0.017258,0.025275,-0.00039736,-0.097648,6.0647,-0.33305,-32.813,-0.39275,11.71,-0.47517,-8.9857
39.4,-0.025888,0.0071272,0.0085806,-1.0101,-0.010122,0.019533,0.0068723,-0.030326,-1.7325,0.95683,-31.926,1.2192,19.636,0.73743,-17.381,-0.009696,0.031222,0.008014,-0.99937,-0.019163,0.019528,-0.0008709,-0.021867,4.3016,0.49754,-31.905,0.60211,10.266,0.69236,-9.7787
39.5,-0.0031129,0.021628,0.0093812,-0.99353,-0.0093578,0.010926,0.0017581,-1.4347,-1.6436,-0.55397,-31.272,0.81776,17.603,-2.078,-17.785,-0.0083236,0.011878,0.012652,-0.98083,-0.021533,0.030758,-5.7229e-06,-1.5584,2.8641,0.66247,-31.42,0.32873,12.972,-0.01742,-8.9506
39.6,-0.0046693,0.01452,-0.00015569,-0.98809,-0.016781,0.0068454,-0.0021396,-0.30701,-3.2944,-0.82086,-31.247,0.15942,18.331,0.3611,-19.983,-0.02225,-0.014099,-0.002683,-0.99118,-0.013779,0.021781,0.0085116,-0.97688,3.434,0.13405,-32.599,-0.52599,13.316,-1.0615,-11.869
39.7,-0.0085738,0.0033083,0.017429,-0.9789,-0.011526,0.0085107,0.0034644,-0.42894,-3.5663,1.3703,-30.391,-0.55819,17.919,0.64004,-17.7,-0.027262,0.015963,-0.013666,-1.0121,-0.0119,0.014336,-0.000852,1.0354,1.9513,0.96276,-32.685,0.4665,13.637,-0.37437,-9.4527
39.8,-0.021651,0.0020463,0.0057489,-0.98511,-0.0010051,0.01335,-3.7461e-05,-0.95693,-1.2873,-0.7483,-30.871,2.6574,17.988,3.5172,-17.734,-0.016724,0.022452,-0.012107,-1.0041,-0.013648,0.02064,-8.1803e-05,0.3497,-0.13342,1.3209,-31.716,0.24086,12.486,1.9589,-10.701
39.9,-0.0097217,0.018989,0.026508,-1.0174,-0.002587,0.01312,0.0021766,1.4132,-3.8323,1.4561,-31.793,-0.7113,19.365,-0.8949,-17.942,-0.021028,0.01238,-0.0058859,-1.0075,-0.013674,0.0083483,0.0025059,-0.58415,3.3668,0.6179,-30.787,0.71708,13.073,-1.95,-10.546
40,-0.026242,0.0054307,-0.0010524,-1.0093,-0.009285,-0.0028943,0.0022893,-0.51672,-3.1292,-0.32298,-34.678,-0.78053,18.44,0.12631,-17.798,0.00065961,0.016852,0.00032396,-0.98913,-0.015993,0.021024,-0.0046944,-0.33774,2.6254,1.8718,-31.325,1.3102,11.976,-1.2724,-11.782
40.1,-0.012537,0.0066534,-0.00089228,-0.99791,-0.0030018,0.01229,-9.3389e-05,1.1476,-3.5151,-0.69854,-32.35,0.89451,19.058,-0.057668,-18.554,-0.010727,0.020401,-0.0067285,-1.012,-0.0078179,0.010857,0.0044314,-0.61406,1.8033,1.3098,-29.081,0.85129,13.254,-2.8808,-11.04
40.2,-0.0067824,0.0074534,-0.001939,-1.0067,-0.00055242,0.0097227,-0.0012639,-0.51745,-3.6278,-1.4874,-32.346,-0.62805,16.093,0.84522,-18.007,-0.0056664,0.020231,0.011391,-0.98792,-0.011615,0.018819,-1.5071e-05,1.4614,0.6019,0.96307,-31.158,0.67009,13.299,-2.208,-11.542
40.3,-0.013025,0.013827,-0.0092588,-1.0131,-0.014945,0.0047207,0.013528,-0.77039,-1.4401,1.5459,-32.212,0.23895,17.715,1.8836,-17.345,-0.0081972,0.0020623,0.0063576,-1.0085,-0.023321,0.010154,-0.013379,0.41192,1.7308,0.91761,-29.976,1.0233,14.996,-1.2508,-13.24
40.4,0.00044168,0.0072252,-0.00033516,-0.99116,-0.01187,0.0089695,0.0026022,-1.2143,-3.5142,1.8757,-32.579,-0.32696,19.226,0.50744,-18.746,-0.028706,0.006699,-0.0064186,-0.98938,-0.0092019,0.0064895,-0.0029812,1.5372,-1.7406,0.54996,-30.429,2.3874,11.583,0.45396,-10.849
40.5,-0.011484,0.005641,0.0047743,-1.0057,0.00031626,4.4954e-05,0.007407,1.4208,-5.3816,-0.94737,-31.503,0.4372,17.07,-0.36736,-18.185,0.01045,0.013006,0.014854,-0.99642,-0.01077,0.022986,-0.0053466,0.34092,-0.65913,-1.1223,-30.337,0.61598,12.855,-0.34955,-10.584
40.6,0.0058773,0.0024116,-0.016616,-1.0084,-0.0084666,-0.0011401,0.0014125,-0.3848,-4.9138,-0.056777,-31.877,0.38486,15.695,1.152,-18.05,-0.0030928,0.020052,-0.0082143,-0.99774,-0.010309,0.0087668,0.010214,-0.32827,0.38549,0.14415,-28.383,-0.70495,12.63,-1.2082,-13.539
40.7,-0.0056237,-0.0085347,0.015396,-0.99505,-0.012094,0.0031041,0.0010611,-0.55168,-3.9132,-0.7472,-31.359,2.2505,16.292,0.49743,-17.567,-0.010292,0.021502,0.0071066,-0.98336,-0.0084231,0.0067036,0.00046221,1.1072,-0.98613,1.6582,-28.812,0.030672,14.276,-2.9991,-11.111
40.8,-0.0058606,0.021125,0.012735,-0.99831,-0.0022779,0.0028164,0.0038964,-2.0463,-5.076,-1.8012,-32.014,1.3452,17.154,1.5871,-19.572,0.0035171,0.013734,0.0078221,-1.0113,-0.0013883,0.016176,0.004626,0.30668,-0.75136,-1.0291,-28.823,-0.37389,12.776,-0.42102,-12.058
40.9,-0.0026251,0.0040775,0.023511,-1.0184,-0.012065,0.0073595,-0.0078899,-0.35674,-6.0007,0.49527,-30.586,-0.3099,17.745,-1.438,-19.87,-0.0036751,-0.0042113,-0.0016933,-0.99289,-0.006736,0.015285,-0.0064866,0.52006,-0.79404,-0.091736,-30.515,0.097939,14.485,-0.014085,-12.233
41,-0.011393,0.0058553,-0.0026989,-0.98682,-0.008333,0.00060177,0.0067127,-1.4888,-4.0258,0.42427,-31.004,1.6533,17.397,0.37281,-17.919,-0.015662,0.01576,-0.006708,-0.99374,-0.012089,0.020928,0.0037191,-1.7463,1.1612,2.0384,-29.651,1.262,15.077,0.84266,-11.459
41.1,-0.016752,-0.00034825,0.0096032,-0.99447,-0.0087623,0.006885,0.0029914,-1.666,-5.3459,-0.60377,-31.393,0.39459,18.826,2.0459,-19.12,-0.0019268,0.028318,0.0012796,-0.98492,-0.00050758,0.010413,-0.010325,-0.46089,-1.4932,1.408,-29.801,-1.4787,13.05,1.2413,-11.118
41.2,-0.0063046,0.013633,0.014635,-1.0039,-0.0080802,0.01195,0.0025701,-0.52418,-5.2072,-0.77142,-30.086,2.191,17.931,-0.26542,-19.512,-0.012257,0.0057237,0.0052643,-1.0075,-0.00037,0.0079125,-0.0021058,2.2805,-0.47297,-0.10487,-27.997,-0.5409,14.51,-1.0209,-9.6996
41.3,-0.014445,0.0097354,0.0064247,-1.0045,0.0027127,0.0042013,-0.003565,0.47268,-6.7447,-0.8316,-31.189,1.4221,18.435,1.1673,-18.501,-0.015827,0.016095,0.0011874,-1.0084,-0.0021746,0.0077952,0.0059397,-0.15412,-0.32438,0.81304,-27.751,-1.9875,14.357,0.0035349,-11.126
41.4,0.0068478,0.0062802,-0.0053738,-1.0008,-0.00055391,0.0099974,0.007602,0.75513,-5.1596,0.63959,-30.822,0.97773,18.487,0.29721,-17.26,0.0064382,0.021518,-0.0094761,-1.0011,-0.0068559,0.0040298,0.0045906,0.41845,-0.5018,-0.71772,-29.035,0.27094,12.402,-0.72419,-12.603
41.5,-0.017189,-0.0056573,-0.013649,-0.98968,-0.010533,-0.00058173,-0.0049514,-0.81016,-5.1466,1.9822,-30.561,-0.80991,17.449,-0.20774,-18.564,-0.0051131,-0.0091763,0.0079311,-1.0008,0.0017943,0.0089952,-0.0090035,-0.47896,1.6367,-0.047859,-28.993,0.34286,14.501,0.17293,-11.116
41.6,-0.0030284,0.0036797,-0.0053583,-0.97557,-0.0085192,-0.0047959,0.0032013,0.52347,-3.6181,1.9072,-29.666,-1.4215,17.103,-0.045436,-17.777,0.0025837,-0.027748,-0.0063139,-0.99507,-0.0028223,0.0060434,0.0030402,-0.2211,-0.079555,1.271,-30.845,0.025389,14.477,0.44935,-12.409
41.7,-0.0024759,-0.0043727,0.013115,-0.98935,-0.0018983,0.010133,0.002981,-2.7784,-7.4093,-1.3238,-30.344,-0.70526,16.671,0.61271,-18.496,0.0065867,0.019706,0.0047867,-0.99031,-0.0086756,0.0099836,-0.007869,0.39438,0.15408,-1.3281,-28.325,-1.2989,12.084,-2.3283,-12.26
41.8,-0.0061088,-0.0098805,0.011615,-1.0153,-0.002764,0.00091535,0.0006667,-0.49816,-4.9428,-0.33688,-27.899,0.45837,17.876,0.65109,-18.977,0.00093636,-0.0091951,0.00014063,-1.007,-0.0086469,0.0050099,0.0084117,0.72759,-1.0143,-1.658,-28.239,1.3403,12.923,-0.53709,-13.128
41.9,0.0082975,-0.0046054,0.0061843,-0.9838,-0.0015192,0.0051939,0.0076736,0.57297,-4.5792,3.3796,-31.462,-0.89806,16.497,0.88384,-17.725,0.0071553,-0.00012604,0.0017675,-0.99968,0.0029632,-0.0015528,0.003187,-1.8225,-1.4923,0.20001,-27.91,1.1214,13.305,2.1386,-11.163
42,0.017744,0.0075145,0.01536,-0.99693,-0.0098836,-0.003736,0.0008754,1.086,-5.058,0.60365,-30.25,-0.51736,16.827,-1.3657,-17.183,-0.00066172,-0.010535,-0.0073437,-0.983,-0.0058265,0.0087887,-0.0051815,-0.83835,-0.41704,0.47555,-27.845,0.18946,13.517,1.1632,-11.41
42.1,0.0041704,0.0096518,0.0039119,-1.0141,-0.017718,-0.0036249,0.0044478,0.65542,-3.4234,1.5256,-30.852,-0.26391,17.722,-0.33239,-18.6,-0.005792,0.0081206,-0.025496,-1.0129,0.00618,0.0071094,-0.0024865,-0.31604,-0.14555,-0.087613,-28.805,1.9647,12.243,-0.70613,-10.891
42.2,0.00040117,-0.0052336,-0.0040554,-1.0133,0.0016931,0.011947,-0.0035656,-0.73176,-5.9969,-0.33788,-30.671,-0.47209,17.667,1.0604,-16.328,0.0030918,0.0021381,-0.0080354,-0.99138,-0.0051598,0.0093768,-0.0034815,0.30227,-1.3865,0.98937,-26.315,0.20658,13.079,0.010475,-11.089
42.3,-0.0053006,-0.010991,0.0072423,-1.0084,-0.013192,0.013772,-0.0032035,-1.3508,-4.0866,-2.3693,-29.297,1.2899,19.491,1.6581,-15.225,-0.014548,0.016641,0.014398,-1.014,-0.0021922,0.002617,0.00063251,-0.078106,-1.8916,1.1136,-27.319,-0.71754,14.433,-2.0361,-12.215
42.4,-0.0040451,-0.02723,0.015816,-0.98849,-0.0074456,-0.001709,0.0078056,-0.64555,-3.5596,0.24746,-30.425,-0.00095514,19.538,2.1028,-17.553,-0.0083693,0.013509,0.0067198,-1.0059,0.00020577,0.010364,-0.0056638,0.89085,-2.4853,0.12491,-28.752,0.081235,14.423,-1.7269,-12.062
42.5,0.0021632,-0.0015365,-0.014793,-1.0005,-0.012385,0.0033306,8.2177e-05,0.74156,-3.9367,1.4889,-32.435,1.2088,18.645,-0.16996,-18.264,0.0025615,0.011624,0.014368,-0.9946,-0.0049892,0.0057519,0.0024757,-0.35652,-1.3939,-1.0089,-26.457,0.49535,15.451,1.5772,-10.437
42.6,0.0047676,0.015117,-0.0048534,-0.99683,-0.0033288,-0.0025764,-0.0036653,-0.34403,-6.0352,0.80747,-29.868,-0.23189,17.537,-0.83761,-17.817,-0.0095479,0.010241,-0.010041,-0.99142,-0.0026596,0.0063002,-0.0029502,0.44219,-2.595,-1.5395,-28.254,0.16936,12.757,-0.41556,-11.277
42.7,0.013959,-0.0084811,0.0033618,-1.0069,-0.0071923,-0.00069053,0.0015149,-1.8638,-3.4335,-1.1325,-29.518,0.81667,18.512,0.63503,-15.85,-0.0054125,0.0081048,0.0014762,-0.98548,-0.0057555,0.0044196,0.0013794,1.5124,-2.7961,-0.24921,-30.001,-0.7531,12.117,-1.9912,-12.509
42.8,-0.0091041,-0.00072433,-0.0067044,-1.0111,0.0010446,0.0026634,-0.013996,0.95108,-4.099,-1.9723,-30.383,1.3409,18.629,2.0967,-18.006,-0.0063694,-0.0049573,0.014496,-1.0012,-0.0010939,-0.0020286,0.0040948,-1.8022,-2.6692,-0.49776,-27.833,0.25412,11.55,-2.0846,-12.727
42.9,-0.0037366,-0.0051457,-0.0068218,-1.0131,-0.0063256,0.0034292,-0.012598,-0.45242,-4.4941,-0.21607,-32.069,-2.213,17.118,-0.65162,-16.115,0.007298,0.012868,-0.001199,-0.98743,-0.0047207,0.00097612,0.0022747,-1.6731,-1.1394,-0.25229,-27.797,-0.95571,12.079,2.5341,-10.97
43,-0.013316,0.01123,-0.0060047,-0.99545,-0.0048143,0.0048912,-0.0011065,0.58852,-4.4996,0.26126,-30.067,-0.91826,17.511,-0.37722,-16.411,0.0089909,0.018145,-0.010095,-0.9991,-0.00047412,0.0044723,-0.0016352,-0.74754,-3.7138,-0.054258,-28.769,1.8447,13.346,0.87365,-12.07
43.1,-0.0049907,0.0030902,0.0085327,-0.98586,0.00030985,-0.001434,-0.0036846,1.4767,-5.6415,1.1274,-31.718,-0.56374,16.246,-1.8196,-16.859,0.0027693,-0.00034858,-0.014323,-0.98902,0.0070336,0.0065274,-0.0037891,0.76437,-0.7855,2.5033,-29.283,0.46001,14.576,0.32045,-11.01
43.2,-0.0040922,-0.00056831,-0.0052275,-1.0005,-0.0034027,-0.0049196,0.002269,-0.35352,-4.4567,0.93102,-31.716,-0.087285,18.198,2.3378,-16.67,-0.0038358,0.00053464,0.004569,-0.98898,0.0004466,0.0061689,0.00355,1.2248,-1.4843,-0.7897,-27.179,0.41169,13.292,0.18538,-12.039
43.3,-0.013483,0.00052109,0.0046146,-0.9943,-0.00073299,0.0061757,0.0046466,-0.60235,-5.7564,-1.6458,-29.631,0.94564,18.454,-0.98612,-17.468,-0.0035474,-0.0051498,-0.0059182,-1.0166,-0.0014669,0.005981,-0.0072843,-1.7144,-1.1381,-0.47357,-30.038,-0.20276,12.494,0.82747,-10.485
43.4,-0.0053293,-0.0068792,-0.0013938,-0.98753,-0.00044193,-0.00033048,-0.0050523,0.036173,-5.4906,0.66275,-29.996,0.90882,16.086,-1.7362,-16.814,-0.0024748,0.0031796,0.0021196,-1.0037,0.0021578,0.0063591,0.0031585,-1.0808,-1.065,-1.2175,-26.517,-0.44713,14.131,0.27749,-11.762
43.5,0.020894,-0.00026732,0.0090744,-0.98695,-0.0014182,0.013882,0.0020623,0.65132,-2.2751,0.053349,-30.592,-2.6561,16.487,-1.0362,-15.044,-0.0097431,0.019141,-0.0058184,-0.98064,0.0062237,0.011732,-0.0060912,0.79935,-1.505,-0.091972,-28.438,0.46259,12.751,0.17277,-11.043
43.6,-0.0018852,-0.0035131,-0.012104,-1.0166,0.0019073,-0.0063996,0.0047051,-0.13621,-4.469,0.81886,-30.098,-0.14,19.039,0.2712,-16.789,0.011393,-0.0094194,0.0070679,-1.0029,-0.0047434,0.015359,-0.0083412,0.25875,-1.88,0.22006,-27.787,-0.74183,12.34,-0.20253,-11.466
43.7,-0.006354,0.0098058,-0.01451,-0.9929,0.0039609,0.0047252,0.0070116,-0.96998,-5.8957,-1.3492,-28.51,1.2662,19.523,-0.11624,-17.847,0.0030802,0.0026877,-0.0059413,-1.0173,0.0019299,-0.0055914,-0.0079899,-0.019286,0.11157,0.69617,-28.421,-0.90818,13.433,-1.6544,-12.455
43.8,-0.016657,0.0002918,0.0021554,-1.006,-0.002151,0.0060038,0.0033931,-1.5579,-3.725,-0.88803,-31.234,0.38747,16.778,2.2683,-16.929,-0.0077509,0.018458,0.029488,-0.99856,-0.008345,-0.0010647,0.0067174,0.080344,-2.9005,2.0758,-27.063,0.84876,10.817,-0.14994,-12.995
43.9,0.0090962,0.0010115,0.0090093,-1.0158,0.0044443,-0.0046697,-0.0024617,0.56072,-5.1583,-1.239,-29.88,1.2879,17.453,-0.97497,-16.057,0.0038995,-0.0090935,0.0025656,-1.0163,-0.00033419,-0.0052996,0.0037737,1.2678,0.13137,0.88865,-27.858,1.7349,14.158,0.90952,-11.796
44,-0.0090625,0.0014642,0.003168,-1.0058,0.0054951,0.0040265,-0.0065638,0.18918,-4.9381,0.51086,-30.985,-2.0867,18.916,0.19798,-18.496,-0.01339,-0.003259,0.020529,-0.99798,0.001696,0.0077367,0.0074056,-1.6836,-1.4053,-0.92329,-26.797,0.85687,13.979,-1.3452,-9.5955
44.1,-0.0044799,-0.00012388,-0.0099004,-1.0004,-0.0048813,0.0069352,-0.0088393,0.70177,-3.6496,1.5769,-29.423,-0.49118,15.629,-1.0028,-17.476,-0.010904,-0.010349,0.0015599,-0.99138,-0.0076529,0.0024798,-0.0020546,1.3076,-0.40212,-1.4143,-26.874,-0.58376,14.4,0.65867,-10.291
44.2,0.017206,-0.017786,0.0011466,-1.0091,-0.0077208,-2.2382e-05,0.0054877,-0.92534,-3.6677,1.5776,-31.823,-0.13376,18.254,-0.43846,-17.244,-0.0048851,-0.023982,0.0022894,-1.009,-0.0097266,-0.00064175,-0.0068657,1.0892,-1.2468,1.9952,-26.17,0.11694,12.053,-0.98867,-10.551
44.3,-0.018713,-0.0034506,-0.0021291,-1.002,-0.0094168,0.004543,0.004948,-2.3155,-4.071,-0.87485,-31.869,-0.23846,18.288,-1.4774,-14.421,-0.0041454,-0.0086985,-0.0115,-1.0033,-0.0034852,-0.0071185,0.0024522,0.5217,0.31529,2.0416,-27.633,-1.1683,14.115,0.87998,-12.807
44.4,0.0024763,-0.0022597,-0.0017275,-1.0058,-0.010229,-0.0035253,-0.0014967,-0.71734,-6.1676,0.62284,-31.427,0.95965,18.779,1.6849,-16.631,-0.0034576,0.010756,0.0018472,-1.0016,-0.00020755,0.0029905,0.0018779,-1.3362,-1.5653,-0.42639,-27.357,-0.98299,14.088,2.1803,-10.385
44.5,0.0036636,-0.013043,0.007025,-1.0082,0.0041448,-0.0047822,-0.0006823,-0.46251,-5.4499,-0.41897,-32.611,0.18198,18.501,-0.48694,-16.744,0.0064399,0.00094895,-0.0035801,-1.008,0.0014211,0.00076921,2.4837e-05,-0.83306,-1.0625,0.89867,-29.277,0.37845,13.378,-0.16445,-11.225
44.6,-0.0078643,0.010269,0.010966,-1.003,0.015161,-0.00031833,0.008699,1.1315,-4.8291,0.70108,-29.505,-0.39535,15.601,0.92352,-14.936,-0.005599,0.00047196,0.004427,-1.0007,-0.0053364,0.0076935,-0.010117,0.13674,-3.2511,1.7704,-29.764,-0.60544,12.966,0.12998,-10.841
44.7,-0.017464,-0.018677,0.0046858,-0.97524,0.00095494,0.0029399,0.003029,0.67782,-4.7396,-0.52682,-29.741,0.14966,15.895,0.44148,-17.016,0.0018681,-0.015879,0.0036698,-0.99688,-0.0031833,0.0073439,-0.0061434,3.4918,-3.6493,1.7551,-28.512,-0.83703,13.825,-0.10162,-11.324
44.8,0.00061518,0.00080381,0.0086145,-0.99484,-0.0070938,-0.00042236,-0.0013674,1.0694,-4.6382,-0.78007,-29.829,-0.027101,17.154,-0.026887,-16.485,-0.0023049,-0.01041,0.0085392,-1.0054,9.3026e-05,-0.00086008,0.0044608,1.4987,-1.5656,1.5286,-27.576,-0.19822,13.187,-0.6347,-9.5736
44.9,-0.0077704,-0.013812,-0.0051871,-1.0102,0.0014159,-0.0046751,0.00046503,-0.74147,-3.1399,-0.69771,-31.312,1.6169,16.617,-0.79963,-15.866,-0.002,-0.0017586,0.010855,-0.99566,-0.008072,0.0028494,0.0034785,-0.33855,0.32878,0.53237,-28.155,-0.84388,13.587,1.4756,-12.322
45,-0.026394,0.0085883,0.0036422,-0.98458,-0.0011727,-0.0077158,0.0015522,-0.27048,-4.2712,1.5381,-32.029,0.95289,16.067,-0.81298,-16.259,0.0012004,0.0014669,0.011242,-1.0121,0.0042863,-0.0035758,-0.0050944,-1.7957,-4.0663,-0.87662,-27.831,0.80932,13.965,-0.15786,-10.462
45.1,-0.010959,-0.0013966,-0.0060562,-1.0094,0.0039919,-0.0025137,-0.0017759,0.69565,-6.0001,-0.52455,-29.054,-0.88095,16.644,0.060914,-17.741,-0.0046617,0.0053629,0.0098868,-1.0011,0.0013148,0.0062549,-0.005297,0.14648,-1.6538,-0.038819,-25.429,-1.2127,13.503,-0.53671,-10.422
45.2,-0.0043616,0.0075293,-0.0015662,-0.99883,-0.0091677,0.0020558,0.0033484,-0.11335,-5.1089,0.17667,-32.76,-0.77954,18.166,0.43393,-16.842,-0.0069214,0.018061,-0.013973,-1.002,-0.0021529,-0.0074177,-0.0095242,0.25969,-0.19177,0.84628,-29.42,-0.2181,14.563,0.19936,-11.212
45.3,0.0012407,-0.00080557,-0.00048809,-0.99458,0.001473,-0.0049267,0.0011183,-2.0132,-5.6595,-1.5947,-30.232,0.1778,17.218,1.2831,-17.701,-0.0069321,-0.011782,0.016824,-1.0024,-0.00027005,0.0027432,0.010905,-1.2761,-2.0213,2.3741,-28.372,-0.13011,12.233,1.5202,-11.16
45.4,0.0017475,0.0086044,0.0020025,-0.98271,0.0020752,0.0043148,-0.0010773,-0.80897,-4.6499,0.53693,-30.149,-0.8071,17.242,0.5523,-14.905,0.003561,0.017569,0.0062822,-0.99405,-0.0067863,-0.0043029,0.0037436,-1.9866,-1.0834,-0.71286,-29.729,-0.10284,14.691,0.26691,-12.074
45.5,0.0018697,-0.014931,0.0079511,-0.99979,-0.010873,-0.0047666,0.0016852,1.2281,-5.5589,1.4677,-29.985,-2.9335,18.545,-2.7819,-17.34,-0.005023,0.012821,-0.0079216,-1.0023,0.0050556,0.002301,0.002215,-0.64053,-1.3044,-0.63204,-28.245,2.9152,13.043,0.69413,-12.482
45.6,-0.0051215,0.0024186,0.017187,-0.99706,-0.0040668,-0.00039596,-0.0039911,1.4238,-4.9371,-1.3033,-29.809,-0.41533,17.265,0.94995,-16.684,-0.002877,-0.014207,0.0013608,-1.0027,0.0015476,0.004565,0.00054539,2.2404,-1.2842,1.725,-26.702,1.5509,13.337,-0.50643,-10.369
45.7,0.00061443,0.0067942,-0.008946,-0.98751,-0.0054239,-0.009922,0.0023293,-0.94067,-3.7082,1.7867,-31.068,0.05895,16.636,1.7464,-16.719,0.026784,0.0066581,0.029254,-1.0143,-0.0032819,0.0075851,-0.004464,1.1476,-0.21153,0.12025,-27.762,-1.1328,12.566,-1.6769,-10.238
45.8,0.0056217,0.00073044,-0.016827,-0.99139,0.0022117,-0.00018898,0.0010448,-1.1058,-4.8874,0.57749,-31.8,0.21896,17.223,1.4986,-17.066,0.0053963,0.0059213,-0.0098451,-0.98948,-0.0038707,-0.0025466,0.0045704,-0.31968,-0.75331,0.6412,-26.865,0.61559,13.911,0.26431,-11.537
45.9,0.0012245,0.001264,-0.0007669,-0.99821,0.0012947,-0.0066624,0.0013471,0.24336,-3.8079,-0.97553,-30.769,1.8031,17.786,1.5778,-18.251,-0.0091969,0.01145,0.00042125,-1.0031,-0.011889,0.00043943,0.0048198,-1.2414,0.3639,-0.54138,-28.278,-2.3865,12.244,0.39879,-10.709
46,0.00062926,0.00091812,0.0045348,-1.0159,0.0047278,0.0008164,0.010089,0.48763,-3.4893,-2.4408,-29.866,-1.7666,18.933,-1.9023,-17.514,-0.0023482,0.016052,-0.0013602,-1.0058,0.0061119,0.00022378,-0.00013569,-0.41671,-2.5694,-1.182,-27.441,2.4181,13.871,3.0532,-8.7113
46.1,0.015758,-0.0015783,-0.00066258,-0.99725,-0.0055745,0.00097052,0.0028689,-0.78008,-4.1646,-0.54417,-31.496,-0.20551,17.578,-1.0381,-16.37,-0.001808,-0.011986,-0.0068066,-1.0118,-0.0089142,-0.0061276,0.0081637,0.44472,-0.81713,0.60893,-26.196,-0.11399,15.192,-0.27242,-9.323
46.2,-0.0091885,0.0047322,0.0019881,-1.0149,0.0045206,0.0055681,0.0076899,0.15399,-4.6413,-0.77525,-31.77,2.0313,18.472,0.15352,-14.398,0.011246,0.009085,-0.0070787,-1,0.00082794,0.00080477,0.00412,-0.45157,-1.7908,-0.90465,-27.66,-1.642,13.457,-2.5942,-8.8154
46.3,0.016855,0.010785,0.010005,-1.0187,-0.0038135,-0.0023473,-0.0031332,1.2512,-4.144,-0.53524,-31.506,1.1667,17.827,1.4024,-14.5,0.0039577,0.0058146,-0.0028837,-0.99719,0.003427,-0.00067271,0.0036677,0.067005,-0.93508,-1.1638,-27.013,-1.5465,14.268,-1.2077,-9.9443
46.4,-0.0018453,0.0076124,0.0043799,-0.99964,0.0087601,-0.0011023,0.0016148,1.0335,-4.4988,1.1245,-31.821,-0.8418,18.523,-1.3509,-17.858,0.024672,0.0096824,-0.011442,-0.99823,0.0065001,-0.004423,0.0016698,-2.8887,-1.3978,-2.3354,-27.553,-1.1605,13.174,1.1857,-11.403
46.5,0.0026592,0.012423,-0.019427,-1.0033,0.0019777,0.0014391,-0.0061803,1.1196,-4.1513,-0.10465,-31.207,-2.1735,17.48,1.0022,-17.719,-0.0066227,-0.017005,-0.0084171,-1.0162,0.0016637,0.008199,-0.0034303,-1.5103,-0.84009,-1.4551,-26.54,1.0426,13.619,0.65739,-10.471
46.6,-0.011431,0.013556,-0.0062755,-0.99926,-0.0097601,0.0032069,0.00042277,-0.54833,-3.6079,0.52964,-29.414,0.22273,18.128,-0.73118,-16.321,0.0044425,-0.003826,-0.0057031,-0.98591,0.0083428,0.0048626,0.0020865,0.50376,-1.1455,-0.59972,-28.517,-0.6517,12.902,-1.2683,-10.359
46.7,0.019076,0.019935,0.016777,-0.98773,0.0055285,-0.0029707,-0.0047716,-2.0667,-5.9537,0.14584,-30.483,0.39767,16.933,1.7018,-16.059,0.0092225,-0.0021414,0.014671,-0.99943,0.0055116,-0.004753,0.0048056,1.0055,-1.3156,-0.33138,-26.094,-1.0235,13.251,-1.3208,-9.5392
46.8,-0.0008036,0.0062339,-0.021892,-1.0057,-0.00021229,-0.0041785,0.011396,-1.263,-3.3654,-1.0823,-30.254,0.10435,20.146,1.3166,-14.249,-0.0013954,-0.0032542,0.004625,-0.99339,-0.00645,-0.0068557,0.0018149,0.42582,-2.7099,0.80868,-28.162,-1.215,13.302,-0.83638,-7.1463
46.9,0.0052583,0.0061595,-0.0031444,-0.99605,0.0014087,0.002775,-0.001491,0.058043,-4.1246,-1.2462,-32.631,-0.25831,16.753,0.80226,-15.618,-0.0067422,-0.0097112,0.0055034,-1.0017,-0.0021701,-0.0022415,0.0033012,-0.073486,0.1546,0.037433,-28.271,0.54613,12.268,1.9581,-10.579
47,0.0022093,-0.012028,0.0093945,-0.99655,-0.00067449,-0.0093729,-0.0015184,-1.3462,-3.2019,-0.22959,-31.315,-0.66439,17.645,-2.4601,-16.548,-0.0076778,0.0032208,0.015513,-1.0052,0.0014146,0.0034941,-0.00063564,-1.3582,-3.31,0.66725,-27.623,1.821,14.525,0.9434,-10.838
47.1,-0.0091222,-0.00017905,-0.009142,-0.99676,0.0031965,-0.002148,0.0031056,0.97283,-3.8465,0.44861,-33.06,0.62492,18.322,-0.35424,-16.614,-0.013486,0.0039549,-0.011533,-0.99244,0.0016453,0.00043134,0.00077637,-1.3112,-1.5926,-0.44385,-26.971,-1.5501,11.264,1.1651,-7.6248
47.2,-0.0040877,-0.0015578,0.0064953,-0.99108,-0.0047939,-0.0063114,0.0021357,-0.23581,-6.5827,-0.50691,-31.239,2.5364,19.28,-0.054551,-16.843,0.0014176,-0.0059037,0.0056123,-0.99742,0.0072659,0.0066442,-0.0089204,0.13154,-0.82301,0.50909,-29.447,0.10088,13.374,-0.53414,-10.91
47.3,-0.01089,0.00085054,0.0050992,-0.99297,-0.0056194,0.0090457,0.010527,-1.8479,-4.5342,-0.08102,-32.1,-0.58669,17.935,-0.89011,-17.326,0.0008161,0.006839,-0.0094739,-0.99145,-0.0034916,0.0034939,-0.0058627,0.35751,-0.9854,-1.4467,-27.811,-0.25666,13.011,-2.1828,-9.7976
47.4,-0.01765,-0.0052627,0.021291,-1.004,-0.0086,0.0046365,-0.0063593,0.099163,-4.4928,-0.97289,-30.775,2.7745,17.365,0.90259,-15.343,0.020564,0.0091217,-0.010936,-1.0017,-0.0032998,9.0006e-05,0.0029977,-0.61267,-2.0102,2.2916,-27.084,1.0811,12.463,-2.2473,-10.702
47.5,0.0054394,-0.009038,-0.0034213,-0.99389,0.0019135,0.0067782,-0.0034742,-0.79,-4.1058,1.2195,-31.408,-0.71724,18.677,0.33576,-15.283,-0.010827,-0.0118,0.0069055,-0.98711,0.0015362,-0.0068554,0.0089874,-0.72754,-2.4248,-1.7406,-26.68,0.47089,16.317,0.49953,-9.6427
47.6,0.007773,-0.01364,0.0030585,-1.002,-0.0038784,-0.0012927,-0.0019234,0.081054,-5.7322,0.22858,-30.908,0.87367,20.598,-1.7773,-15.434,-0.0088001,0.010072,-0.00055281,-1.0088,-0.0027703,0.00074501,-0.0064069,0.027209,-2.4623,-0.50666,-28.414,0.28801,14.782,-0.5589,-11.112
47.7,0.018067,-0.0085767,-0.0078908,-1.0065,0.00076143,-0.0091942,0.0064196,-0.1354,-3.3656,1.0067,-30.754,0.20022,19.171,0.18485,-15.525,-0.010248,0.0014285,0.0075101,-0.98416,0.00175,0.0031134,0.002678,-0.07779,-1.4433,-1.3094,-27.81,-1.7692,12.994,-0.41896,-9.5662
47.8,-0.0013736,0.0031542,0.0013974,-0.9968,0.0082124,0.00041024,0.0075384,1.794,-3.8956,0.45593,-32.138,-0.12216,16.933,-0.81144,-16.424,-0.022938,0.00028748,-0.0061823,-1.0146,-0.0011072,-0.0037516,-0.008165,2.0459,-1.5784,1.0764,-27.175,-0.59592,11.421,-1.861,-9.9053
47.9,-0.01061,0.0015949,-0.00070058,-1.0016,0.0047584,0.0023833,-0.003251,0.67934,-2.6463,-0.42677,-32.118,0.53487,18.249,-0.5904,-17.532,-0.0067686,0.013635,-0.0033009,-0.99345,0.0035001,0.006289,0.0011679,0.038786,-2.5556,2.0746,-28.012,0.064073,12.254,0.25869,-11.676
48,-0.004372,-0.0048935,0.0042073,-1.0093,0.0073256,-0.0049448,0.0048919,3.3259,-4.8328,3.4011,-32.4,-1.6825,16.931,-2.582,-17.211,-0.0074228,-0.013421,0.010813,-0.98658,-0.00084472,-0.014883,0.0083321,-1.5172,0.419,-1.1423,-27.279,1.4787,12.508,0.70294,-10.342
48.1,0.0015039,-0.0079938,0.00065123,-1.0044,0.0018318,-0.0077159,0.0013201,1.4073,-3.8036,0.22167,-31.014,-1.0516,16.574,1.5115,-14.413,0.016099,0.00541,0.020184,-0.99855,-0.00019627,-0.013946,-0.0091065,0.90523,-1.0558,-1.7738,-27.095,0.73294,13.404,1.4788,-10.424
48.2,0.0060624,-0.0046131,-0.0093268,-0.99973,0.0037259,-0.0073011,0.00034023,-2.2338,-5.2409,-1.4007,-34.078,2.3763,19.285,0.74374,-17.135,0.008455,0.0022794,-0.0082475,-1.0083,0.0086114,0.004464,0.0070726,-1.3118,-1.5598,0.69013,-27.24,-0.58203,11.786,-0.81522,-9.9868
48.3,-0.0011681,0.0014514,-0.0040446,-0.99691,0.0009211,0.0045077,0.0014903,-0.86313,-3.3949,-1.4416,-31.998,1.2868,18.053,-1.3773,-14.764,-0.0018057,-0.011467,0.0089409,-1.0126,-0.001905,0.0027127,-0.0073786,1.6707,-0.35506,-0.35432,-29.307,-1.6969,13.724,-0.84597,-11.719
48.4,-0.013171,0.010047,-0.002229,-1.0024,0.0047517,-0.001928,0.0061657,0.17108,-4.046,0.86155,-31.611,-0.26597,16.976,-1.6059,-16.785,-0.0014352,-0.0080464,-0.025576,-0.9959,-0.00096065,-0.00076656,0.0012376,-0.45501,0.15144,-0.69378,-28.207,0.15036,13.039,-0.97965,-10.274
48.5,-0.020394,-0.00037555,-0.019553,-1.0013,0.0064883,0.0087644,0.00026296,1.1253,-4.2113,-0.10082,-31.006,2.1034,20.12,0.23771,-17.107,0.003049,0.011448,-0.0092488,-1.0019,0.0026413,2.2311e-05,-0.0040843,0.2717,-0.35116,-2.7099,-29.526,0.84544,12.538,-0.25958,-10.548
48.6,-0.00354,0.01344,-0.0056212,-0.98537,0.0034396,0.0059971,-0.0094591,-1.3988,-4.1133,-1.2383,-31.18,-0.17681,16.657,0.011555,-15.738,-0.0022378,-0.0080332,0.017186,-0.98164,-0.0052969,0.0076402,0.0016082,-1.8681,-2.1473,-2.4719,-29.486,-1.4837,14.32,0.86555,-11.269
48.7,0.0048194,-0.0010892,-0.01124,-0.98847,0.0023027,0.00024315,-0.0056581,1.9065,-6.1406,-0.2455,-32.922,0.080815,17.802,1.4831,-16.824,0.027572,-0.0098676,0.023552,-1.0042,0.010577,0.0029178,0.0046015,0.38293,-0.80438,-2.7891,-28.157,0.4643,14.011,1.7448,-9.745
48.8,0.00012226,-0.0052736,-0.0036297,-0.99144,0.0049259,0.013223,0.0014782,1.7868,-4.5732,1.6267,-32.958,0.45472,17.516,0.63565,-18.242,-0.013781,-0.016665,-0.0025387,-0.99681,-0.011305,-0.002518,2.9602e-05,-1.0593,-2.5588,-0.016731,-29.438,-0.57044,14.194,-0.85919,-8.1922
48.9,-0.007061,0.0058439,-0.010194,-1.0022,0.007202,-0.010025,0.0041929,0.33264,-5.2238,-0.81415,-32.111,-0.27848,18.186,-1.6761,-19.13,-0.010894,-0.0037036,-0.0034588,-0.99597,-0.0036187,-0.00013613,4.7203e-05,2.0493,0.58955,-0.54707,-28.138,-1.3143,13.374,0.58134,-9.4549
49,-0.013234,-0.0014417,-0.0041747,-1.0014,-0.009632,0.001164,-0.008034,-0.5538,-3.4049,-1.0552,-30.507,-0.89698,17.219,0.098038,-17.142,-0.0027366,-0.0049353,-0.01784,-0.99918,0.0030043,0.0005557,-0.0072808,-1.6801,0.52405,-0.20863,-27.721,-0.90715,12.389,1.8425,-9.092
49.1,0.0002207,0.0025491,-0.014657,-0.98479,-0.0040112,0.0087832,-0.0051096,-1.2965,-5.8063,0.40537,-33.328,0.47067,17.245,-0.31065,-15.439,0.0094087,0.0088165,0.0092309,-1.0189,0.005296,-0.0018325,-0.00067435,-1.0047,-1.8163,1.1561,-28.995,2.1897,12.33,1.8534,-10.661
49.2,-0.0084955,0.0026129,0.024073,-1.0053,-0.0011411,-0.0014608,-0.0003793,-0.2309,-3.0812,-2.3674,-32.328,1.4816,18.968,1.3056,-17.164,0.0072075,0.0082395,-0.0030647,-0.99887,0.0027892,0.0052788,-0.0018194,0.056962,-2.0691,-0.071981,-28.029,0.60258,12.556,-0.90256,-9.6599
49.3,0.010865,-0.01328,0.019493,-0.99475,0.005748,-0.00095927,-0.0037537,0.53734,-5.6236,1.6265,-32.216,-0.091672,17.439,-1.8479,-17.078,0.0073022,0.0075336,0.017366,-0.9963,-0.00054813,-0.00019027,-0.00053683,-0.20332,-0.88069,1.0212,-27.761,-0.3334,14.494,-1.0143,-8.0776
49.4,-0.011307,-0.010177,0.0068421,-1.0144,-0.00022764,-0.0029141,-0.0049259,2.03,-3.2313,0.68461,-32.258,-2.0449,17.181,-0.22703,-17.104,-0.0068647,0.0064,0.0031148,-0.99938,0.0012484,-0.0018856,0.0014777,-0.48139,1.2978,-0.60094,-27.941,0.93987,14.722,1.3872,-9.9025
49.5,0.0065736,0.017149,0.0025008,-1.0241,-0.0018683,6.3832e-05,-0.0013437,2.2828,-4.3264,0.40744,-33.018,1.0881,17.783,-0.49125,-17.056,-0.0068909,-0.0037194,-0.009339,-1.0198,-4.8709e-05,-4.4735e-05,-0.011703,0.063372,-1.3908,-1.3709,-29.717,-0.26989,12.969,-0.82071,-9.9224
49.6,0.0056501,0.00028667,0.0059436,-1.0016,-0.0058405,0.0020036,0.0022501,-0.87158,-4.8607,-0.041937,-31.577,0.39016,18.269,0.11961,-16.871,-0.0046304,0.01228,-0.010051,-0.98789,-0.0038911,0.0018335,0.0016251,2.2011,-0.84086,-1.035,-30.638,-1.6811,12.779,1.6245,-10.171
49.7,0.0064312,0.0056017,0.01003,-1.0116,-0.0054774,-0.00072149,0.00087203,-0.91066,-3.6212,-2.1581,-31.21,2.0726,19.788,-0.85553,-16.007,-0.0018985,0.015197,0.016916,-1.003,0.00022412,-0.0014347,0.0019357,-0.25085,-1.0161,1.7892,-29.101,0.036806,14.587,-0.35505,-10.342
49.8,-0.00010721,-0.012164,0.0065735,-1.0162,0.0023498,-0.0061655,0.0015042,0.50329,-2.7742,1.4028,-31.663,-0.8133,17.63,-2.8936,-17.658,-0.0028234,-0.0092567,-0.0052177,-0.99406,-0.0033755,-0.013966,-0.00024941,0.0020785,-3.8314,1.0584,-28.782,-0.62343,16.626,-2.1535,-10.932
49.9,-0.017444,-0.0041088,0.0069511,-0.99436,0.0029194,0.0016318,0.00058666,0.41546,-3.3865,-0.2357,-32.32,-1.3701,16.55,-2.2775,-16.839,0.0027663,-0.0051781,-0.013913,-1.0036,0.00023945,0.0023878,-0.012482,0.10345,-0.40991,-0.81907,-27.232,-0.38209,13.53,-0.33288,-10.282
50,-0.013461,0.002923,-0.0078559,-1.0046,0.0072584,0.0075399,-0.0029401,-0.95901,-5.6906,0.87785,-32.721,-0.056727,17.494,-0.56371,-15.31,-0.00533,0.0091823,0.02346,-1.0002,0.005033,-0.0076114,0.0011744,-0.43235,1.5932,0.30257,-27.668,1.0162,14.127,0.40515,-8.9426
50.1,0.009394,-0.001059,0.0026533,-1.0017,0.0040632,0.0064224,0.00035234,-1.4562,-4.2874,-2.2676,-33.131,-0.175,17.808,0.65907,-17.736,-0.0030063,-0.0086007,-0.0095115,-1.0081,-0.0057448,-0.0065054,0.0064024,-1.9774,0.55407,0.020572,-28.169,0.93417,14.52,2.0843,-6.6082
50.2,0.016977,-0.0064244,0.006713,-1.0022,-0.0026888,0.0016518,0.0037071,-0.6771,-4.6426,-0.51823,-32.643,0.49384,17.653,-0.62034,-16.044,0.0035373,-0.0024042,-0.0011229,-1.0157,-0.0026824,-0.0043583,-0.0024248,0.64671,-0.73144,-0.059969,-29.895,-0.87493,14.858,-0.82416,-9.2209
50.3,0.0059747,0.0098802,-0.0055594,-0.98909,0.0064831,0.0012383,-0.0020777,-0.054996,-4.445,0.23989,-32.575,0.97294,18.753,-1.2035,-18.599,-0.001044,-0.015859,0.0073001,-0.99654,-0.010195,0.0015037,0.0019768,0.35233,0.56595,2.8418,-29.936,0.56671,12.11,0.99422,-8.5679
50.4,0.002314,-0.00050499,-0.010638,-1.0152,0.00217,0.010962,-0.001385,1.5134,-1.6969,0.46499,-32.609,-0.46319,17.732,-0.64034,-17.931,0.0044157,0.0006712,0.0098435,-1.0062,0.00039488,-0.0031547,-0.0060879,-1.6609,0.064386,0.17104,-27.047,1.141,13.979,0.77072,-9.8466
50.5,0.0042288,0.0061162,0.0039856,-0.98645,0.00064665,-0.0011901,-0.0059243,-2.051,-4.6975,0.44903,-32.18,1.2404,16.743,-1.0135,-16.535,-0.01843,0.014475,0.0049625,-0.9923,-0.0092081,0.0080963,-0.0031864,0.33356,-3.1572,0.2682,-28.536,0.61165,12.902,1.927,-9.4361
50.6,0.0068339,0.016477,0.0058948,-1.008,0.0022053,0.0087702,0.0024176,0.1408,-2.5698,-0.042012,-32.292,-0.039091,18.227,-0.010357,-17.55,-0.013754,-0.0085967,-0.0032158,-1.009,0.0036515,-0.0042398,-0.0023795,-1.4881,-1.468,-1.1707,-29.463,1.3937,14.44,0.54553,-9.7018
50.7,0.012113,-0.014587,-0.013055,-0.98213,0.0011643,-0.0017777,-0.0022625,0.95701,-2.8452,-1.1967,-34.495,2.0372,18.588,1.8408,-15.655,0.0019766,0.013541,-0.0047431,-0.97977,0.0033032,-0.0012694,0.0037112,-1.3641,-2.4086,-0.51008,-29.686,1.4625,12.303,1.0067,-9.3384
50.8,-0.016083,-5.5853e-05,0.004485,-0.97706,0.0063863,0.0032783,-0.0053065,-0.56906,-4.5901,-0.31392,-33.997,-1.4347,17.341,-0.045269,-17.441,-0.0042702,0.019567,0.016493,-1.0045,-0.0094239,0.002837,0.0037044,1.6768,-0.26243,0.78707,-29.454,0.97304,13.978,0.22801,-9.338
50.9,0.013541,0.010914,-0.0017581,-1.0045,-0.0040684,-0.0027965,-0.0020248,-2.3074,-3.5712,0.18283,-33.714,0.97626,16.85,-1.5423,-16.561,-0.022005,0.0077126,0.0051131,-0.98709,0.00033764,-0.0089279,0.01128,0.35755,2.3716,0.59787,-28.259,0.07275,12.597,-0.48453,-10.799
51,0.0015734,-0.022428,0.0037914,-1.005,-0.0083503,0.0010261,-0.0023018,-0.011711,-3.4757,-0.26864,-31.486,0.6724,17.865,-1.5485,-16.447,0.00086498,-0.00093456,0.011159,-0.98713,-0.0027369,-0.0033409,0.0070357,0.15601,-0.92668,-0.77385,-28.192,-1.0406,13.314,1.1985,-9.7437
51.1,-0.0014487,0.010468,0.0052229,-0.99937,-0.00015592,-0.0099106,0.0070642,-1.6252,-2.5486,-0.46899,-32.022,1.2891,18.023,-0.52172,-16.278,0.011226,0.0081084,0.018845,-1.0099,-0.0081873,-0.0058923,-0.0024955,-0.37553,-1.1957,-1.9995,-29.343,0.75928,13.354,0.55656,-8.5177
51.2,-0.0044951,0.0024145,-0.0031151,-0.99147,0.0032687,0.0069492,0.0052153,0.55244,-2.8326,-1.078,-33.694,0.42077,19.124,1.0046,-16.864,-0.018252,-0.01979,-0.011079,-1.0103,-0.00016746,-0.0016529,-0.009055,-0.041125,0.0066628,-1.4565,-29.101,-0.039783,14.305,-0.57305,-7.8526
51.3,-0.0028611,-0.017799,-0.0062915,-0.99005,-0.0054876,-0.011363,-0.0089752,-1.4463,-3.0142,-0.37616,-32.591,-0.22658,16.852,0.73152,-15.762,-0.0044514,0.016299,-0.0097382,-1.0097,-0.0091651,0.00069424,0.012129,1.3516,0.41483,1.9837,-29.933,-1.7516,13.366,-1.0905,-7.7609
51.4,-0.029621,0.0006099,-0.0075265,-1.0174,-0.0014591,-0.01208,0.0044017,-0.67933,-3.561,0.99727,-32.671,-0.060483,18.491,-0.12024,-17.708,-0.003308,0.019545,-0.016316,-0.98267,0.0020619,-0.0038435,-0.0039406,1.0672,-1.2633,-1.7405,-27.507,-0.78811,13.064,-0.48603,-8.7376
51.5,0.0036295,0.01276,-0.018829,-1.0127,-0.00015107,-0.002531,0.0029026,0.19716,-4.8957,-1.0805,-34.152,-1.4405,18.705,-0.47583,-17.414,-0.00037521,0.0051785,-0.0053667,-0.99931,-0.0095226,0.0056444,0.01039,0.62318,-0.72998,-1.7161,-27.54,-1.5465,15.092,-0.60457,-9.8165
51.6,0.00088498,0.013126,-0.013865,-0.99152,-0.0026836,-0.01025,0.0081344,2.0977,-4.8223,1.3082,-35.177,1.5311,17.051,-0.56405,-16.211,-0.0016747,-0.0057819,-0.00067448,-0.99822,-0.0046522,-0.004302,0.0069934,-0.51264,-0.197,-0.94091,-29.999,0.35392,14.251,-0.34434,-7.68
51.7,0.0053998,0.009983,-0.011713,-1.0072,-0.0053282,-0.0018072,-0.0038256,-0.20524,-4.8918,-1.3089,-34.11,1.3897,19.58,-0.25275,-17.228,0.0050792,0.0046585,0.0096841,-1.0038,-0.0028106,0.0068274,-0.00077794,-0.093872,-0.32999,0.29283,-31.157,-0.14054,13.032,0.37232,-9.1388
51.8,-0.00029559,-0.0094358,-0.014407,-0.99954,0.0032464,0.010479,0.0053052,-1.1413,-3.1764,-0.99349,-33.436,0.25165,18.499,0.091412,-16.609,0.010599,0.012746,0.005912,-0.98732,-0.0024095,0.0046816,0.0027459,1.5189,0.659,0.52067,-30.566,0.19613,12.337,0.25608,-9.5629
51.9,0.0039122,0.0087447,-0.011667,-0.99739,0.0026787,0.0034458,0.0028301,-0.49574,-3.3482,0.81979,-34.231,-0.82265,18.249,2.6043,-18.669,0.0095724,-0.0090426,-0.0052238,-1.0007,-0.0015907,-0.0043791,0.012445,-0.17093,-1.0453,0.56651,-28.984,0.09771,14.243,0.3684,-10.662
52,-0.013603,-0.0022003,0.0024227,-1.0001,0.00050052,0.0036463,0.0074289,-1.26,-5.724,1.1747,-31.31,-1.7311,17.803,-0.65761,-16.169,-0.0087903,-0.011802,-0.0049576,-1.0058,0.0028525,-0.013028,0.010551,0.85742,-0.094953,0.61507,-30.485,2.1979,12.442,0.21855,-10.623
52.1,0.0029651,0.0041772,-0.00064065,-0.9943,-0.003415,0.0069141,0.0017823,1.28,-4.2839,0.51572,-34.098,-0.43284,17.302,-1.4265,-18.29,0.017345,0.019299,0.011717,-1.0043,-0.0072139,-0.006773,-0.0050046,-0.60779,0.77164,-2.8984,-27.8,0.54617,11.353,1.3116,-8.682
52.2,-0.00014165,-0.0046152,-0.018453,-1.0016,0.011282,-0.0042233,-0.00010743,1.5441,-3.8976,0.21306,-32.913,1.0677,18.883,0.43306,-16.933,-0.0066305,0.005439,0.020715,-0.98993,-0.0033553,-0.011104,-0.0044032,-1.9077,1.376,1.9162,-28.872,1.8677,12.46,-0.29645,-8.7714
52.3,-0.016883,0.0025212,-0.00058749,-0.99225,-0.0062334,-0.0036795,0.0036798,0.88041,-2.3473,-0.6721,-33.483,-0.82564,17.352,-0.1882,-17.951,0.010358,0.0050147,-0.0088359,-1.0047,-0.006593,-0.0065899,0.0028484,1.3537,-0.66787,0.46451,-29.895,0.46677,12.285,-0.69738,-9.5381
52.4,-0.00085622,-0.007006,-0.011342,-1.0086,-0.0042052,0.0016053,0.001687,0.65941,-5.4988,-1.2509,-32.798,1.5495,18.197,-0.96387,-17.451,0.0044027,-0.0033831,0.01121,-0.99784,-0.0016572,-0.0034412,0.0012644,0.12689,0.87441,-0.58503,-28.584,1.0684,14.631,-0.34546,-8.1015
52.5,0.0086982,0.0012598,-0.0028383,-0.99287,-0.0042708,-0.0038135,-0.0067655,0.31076,-5.4929,-0.66828,-33.784,2.2335,17.677,0.57468,-14.991,-0.0010742,0.009129,0.011577,-0.99885,-0.0015992,0.0022542,-0.0083141,0.18025,0.08502,-2.0583,-30.893,0.36857,12.694,1.4838,-8.7269
52.6,0.0094833,0.0045024,1.697e-05,-0.9944,0.0069199,0.0055949,0.0023368,-0.10612,-4.2483,1.1409,-31.172,-0.22898,20.02,0.70456,-15.197,0.013258,0.018286,0.0073608,-1.0085,-0.0075668,-0.0028667,-0.0010653,-0.033858,0.15447,-0.33873,-27.59,-0.25595,13.776,1.6992,-10.167
52.7,-0.005746,0.0078048,-0.002199,-1.0167,-0.0015037,0.0061329,-0.0048268,-0.059527,-4.61,1.1313,-32.989,-0.71219,18.337,-0.40882,-17.426,0.011199,0.0050115,-0.0083858,-1.0036,0.0022237,0.00084573,-0.0065753,2.1397,-2.0107,-1.8881,-27.117,-2.0358,15.468,1.1462,-7.9497
52.8,-0.0098203,-0.013332,-0.0034339,-1.0066,-0.0029002,0.0035946,0.0053698,0.3556,-4.5733,0.97048,-34.093,-0.90171,17.997,-0.68351,-15.146,0.0091305,0.012867,-0.0022353,-1.0016,-0.0052832,-0.0026975,-0.0026109,0.50885,0.42216,0.80901,-29.793,-0.94628,12.735,-2.2356,-9.6767
52.9,0.00057365,-0.012347,0.0018598,-0.99103,-0.0012463,-0.0042232,-0.0018101,-0.68921,-3.545,0.40892,-32.486,-0.41839,17.82,-0.66233,-15.677,0.0041036,0.020216,0.0094226,-1.0037,-0.00026966,-0.0035146,0.0026518,1.6059,0.65618,0.84628,-29.5,0.028451,11.202,-0.55891,-9.4561
53,-0.0041887,0.0091157,-0.0073538,-1.0173,0.0036531,0.0013799,-0.0094217,0.92116,-6.2272,-1.0238,-33.806,1.2214,18.282,-0.021651,-18.542,0.01384,0.00022261,0.0067838,-0.98013,-0.00088161,-0.0049479,0.0010113,-1.998,-0.60509,-0.1824,-28.695,0.82089,12.278,0.50329,-9.2015
53.1,-0.0040693,0.025518,-0.0083119,-0.98719,-0.0088934,-0.00284,0.0051685,0.39932,-5.0593,-0.42107,-34.681,1.1314,20.094,0.57404,-15.309,-0.0027178,0.0032116,-1.6238e-05,-0.98905,-0.0030936,0.0007082,-0.0012517,-1.7605,-0.55273,-0.46679,-30.493,0.70656,12.397,1.9035,-8.723
53.2,0.020855,0.024592,0.012466,-0.98101,-0.0038707,0.0010686,0.0030568,1.6734,-3.5406,-1.0324,-34.397,-0.71805,19.55,-0.17352,-17.133,0.0016392,-0.011135,0.0044013,-0.98758,0.00043347,0.010729,0.0052794,-0.074533,1.1463,1.0868,-30.26,-0.33598,11.579,-1.2503,-7.8001
53.3,-0.0096553,0.028345,0.0026847,-1.0131,0.0064224,0.0042817,0.0016038,2.4722,-3.3767,0.31542,-35.768,-1.2738,19.205,0.064068,-17.276,-0.002307,-0.0019859,-0.0043339,-1.0072,-0.0024771,0.0057221,-0.0033344,-0.2996,1.5093,-0.45505,-27.679,-0.59405,13.126,-1.095,-9.1375
53.4,0.0044557,0.0042255,-0.0079133,-0.99629,0.0065697,-0.0010939,-0.0011505,-1.0807,-4.9778,0.48715,-34.909,-0.14336,19.298,0.57504,-18.117,0.0015293,0.0098045,0.0019479,-0.99132,0.0020039,-0.0033213,0.0046202,0.93023,1.211,0.41474,-30.609,-0.94786,13.343,-0.82815,-7.5742
53.5,-0.011298,-0.020318,0.0083902,-0.9844,-0.00081155,-0.0091733,0.0094758,-0.24199,-2.7941,-0.62064,-34.2,-0.1606,19.764,1.3601,-18.077,0.037694,-0.0037286,-0.0020272,-0.99954,0.0028199,0.003671,0.0043418,0.26692,-0.070103,-0.021814,-28.674,0.69003,12.418,0.2719,-8.6876
53.6,0.0027525,0.0067987,-0.018879,-1.0027,0.011743,-0.0040491,0.0019478,-1.6987,-7.6921,-1.8558,-34.395,0.026265,18.331,0.61747,-15.116,0.0063198,-0.009653,-0.019965,-1.0015,-0.0078646,-0.00031817,0.00076039,-3.6355,-0.17624,-1.0175,-28.227,-0.36299,12.455,0.95768,-8.8285
53.7,-0.0060588,-0.010542,0.0055812,-1.0165,0.0047481,-0.0013702,0.0037318,0.36473,-4.7827,0.090299,-33.779,-0.86685,18.744,1.7519,-16.099,0.012709,-0.013333,-0.00474,-0.99529,-0.0059207,0.0053848,0.00087144,-0.15134,0.19769,-1.8466,-31.028,0.12162,11.296,-0.045738,-8.6219
53.8,0.011967,0.0046557,0.00053187,-0.98537,0.0050007,-0.00043368,-0.00076682,-0.12147,-5.04,2.1081,-33.877,-0.5288,19.921,-0.48152,-16.235,-0.007943,-0.017051,-0.0072659,-0.98166,0.0041743,-0.00094273,-0.0022499,-0.33227,-1.105,-1.6073,-28.791,-1.3018,13.297,-1.8296,-7.7771
53.9,0.002833,-0.0057178,0.011558,-0.991,-0.0065132,0.0070798,-0.0017988,-0.37466,-4.6498,-0.081996,-33.4,-0.28134,18.326,0.2516,-17.447,0.0017214,-0.0049342,-0.00027351,-0.99723,-0.0052959,0.0029185,0.00022895,-0.74381,-0.84135,-1.9617,-30.508,0.086971,14.346,1.4957,-9.1671
54,-0.017504,9.7868e-05,0.012063,-1.0125,0.0075797,0.0081067,0.0033872,0.41867,-3.589,-2.239,-35.115,-2.6319,19.752,0.13661,-16.824,0.01553,0.018077,-0.0065308,-1.0116,0.0070896,-0.0066535,6.9274e-05,-1.0856,0.23648,0.9941,-30.893,0.14228,13.333,0.35309,-9.595
54.1,0.0036669,-0.0028235,0.0022934,-0.99695,-0.0091892,0.0058596,0.014722,-0.6605,-5.0524,0.37385,-33.929,0.024574,19.877,0.92985,-16.998,0.0017941,0.015857,0.018902,-1.0068,0.0027634,0.0073533,0.005985,1.3779,1.8722,-0.24638,-29.078,-1.0149,12.394,-0.65116,-7.9344
54.2,0.0035369,0.018799,-0.0017411,-0.99562,0.00096328,0.0022304,0.0049907,0.87526,-5.3139,-0.35648,-34.465,0.2031,20.349,0.88832,-18.242,-0.0026795,0.0066889,-0.0084792,-1.0104,0.0016375,-0.0012449,-0.00013341,1.2724,1.1758,-0.30151,-28.622,-0.99578,12.585,-1.1914,-9.7744
54.3,-0.013695,-0.0007023,0.0013348,-1.0063,-0.0038439,0.011359,-0.0031387,0.74194,-5.4725,2.2516,-34.891,-0.69463,19.584,-1.9523,-18.051,0.0063435,0.0099873,0.0081083,-0.99823,0.0020784,0.0041135,0.0097669,0.35234,-0.95426,2.0452,-29.823,-1.6183,13.648,-0.82337,-8.9485
54.4,0.0095455,-0.0091967,0.0019403,-0.98672,-0.0018545,-0.0030262,-0.0015068,-1.4767,-4.691,-0.19815,-34.015,-0.50342,18.187,0.11502,-16.669,-0.0058264,0.0070606,-0.011969,-0.99123,0.0088951,-0.0016011,0.0098923,-0.15922,-1.705,-1.7654,-29.216,0.42712,12.606,1.8597,-9.033
54.5,-0.005067,0.017526,0.0014772,-0.98822,-0.0024563,-0.0095681,-0.008743,-0.098954,-3.3525,-0.39644,-33.813,0.66831,17.012,0.35013,-17.359,-0.0014089,-0.0068828,-9.7063e-05,-0.98745,0.0017821,-0.0048094,-0.009101,-0.10939,0.55491,-0.56381,-28.972,1.3413,11.365,-0.32474,-7.9205
54.6,-0.018966,0.0067023,-0.0099938,-0.98763,0.0044866,0.0050331,0.003259,0.3791,-4.8665,-1.7139,-34.704,0.49631,20.504,0.37457,-16.971,-0.0030081,0.0036363,0.0056464,-1.0017,0.0016775,0.0050205,-0.0060101,0.63318,0.77422,-1.5691,-28.54,0.22887,14.005,0.39736,-7.5982
54.7,0.017948,0.0098617,-0.0034056,-1.0185,0.0049846,-0.0024279,-0.00090357,1.0346,-3.9741,0.62619,-35.912,0.50881,20.835,0.061174,-18.35,-0.0038684,0.022134,0.0032052,-0.99779,-0.004778,0.0034166,0.0046913,0.22084,-0.77249,1.7062,-30.788,0.020385,13.668,-0.29908,-9.2268
54.8,0.005048,-0.0073264,-0.011916,-0.99813,0.00015655,0.0042446,0.0041951,0.93204,-3.7718,0.30932,-34.06,0.93039,21.482,0.73696,-17.762,0.008183,-0.0011336,0.018018,-1.0092,0.0019517,-0.0090291,0.00055258,1.4038,1.8187,0.80716,-29.057,-0.039928,12.549,-0.88982,-7.5079
54.9,0.011155,-0.012504,-0.0085831,-0.99401,0.0018758,0.0044381,0.0037205,-1.765,-5.1772,0.60922,-32.865,-1.4087,18.423,-1.0855,-16.1,0.0077825,-0.0020976,0.0036642,-1.0266,-0.0026405,-0.0016682,0.0058727,-1.0022,0.37824,0.56318,-29.967,-0.50618,12.384,-0.34013,-7.6354
55,0.015296,-0.0068096,0.0042879,-0.98423,0.010933,-0.0054211,-0.0016593,-1.4143,-2.2412,-0.26103,-35.245,0.23186,17.054,-0.15128,-16.522,-0.0094949,0.002582,0.0022421,-1.0105,0.0055356,0.0044024,0.00044187,-0.51287,-0.085755,-1.0091,-30.82,0.17542,12.955,0.69731,-9.0769
55.1,0.0063801,0.015399,-0.0081982,-1.0017,0.0017498,0.0037468,-0.0038634,-1.5636,-3.7089,-0.84075,-34.924,0.76163,18.998,0.46944,-16.954,1.2017e-05,-0.0053455,-0.0073189,-0.9942,0.0089157,0.0038147,-0.00015436,0.64089,-0.76981,-0.25704,-29.91,1.9585,12.608,2.2196,-7.994
55.2,0.0017779,-0.0083108,-0.0026981,-0.99758,0.00062389,0.0047928,-0.0062862,-0.22974,-3.4426,-0.83275,-35.552,0.8881,18.759,1.5002,-16.949,0.0013371,-0.000971,-0.0037462,-1.0032,0.0013885,-0.0064922,-0.0055562,-0.68742,-0.53635,-1.8141,-28.627,-0.93915,14.56,1.3419,-6.7858
55.3,0.0052862,-0.005113,0.0071297,-1.009,0.0003628,0.0056281,0.003279,-0.28955,-4.9539,1.8205,-34.647,0.2563,17.99,-0.64249,-18.117,-0.0035036,0.0078596,0.0077045,-1.0004,0.0039504,-0.0061217,0.0035478,0.21874,1.6967,1.8729,-29.893,-0.85265,12.804,-2.1578,-7.3395
55.4,0.0086392,-0.0079956,0.013882,-1.0045,-0.0019194,-0.0004983,0.0055398,0.57197,-2.2289,1.0856,-34.524,1.754,19.374,0.26193,-18.465,-0.0048389,0.0047339,0.00096759,-1.0065,-0.0034379,0.0050457,0.0011079,-1.9879,-0.052044,0.30303,-27.969,1.1357,13.027,0.93805,-8.699
55.5,-0.0074152,-0.0063618,0.003607,-1.0067,0.0019324,-0.0023188,-0.0047481,-1.9837,-3.4877,-1.0656,-34.308,-0.57241,18.886,1.9719,-17.406,0.0053582,-0.0048112,0.0091151,-1.0188,-0.0017514,-0.0050318,0.0038837,-0.8354,1.4706,-0.54091,-31.315,-0.60501,13.146,0.89509,-8.4091
55.6,0.013295,0.010388,-0.0018952,-1.0082,-0.0019556,-0.0010753,0.00026803,-1.3418,-3.8362,-1.1325,-36.495,0.047496,19.634,-0.95358,-18.304,-0.0050483,0.0066351,0.00986,-1.0029,-0.0097295,-0.0049519,-0.010124,1.1238,0.8409,-0.19729,-29.698,0.26337,10.905,1.4567,-8.0767
55.7,0.003459,0.026965,-0.0041865,-1.0024,0.0041126,0.0066611,0.00042444,-1.1719,-1.9183,-1.277,-36.627,1.504,20.557,-0.54504,-16.643,0.0067932,0.0050287,-0.023622,-1.0017,0.0084554,0.0053948,-0.002939,1.38,0.36748,-1.1906,-30.566,-1.2901,11.142,0.67388,-7.8436
55.8,-0.0063364,0.0072328,-0.017072,-0.99715,0.0075212,0.012383,0.00041013,-0.8306,-5.3818,1.7312,-33.872,-0.89239,20.223,-0.54907,-17.45,0.0033221,0.0013327,-0.0089407,-1.0034,0.0032051,-0.0072439,-0.0011082,1.7623,0.59082,0.49976,-29.996,-0.74801,14.831,1.042,-6.3332
55.9,-0.0016465,0.00018572,-0.018693,-1.0044,-0.006487,-0.0060861,-0.0020094,-1.4244,-3.8167,0.11376,-33.491,-0.69938,17.724,-1.6546,-16.247,-0.009676,0.016783,-0.0009077,-0.99827,0.0018829,-0.0028536,0.0058975,1.0095,0.57312,-0.5444,-30.484,-0.80337,13.353,-0.56309,-6.047
56,-0.0090115,0.0016341,0.0013714,-0.99467,-0.00087065,0.0059301,-0.0012471,-0.15669,-4.3993,-1.6201,-34.489,-1.1884,18.626,0.31234,-16.162,0.020131,-0.0058014,-0.0072143,-0.99938,0.0057533,-0.00095932,0.00087686,-1.6901,0.0097477,-0.1675,-30.59,1.7402,12.473,0.77464,-6.9635
56.1,0.024445,-0.0053684,-0.0079895,-1.0038,-0.003028,-0.002186,-0.0047373,-1.1495,-3.2849,-1.0511,-33.273,-0.14862,19.291,-1.1901,-17.922,-0.0016405,0.0074234,0.0095368,-0.99296,-0.0036207,-1.5437e-05,0.0025946,0.4293,0.8684,-3.3192,-30.591,0.97441,11.444,-0.16931,-5.9786
56.2,-0.0054267,0.010812,0.011392,-1.0083,0.0018075,-0.0067822,-0.0021936,-0.88075,-4.0073,0.034729,-35.185,1.1536,18.53,1.5879,-15.329,0.023307,0.00484,-0.0050686,-0.99072,-0.01121,0.0051676,-0.0062499,0.14586,0.07458,0.46694,-29.931,-0.79256,12.613,-1.3528,-8.3571
56.3,0.011477,0.010342,0.0054611,-1.01,-0.0023807,0.0057463,0.0066523,-2.1877,-3.815,0.58747,-35.995,-1.2863,20.507,-0.82637,-18.606,0.014066,-0.01186,0.010931,-0.98295,-0.011062,-0.0082458,-0.0029269,1.7441,0.67228,0.34088,-28.606,-2.6778,11.481,0.3566,-8.4265
56.4,0.001589,0.0085578,-0.012564,-0.98279,0.0045019,-0.002054,-0.0099234,0.19106,-3.1239,0.014561,-34.068,-0.73108,20.297,-0.60647,-17.37,-0.0070893,-0.024977,-0.010206,-0.99669,0.0026903,-0.0072532,0.0062914,-0.24009,-0.805,-0.099699,-28.642,2.6318,12.272,-0.45601,-7.5255
56.5,-0.0037876,-0.015718,-0.013811,-1.0221,-0.012555,0.0022647,-0.00070099,-1.7892,-4.318,1.4236,-36.797,1.4716,18.875,-0.56609,-15.75,-0.012099,0.0062375,-0.0048418,-1.0072,-0.0033271,0.0037877,0.0071002,-0.73886,1.4192,-0.66104,-29.672,0.35045,12.187,0.0040255,-8.1699
56.6,0.0054064,0.0010077,0.013471,-1.0076,-0.0040718,0.0046283,-0.00017092,-0.42886,-2.5277,0.014483,-34.317,1.1086,17.275,-0.81825,-17.727,-0.0014539,0.0055124,0.01206,-0.99616,0.01142,0.00022696,0.0014735,0.22198,2.3636,-2.9264,-29.503,0.31978,11.543,0.3039,-7.3588
56.7,-0.0018946,-0.00076462,0.010744,-0.99731,0.011452,0.0054544,0.0040281,-0.14297,-5.035,-0.87533,-33.503,3.4575,19.904,1.2152,-18.369,-0.0081346,-0.015807,-0.0013121,-0.98664,0.0045423,0.0018728,-0.00018571,0.24757,1.0952,0.16596,-32.455,0.060987,12.107,-1.1624,-8.2159
56.8,-0.0061182,0.011082,-0.015965,-0.9963,-0.0047626,0.0041564,-0.0046008,0.84178,-3.463,0.47464,-34.748,-0.11134,20.497,-0.17481,-14.47,-0.00018504,0.013994,0.007888,-1.0107,0.0030276,-0.0055223,-0.0039299,0.7039,1.4181,-1.6595,-32.107,-2.5844,13.928,0.5162,-7.814
56.9,0.0064996,0.0060231,0.013458,-1.0069,0.00026519,-0.0058387,0.00081164,1.1854,-3.6676,-0.61454,-33.872,-1.6502,19.536,-0.98616,-16.836,-0.021755,0.011785,-0.0078791,-0.99641,-0.0050562,0.0091029,0.0011791,0.25202,2.2143,-1.252,-30.243,-1.3104,11.739,-1.543,-6.5982
57,-0.0090515,-0.0014814,-0.015763,-0.98698,0.0014922,-0.0072136,0.00076135,-0.78644,-3.5362,-1.4339,-36.247,-0.57368,18.483,-0.16959,-17.82,0.0070797,0.012467,0.0071615,-1.0001,0.0042954,0.0048141,-0.00088735,-1.1954,0.02083,-1.4685,-28.043,1.5574,13.112,0.59914,-7.908
57.1,-0.01407,0.0017501,-0.007275,-0.98913,-0.0071667,0.01048,0.00068498,-0.33513,-2.3174,1.5232,-35.302,0.31794,19.231,0.69583,-16.02,-0.01093,-0.022017,0.010825,-1.0272,0.0025194,0.0012918,-0.00028326,1.3435,0.95704,-1.0148,-29.331,1.817,12.025,0.16305,-7.2455
57.2,0.011294,0.01168,0.00026529,-1.0156,0.0056691,0.0012863,0.0051364,0.43873,-3.3341,0.45261,-35.749,-1.4566,20.128,-0.52475,-18.583,-0.024219,-0.011184,0.0039504,-1.0101,0.0040968,0.005909,-0.0071601,0.56265,1.1626,0.4374,-29.634,-0.44647,12.515,0.47015,-8.2756
57.3,-0.0018277,0.0080668,0.010613,-0.99694,-0.0087734,0.00030832,0.0015384,0.32723,-3.8557,1.1643,-35.52,-0.82345,18.217,-1.7164,-19.67,-0.00059119,-0.0030389,-0.00068663,-1.0182,-0.0018176,0.0032154,0.0067273,-0.018505,1.3215,1.1791,-29.977,-0.37402,13.27,0.49047,-7.4303
57.4,0.0079092,0.0070275,-0.0053083,-0.99918,0.00099184,0.0058518,0.0055851,-1.3094,-2.7609,-0.63521,-34.292,-0.65168,18.884,1.1693,-16.042,0.00088433,0.020341,0.014318,-1.0202,0.0031968,0.0051902,-0.0033809,-2.3555,2.2139,0.12697,-29.85,-0.29357,12.686,0.22433,-8.6969
57.5,0.005011,0.013882,0.012032,-0.98919,0.0065592,0.0013752,0.0051072,-1.8535,-5.7624,-2.1166,-34.16,-0.20532,18.599,1.0018,-16.214,0.0029401,0.0056985,0.0052938,-1.0009,0.0015171,-0.0054072,0.0043726,0.69003,1.3581,-1.8623,-30.221,-0.23146,12.186,0.77457,-5.6618
57.6,-0.013774,-0.0018784,0.011475,-1.0082,-0.00082356,-0.0024824,-0.0042951,0.77113,-3.5941,-1.5593,-35.326,2.6408,19.054,0.64956,-15.935,-0.0037803,0.015232,0.0053131,-1.0052,0.0022919,0.0025685,-0.0017971,1.306,2.3136,1.5283,-30.758,0.72645,12.218,0.25477,-6.3724
57.7,0.0011086,0.0072713,-0.015594,-0.98805,-0.0026282,0.0049437,-0.0016871,-0.10655,-5.7671,-0.86344,-37.025,-0.72122,19.629,-0.29556,-16.478,-0.021401,-0.0078688,0.0041474,-0.97994,0.003148,-0.0081817,-0.0032374,2.4978,2.9245,-1.104,-32.041,-1.6097,9.9759,-3.6677,-9.8769
57.8,-0.0080876,0.0089833,-0.006925,-0.99375,-0.00048904,-0.011459,-0.0035931,0.45858,-4.1415,1.8809,-37.473,-1.0058,18.704,-1.5529,-15.48,-0.00014375,-0.010217,0.0061982,-1.0076,-0.00055322,0.0086699,-0.0008368,2.1267,1.9134,-1.1262,-30.784,0.26657,14.07,-1.81,-7.0402
57.9,-0.00066412,-0.013789,0.0074225,-1.0116,-0.0054048,0.0095153,0.0015029,-0.55038,-4.766,-0.17054,-36.532,-0.88517,18.216,-0.20285,-16.037,0.0060044,0.0090242,0.01598,-0.99445,0.00017783,-0.0020078,-0.0003124,-0.27852,0.23122,1.0228,-32.59,-0.27818,11.282,-0.83886,-8.6685
58,-0.0026531,-0.0065896,-0.0032792,-0.99054,-0.00074315,-0.0021236,-0.0025108,0.62752,-3.3024,-1.405,-35.547,1.2751,18.352,-0.61249,-15.382,-0.0050595,-0.0097213,0.0078036,-0.9914,-0.0037466,0.012279,0.0015467,-1.7647,1.2146,-0.46617,-30.535,-0.51539,13.795,1.7356,-6.672
58.1,0.0039882,-0.0082899,-0.018961,-1.006,-0.0017476,-0.00024365,0.012028,-1.4689,-5.3699,0.18515,-35.957,1.8233,20.642,-0.14129,-17.043,-0.016716,-0.0063199,-0.013931,-0.99983,0.0046878,0.00016116,0.0012836,-2.3271,-1.5253,-2.043,-30.919,1.4183,12.621,-1.0449,-6.9008
58.2,-0.012516,-0.014778,-0.0059945,-1.0051,0.0043629,-0.0050474,-5.919e-05,-0.4987,-5.8067,-1.4784,-35.687,0.50429,18.571,-1.1936,-15.732,0.0058837,0.0071828,0.0015311,-0.99199,0.0019736,0.0094843,0.0050448,0.71842,0.36928,-0.050916,-30.141,-1.3435,13.564,-1.0653,-7.0619
58.3,-0.018525,-0.0047174,0.0087508,-1.0216,0.0033408,-0.01088,-0.00030119,-0.19771,-3.0702,-0.60292,-34.178,-0.45856,19.539,-3.0445,-17.095,-0.012144,0.0089327,-0.016807,-1.0004,0.0032518,-0.0049253,0.0020499,-0.069017,2.7567,1.6174,-30.105,-1.2948,12.059,-1.7633,-7.9232
58.4,-0.013491,0.0039873,-0.0075066,-0.99893,-0.0035352,-0.0017597,0.0017049,-1.2995,-2.7677,0.23762,-36.24,-1.3093,19.606,0.20616,-17.214,-0.0013189,-0.0062692,-0.016075,-1.0012,0.0044241,-0.0016394,0.0034713,0.60509,0.29427,1.3025,-29.861,-0.555,12.207,1.4726,-7.7477
58.5,0.013154,0.0032274,0.0016419,-0.98531,-0.00079292,0.00041564,0.0021481,-0.58839,-3.9994,-1.1281,-34.928,0.51543,18.864,-0.83263,-17.188,0.010451,0.0028768,-0.0012643,-0.98554,-0.0045776,-0.00021803,0.0058679,0.43318,0.75487,0.18105,-28.8,-0.84103,11.722,-0.19881,-7.7594
58.6,0.014658,-0.021017,0.012073,-1.0061,0.0024394,-0.0027597,-0.0021733,-1.5824,-4.231,0.606,-36.298,-0.26199,18.915,0.085628,-15.67,0.0036553,0.019794,-0.00095475,-1.004,-0.0073552,0.00081817,0.0078167,-0.94365,2.5786,-0.87324,-29.402,0.67723,11.031,0.81274,-7.0193
58.7,-0.0016636,-0.0035746,0.0027667,-0.9923,-0.00030673,0.0048477,0.0048606,0.33021,-4.2649,-1.1139,-36.347,-0.4884,19.403,0.22986,-17.09,0.0014149,-0.02014,-0.00448,-1.0006,0.0027079,-0.010361,0.0071058,1.1931,2.0594,-0.91442,-30.052,-2.4298,12.151,0.91982,-7.1531
58.8,0.009816,0.02671,-0.0032196,-1.0091,-0.0045483,-0.00018122,0.0039181,0.92069,-2.9134,0.05912,-36.644,-0.55845,18.106,-0.18061,-15.708,-0.012295,2.688e-05,-0.02051,-0.99492,-0.0073117,0.0069531,0.0037918,1.2147,1.8925,0.26761,-30.914,-0.39076,13.574,-1.7726,-8.208
58.9,0.002851,-0.013232,-0.00092672,-0.99764,-0.0048943,-0.0039555,0.0045861,2.3824,-3.4863,-0.64811,-35.574,-1.9968,18.997,-0.2117,-17.706,0.0076839,0.006031,0.0034871,-0.99758,-0.0024961,0.0067651,-0.0042109,2.4023,2.5107,0.073199,-30.044,-0.51464,12.442,0.89706,-6.6089
59,-0.00090872,0.0032031,-0.0047933,-1.0005,-0.0073056,-0.0010205,0.0017024,0.34909,-4.6546,0.17309,-35.6,-0.52393,20.031,0.54871,-16.712,0.0077742,-0.011427,-0.010662,-0.99221,-0.0019601,-0.00018555,0.012021,-1.4713,0.88448,-0.62153,-31.373,2.194,10.995,-0.54876,-7.1783
59.1,0.00079886,0.0067226,0.014311,-1.0175,-0.00084779,-0.0048542,0.0044761,-0.34498,-4.3857,-0.69114,-36.054,0.018108,19.516,-1.3919,-15.857,-0.005016,-0.01229,0.0032737,-0.99124,0.0025444,-0.0017029,-0.00094781,-0.74699,1.879,0.1887,-29.992,0.65376,13.626,2.2411,-4.8274
59.2,-0.0030079,-0.0032334,-0.014484,-1.0157,0.00065357,0.0064913,-0.00033673,0.58677,-5.5693,-0.42008,-36.274,-1.4409,21.109,0.035051,-17.508,-0.014148,-0.00093185,0.012207,-1.0062,-0.0026068,-0.0045825,-0.0056546,-0.11091,2.1932,0.26737,-29.347,-1.3732,12.355,-1.164,-6.0929
59.3,0.004547,0.0062009,0.012832,-0.97385,-0.0089984,-0.0069843,0.00015272,-0.57619,-3.8573,-0.51009,-35.859,-1.4058,20.154,-1.1064,-16.261,0.013585,-0.00079515,0.020819,-0.98791,0.0018932,-0.0042946,0.0074877,1.0839,0.80301,2.4189,-29.61,-1.5528,11.576,-0.86709,-6.2983
59.4,-0.0062725,0.017751,0.0032711,-1.0052,0.01294,0.0062488,0.0063818,-0.31953,-2.8766,-0.5567,-35.391,-1.3002,17.528,-0.25633,-17.252,0.0032318,-0.021383,-0.0010323,-1.0002,-0.0066202,0.011223,0.0058774,1.7119,0.6902,-2.1041,-32.285,1.5196,11.015,-0.54551,-7.0247
59.5,0.0015859,-0.0052827,0.0035974,-1.0101,0.0034025,-0.0078375,0.00345,-1.1183,-1.8303,-0.5037,-38.009,1.6398,18.665,-1.5514,-18.637,-0.0036048,0.010247,-0.0041381,-0.99154,-0.0095609,-0.0033112,-0.0014668,-1.9912,2.9067,-1.5362,-31.569,-0.083808,12.957,-0.85255,-5.4797
59.6,-0.00046133,0.009526,-0.0050915,-1.0084,0.0052911,-0.00037414,-0.017065,0.61372,-3.7595,-0.77686,-34.88,2.5201,18.276,-0.18738,-18.271,0.015456,0.0045904,0.016164,-0.98295,-0.0083984,0.00096978,-0.0011524,-0.20617,1.4337,0.61032,-30.863,-0.98555,12.581,-1.1312,-7.0588
59.7,0.0032863,-0.013318,-0.0045091,-0.98348,-0.005987,0.0068854,-0.0014272,0.1657,-3.7328,-0.6526,-36.439,0.34284,19.295,-1.1305,-16.535,-0.012583,-0.0058423,0.0056864,-1.0046,-0.0015164,0.0096006,-0.0015632,1.0507,1.0584,1.1629,-30.882,-0.18393,9.65,0.44422,-7.4481
59.8,0.013029,-0.0095784,-0.0036685,-0.99675,-0.0066285,-0.00032893,0.0074127,-0.69978,-2.3393,1.9673,-36.041,1.5044,19.627,-0.9453,-16.609,-0.0025503,0.0088032,-0.0066213,-1.0112,-0.0029656,0.012189,-0.00011868,-0.74677,3.4528,1.195,-29.633,1.1025,11.228,-0.20248,-5.3298
59.9,-0.014122,-0.0047067,-0.01223,-1.0092,0.0061578,-0.011089,0.002723,-2.5648,-3.6325,-0.66082,-34.748,-0.39382,18.602,-0.11259,-15.87,0.0073279,-0.0041052,-0.0071707,-1.0107,-0.0055428,0.010347,-0.00052016,0.25208,1.1943,-1.4054,-30.953,0.18039,11.237,0.41231,-6.2154
60,0.014456,-0.0032371,0.0017873,-0.99656,0.002844,-0.0001848,0.0012873,-3.9404,-3.0023,-0.86822,-36.118,0.63566,19.797,1.5159,-16.055,-8.5785e-06,0.016587,0.0043303,-1.0001,-0.0028054,0.0033167,-0.0091906,-1.857,0.065542,-1.4841,-30.583,1.0076,11.513,0.53171,-6.2959
