time,q1_healthy,q2_healthy,q3_healthy,q4_healthy,omega1_healthy,omega2_healthy,omega3_healthy,wheel1_i_healthy,wheel1_w_healthy,wheel2_i_healthy,wheel2_w_healthy,wheel3_i_healthy,wheel3_w_healthy,wheel4_i_healthy,wheel4_w_healthy,q1_faulty,q2_faulty,q3_faulty,q4_faulty,omega1_faulty,omega2_faulty,omega3_faulty,wheel1_i_faulty,wheel1_w_faulty,wheel2_i_faulty,wheel2_w_faulty,wheel3_i_faulty,wheel3_w_faulty,wheel4_i_faulty,wheel4_w_faulty,
0,0,0,0,0,0,0,0,0,0,0,0,0,0,0,0,0,0,0,0,0,0,0,0,0,0,0,0,0,0,0
0.1,-0.70973,-0.0016099,0.13298,-0.6818,-0.003126,0.0005636,0.0051853,2.0675,-0.37581,-0.16468,-1.5018,-0.2064,1.2479,-2.2949,0.28092,-0.70986,0.0026027,0.11761,-0.70274,-0.00010633,-0.0011487,-0.00046507,1.6427,1.1134,-0.12709,0.31792,-1.396,1.357,-0.52574,-0.10367
0.2,-0.71056,0.018245,0.11035,-0.69583,0.00044677,0.0029915,0.010615,1.7049,0.56907,-0.63769,0.96081,-1.0038,-0.27404,-1.3658,1.4013,-0.6998,0.010537,0.12602,-0.70396,-0.0066995,0.00040299,0.002385,-0.42141,0.15016,0.70478,0.16989,-2.1379,-1.2429,0.36847,-0.55442
0.3,-0.71522,-0.0020991,0.10831,-0.70151,0.0040953,-0.0089516,-0.0041004,2.5068,-0.52716,0.18888,-0.30355,0.35379,-1.7805,-1.1688,0.74878,-0.70438,0.0019481,0.10646,-0.70285,-0.0087963,-0.0035446,0.0073553,0.38817,-0.60688,0.11056,-0.10748,-2.2139,-0.61913,-0.051069,-0.2543
0.4,-0.71079,0.0043076,0.11508,-0.68048,-0.0036378,-0.00039198,0.0094233,1.6619,-0.40351,-2.1821,0.30994,-0.64766,-1.7381,-1.0421,-1.6283,-0.70513,0.0046292,0.12513,-0.68581,-0.0036156,0.0027179,0.01003,0.26466,2.2346,-0.67012,-0.73083,-0.39628,-0.28286,-2.0904,-2.7243
0.5,-0.73243,-0.012639,0.13085,-0.6911,-0.0056316,-0.0065017,0.0046317,1.0164,1.3569,0.22323,0.18127,-1.2509,-0.25139,-0.44012,-1.3938,-0.7038,0.0048422,0.11338,-0.7205,-0.016428,-0.0065863,0.0047152,1.8974,0.090964,-3.4694,-1.2594,-0.62659,-0.54411,-1.8774,-1.5927
0.6,-0.71184,-0.0034693,0.11637,-0.69109,-0.0087615,0.0042128,0.012689,1.3299,-0.28092,-1.3127,-0.082246,-1.1493,-1.5526,-2.9266,0.91565,-0.70227,0.017918,0.1359,-0.70563,-0.010311,-0.0016812,0.0085621,1.2336,2.1538,-0.30333,-1.5666,0.35104,-1.9031,-1.8892,-1.8297
0.7,-0.71594,-0.0026807,0.12535,-0.6863,-0.0019758,-0.0064778,0.0060303,3.0428,1.3916,1.397,-1.183,-1.1473,-1.9136,-1.2252,-1.7263,-0.71931,0.0076916,0.12796,-0.69847,-0.0097694,-0.0012704,0.0030374,-0.68734,3.4074,0.71899,-0.31355,0.87517,-2.9049,-1.6998,-1.3047
0.8,-0.70594,0.025396,0.13614,-0.69503,-0.0085533,-0.004873,0.0085028,0.32044,0.84924,0.58936,-1.9348,-0.20612,-0.79769,-0.090497,-3.1986,-0.70935,0.014755,0.13925,-0.69172,-0.015681,-0.0019982,0.015095,2.2724,3.4475,-0.27987,0.46057,0.72134,-2.8018,-1.2803,-2.6712
0.9,-0.69707,0.0047478,0.13144,-0.70006,-0.014433,-0.003056,0.0072931,1.9445,2.4145,0.98399,-1.1851,0.73523,-2.8511,0.79593,-2.0441,-0.70913,-0.0020712,0.12796,-0.71141,-0.014479,0.0031479,-0.00039185,0.12017,1.7256,-1.0741,1.446,-0.19657,-4.3606,-0.78384,-2.506
1,-0.68709,-0.016513,0.11984,-0.71105,-0.0099996,-0.0018502,0.015259,0.14129,2.0829,-1.5575,-1.1246,-1.4728,-0.66889,-3.3167,-3.7651,-0.72152,0.0032068,0.11907,-0.69192,-0.010863,-0.0015783,0.019718,0.90369,4.9439,1.1988,0.41644,-0.71633,-1.1819,-0.95258,-3.3303
1.1,-0.70866,-0.011993,0.12623,-0.69113,-0.014223,0.0016775,0.01206,1.0766,2.908,0.70427,-0.49813,-1.087,-1.3295,-2.4799,-3.8061,-0.70771,-0.008415,0.13815,-0.70253,-0.016124,-0.010026,0.019666,0.147,1.8473,0.040814,0.41562,-1.7745,-4.1508,-1.5767,-3.7136
1.2,-0.71748,0.0091019,0.11392,-0.70068,-0.015143,-0.00478,0.013319,-0.54603,2.0071,1.0815,-1.4064,0.34116,-3.6094,-0.58031,-3.0476,-0.68064,-0.003925,0.11498,-0.68655,-0.018576,-0.0042594,0.017916,-0.29521,5.0457,-1.3971,-1.2775,-0.33038,-4.7687,-1.3228,-3.6245
1.3,-0.70516,0.0063337,0.12359,-0.6913,-0.0084266,-0.011483,0.017258,-1.8132,3.5126,0.35145,-1.977,-0.63189,-4.6158,-2.6557,-2.619,-0.70373,-0.0018893,0.12014,-0.69797,-0.015757,-0.013889,0.023056,1.566,3.6457,0.12219,-1.1858,-1.6369,-5.0496,-0.7626,-4.7991
1.4,-0.6943,0.00060848,0.10992,-0.7162,-0.024289,-0.013659,0.019498,-1.282,5.4074,-0.20516,-1.2623,-0.44415,-4.4602,-0.6586,-5.9402,-0.71044,0.011258,0.11936,-0.68206,-0.026441,-0.0082456,0.018282,1.131,2.7742,-0.013334,-1.8792,-1.093,-3.4422,0.18428,-4.1371
1.5,-0.70474,-0.0048821,0.12338,-0.71285,-0.022972,-0.003654,0.028576,0.20851,5.1397,2.0975,1.506,-1.0989,-6.396,-1.901,-5.5522,-0.72495,0.0022768,0.12525,-0.69488,-0.014749,-0.0067087,0.019599,0.30976,5.4191,0.83544,-0.041574,-1.2191,-7.3258,-2.8098,-3.2933
1.6,-0.6949,0.02167,0.12995,-0.68742,-0.01922,-0.012578,0.029296,0.6168,5.7778,-0.31722,-1.9416,-2.4659,-4.9872,-0.24618,-6.7132,-0.72221,0.0043588,0.098985,-0.70197,-0.015587,-0.010094,0.019694,1.9476,5.2641,-0.63105,-2.4585,1.1756,-5.1649,-0.87697,-5.5166
1.7,-0.68166,0.0047153,0.11432,-0.69848,-0.034823,-0.0019053,0.024562,-0.56091,5.5298,0.13309,0.048949,0.45799,-7.1207,-0.28246,-6.6662,-0.69288,0.0018617,0.10826,-0.71401,-0.028703,-0.016144,0.024792,-1.1482,5.6458,-0.62561,0.79768,-1.5957,-5.3015,-2.5242,-6.9404
1.8,-0.6772,0.0001042,0.12168,-0.69222,-0.030971,-0.015085,0.023391,0.68734,5.0337,1.4401,-1.8752,-1.8385,-6.244,0.15766,-6.7962,-0.69976,0.033262,0.10227,-0.72053,-0.022868,-0.003354,0.019185,0.60153,5.4395,0.26409,1.3461,-2.167,-6.4405,-0.40476,-5.9668
1.9,-0.69305,0.025422,0.12099,-0.70874,-0.026242,-0.011147,0.027665,-0.51938,2.9878,0.49372,-0.23103,-1.6065,-7.3273,-1.4383,-7.0396,-0.69687,0.012301,0.12898,-0.71748,-0.036172,-0.017113,0.027781,0.82287,4.8855,-0.74799,-0.059431,-1.2665,-7.6053,-1.1249,-6.0972
2,-0.66416,0.01937,0.11321,-0.71543,-0.019312,-0.0030847,0.027982,1.248,5.1557,-0.14066,-0.23404,-0.89916,-6.3996,2.0898,-7.242,-0.67075,-0.0041507,0.11951,-0.71191,-0.023265,-0.0038635,0.025858,0.72129,4.9898,-1.6046,-2.8884,-1.189,-5.3075,-0.92635,-6.0564
2.1,-0.68371,0.008009,0.10739,-0.70845,-0.027071,-0.0054663,0.030247,1.1549,7.3651,2.2742,-0.45646,-0.75961,-7.5648,-2.2049,-7.6698,-0.69755,0.021247,0.12156,-0.71497,-0.028852,-0.0074609,0.03304,1.4301,6.2357,-1.3764,-0.92052,1.0862,-7.6939,-1.427,-6.3838
2.2,-0.70678,0.0093558,0.11261,-0.70343,-0.035047,-0.010054,0.036251,0.20336,4.6783,-2.5183,0.93558,-1.6591,-7.3415,-2.1342,-7.1836,-0.68941,0.0031812,0.11582,-0.71447,-0.031854,-0.0052979,0.031579,0.11086,5.7777,-0.30122,-0.97839,-1.2174,-7.628,-0.0042785,-6.915
2.3,-0.70957,0.028176,0.11931,-0.72327,-0.031374,-0.015184,0.031856,1.2301,6.6223,-0.41175,-1.0971,0.12248,-8.3027,-0.67006,-7.4617,-0.69592,0.00886,0.12054,-0.7005,-0.034901,-0.0047965,0.039148,2.6974,4.7811,0.10923,-2.9474,-0.51055,-9.6505,-2.2754,-5.7412
2.4,-0.69553,0.0051013,0.11366,-0.71841,-0.036631,-0.012518,0.035309,0.82241,5.7643,-0.13723,-1.0278,-0.36344,-8.6831,-1.1111,-7.3543,-0.69445,0.0098769,0.10135,-0.71442,-0.039497,-0.011478,0.040342,-0.5865,6.655,-0.6162,-1.3571,-1.467,-7.0296,-1.9269,-8.292
2.5,-0.6969,0.02824,0.11761,-0.73005,-0.031531,-0.0057772,0.029789,1.8673,5.6469,0.4282,0.80745,-0.98013,-8.8753,-0.67257,-10.991,-0.68592,0.016745,0.11905,-0.71759,-0.040824,-0.010724,0.029269,0.75438,6.3888,-1.1655,-2.8706,-0.82861,-7.183,-2.4495,-9.1802
2.6,-0.68826,0.025014,0.11969,-0.71425,-0.033261,-0.0015084,0.028623,2.6849,8.1332,-0.34896,-0.24898,-1.3427,-8.7729,-0.88102,-7.7778,-0.69618,0.0098925,0.12424,-0.72456,-0.037445,-0.0064056,0.042114,0.75307,7.9643,0.85971,-0.33215,-0.25564,-9.2725,-2.2855,-10.868
2.7,-0.70242,0.012736,0.099761,-0.71325,-0.034421,-0.014828,0.041142,2.1642,7.5701,0.51628,-1.6522,-0.2051,-8.9189,-0.30304,-8.7099,-0.68155,0.048019,0.099385,-0.72007,-0.030008,-0.0093046,0.039014,0.57751,5.9226,-0.74155,-2.9695,0.49799,-8.8554,-0.043412,-9.8029
2.8,-0.67344,0.015921,0.10638,-0.72767,-0.048281,-0.018847,0.037836,2.4567,8.6402,-1.7268,-1.6032,-1.5105,-9.7918,-2.6367,-9.8924,-0.68535,0.014484,0.11255,-0.72263,-0.034999,-0.010852,0.048174,-0.15561,8.1596,-0.79027,-2.4053,-0.94278,-9.1962,-2.5786,-11.389
2.9,-0.69587,0.023931,0.13541,-0.72155,-0.041346,-0.012348,0.047473,-0.94421,7.7668,1.833,-2.266,-2.5962,-10.275,0.24657,-8.8987,-0.68919,0.011921,0.10173,-0.71707,-0.045536,-0.0037033,0.043817,0.11548,6.8238,0.26045,-0.76342,-0.34482,-9.8881,-1.5588,-10.095
3,-0.6872,0.021356,0.10401,-0.72276,-0.035011,-0.01387,0.037667,0.77393,5.9285,-0.27903,-0.12065,-1.4487,-9.4222,0.90259,-10.056,-0.67593,0.031563,0.10896,-0.71656,-0.045525,-0.01613,0.042635,1.5573,8.8917,0.32265,-2.5807,-1.2125,-10.584,0.63405,-10.575
3.1,-0.69156,0.0079917,0.1135,-0.72352,-0.054155,-0.021005,0.047603,0.94762,9.1941,-0.1032,-1.9632,-0.52908,-11.914,-1.6567,-12.216,-0.68257,0.027741,0.10043,-0.73088,-0.043872,-0.014528,0.053283,1.3671,8.4906,-2.0781,-4.8982,1.0779,-10.805,-0.51578,-11.585
3.2,-0.6666,0.035782,0.11605,-0.73137,-0.046184,-0.018443,0.044913,-0.73946,9.2025,-1.1659,-1.9989,-0.79643,-9.4415,-2.8002,-11.863,-0.68159,0.023903,0.098047,-0.71686,-0.05091,-0.0085773,0.046979,0.93662,9.4683,0.016522,-2.6683,-0.34351,-10.613,-0.77013,-11.94
3.3,-0.66748,0.028914,0.10345,-0.73843,-0.054895,-0.014308,0.046794,2.0227,8.7235,0.21227,-2.8097,-0.19746,-12.283,-0.40893,-10.567,-0.66091,0.046193,0.1091,-0.71659,-0.049225,-0.020205,0.045433,-0.32159,8.8964,-0.96439,-2.7673,-2.8075,-12.791,0.065366,-9.5089
3.4,-0.68942,0.028456,0.1059,-0.73098,-0.046363,-0.0045677,0.048984,1.5701,9.6201,-1.1729,-0.85021,-1.4235,-10.996,-0.41142,-11.244,-0.66833,0.035123,0.1052,-0.74946,-0.051893,-0.019169,0.055313,1.4262,9.2261,-2.0161,-1.8933,0.84375,-11.462,-0.91154,-13.943
3.5,-0.68347,0.033056,0.12703,-0.73764,-0.0597,-0.011983,0.055154,1.4979,8.6805,0.38092,-4.6506,0.61582,-12.159,0.48556,-11.944,-0.66082,0.047805,0.093185,-0.72757,-0.054949,-0.014712,0.055307,1.8099,10.238,-0.16414,-3.2297,-1.3288,-12.171,-0.18468,-10.757
3.6,-0.6605,0.032212,0.11236,-0.74349,-0.046421,-0.019441,0.054005,2.8121,9.7946,-0.4523,-3.801,-0.91621,-13.32,-0.97277,-13.315,-0.67736,0.039888,0.099646,-0.74065,-0.046573,-0.0093411,0.054958,0.28257,10.178,-0.13436,-1.2198,1.1801,-11.56,-0.13304,-12.543
3.7,-0.66418,0.047689,0.099624,-0.72834,-0.050181,-0.012987,0.051952,0.81888,10.762,0.41393,-1.4766,-0.2094,-12.73,-0.63529,-12.803,-0.65719,0.051773,0.10055,-0.7391,-0.052912,-0.012831,0.055256,0.68639,8.7505,0.62201,-1.9212,-2.6915,-12.602,-0.17344,-13.702
3.8,-0.6722,0.03822,0.10963,-0.73911,-0.061444,-0.011654,0.053522,0.026087,9.5662,1.975,-1.7476,-1.4231,-13.749,-1.6517,-15.675,-0.6656,0.042989,0.09032,-0.73782,-0.053307,-0.010297,0.052267,2.5284,10.962,-1.4385,-2.0817,-0.73698,-11.758,-1.31,-14.461
3.9,-0.68245,0.055197,0.089951,-0.73647,-0.051159,-0.02337,0.05532,-1.1665,12.131,-0.76405,-3.2153,0.34278,-12.472,-2.9364,-13.419,-0.67576,0.063325,0.11118,-0.74375,-0.065204,-0.0096859,0.061516,1.1929,11.278,0.23788,-4.8497,1.2224,-14.112,-2.2925,-13.236
4,-0.66992,0.045248,0.086258,-0.72854,-0.053951,-0.013768,0.053022,1.5497,11.193,-2.269,-3.9673,-2.3375,-12.257,-2.9909,-13.613,-0.66964,0.039454,0.085082,-0.74328,-0.054777,-0.021713,0.055839,2.9409,10.145,-1.5428,-0.92361,-1.0753,-12.337,0.25251,-14.447
4.1,-0.65816,0.059422,0.08408,-0.74356,-0.051157,-0.019,0.056283,0.60039,9.2451,-0.45029,-5.451,-0.61414,-15.249,-1.4727,-13.534,-0.63698,0.04885,0.08745,-0.7581,-0.065126,-0.011622,0.063277,-0.28961,12.749,-1.6066,-4.2276,-1.5518,-11.469,-1.6225,-15.11
4.2,-0.65701,0.042556,0.085965,-0.75246,-0.049031,-0.014976,0.05937,-0.99161,11.239,0.62354,-3.6378,-1.3708,-13.037,-0.40046,-15.649,-0.65846,0.06214,0.10512,-0.74164,-0.05155,-0.020985,0.069135,1.4903,10.119,0.22438,-6.5544,-1.2739,-11.237,-0.96242,-15.31
4.3,-0.64807,0.05419,0.093541,-0.74783,-0.067778,-0.0084274,0.058379,-0.126,10.179,-0.53689,-6.2867,-0.94823,-14.381,-0.35138,-15.549,-0.66013,0.055678,0.093666,-0.73829,-0.062903,-0.014067,0.062405,0.6574,10.31,-1.8051,-4.9174,-1.3985,-11.515,1.0635,-15.661
4.4,-0.64811,0.044514,0.09952,-0.75597,-0.065161,-0.013846,0.057714,-0.58027,12.603,-0.1726,-5.3683,0.79234,-14.284,-1.8975,-15.093,-0.63353,0.055866,0.089462,-0.7569,-0.068414,-0.016727,0.063766,-0.83018,9.6956,-1.1541,-5.3333,-1.6182,-14.608,-0.33296,-17.081
4.5,-0.66014,0.063701,0.067698,-0.77055,-0.070231,-0.018857,0.068697,1.5159,10.201,-1.2762,-4.1746,-2.0415,-12.199,-3.4421,-16.353,-0.65375,0.053393,0.0819,-0.74733,-0.059768,-0.016427,0.059919,2.7493,13.618,0.037896,-6.8063,0.96574,-13.08,-2.3036,-16.831
4.6,-0.63833,0.062679,0.090642,-0.77438,-0.06508,-0.016321,0.064176,-1.2537,11.083,0.9958,-5.3926,0.98172,-14.283,-1.7496,-14.937,-0.63566,0.060989,0.084832,-0.75116,-0.066962,-0.0069726,0.066295,0.35159,11.083,-0.77466,-6.0166,0.132,-14.863,-2.1016,-16.294
4.7,-0.65513,0.069533,0.084501,-0.75756,-0.071689,-0.022138,0.060879,0.043241,12.312,-1.3998,-5.1955,-1.5508,-14.843,-2.1944,-17.388,-0.63782,0.076817,0.09268,-0.75391,-0.06314,-0.012769,0.076461,1.2905,10.99,-1.8463,-5.8564,-1.0712,-14.075,-1.2902,-17.852
4.8,-0.63616,0.072668,0.078963,-0.75145,-0.068047,-0.016261,0.06497,0.11799,12.535,0.20737,-6.5265,0.48762,-14.096,-3.7626,-17.901,-0.64194,0.071845,0.066914,-0.75575,-0.073718,-0.0081583,0.058159,0.38372,11.689,-1.8897,-7.2896,-0.16116,-14.728,-2.6593,-16.945
4.9,-0.64734,0.075946,0.093565,-0.77277,-0.066214,-0.013085,0.061767,2.4298,13.555,-0.51026,-8.4822,0.27198,-14.649,-1.4392,-19.345,-0.64386,0.050818,0.092209,-0.76014,-0.057664,-0.014902,0.07456,1.005,13.233,-0.20808,-6.5177,0.23305,-15.379,0.91452,-17.835
5,-0.62381,0.06517,0.07635,-0.74732,-0.066969,-0.015972,0.073159,-0.066899,14.829,-2.6557,-7.8343,-0.94117,-13.929,1.1179,-17.116,-0.64241,0.069286,0.078951,-0.77621,-0.077911,-0.012487,0.062068,-0.42114,13.57,-0.84156,-8.1966,-1.0154,-14.313,-2.1727,-19.605
5.1,-0.64255,0.076856,0.076107,-0.78285,-0.082122,-0.011448,0.06516,2.164,13.715,-2.5423,-8.8293,-1.1734,-13.061,-3.0634,-18.539,-0.63162,0.080965,0.065349,-0.78385,-0.065964,-0.017412,0.071765,-1.0118,13.568,-0.50066,-8.9119,1.3543,-13.79,-1.2638,-19.684
5.2,-0.62861,0.06724,0.0961,-0.78272,-0.077152,-0.020573,0.065703,0.87888,15.261,-0.72847,-7.3826,-0.10868,-14.331,-1.8917,-18.475,-0.61816,0.070652,0.084779,-0.75706,-0.073981,-0.0092951,0.072034,1.4428,14.314,-1.9538,-8.077,0.18673,-14.377,-0.17799,-18.601
5.3,-0.63158,0.074592,0.081354,-0.76804,-0.070008,-0.014189,0.073472,-0.28711,14.079,0.26819,-7.2265,-0.69921,-15.537,-3.1649,-19.346,-0.63865,0.070719,0.068059,-0.75549,-0.076156,-0.0081966,0.080489,-0.65215,13.106,-0.68894,-8.207,-1.1293,-14.39,-0.44593,-20.054
5.4,-0.62449,0.079598,0.073372,-0.7678,-0.080497,-0.02538,0.070564,1.6628,14.643,-1.775,-10.287,-1.5311,-14.961,-0.16672,-18.464,-0.63116,0.076605,0.067935,-0.77743,-0.082851,-0.0086008,0.067754,0.46133,13.365,-0.63946,-7.9424,0.44553,-14.468,-1.3715,-19.34
5.5,-0.61821,0.092331,0.062949,-0.77583,-0.085956,-0.0041315,0.072194,1.1338,14.354,-1.3339,-9.1547,-1.2526,-14.308,-0.60887,-20.653,-0.63016,0.081783,0.069094,-0.76747,-0.083477,-0.018819,0.065061,0.74015,13.299,-0.77502,-8.2283,-1.8079,-13.306,-1.2043,-18.086
5.6,-0.60516,0.068916,0.080634,-0.78222,-0.077532,-0.0091214,0.072385,0.8716,13.739,-2.0695,-7.6575,0.92579,-14.335,-2.1571,-19.06,-0.60945,0.089257,0.069155,-0.77429,-0.0852,-0.013021,0.073537,1.9366,13.565,-1.0756,-8.7241,-0.17967,-14.298,-1.2521,-20.54
5.7,-0.61056,0.080919,0.071981,-0.78128,-0.088732,-0.0086708,0.075307,0.32862,14.057,-1.3996,-10.995,-1.7553,-13.779,-0.99013,-20.001,-0.61634,0.10175,0.064967,-0.80364,-0.080549,-0.011845,0.068683,2.7659,15.093,-1.9892,-9.9079,1.2059,-13.616,-2.1001,-21.645
5.8,-0.61004,0.082728,0.071979,-0.76501,-0.086958,-0.019054,0.070699,0.54802,13.72,0.29647,-8.1606,0.92639,-15.879,-0.85415,-21.352,-0.60086,0.087316,0.074942,-0.79346,-0.087395,-0.013209,0.063945,-0.94498,14.823,-3.1971,-10.849,-2.6061,-15.411,-0.46561,-21.463
5.9,-0.6119,0.093606,0.056947,-0.80757,-0.085689,-0.0079808,0.075268,0.90423,16.414,-2.3532,-10.894,-1.4472,-13.973,-0.68,-21.68,-0.60385,0.10496,0.071946,-0.7814,-0.087766,-0.0049701,0.08241,1.5327,14.995,-2.5614,-11.038,1.4463,-12.685,-2.3732,-22.557
6,-0.5979,0.10808,0.041286,-0.79364,-0.083976,-0.014451,0.070932,0.99919,17.459,-1.6942,-11.545,0.054171,-15.743,-2.8234,-22.557,-0.59415,0.079553,0.044825,-0.77361,-0.090534,-0.0115,0.073772,1.5105,15.701,0.9141,-10.645,-0.37756,-14.079,-1.4985,-22.446
6.1,-0.60016,0.090575,0.053348,-0.80403,-0.092224,-0.010209,0.070781,0.64514,18.03,-0.59138,-13.734,1.1281,-13.615,-0.59347,-22.089,-0.58998,0.11334,0.059948,-0.78679,-0.090521,-0.0038538,0.068826,0.39215,16.169,0.50605,-10.862,-1.3083,-14.947,-2.3416,-22.776
6.2,-0.59409,0.090102,0.045755,-0.7896,-0.092061,-0.0049188,0.074402,0.74728,15.941,-1.1473,-12.108,0.69219,-14.173,-1.3817,-23.134,-0.59018,0.099686,0.03755,-0.78744,-0.094973,-0.0062929,0.07941,0.28862,14.898,-0.38047,-12.692,-0.66025,-12.375,-0.63831,-21.907
6.3,-0.59417,0.10126,0.071025,-0.82399,-0.094339,-0.0087535,0.078008,1.2231,14.53,-1.2966,-11.644,-1.2331,-14.931,1.2513,-23.597,-0.58939,0.10449,0.054638,-0.78546,-0.09341,-0.0091612,0.079551,-1.8695,17.448,-0.77237,-11.784,-0.43085,-12.914,-2.4514,-21.209
6.4,-0.60054,0.082002,0.05808,-0.79842,-0.085591,-0.0024618,0.077696,1.2611,14.722,-0.74248,-11.598,1.7451,-12.153,-0.96768,-24.846,-0.57531,0.12196,0.048398,-0.80613,-0.093908,-0.0073929,0.076554,0.26575,16.013,-1.5454,-13.738,1.2518,-14.046,-1.6235,-22.898
6.5,-0.58939,0.11079,0.040126,-0.82316,-0.091981,-0.011254,0.079993,0.0073183,15.5,0.29856,-13.23,0.43827,-15.421,-1.8321,-22.158,-0.57994,0.10555,0.046384,-0.81274,-0.08684,-0.0011834,0.087615,-0.2549,16.922,-1.4166,-12.344,0.4361,-13.404,-2.1035,-24.549
6.6,-0.60942,0.09935,0.050403,-0.80829,-0.089473,-0.0088425,0.079352,-0.80854,16.942,-2.393,-13.739,0.59386,-13.731,-1.6048,-24.057,-0.5703,0.10667,0.04877,-0.82004,-0.095419,-0.0055954,0.080947,-0.98483,16.346,0.055319,-12.419,-1.4103,-13.822,-1.263,-23.406
6.7,-0.55522,0.10508,0.056301,-0.82614,-0.083274,-0.013137,0.077706,0.52556,17.103,-0.77644,-13.713,-0.66612,-13.203,-1.0152,-25.578,-0.57954,0.11729,0.034631,-0.8044,-0.099907,-0.010783,0.078161,0.34656,16.049,-2.2708,-13.563,1.0866,-14.709,-1.3233,-23.581
6.8,-0.56442,0.10362,0.043527,-0.82405,-0.092107,-0.015534,0.075882,1.3864,16.937,-2.1276,-14.373,-0.19801,-12.356,-0.83958,-23.556,-0.56517,0.12062,0.023156,-0.8113,-0.09705,-0.011732,0.081751,0.20542,17.324,0.98546,-14.739,-1.25,-12.269,-2.0174,-26.735
6.9,-0.56061,0.10232,0.036878,-0.814,-0.092954,-0.0081718,0.079571,0.3647,16.044,-0.64066,-13.883,0.49101,-13.138,0.24909,-24.543,-0.54446,0.11571,0.03056,-0.79929,-0.097979,-0.0012937,0.084012,0.95345,18.325,-0.95628,-13.7,1.3403,-14.317,-1.204,-26.697
7,-0.55418,0.11551,0.017617,-0.81327,-0.097796,-0.013422,0.08836,1.2282,17.91,-1.4905,-14.643,0.34967,-14.013,-1.2081,-27.283,-0.55419,0.11885,0.029776,-0.81174,-0.11271,-0.013818,0.071958,0.5184,18.67,-1.6717,-13.415,-0.15458,-12.792,-2.2901,-27.125
7.1,-0.54078,0.11669,0.0048379,-0.83117,-0.10109,-0.00825,0.070955,0.61529,19.885,-1.2512,-15.737,1.3882,-12.485,0.94548,-25.833,-0.54078,0.11826,0.026614,-0.81128,-0.10013,-0.010555,0.085803,1.6765,17.817,-0.29776,-17.017,0.136,-14.35,-2.3423,-26.036
7.2,-0.5386,0.1119,0.029696,-0.84228,-0.10769,-0.0034492,0.07982,0.44092,18.199,-1.1726,-15.292,0.11254,-12.969,-1.8951,-25.728,-0.54426,0.099286,0.0078022,-0.83853,-0.10299,-0.002777,0.079593,1.0355,18.095,-2.13,-12.145,3.1589,-12.77,-1.6111,-28.115
7.3,-0.56769,0.14059,0.040493,-0.82807,-0.095711,-0.0041318,0.08743,1.7003,17.606,-1.8225,-13.807,0.14271,-11.924,-0.84629,-26.646,-0.54942,0.12009,0.032907,-0.85054,-0.10237,-0.0031918,0.083432,-1.6308,17.707,-2.5657,-17.121,-0.40192,-14.481,-0.90198,-25.601
7.4,-0.55123,0.13289,0.016373,-0.82628,-0.10347,-0.00089762,0.08009,-0.39763,19.102,-2.1111,-16.625,1.341,-13.654,-1.5413,-27.671,-0.55098,0.12162,0.031798,-0.81498,-0.10587,-0.0096868,0.08319,-0.59258,18.956,-1.7485,-18.151,-0.77194,-11.892,-1.7831,-27.529
7.5,-0.52036,0.13674,0.020135,-0.81708,-0.1016,-0.0081848,0.076555,0.13475,19.65,-2.844,-18.161,1.6649,-11.973,0.264,-28.564,-0.5288,0.1208,0.022293,-0.83111,-0.11471,-0.0044125,0.081429,0.37273,18.795,-2.0131,-17.074,2.3585,-11.857,-3.0454,-28.562
7.6,-0.53046,0.12123,0.022414,-0.82979,-0.10512,-0.0099878,0.079928,-0.2256,17.954,-2.2753,-16.705,-0.40136,-12.308,-1.0726,-30.409,-0.5385,0.12576,0.018012,-0.82235,-0.10851,-0.0056826,0.093186,0.066789,18.967,-0.91462,-17.39,1.3423,-9.1999,-1.8306,-27.17
7.7,-0.5452,0.13875,0.025785,-0.84914,-0.11511,-0.0096933,0.087558,0.80632,20.412,0.10844,-17.267,-0.26207,-11.394,-2.9918,-29.523,-0.51349,0.13852,0.011019,-0.83993,-0.11167,-0.0053195,0.077358,1.7624,20.487,-1.6188,-18.574,1.0734,-10.871,-1.2813,-27.424
7.8,-0.51422,0.13494,0.02664,-0.83391,-0.11794,-0.0079385,0.078088,1.277,20.475,0.022778,-17.656,-0.14067,-10.524,-0.2956,-30.311,-0.50912,0.12306,0.00061285,-0.83071,-0.10351,-0.006862,0.082297,0.067255,21.251,-1.6307,-17.569,0.3549,-11.647,-2.4956,-28.674
7.9,-0.53198,0.12891,0.0053236,-0.85515,-0.12234,-0.010536,0.075857,-0.25484,20.28,0.32,-18.708,1.4191,-10.615,-1.1717,-29.85,-0.54011,0.15338,0.019108,-0.84735,-0.11405,-0.0095974,0.075262,1.3169,20.326,-2.3107,-20.435,0.76355,-10.067,-0.82506,-28.466
8,-0.50619,0.14856,0.0020187,-0.85964,-0.11405,-0.0024826,0.088051,-0.06264,21.081,-1.3623,-17.865,1.132,-9.0443,-2.9541,-31.499,-0.51694,0.15634,-0.0058077,-0.84888,-0.11626,0.0024912,0.076783,0.97599,21.2,-1.1213,-18.784,0.54227,-9.9072,-2.3552,-31.721
8.1,-0.51212,0.14577,-0.010364,-0.85762,-0.11498,-0.0047673,0.085774,-0.45128,20.434,-1.6507,-18.581,1.3694,-9.5372,-1.2747,-29.475,-0.49924,0.16017,0.01037,-0.85765,-0.1187,-0.0016469,0.080756,1.7879,20.344,-3.2996,-18.899,-2.2318,-8.3303,-0.48505,-30.926
8.2,-0.49378,0.15887,-0.0011167,-0.86262,-0.11919,-0.0086229,0.08066,3.1593,20.394,0.12878,-20.899,0.8332,-8.7077,-0.32518,-31.907,-0.4913,0.13979,0.00087747,-0.84463,-0.1204,-0.0047715,0.080452,0.89132,21.614,-1.3379,-20.442,0.64472,-9.6462,-1.3656,-31.141
8.3,-0.49112,0.14408,0.0046606,-0.83242,-0.13087,-0.010854,0.085532,0.094115,21.956,-1.2796,-20.385,-1.392,-9.7158,-1.5229,-31.734,-0.47391,0.1464,-0.0018551,-0.86316,-0.12004,0.003592,0.079643,-0.5139,21.689,-1.1618,-20.4,0.89953,-8.6322,-0.94643,-32.594
8.4,-0.4929,0.13362,0.0069421,-0.87574,-0.1269,-0.0076367,0.068934,-0.37551,21.187,-1.766,-18.474,1.9395,-8.1721,-0.35146,-30.424,-0.4804,0.1515,-0.0059381,-0.85382,-0.11559,0.00026861,0.079801,0.13716,21.598,-1.9691,-19.359,-0.70497,-9.0318,-1.3611,-31.413
8.5,-0.48664,0.15014,-0.0161,-0.86172,-0.12795,-0.0083661,0.092808,0.87007,20.877,-2.0281,-21.042,0.074677,-8.8289,-1.7203,-32.239,-0.49989,0.16706,-0.010885,-0.87303,-0.12015,-0.00014062,0.075485,-0.38279,21.742,-1.0026,-21.032,0.01851,-10.656,-2.0194,-31.029
8.6,-0.46871,0.161,0.0043278,-0.87065,-0.13131,-0.010182,0.074504,2.1141,22.51,1.2931,-19.461,0.99835,-7.4054,1.2003,-31.35,-0.47765,0.14915,-0.02929,-0.86116,-0.1191,0.0019127,0.082015,1.9306,22.138,-0.64277,-21.089,1.8787,-7.3383,-0.95908,-32.359
8.7,-0.46571,0.13954,-0.019343,-0.87419,-0.1233,-0.011945,0.07319,-0.81896,20.236,-2.3763,-20.547,1.5427,-7.3883,-1.6367,-32.209,-0.46052,0.1608,-0.012539,-0.87791,-0.12143,-0.0058639,0.081185,0.28973,21.915,-0.76611,-20.587,-0.87828,-8.0834,-1.2711,-32.024
8.8,-0.48608,0.13625,-0.0059453,-0.86843,-0.12543,-0.0069246,0.081609,0.81946,23.074,-0.82685,-23.272,2.0872,-6.7349,-2.173,-32.022,-0.46773,0.14036,-0.0025044,-0.88057,-0.12956,-0.0041186,0.065311,-0.62267,22.088,-1.2244,-21.551,2.7907,-6.8523,0.996,-31.401
8.9,-0.46251,0.14436,0.0038868,-0.86834,-0.13653,-0.0043972,0.081027,0.59629,20.032,-1.8231,-22.172,0.59539,-7.9686,0.068964,-32.014,-0.44893,0.15666,-0.020014,-0.87048,-0.12679,0.0014921,0.08054,0.73312,21.477,-1.5499,-22.764,0.81616,-7.5735,-0.64339,-34.327
9,-0.42395,0.1632,-0.0089778,-0.88619,-0.11962,0.0014054,0.072946,1.6075,22.23,-0.65659,-20.762,0.83921,-6.9883,-1.8495,-34.584,-0.46392,0.14577,-0.043209,-0.85789,-0.12086,0.0066863,0.079098,2.0065,21.297,-2.5454,-23.697,2.0257,-6.9651,0.7156,-33.013
9.1,-0.43742,0.15049,-0.029055,-0.88412,-0.13767,0.00074891,0.071264,-0.49455,21.479,-0.34241,-21.888,2.8999,-7.3183,-0.5681,-35.782,-0.4226,0.16782,-0.014624,-0.90064,-0.12426,0.0030262,0.076064,1.6614,21.474,-2.4382,-23.97,0.24103,-7.4003,-0.9047,-31.181
9.2,-0.43282,0.18736,-0.022325,-0.88524,-0.13142,0.0034974,0.064045,1.0201,23.184,-0.77335,-23.185,3.0187,-6.9755,0.65675,-33.22,-0.44028,0.1612,-0.027788,-0.87965,-0.12213,-0.0020007,0.073925,-1.0713,21.944,-1.2087,-23.799,-0.34485,-7.6287,0.99571,-34.626
9.3,-0.42397,0.16306,-0.019512,-0.89049,-0.1325,0.0043588,0.085186,1.7439,22.545,-2.2078,-26.661,-1.8284,-6.0148,0.46642,-32.959,-0.42982,0.17638,-0.031096,-0.89644,-0.12207,0.0059231,0.078489,1.0089,24.482,-0.56925,-23.536,1.5717,-4.9918,0.11089,-34.468
9.4,-0.42374,0.1585,-0.041177,-0.88565,-0.13823,0.0040454,0.0795,1.5245,22.449,-1.59,-23.842,3.3954,-5.5526,-0.14017,-34.409,-0.43078,0.16978,-0.011442,-0.89243,-0.13305,-3.6468e-05,0.079843,1.7827,23.307,-0.42071,-25.513,0.71293,-5.1481,-1.2616,-34.024
9.5,-0.42062,0.16827,-0.035433,-0.88357,-0.12502,-0.0035824,0.065981,0.18882,23.773,-0.18547,-26.594,2.8823,-5.8518,-0.35006,-33.652,-0.41958,0.16329,-0.027993,-0.87358,-0.12903,0.00080405,0.075808,1.8514,22.303,-2.8751,-25.143,1.0602,-5.3199,0.21091,-33.153
9.6,-0.41361,0.15877,-0.038479,-0.88241,-0.14111,0.0079694,0.082862,2.0129,23.212,-3.6571,-23.764,2.713,-5.7055,0.70035,-33.228,-0.41054,0.17918,-0.028495,-0.89837,-0.12931,0.0082619,0.076258,-0.12399,23.27,-1.7383,-23.256,0.66986,-5.2009,0.34597,-34.922
9.7,-0.41754,0.18916,-0.029947,-0.88631,-0.13471,-0.0088412,0.07093,0.55737,23.708,-2.4792,-24.343,1.6895,-3.771,-0.42187,-34.287,-0.39836,0.17652,-0.019324,-0.9096,-0.12561,-0.0058141,0.059847,-0.71377,22.192,-1.2695,-25.082,1.0238,-5.9118,1.4756,-34.62
9.8,-0.36961,0.16784,-0.034888,-0.89742,-0.13556,0.001894,0.071911,0.60063,23.224,-0.94387,-25.959,1.0126,-3.893,-0.20588,-33,-0.3977,0.16825,-0.038791,-0.90636,-0.1313,0.010351,0.072422,-0.23689,22.379,-0.4132,-24.833,0.27437,-4.6708,-0.72086,-33.975
9.9,-0.39032,0.16372,-0.035109,-0.90143,-0.14395,0.0068817,0.060612,-0.3691,24.821,-1.4067,-26.631,0.34794,-3.6182,-0.27437,-34.516,-0.38717,0.17583,-0.04743,-0.91886,-0.13675,0.00063097,0.066308,-0.41698,22.761,-2.7337,-25.465,1.5148,-3.9704,-1.3663,-33.815
10,-0.38787,0.20134,-0.03846,-0.89923,-0.13692,0.005156,0.073227,-0.99625,23.927,-1.5431,-24.701,1.5153,-3.6033,0.27367,-35.446,-0.37629,0.19374,-0.036255,-0.89483,-0.13852,0.012891,0.069515,0.87833,24.067,-0.75117,-27.412,-0.0014004,-2.2354,-0.28259,-33.812
10.1,-0.36485,0.16672,-0.025997,-0.91573,-0.14141,-0.0013827,0.06447,0.60731,24.061,0.15162,-25.714,-0.57811,-2.5551,-0.5748,-32.969,-0.36778,0.17421,-0.040886,-0.90799,-0.13108,0.0042733,0.067643,-0.16754,23.768,-0.19904,-26.878,0.12645,-2.0639,1.2769,-33.309
10.2,-0.3741,0.18633,-0.042454,-0.91445,-0.13215,0.0081551,0.070536,-0.054162,26.06,-1.6122,-25.587,0.78081,-1.3635,0.20416,-32.013,-0.36517,0.16879,-0.058615,-0.90907,-0.13337,0.0086136,0.066089,1.9387,24.196,-0.67227,-25.982,0.395,-1.8407,1.0269,-32.49
10.3,-0.36671,0.19597,-0.020801,-0.92429,-0.13515,0.0080396,0.059604,0.41951,26.944,-0.30404,-26.251,1.493,-1.2441,0.79703,-32.47,-0.37072,0.18597,-0.031984,-0.91968,-0.13759,0.011558,0.060943,-0.083076,26.841,-2.4702,-27.768,1.6703,-3.5979,0.52464,-33.946
10.4,-0.35092,0.19607,-0.036298,-0.90735,-0.14599,0.015163,0.05807,1.0618,24.803,-1.0084,-28.697,1.2024,-2.7365,1.4489,-32.747,-0.36528,0.16343,-0.039371,-0.91279,-0.13631,0.013271,0.074422,0.018015,24.647,0.3433,-28.474,1.3566,-2.7159,1.1254,-31.687
10.5,-0.34816,0.16863,-0.030686,-0.92404,-0.13406,-0.003475,0.069204,0.74822,25.055,-0.87706,-28.808,2.8954,-2.6839,2.6687,-31.947,-0.33786,0.18017,-0.054741,-0.90928,-0.13355,0.0082182,0.067031,2.9047,26.541,-1.2691,-28.869,0.51287,-0.74469,0.31752,-34.179
10.6,-0.34342,0.19439,-0.030295,-0.91646,-0.13927,0.016992,0.055942,1.0699,25.944,-1.0991,-28.572,0.59355,-2.5674,0.25289,-32.671,-0.32995,0.18789,-0.046246,-0.92172,-0.12841,0.01672,0.064625,-1.0287,26.374,-1.7763,-27.026,2.1232,-3.2715,2.1832,-32.471
10.7,-0.32781,0.17761,-0.043757,-0.92379,-0.14225,0.019303,0.061883,1.5623,27.508,0.14272,-28.884,0.59864,0.54072,0.85061,-29.411,-0.31969,0.18454,-0.039269,-0.92295,-0.14138,0.014116,0.057035,1.5225,25.06,-1.3538,-28.71,1.3506,0.24943,2.2641,-31.281
10.8,-0.31296,0.1762,-0.062908,-0.92729,-0.13171,0.022132,0.057525,0.20798,28.092,-0.60877,-29.891,-1.6264,-1.1675,1.8823,-29.391,-0.31054,0.18282,-0.049938,-0.91195,-0.13322,0.0059563,0.058563,2.0103,25.432,-3.7162,-30.163,0.18639,-0.66875,1.4032,-31.295
10.9,-0.3251,0.18373,-0.037493,-0.92418,-0.147,0.019449,0.055417,0.77396,27.823,-2.1091,-30.383,0.12299,-0.39594,-1.6549,-30.085,-0.31278,0.18603,-0.063142,-0.91909,-0.13321,0.019371,0.056913,-0.36161,26.96,-0.46662,-31.135,0.1498,-0.46582,3.089,-31.683
11,-0.31452,0.18994,-0.042597,-0.92079,-0.13718,0.019569,0.063861,-0.75666,27.458,0.032019,-29.719,-0.055286,-0.71894,1.6334,-30.373,-0.31839,0.17575,-0.073344,-0.92665,-0.14295,0.02074,0.051948,0.25646,27.254,-1.6291,-30.703,1.0137,-1.0648,-0.64743,-30.931
11.1,-0.31047,0.18657,-0.063714,-0.93275,-0.14654,0.028317,0.051964,-0.93441,27.246,-1.1651,-30.97,0.72751,1.2258,0.32364,-29.166,-0.32687,0.18598,-0.071874,-0.92554,-0.13676,0.018961,0.060689,-0.068725,26.138,-3.092,-30.912,1.1546,0.24604,-0.28733,-28.886
11.2,-0.29694,0.18252,-0.055617,-0.92989,-0.14098,0.017115,0.053194,0.81208,29.54,0.39816,-30.117,1.2904,-1.026,0.29362,-29.084,-0.3103,0.19779,-0.06648,-0.93874,-0.1319,0.027666,0.053441,0.44791,29.327,-3.6061,-30.045,0.208,0.52756,0.68337,-29.143
11.3,-0.29854,0.18887,-0.052973,-0.94007,-0.14285,0.028475,0.056194,1.1911,30.635,-0.75449,-32.126,1.109,0.1011,1.1572,-29.985,-0.29821,0.19358,-0.053143,-0.93425,-0.13824,0.017577,0.057264,-0.40298,25.828,-0.32319,-30.559,-2.0162,0.21461,2.1249,-29.936
11.4,-0.27408,0.19834,-0.079345,-0.9493,-0.14551,0.013636,0.062819,0.36739,27.867,-1.0096,-31.96,-1.2784,-1.1503,1.4052,-29.156,-0.29597,0.1866,-0.072182,-0.95171,-0.13839,0.023507,0.044696,0.53838,25.75,0.55976,-31.508,1.7315,0.97919,0.24131,-27.037
11.5,-0.25583,0.18501,-0.057662,-0.92784,-0.1434,0.02846,0.042347,-1.4385,29.075,-3.1005,-29.807,1.3689,0.9007,-0.16349,-28.94,-0.27738,0.17738,-0.038205,-0.94068,-0.13685,0.02816,0.048205,0.79185,24.877,-0.49598,-31.913,1.4463,-0.65152,0.058879,-27.974
11.6,-0.2767,0.18006,-0.07221,-0.93228,-0.14568,0.03245,0.043081,-0.58766,29.872,-1.0957,-32.315,0.13536,0.3527,0.63689,-28.304,-0.2835,0.19282,-0.069527,-0.93082,-0.13802,0.023045,0.056966,-0.28711,27.703,-1.2611,-32.264,0.048695,0.39546,-1.738,-28.58
11.7,-0.25905,0.17934,-0.06629,-0.9397,-0.14837,0.030217,0.040432,-0.32684,28.892,-0.14037,-32.615,0.27098,2.1704,2.2778,-29.114,-0.27381,0.18278,-0.085761,-0.9407,-0.13539,0.023787,0.043713,-1.9809,25.53,-0.4344,-31.744,1.3241,1.3409,0.21462,-26.936
11.8,-0.24785,0.18197,-0.073475,-0.95735,-0.14035,0.026194,0.041487,-0.79134,30.801,0.79917,-32.932,1.0298,1.9395,2.1567,-27.268,-0.26809,0.16228,-0.070294,-0.93747,-0.13581,0.034732,0.044747,-0.13491,27.239,-2.0227,-34.208,1.8102,3.6716,0.69715,-29.157
11.9,-0.25216,0.19715,-0.051286,-0.95262,-0.14547,0.029613,0.045029,1.8501,27.811,-0.94892,-34.274,0.69242,1.4867,-0.3722,-28.261,-0.25044,0.19197,-0.059238,-0.94349,-0.13661,0.036026,0.047163,1.0548,26.427,-1.8259,-34.602,0.95486,2.3915,1.4383,-26.135
12,-0.25331,0.19785,-0.051879,-0.95463,-0.14683,0.034741,0.04058,1.2868,30.032,-0.49729,-35.326,0.71211,3.5833,0.3426,-26.196,-0.2573,0.19107,-0.063344,-0.95105,-0.13474,0.02815,0.044601,0.98344,27.84,-1.7176,-34.198,0.056496,1.5584,-0.47237,-26.55
12.1,-0.22954,0.20295,-0.066803,-0.93978,-0.13608,0.032171,0.038577,0.44018,30.802,0.16668,-34.545,0.23692,1.4431,2.1663,-28.251,-0.229,0.17993,-0.0704,-0.96397,-0.13757,0.025906,0.044861,0.77504,28.358,-1.2406,-35.566,2.2728,3.7933,0.44424,-25.657
12.2,-0.21967,0.19659,-0.08729,-0.94754,-0.14119,0.042472,0.040579,-0.0043392,27.194,-2.891,-35.006,1.1298,3.9017,1.7142,-25.301,-0.22055,0.18638,-0.061693,-0.95689,-0.13627,0.041902,0.033396,-0.29605,25.977,-1.0881,-33.464,0.40075,3.9147,-1.8288,-26.388
12.3,-0.20031,0.17511,-0.085885,-0.95794,-0.14166,0.040023,0.040776,1.6598,30.664,-0.1613,-36.805,0.94336,3.2265,0.026119,-25.079,-0.24314,0.19888,-0.087119,-0.95499,-0.12874,0.034916,0.037561,-0.51778,28.669,-0.4216,-36.028,1.1427,3.4628,2.7819,-25.628
12.4,-0.20079,0.17095,-0.06925,-0.95897,-0.14493,0.04184,0.031775,0.3336,30.992,-2.7993,-35.901,0.71632,4.5835,1.0991,-26.42,-0.22249,0.20102,-0.072312,-0.95567,-0.13657,0.043814,0.035965,1.7958,28.786,-1.1883,-35.509,1.6852,3.4485,1.3343,-26.935
12.5,-0.20515,0.16976,-0.090019,-0.95583,-0.13878,0.048693,0.026007,0.55485,31.686,-0.8776,-37.316,0.022571,2.8077,-0.48484,-25.158,-0.22488,0.18353,-0.06742,-0.9758,-0.12989,0.037402,0.042059,0.012274,29.647,-2.0138,-36.555,1.5117,3.5952,1.6669,-25.345
12.6,-0.20229,0.18879,-0.083052,-0.95055,-0.14997,0.043215,0.040015,1.4205,31.551,-1.0112,-37.732,0.019859,2.4004,1.9729,-25.748,-0.19933,0.17956,-0.082189,-0.94894,-0.13814,0.041325,0.045997,2.8604,28.339,-2.8348,-35.676,1.8751,5.3034,1.5236,-25.574
12.7,-0.18364,0.15793,-0.066209,-0.95751,-0.14789,0.035936,0.030107,1.0647,32.638,-1.9199,-38.958,0.50171,3.4919,-0.89584,-25.261,-0.17168,0.17688,-0.062087,-0.96842,-0.133,0.0447,0.033774,-0.096821,27.527,-0.79941,-36.513,2.6283,3.815,1.5682,-26.037
12.8,-0.18439,0.16764,-0.082894,-0.96683,-0.14114,0.046454,0.033069,-0.037789,31.097,-0.92892,-38.717,1.1024,3.2127,-0.6506,-25.953,-0.19296,0.16889,-0.084945,-0.9563,-0.13906,0.038003,0.039926,-0.37341,26.082,0.27526,-38.826,1.7903,4.1236,1.4602,-24.693
12.9,-0.18296,0.17188,-0.093906,-0.95672,-0.15539,0.048019,0.023396,2.1726,31.498,-0.67572,-35.934,0.77063,4.4319,1.3338,-23.801,-0.20139,0.17591,-0.089664,-0.96411,-0.14262,0.049028,0.036431,2.1718,28.357,0.025643,-37.719,0.50717,5.3422,1.5784,-26.235
13,-0.16478,0.18057,-0.065742,-0.96397,-0.14508,0.044136,0.033256,-0.19181,33.745,-2.5607,-39.101,0.74054,4.5212,-0.60058,-24.758,-0.16383,0.17765,-0.075328,-0.95963,-0.13358,0.047967,0.027369,0.31974,29.242,-2.8779,-36.677,0.61658,5.6095,0.62915,-24.552
13.1,-0.15972,0.17343,-0.093716,-0.98388,-0.14845,0.041659,0.037001,-0.36984,32.182,-0.43972,-38.269,2.2333,4.9856,-0.26735,-24.504,-0.16453,0.18114,-0.092606,-0.97211,-0.13469,0.045532,0.03581,0.46345,28.77,-0.58133,-37.631,0.5504,5.741,0.89227,-23.469
13.2,-0.15313,0.16415,-0.080507,-0.9683,-0.14467,0.045756,0.024139,1.8657,32.656,0.11297,-39.161,1.3531,5.3291,1.7096,-24.79,-0.17708,0.18553,-0.087374,-0.99106,-0.13576,0.049915,0.030042,1.0506,29.619,0.12801,-39.681,1.2678,4.0593,0.60475,-24.45
13.3,-0.14626,0.17535,-0.07014,-0.97767,-0.14846,0.043431,0.029448,0.8141,29.986,-2.3202,-38.252,-0.19486,5.122,2.1254,-22.721,-0.16614,0.16455,-0.07407,-0.95712,-0.14169,0.048503,0.03215,0.12645,27.739,-1.0325,-41.157,0.27454,7.4567,-0.50901,-25.29
13.4,-0.13961,0.16908,-0.086211,-0.97326,-0.15161,0.056973,0.027487,0.51796,31.172,-0.44979,-41.659,1.3805,7.025,-0.27982,-22.302,-0.16791,0.15383,-0.084401,-0.9762,-0.13716,0.047545,0.02637,0.70357,28.38,-2.1431,-39.179,1.834,5.4574,0.40211,-22.629
13.5,-0.13485,0.16627,-0.074254,-0.98084,-0.13937,0.049764,0.019528,-0.48546,33.007,-2.3375,-40.935,-1.2064,6.7527,0.20682,-20.126,-0.12774,0.19446,-0.080644,-0.95251,-0.13944,0.058426,0.027837,-0.8429,29.834,-1.4749,-40.14,3.0519,7.7831,0.41058,-22.854
13.6,-0.12322,0.16853,-0.079496,-0.99063,-0.12997,0.053114,0.016069,1.4019,32.95,-3.4625,-40.343,1.2312,5.386,0.99408,-21.912,-0.12795,0.16112,-0.091379,-0.97036,-0.13389,0.055684,0.018325,0.59527,30.376,-3.1395,-40.135,-0.46243,6.4043,0.54121,-23.256
13.7,-0.11386,0.14654,-0.086939,-0.97151,-0.13723,0.052743,0.022014,-0.37469,33.194,-0.93907,-41.377,1.0643,5.812,2.1367,-20.208,-0.1292,0.17391,-0.081445,-0.94655,-0.13636,0.055966,0.017973,2.1462,31.673,0.676,-40.706,1.3341,8.9222,0.38268,-19.91
13.8,-0.1105,0.14589,-0.075633,-0.97659,-0.14559,0.055412,0.017592,0.25173,30.31,-1.4337,-41.364,1.7142,8.3496,0.65181,-22.277,-0.12875,0.16133,-0.072815,-0.97924,-0.13509,0.058837,0.015891,0.47693,29.215,-1.8876,-39.22,1.1588,7.1608,1.0015,-21.547
13.9,-0.11387,0.15985,-0.087788,-0.9827,-0.14042,0.055304,0.017679,-3.2512,32.698,-0.82127,-41.706,2.9118,5.3418,1.2364,-21.148,-0.11015,0.15297,-0.1077,-1.005,-0.12721,0.06099,0.025773,0.041034,27.716,-0.10427,-42.045,0.932,4.8574,2.0037,-20.592
14,-0.090515,0.16313,-0.068584,-0.97425,-0.12187,0.063509,0.024918,-1.8696,29.705,-2.3335,-42.693,1.4475,6.6884,-0.086835,-20.388,-0.099316,0.16578,-0.091526,-0.99058,-0.12039,0.05887,0.016427,-1.0887,28.285,-0.23001,-42.419,1.5488,9.6285,0.030505,-21.892
14.1,-0.090244,0.13733,-0.078222,-0.97314,-0.13274,0.072867,0.019981,-0.42555,28.048,-2.6285,-42.52,1.3936,6.8207,0.26631,-20.186,-0.096515,0.16809,-0.098812,-0.98866,-0.12974,0.065877,0.016848,-2.9281,26.518,-2.4419,-41.815,0.98852,8.9623,0.45118,-22.155
14.2,-0.074341,0.1299,-0.053535,-0.99277,-0.12627,0.060865,0.021558,-1.8468,29.698,-1.2379,-43.621,0.62636,10.271,0.69292,-20.597,-0.076395,0.16759,-0.083877,-0.9907,-0.13071,0.067397,0.013469,-1.332,29.556,0.18078,-44.442,1.0759,8.0683,-0.0022439,-20.325
14.3,-0.072526,0.13196,-0.092182,-0.97735,-0.13433,0.069844,0.015518,-2.316,28.312,-1.4775,-44.896,-0.2896,8.0622,-0.48571,-17.502,-0.089944,0.1555,-0.09408,-0.97171,-0.12626,0.068851,0.011499,-0.19297,27.986,-0.55639,-43.867,1.0368,8.2856,-0.099188,-21.084
14.4,-0.067932,0.14295,-0.10363,-0.97052,-0.12247,0.061355,0.0093775,0.033358,28.581,-2.0952,-44.03,1.0655,9.0119,0.546,-20.282,-0.086433,0.15819,-0.076671,-0.99952,-0.12856,0.067782,0.012977,-0.13833,28.686,-0.99311,-42.597,2.1329,8.6105,1.5833,-19.002
14.5,-0.063301,0.15569,-0.084618,-1.0032,-0.12789,0.073619,0.019516,-1.0569,28.517,0.73625,-44.142,0.37958,10.327,1.2433,-18.059,-0.080473,0.14745,-0.089681,-0.9827,-0.12239,0.063919,0.016936,-1.3521,27.697,-1.8621,-43.669,0.025702,8.8467,1.3093,-18.978
14.6,-0.056429,0.13177,-0.08716,-0.9757,-0.12236,0.05986,0.018742,-1.5395,28.314,-1.0288,-45.376,-0.77101,11.604,-0.29888,-16.524,-0.059938,0.1303,-0.091244,-0.97997,-0.11857,0.062313,0.017203,-1.064,26.602,-0.028136,-45.79,1.1731,10.158,1.9681,-20.476
14.7,-0.041174,0.13353,-0.08443,-0.97418,-0.11851,0.072847,0.014184,-1.521,26.338,0.024116,-46.451,-0.94937,10.018,2.3897,-18.55,-0.060276,0.14895,-0.086282,-0.972,-0.11333,0.067625,0.0069744,-0.056814,24.586,-0.23705,-45.873,2.1184,8.165,1.1697,-19.57
14.8,-0.02951,0.13514,-0.076327,-0.9898,-0.12422,0.070102,0.0054456,-0.83498,26.933,-1.66,-46.14,1.6859,11.211,1.8452,-18.246,-0.061607,0.13376,-0.075354,-1.0068,-0.1159,0.079171,0.00082631,-3.7133,24.896,-1.8384,-45.32,1.8891,9.9412,0.62208,-18.823
14.9,-0.044154,0.13057,-0.079568,-0.97827,-0.11577,0.076093,0.0080881,-0.41694,25.531,-0.56192,-46.2,0.65831,9.9437,0.28721,-16.291,-0.045397,0.1337,-0.09563,-0.98193,-0.11389,0.076352,0.017361,-1.9264,24.741,-0.72978,-49.031,0.49239,9.358,0.68104,-16.357
15,-0.040714,0.1207,-0.077828,-0.98405,-0.11418,0.076791,0.0069315,-1.3952,25.879,-2.3726,-46.499,-0.55836,10.852,1.1426,-18.694,-0.038007,0.12048,-0.076378,-1.0054,-0.10814,0.076982,0.016197,-1.9943,25.882,-1.6527,-45.902,1.0053,11.661,1.8954,-18.67
15.1,-0.039505,0.15036,-0.074493,-0.99461,-0.11234,0.067084,0.017588,-1.672,25.555,-1.1697,-47.577,1.0205,10.452,0.81999,-18.368,-0.033358,0.12215,-0.095,-0.99016,-0.098659,0.071738,0.007192,-0.23923,23.796,-2.9401,-48.413,1.0188,8.4693,1.3499,-17.156
15.2,-0.01109,0.11519,-0.081784,-0.97949,-0.10703,0.082234,0.010116,-1.1174,24.703,-1.2986,-47.062,0.2948,9.7888,-1.2088,-16.908,-0.042375,0.11842,-0.09137,-0.98887,-0.10182,0.085253,0.0042882,-2.0194,23.351,-1.8409,-47.69,1.0408,10.953,0.1111,-17.578
15.3,-0.023166,0.10297,-0.065685,-1.0069,-0.10943,0.079957,0.0052883,-0.87997,23.71,-0.35882,-46.914,0.41709,10.979,0.57217,-17.812,-0.039727,0.12484,-0.085448,-0.98482,-0.10736,0.077146,0.0069319,1.0782,24.835,-1.905,-47.916,-0.40786,11.367,0.65499,-16.513
15.4,0.003746,0.11276,-0.088131,-0.99246,-0.093176,0.084259,0.0024254,-1.6169,23.04,-0.057578,-48.558,2.6685,9.9841,0.91482,-16.582,-0.024826,0.12813,-0.089481,-0.99211,-0.095761,0.088854,0.0064887,0.18331,20.892,-1.4692,-47.038,0.87933,10.654,-0.32643,-18.025
15.5,0.010993,0.10227,-0.090559,-0.99695,-0.10534,0.080115,0.0051434,-1.8183,22.655,-2.2581,-47.87,2.922,12.022,-0.69984,-16.242,-0.017375,0.11601,-0.081224,-0.99392,-0.096271,0.087155,0.001983,-2.1027,21.444,-1.5621,-47.954,1.3193,13.103,1.6321,-17.064
15.6,-0.00097015,0.11858,-0.080256,-0.98652,-0.085157,0.082389,0.00062045,-1.7547,21.932,0.81312,-48.396,-0.23456,11.135,0.76874,-17.34,-0.0026275,0.11073,-0.071686,-0.99044,-0.091603,0.090508,-0.0020316,-2.4463,23.668,-0.81279,-48.017,0.10762,10.776,2.8806,-16.184
15.7,0.017997,0.091813,-0.074868,-0.98357,-0.10023,0.082318,-0.0030779,0.16873,23.979,-2.4805,-48.378,0.87089,10.556,2.494,-14.727,-0.0070391,0.096558,-0.054259,-0.99087,-0.10736,0.079304,-0.0085883,-2.3656,20.983,-1.1858,-48.35,-1.1595,11.548,0.34295,-15.455
15.8,0.017532,0.10746,-0.080164,-0.97788,-0.094075,0.09815,0.0049851,-2.0904,20.493,-0.63901,-49.126,1.7131,12.793,1.1579,-16.426,-0.0058757,0.11065,-0.076645,-0.97872,-0.087151,0.090425,-0.00082039,-2.6203,20.797,-0.00043484,-48.329,-1.056,13.651,-0.50219,-14.028
15.9,0.031094,0.099576,-0.069518,-0.98622,-0.09211,0.094938,-5.0187e-05,-0.49028,21.585,0.14157,-48.96,2.3932,13.359,-0.1275,-15.983,0.006517,0.10293,-0.073781,-0.98857,-0.095787,0.087791,0.0063265,-0.79227,20.226,-0.71713,-48.292,2.3709,9.9043,-0.49469,-16.623
16,0.016245,0.095784,-0.081298,-0.99589,-0.099134,0.089208,-0.0053863,0.065669,21.231,-0.42493,-50.794,-0.02266,13.106,1.5849,-14.279,0.0070218,0.090479,-0.067963,-0.98822,-0.091451,0.091551,-0.0086402,-0.0024886,20.199,-0.17211,-48.192,-0.85205,13.548,1.3455,-15.121
16.1,0.013488,0.079551,-0.076629,-0.98383,-0.079943,0.084687,-0.0079182,-1.027,21.612,-0.69299,-50.681,1.6842,12.765,1.2722,-14.301,0.013268,0.098427,-0.078581,-1.003,-0.085166,0.089645,-0.0074335,-1.4375,18.358,-0.95447,-51.542,0.68678,9.7588,1.9111,-15.315
16.2,0.049066,0.081697,-0.088257,-1.0135,-0.091133,0.082191,-0.0052753,-2.2411,20.082,1.0519,-50.05,0.25134,13.343,0.33357,-12.583,0.0096616,0.089437,-0.09402,-0.99657,-0.084229,0.092602,-0.0070471,-1.6026,18.756,-1.0056,-50.702,2.136,14.125,-0.75323,-13.847
16.3,0.055817,0.086545,-0.09202,-0.98665,-0.088806,0.099075,-0.0038884,0.85014,19.843,-0.64096,-50.135,-0.17007,14.76,0.89888,-14.173,0.026863,0.094565,-0.082232,-0.97484,-0.082548,0.091773,-0.010333,-2.1906,18.497,0.49091,-50.323,-0.65293,13.677,0.77692,-14.417
16.4,0.05924,0.057782,-0.054126,-0.99575,-0.07948,0.091713,-0.017293,0.68456,19.949,-0.50682,-51.365,-0.3506,13.56,1.7053,-13.712,0.026068,0.073498,-0.086672,-0.99348,-0.083287,0.093213,-0.018453,-1.8678,18.699,0.699,-51.295,1.9936,13.955,0.12459,-11.611
16.5,0.029953,0.07142,-0.071967,-0.99851,-0.091296,0.089699,-0.0095303,-1.9968,18.016,0.27954,-51.019,0.73314,15.242,-0.30889,-11.664,0.047757,0.094169,-0.074672,-0.98285,-0.0668,0.09076,-0.015417,-1.3708,18.199,0.47971,-50.306,1.5557,13.512,0.67419,-13.317
16.6,0.062047,0.068294,-0.072875,-1.0019,-0.078827,0.08669,-0.019753,-1.024,17.887,-0.13172,-50.493,2.1652,14.15,0.81392,-11.764,0.029244,0.063241,-0.065619,-0.99776,-0.076039,0.083659,-0.0031922,-0.02046,15.662,0.2524,-49.929,-0.41998,14.441,0.77812,-12.322
16.7,0.051091,0.058353,-0.06131,-0.99295,-0.07857,0.079452,-0.015904,-0.34454,16.881,0.21628,-48.334,2.0469,14.64,1.6007,-12.795,0.048845,0.054665,-0.077727,-0.98321,-0.074155,0.09386,-0.015818,-0.62127,14.813,-1.6139,-50.025,1.9626,14.804,0.43759,-12.015
16.8,0.074937,0.057165,-0.06441,-1.0096,-0.072608,0.096415,-0.016521,-2.456,17.711,0.35184,-47.848,-0.25494,16.039,-0.24066,-12.684,0.033389,0.073602,-0.054375,-1.0015,-0.068996,0.09307,-0.017022,-1.6753,17.866,0.9398,-49.665,-0.2896,15.525,0.53718,-10.68
16.9,0.059185,0.037528,-0.085789,-0.98852,-0.072661,0.084132,-0.0062487,-1.869,17.204,0.06443,-47.63,0.51495,14.522,1.7332,-11.727,0.048433,0.03854,-0.075157,-1.0041,-0.071383,0.078811,-0.010507,-2.4323,15.234,2.1862,-48.94,0.55491,14.152,-0.15691,-11.29
17,0.076959,0.036783,-0.066417,-0.99393,-0.069031,0.08534,-0.021295,-2.6446,16.849,3.0001,-50.479,1.3554,17.376,0.2716,-11.44,0.045,0.063601,-0.08691,-0.98467,-0.068106,0.087082,-0.028439,-1.8128,15.26,1.4988,-47.917,0.66149,14.347,2.3212,-11.757
17.1,0.076879,0.046464,-0.058733,-0.99474,-0.076244,0.085514,-0.020713,-1.0718,17.019,0.42229,-47.685,0.28631,15.767,1.7532,-11,0.038817,0.047487,-0.051675,-1.0126,-0.06971,0.096668,-0.010437,-1.0594,14.151,-0.46859,-47.572,-0.25249,14.363,1.3721,-11.488
17.2,0.083627,0.025044,-0.076572,-0.98517,-0.060074,0.091619,-0.01716,-1.521,15.962,0.011403,-46.898,-0.027324,15.058,1.927,-10.676,0.055893,0.036772,-0.082256,-1.0117,-0.059885,0.098522,-0.01235,-2.757,14.527,-0.045168,-47.093,0.50405,16.38,2.0606,-10.855
17.3,0.09279,0.030067,-0.066652,-0.98347,-0.060968,0.099272,-0.010969,1.6184,13.841,-1.1569,-49.415,0.81955,17.027,0.80212,-10.387,0.06269,0.045546,-0.052918,-0.99303,-0.056979,0.096187,-0.019931,-0.23423,12.939,1.6271,-47.834,0.81367,17.137,0.094306,-9.4249
17.4,0.095541,0.032428,-0.079078,-1.0095,-0.061983,0.093,-0.01739,-1.8468,15.772,1.8398,-46.802,1.0253,16.936,2.304,-10.475,0.054936,0.030439,-0.063648,-0.97817,-0.058638,0.085904,-0.025543,-1.3753,12.766,-0.36658,-49.548,-2.0374,14.36,0.70287,-9.7995
17.5,0.082178,0.019843,-0.044666,-1.0009,-0.05921,0.092872,-0.026417,-0.11088,13.051,-0.5104,-47.192,0.14692,15.18,1.1016,-9.3703,0.073858,0.020561,-0.06043,-0.988,-0.064937,0.083837,-0.017558,-2.31,11.05,-0.016304,-47.727,1.2051,15.038,-0.44797,-9.6646
17.6,0.085782,0.016151,-0.064017,-1.0022,-0.06518,0.0854,-0.024139,-0.74373,13.933,0.92768,-45.791,0.64557,17.09,1.1105,-8.5282,0.058478,0.018258,-0.078494,-1.0006,-0.058102,0.084045,-0.024251,-1.8689,8.9947,0.38226,-48.841,1.6264,17.635,1.7509,-9.1343
17.7,0.082301,0.033182,-0.049549,-0.98631,-0.057411,0.090478,-0.015694,-0.78978,14.459,-0.14837,-48.825,0.81508,16.876,0.27556,-10.229,0.079656,0.0081509,-0.058415,-0.98346,-0.048808,0.095172,-0.021608,-1.1068,9.865,1.8532,-47.812,0.2067,17.193,2.2065,-9.1719
17.8,0.10766,0.014801,-0.034188,-0.99424,-0.052557,0.09211,-0.033539,-1.4071,12.791,-0.76638,-47.388,0.3544,15.196,1.1066,-7.8153,0.074704,0.017806,-0.064254,-0.99374,-0.046487,0.079466,-0.025724,-1.2347,10.438,-0.62687,-46.843,2.1985,15.966,0.49982,-7.7893
17.9,0.087592,-0.0011693,-0.065365,-0.98194,-0.054144,0.091219,-0.026619,0.46708,12.974,-1.3171,-47.326,-0.37589,17.786,1.1412,-10.129,0.068302,0.032628,-0.063249,-0.99262,-0.050561,0.083389,-0.025446,-1.1186,10.627,0.21139,-46.572,-0.73958,17.365,0.71275,-7.0258
18,0.091052,0.019063,-0.073768,-1.0076,-0.045739,0.078277,-0.020404,-1.5465,10.225,-0.33445,-46.536,0.44107,16.954,-1.038,-9.3166,0.090436,-0.007539,-0.05686,-0.98102,-0.045039,0.087897,-0.025634,-1.4478,9.946,0.24335,-47.391,2.1605,17.84,1.0223,-9.2961
18.1,0.11427,0.0024763,-0.059841,-1.008,-0.042478,0.086862,-0.029245,-0.97945,11.601,1.9081,-45.491,0.06556,16.909,0.83914,-8.1942,0.092791,0.01648,-0.054216,-0.99313,-0.044218,0.097538,-0.014219,-1.3939,8.7423,1.664,-44.908,1.3643,17.414,2.4288,-7.4663
18.2,0.12679,0.0021173,-0.044462,-0.99576,-0.058101,0.085045,-0.023726,-1.5149,9.8876,1.8072,-46.081,0.8966,19.627,0.41169,-8.6539,0.084081,0.00203,-0.062198,-0.99366,-0.051605,0.087035,-0.032796,-1.3214,9.5634,2.2819,-46.099,1.6861,17.59,-0.71354,-8.1555
18.3,0.12438,-0.007709,-0.056719,-0.97411,-0.044225,0.084824,-0.025513,-0.79677,9.5913,-0.20301,-44.841,1.9543,17.543,2.9206,-8.0924,0.10085,0.013523,-0.040307,-0.97837,-0.036825,0.093844,-0.031116,-2.9455,9.7037,0.9485,-43.831,1.8005,19.184,-0.27229,-8.42
18.4,0.11603,0.0037471,-0.057767,-0.98063,-0.042172,0.083782,-0.028877,-0.66942,8.44,1.5619,-43.712,0.00076518,20.261,-0.82046,-8.0064,0.11219,-0.0043545,-0.065644,-0.98288,-0.036949,0.082763,-0.038284,-1.1339,9.5816,-1.273,-44.316,1.8031,18.675,1.4282,-6.3355
18.5,0.10143,-0.0043184,-0.029664,-1.0136,-0.040634,0.08943,-0.027089,-1.7981,9.1515,1.729,-45.677,-1.9521,18.941,0.13221,-5.3457,0.091995,-0.016871,-0.039014,-0.98549,-0.032825,0.082922,-0.025961,-1.9816,7.4715,1.223,-44.419,1.315,17.689,-0.4726,-5.7086
18.6,0.10492,-0.019373,-0.031471,-0.99465,-0.044706,0.078366,-0.034835,-1.8115,9.9141,2.4507,-43.986,-0.58542,17.334,0.68257,-5.5094,0.10558,-0.016961,-0.07776,-1.0013,-0.028815,0.083939,-0.032462,-1.001,8.8693,-0.42385,-44.579,0.45576,19.682,0.78039,-5.7654
18.7,0.1216,-0.019866,-0.042198,-0.98653,-0.041064,0.085244,-0.028857,0.10101,9.1546,0.93503,-42.754,-0.67944,17.782,-1.0964,-7.542,0.098999,-0.012786,-0.040924,-0.98344,-0.024301,0.082362,-0.035232,-0.6976,6.0442,-0.88782,-43.827,0.67314,19.244,0.26496,-6.2732
18.8,0.12205,-0.0071292,-0.032583,-0.99911,-0.029951,0.077399,-0.024232,-2.2197,9.4691,-0.38902,-44.178,-0.50163,16.898,0.8336,-6.0466,0.089867,-0.019922,-0.046083,-0.98349,-0.025609,0.082608,-0.034328,-1.2982,5.5681,1.6866,-44.551,0.011384,18.526,0.78738,-6.5504
18.9,0.12975,-0.024913,-0.022708,-1.0034,-0.02832,0.078481,-0.03068,-0.41436,8.4309,0.23064,-41.611,1.0496,17.096,-0.2619,-6.3361,0.08632,-0.034963,-0.043441,-0.99549,-0.027347,0.080168,-0.039724,-1.89,6.0715,1.2369,-43.751,0.34759,20.926,0.10075,-5.3585
19,0.13727,-0.012644,-0.041577,-0.97819,-0.030029,0.085517,-0.019655,-0.70972,7.3171,-0.33131,-42.142,-0.070223,17.214,-1.5964,-5.1083,0.099195,-0.032161,-0.044451,-0.9961,-0.021373,0.082528,-0.036479,-1.1276,5.7401,-0.62633,-42.699,1.0425,20.358,-0.69267,-6.0314
19.1,0.13218,-0.026939,-0.0332,-0.98509,-0.034161,0.085081,-0.033006,-0.091371,6.9209,1.3976,-42.387,-0.85825,18.287,1.1609,-4.3713,0.109,-0.015638,-0.032118,-0.97986,-0.021588,0.091747,-0.032246,-0.55017,5.4276,-0.82968,-41.421,1.6471,19.356,0.85234,-6.8297
19.2,0.12376,-0.014399,-0.037897,-0.98899,-0.02977,0.097527,-0.029393,0.12359,5.8086,0.14582,-40.875,0.46801,17.483,1.8728,-4.0713,0.10975,-0.0473,-0.043181,-1.0108,-0.0198,0.074703,-0.038315,-1.5522,2.2507,0.97484,-41.209,1.2588,20.471,0.32394,-6.1856
19.3,0.12857,-0.037175,-0.036981,-1.0019,-0.027193,0.076149,-0.028667,-1.4147,4.9464,1.6561,-42.689,0.97819,15.437,0.83464,-5.3241,0.093423,-0.050618,-0.032441,-0.99197,-0.025951,0.081789,-0.038334,-1.021,3.2091,1.8125,-42.916,0.01201,18.96,-0.93128,-4.4064
19.4,0.13641,-0.035053,-0.042206,-0.98489,-0.011175,0.076947,-0.038952,-1.1235,4.3022,0.74552,-42.68,0.93528,17.405,1.9823,-2.2849,0.099155,-0.029962,-0.019236,-1.0001,-0.014851,0.081698,-0.033793,0.4003,4.3715,-0.20537,-42.012,-0.26874,18.316,-1.9531,-5.9633
19.5,0.13151,-0.052323,-0.016329,-0.98684,-0.015237,0.083281,-0.032459,-0.11673,5.0517,1.1576,-41.886,-0.88187,17.801,-0.95759,-3.3501,0.12276,-0.055712,-0.016501,-0.99496,-0.025137,0.071465,-0.032763,-0.092262,5.4111,-0.10273,-38.851,0.33686,19.215,-0.91577,-2.8035
19.6,0.12553,-0.049054,-0.028024,-0.98967,-0.019736,0.077105,-0.029921,-0.58998,4.6382,2.2257,-43.983,-0.24517,18.083,-0.90829,-4.2815,0.12334,-0.049425,-0.028031,-0.99209,-0.012551,0.074525,-0.025677,-1.9452,2.3427,0.30946,-40.24,1.1993,19.743,-0.15874,-6.0641
19.7,0.12762,-0.072054,-0.030785,-0.99193,-0.025512,0.073046,-0.027312,-1.4944,4.3104,1.7531,-42.108,-1.6776,15.771,1.362,-3.6769,0.1,-0.048861,-0.030947,-0.9917,-0.012412,0.07532,-0.021604,-0.65231,3.6474,-0.092142,-40.32,-0.15176,19.81,-0.86046,-6.7826
19.8,0.1293,-0.062312,-0.0084701,-1.0093,-0.01153,0.071147,-0.037332,-0.87694,4.6535,0.12831,-39.328,-1.4947,14.825,0.47963,-3.3876,0.094098,-0.041065,-0.029044,-0.97767,0.00062294,0.078596,-0.032624,0.60564,2.7055,-0.0047295,-39.271,0.027527,19.263,-0.70266,-6.535
19.9,0.14328,-0.070475,-0.01287,-0.99318,-0.013842,0.073031,-0.035549,-1.7661,3.3388,1.4272,-37.521,1.1433,17.385,0.90185,-4.2197,0.12386,-0.056483,-0.0026231,-1.0025,-0.0091042,0.066522,-0.034308,-2.0847,2.0622,1.3885,-39.25,0.072089,19.236,-0.77159,-5.4384
20,0.14375,-0.059079,0.0026855,-0.98433,-0.014928,0.064804,-0.035662,-0.21306,3.1239,1.8097,-41.026,-0.39079,15.981,-0.64565,-4.5221,0.11727,-0.073015,-0.014647,-0.96931,-0.0035801,0.076571,-0.032372,-1.8561,-0.7225,0.4636,-39.794,-1.7635,16.921,-2.3517,-6.7664
20.1,0.13497,-0.070772,-0.022191,-0.99018,-0.018992,0.070281,-0.029701,-2.7493,6.0085,0.093483,-39.674,0.23964,14.897,0.11495,-4.0067,0.11463,-0.081347,0.0031127,-0.98666,0.0017069,0.074689,-0.036268,0.54676,-1.296,0.38254,-39.103,0.28234,18.08,-1.0774,-5.275
20.2,0.14388,-0.062774,-0.012475,-1.0023,-0.0047704,0.068589,-0.02781,-1.8047,1.3093,1.0083,-39.78,-0.065455,16.177,0.85568,-4.1871,0.10122,-0.074107,-0.0168,-0.99076,-0.010023,0.074825,-0.02786,-3.7135,-0.036354,0.6435,-38.623,-1.1142,19.491,-2.0926,-4.6541
20.3,0.13742,-0.07408,-0.016136,-1.0007,-0.0054665,0.055129,-0.029846,0.15216,1.7648,0.84187,-37.593,0.48068,15.429,-1.161,-3.583,0.10326,-0.067322,-0.01505,-1.0219,0.0058982,0.066739,-0.025079,-0.60368,0.20029,0.81322,-38.009,-1.5292,19.135,-2.1403,-5.8396
20.4,0.12388,-0.074633,-0.013417,-0.99284,-0.0082155,0.068922,-0.035087,-1.6703,0.85471,0.77184,-38.213,-1.5836,15.779,-1.0424,-3.9217,0.097898,-0.087613,-0.0045918,-0.98456,-0.0031554,0.062108,-0.023339,-1.7225,-0.16981,3.1989,-38.026,0.84835,18.073,-1.9734,-5.2784
20.5,0.13345,-0.07454,-0.020703,-0.97828,-0.0010629,0.067163,-0.022822,-0.96673,0.33902,1.5416,-37.783,-2.2387,15.039,-0.82704,-3.7134,0.10639,-0.093813,-0.0090955,-0.98766,0.00056314,0.066032,-0.021317,-1.1076,-0.58572,2.0303,-39.846,-3.302,17.188,-1.6551,-7.7544
20.6,0.14287,-0.092686,0.011817,-0.98948,-0.00032214,0.052291,-0.020263,-1.1371,0.23963,-0.18192,-37.262,-2.2717,15.322,1.226,-2.8212,0.12282,-0.069733,-0.018403,-1.0054,-0.0059003,0.059101,-0.022462,-1.716,-2.9243,1.03,-39.046,-0.68826,16.694,-0.74555,-5.6157
20.7,0.15843,-0.095342,-0.012373,-1.0038,-0.010323,0.060985,-0.030996,-2.8718,-0.09945,0.94115,-36.44,-0.32433,15.737,-0.50827,-4.3163,0.1291,-0.071344,-0.0077994,-0.98671,0.0045063,0.058345,-0.031501,-0.57445,-3.1633,0.82968,-37.061,1.5507,16.173,-0.55989,-6.3116
20.8,0.13817,-0.10146,0.009564,-0.98505,-0.006732,0.062686,-0.023571,-0.42298,-0.73384,2.4846,-36.392,-0.15818,14.753,-0.30026,-4.4391,0.11506,-0.087305,0.017552,-0.99778,0.0011056,0.059039,-0.030557,-0.28256,-2.2798,-0.84724,-36.614,0.45448,16.88,-1.2453,-7.0536
20.9,0.14174,-0.079242,0.016062,-0.99612,-0.0058036,0.054879,-0.022013,-0.10502,-0.67423,1.0558,-36.884,-2.1945,15.238,-0.36289,-4.149,0.1046,-0.10719,-0.011427,-0.98131,0.0031706,0.050679,-0.016381,-2.0943,-4.3295,-0.62659,-36.439,1.103,16.817,-0.83286,-9.105
21,0.15435,-0.10969,0.0044518,-0.9783,-0.0017454,0.062223,-0.013672,-0.95591,-2.3736,1.2954,-35.035,-0.03034,12.512,-2.4279,-4.0377,0.11634,-0.11239,0.0026299,-0.99184,0.0095956,0.052305,-0.01788,-1.8554,-3.1156,2.1251,-37.773,-1.676,16.716,-1.5948,-7.3561
21.1,0.14232,-0.092963,0.026039,-0.99143,-0.0070459,0.063383,-0.018254,-1.2138,0.67291,2.2175,-37.134,-1.8301,13.447,-0.4564,-6.4201,0.1254,-0.10767,-0.0093487,-0.98755,-0.00015893,0.05494,-0.016857,-0.017626,-2.1148,-0.34858,-37.235,-1.8569,14.898,-1.1881,-8.3326
21.2,0.1464,-0.087827,0.0094826,-0.99359,0.00019504,0.056745,-0.010268,-2.0718,-0.91629,1.2111,-37.308,-1.2524,13.995,-1.2577,-7.6366,0.12352,-0.087086,0.0053019,-0.99662,0.010255,0.049971,-0.01796,1.4038,-4.4572,0.77768,-37.666,-0.89307,15.748,-0.54065,-8.8128
21.3,0.15184,-0.10235,0.0097341,-0.98748,-0.0091858,0.053803,-0.019947,-0.68345,-2.6239,0.63292,-35.978,-0.35388,12.9,-0.26081,-5.0976,0.12985,-0.099738,0.0026493,-1.0001,0.0042345,0.052263,-0.013556,-2.0744,-5.6662,1.3687,-38.22,0.38761,16.489,-0.6835,-8.8179
21.4,0.14504,-0.10961,0.00075809,-0.97767,0.0053043,0.048016,-0.027082,-1.3142,-2.3449,1.5184,-35.832,0.20493,12.67,0.73018,-7.8212,0.11619,-0.11949,-0.0070621,-0.99568,0.010486,0.0448,-0.014456,-2.8268,-4.5124,1.3579,-33.816,-1.8602,14.097,-2.3708,-8.5273
21.5,0.12542,-0.10073,-0.0033426,-0.96663,0.0071227,0.062888,-0.0079617,-1.1719,-2.3907,0.41477,-35.928,-0.49315,11.285,-1.1008,-7.7347,0.10368,-0.10146,-0.0074658,-0.97808,0.0067477,0.051057,-0.016081,-1.3884,-7.6581,1.4346,-36.413,-2.6727,12.836,-1.0485,-11.322
21.6,0.12473,-0.12499,0.0040724,-0.99419,-0.01387,0.056597,-0.0079505,-1.1928,-2.1563,1.999,-36.88,1.0628,10.882,-2.1388,-6.7504,0.098641,-0.11355,0.0048281,-0.97865,0.0076303,0.045152,-0.0095109,-2.8561,-5.7635,1.3052,-36.68,-1.1473,14.363,-1.8741,-8.8761
21.7,0.13668,-0.12919,0.0085935,-0.99896,0.0025286,0.059077,-0.018174,0.95395,-3.0467,0.55741,-33.175,-1.9322,11.865,-2.4853,-6.3694,0.10847,-0.096758,-0.0030036,-0.97985,0.0089986,0.040217,-0.011892,-1.6141,-3.9904,-0.57788,-36.192,0.051266,14.281,-1.5939,-10.914
21.8,0.15285,-0.10744,0.01838,-0.9764,0.0055787,0.042318,-0.016211,-3.2966,-2.915,0.83945,-34.516,-0.11029,13.656,0.6187,-8.3585,0.10526,-0.10244,0.0057767,-0.99438,0.0078686,0.047717,-0.015406,-1.4428,-9.8481,2.0429,-33.932,-1.2766,14.039,-0.078681,-11.505
21.9,0.14374,-0.12116,0.016689,-0.9746,0.0051806,0.052989,-0.013002,-1.1327,-4.3676,2.3069,-34.836,-0.59216,8.8882,0.20578,-8.0762,0.10825,-0.1268,-0.0022568,-0.99679,0.0189,0.04868,-0.0036219,-0.17904,-6.7458,-1.013,-34.934,-0.48128,12.889,-1.7955,-10.933
22,0.13968,-0.11612,0.017345,-0.97628,0.0072819,0.04248,-0.013396,-2.7284,-4.6101,1.1548,-33.938,-0.43368,10.317,-0.40114,-7.8163,0.09735,-0.10063,-0.0010206,-0.98598,0.020425,0.044072,-0.008583,-0.081964,-7.2021,0.93864,-35.693,-1.6217,13.201,-0.45491,-10.743
22.1,0.14791,-0.13566,0.017008,-0.98736,0.0055151,0.039796,-0.0029475,-1.39,-6.5367,-1.0202,-33.557,-1.6012,11.111,-1.085,-6.2435,0.10273,-0.10058,-0.0039523,-0.99305,0.010713,0.042036,-0.0076431,-1.3069,-7.5167,3.0796,-34.095,-2.529,14.258,-0.98872,-11.256
22.2,0.13749,-0.11562,0.010516,-0.97911,0.0073593,0.043367,-0.010459,-1.2769,-5.442,0.066684,-32.804,0.12863,12.077,0.32735,-7.9878,0.10914,-0.12302,0.013104,-0.98712,0.0093463,0.030438,-0.0022185,-2.1139,-6.8982,2.5865,-32.089,-0.96332,14.004,-0.65262,-11.258
22.3,0.14384,-0.11051,0.02348,-0.99287,0.004607,0.034367,-0.0028281,-1.4177,-5.8957,0.4972,-32.344,-1.661,8.9706,-0.71934,-8.4136,0.11616,-0.13167,0.027259,-1.0007,0.014541,0.039274,-0.0010919,-3.6729,-9.034,1.1974,-33.283,-0.70292,12.642,-1.7719,-12.431
22.4,0.12415,-0.11791,0.019159,-0.99178,0.010314,0.041,-0.0072321,-1.6733,-8.548,0.65258,-31.53,-1.4591,10.525,-1.5059,-7.1495,0.086477,-0.12504,-0.00096014,-0.97748,0.0080619,0.031569,0.003714,-3.0587,-10.459,0.52149,-31.814,-1.1701,11.806,-2.4987,-13.594
22.5,0.1282,-0.1375,0.028469,-0.98256,0.015795,0.035309,-0.0046308,-2.2962,-5.299,0.40051,-30.755,0.67508,9.3246,-0.18229,-9.4392,0.11768,-0.11599,0.013057,-0.97257,0.015,0.032293,0.0022218,-3.4543,-8.7947,1.4235,-30.932,-0.12512,10.592,-2.5127,-14.031
22.6,0.1397,-0.14422,0.026597,-0.98574,0.0056039,0.033767,-0.0065095,-0.71866,-5.3151,1.08,-31.549,-0.083262,10.691,-0.47204,-10.478,0.10363,-0.11956,0.017492,-0.99352,0.026742,0.026803,-0.0024385,-0.50015,-11.168,0.32373,-31.302,-0.60467,11.628,-3.4013,-15.496
22.7,0.14196,-0.14607,0.008642,-0.98986,0.0151,0.036838,0.0044759,-0.14062,-7.325,0.96826,-31.63,-0.0033534,7.7184,-1.5126,-8.8494,0.11113,-0.12468,0.0028758,-0.98878,0.021387,0.035048,0.004959,-1.2166,-9.6185,2.0387,-32.273,-1.5059,11.034,-2.5638,-15.293
22.8,0.13773,-0.1272,0.031867,-0.98345,0.0059121,0.029213,0.0017205,-2.3355,-7.0333,-0.24228,-32.201,-0.78239,8.8783,-1.3269,-9.088,0.1072,-0.13609,0.0044092,-0.9994,0.013824,0.023286,0.0012903,-2.5873,-12.077,1.3008,-30.582,-1.0681,11.688,-0.41471,-15.572
22.9,0.13382,-0.13456,0.025328,-0.99532,0.012148,0.038604,-0.0029879,-0.32565,-7.0919,-0.048188,-31.125,-0.83741,10.232,-1.013,-10.87,0.099936,-0.16057,0.0020141,-0.98035,0.01895,0.028237,0.0031764,-0.035494,-12.87,0.30405,-30.714,0.046927,11.988,-2.174,-15.828
23,0.14082,-0.13828,0.022515,-0.96585,0.0207,0.0239,0.0061679,-0.30702,-8.483,1.8592,-29.453,-1.2415,8.3034,-0.56902,-11.413,0.10423,-0.13191,0.022098,-0.98348,0.022548,0.029066,0.0044823,-0.31899,-11.232,0.064134,-31.001,-0.97948,11.676,-1.5017,-15.177
23.1,0.13605,-0.13867,0.01357,-0.96742,0.0091858,0.03723,0.0009251,-2.3641,-9.2127,-0.69953,-30.252,-1.8179,9.4276,0.81669,-13.59,0.098833,-0.1406,0.008157,-0.99391,0.030641,0.022896,0.0093925,-1.3355,-13.127,2.4117,-29.771,-1.4431,12.056,-1.3092,-15.523
23.2,0.13082,-0.13884,0.019827,-0.96802,0.01138,0.030118,-0.0034043,-0.59388,-8.8587,0.66471,-30.714,1.4236,8.9314,0.82306,-13.69,0.097921,-0.12983,0.017692,-1.0061,0.021887,0.017165,0.017146,-3.2208,-12.35,1.7968,-29.392,-1.9801,10.192,-0.65452,-15.309
23.3,0.1279,-0.15276,0.020351,-0.98229,0.021854,0.02436,0.007229,-0.95447,-9.0787,-0.18591,-28.655,-0.44909,7.1342,-0.61817,-11.565,0.097629,-0.11927,0.004842,-0.97044,0.015925,0.027249,0.012797,-2.6509,-13.38,1.3593,-28.616,0.25217,12.191,-2.0519,-19.6
23.4,0.13851,-0.15779,0.012437,-0.95562,0.0072803,0.028306,0.017103,-0.1998,-9.2213,0.74805,-29.536,-1.5068,6.9957,-2.2508,-11.943,0.09426,-0.12911,0.0048139,-0.99097,0.020774,0.014094,0.0024357,-2.5463,-13.78,-1.9911,-28.831,-2.031,10.984,-2.4547,-17.014
23.5,0.13912,-0.17048,0.025656,-0.98101,0.016114,0.022628,0.012482,-1.8159,-10.631,1.2145,-27.301,-0.49366,5.6475,-0.71275,-13.588,0.086166,-0.14283,0.017656,-0.9991,0.01573,0.02241,-0.0034189,-0.52726,-14.99,0.14174,-29.07,0.32706,12.401,-3.0788,-20.358
23.6,0.13541,-0.15104,0.023602,-0.97532,0.029914,0.02418,0.0055469,-1.9021,-11.743,0.81464,-29.101,-0.023544,7.8716,-0.20931,-13.567,0.10062,-0.14495,0.0045584,-1.0063,0.023552,0.0078405,0.0038569,-1.5511,-13.858,-0.68203,-27.572,1.2116,11.097,-0.94371,-17.695
23.7,0.15531,-0.14158,0.017892,-0.98423,0.019775,0.022961,0.011818,0.35885,-10.818,-0.98038,-29.005,-1.8047,6.8572,-2.1151,-14.943,0.081288,-0.13394,-0.0015483,-0.97888,0.017588,0.016125,0.0034487,-1.2597,-14.799,0.098005,-27.722,-0.49201,9.3896,-2.7854,-17.911
23.8,0.12321,-0.16094,0.0072547,-0.97451,0.018069,0.015131,0.016447,1.1387,-11.267,-0.43145,-26.048,-1.5646,6.1092,-0.49306,-14.464,0.10194,-0.13213,0.0012994,-0.99734,0.022468,0.013863,0.0099289,0.81405,-14.133,0.0036282,-27.71,1.5435,10.56,-2.0194,-19.006
23.9,0.13229,-0.15814,0.013833,-0.98309,0.019022,0.018399,0.019311,-0.11603,-11.897,0.91716,-25.486,-0.60044,5.6668,-1.6064,-13.918,0.10002,-0.14638,0.0046629,-0.9935,0.015043,0.011365,0.0056937,-1.8303,-16.618,2.186,-27.105,1.4439,10.978,-1.1203,-18.865
24,0.13577,-0.16351,-0.0066895,-0.9902,0.020302,0.021613,0.023008,-0.68348,-13.718,0.14137,-25.626,0.73026,4.9197,-1.0516,-13.484,0.089177,-0.14837,0.0048004,-0.99604,0.031516,-2.1105e-05,0.012975,-1.0599,-16.042,1.0944,-28.4,0.73738,10.81,-1.3004,-19.298
24.1,0.13433,-0.15304,0.021718,-0.97281,0.021218,0.011586,0.019565,0.022072,-13.907,2.1527,-25.635,-1.187,6.8433,0.11671,-15.015,0.067442,-0.13873,0.016981,-0.99562,0.033902,1.0004e-05,0.010877,-0.45861,-18.684,1.0371,-25.811,-1.0263,11.546,-2.3656,-19.693
24.2,0.12344,-0.15718,0.013985,-0.98782,0.024694,0.0052487,0.015679,-0.84223,-12.968,0.57417,-26.537,-0.91163,5.6205,-0.76809,-17.274,0.096056,-0.15258,-0.0027355,-0.98155,0.026527,-0.0020098,0.016966,-2.5064,-18.226,-0.17506,-27.18,0.85166,10.201,-1.2549,-20.034
24.3,0.12703,-0.17361,0.024837,-1.005,0.031577,0.015712,0.015495,-1.5801,-12.27,-0.90089,-27.73,0.71308,4.887,-2.657,-14.892,0.079253,-0.12967,0.0084077,-0.99389,0.029857,0.00278,0.010059,-0.91101,-18.109,-1.4058,-26.714,0.94503,11.908,-1.1774,-22.822
24.4,0.12642,-0.14573,0.01247,-0.97514,0.02734,0.0048966,0.024046,1.2189,-14.108,-0.28924,-27.099,0.65032,3.0415,-0.80637,-17.041,0.073531,-0.13592,0.014559,-0.97269,0.036866,0.0033156,0.014051,-0.14342,-15.856,1.6454,-24.78,0.96596,10.119,0.22367,-20.503
24.5,0.11394,-0.15004,0.023946,-0.99015,0.019824,0.0067349,0.021369,0.14075,-13.207,0.67965,-24.614,0.20583,5.6957,-1.0509,-16.104,0.084464,-0.13996,0.016685,-0.98252,0.030663,0.0031448,0.027503,-1.4279,-21.073,0.96981,-26.193,0.48043,10.721,-1.9399,-18.819
24.6,0.10398,-0.14945,0.023305,-0.98771,0.026814,-0.0012217,0.01854,-2.037,-15.366,0.95254,-25.333,0.30633,7.0108,-2.4967,-17.228,0.082325,-0.13505,-0.00034431,-0.97977,0.032907,-0.0022843,0.017503,-0.91203,-19.169,2.0069,-23.725,-1.3961,11.21,-2.0858,-22.189
24.7,0.1311,-0.14828,0.01318,-1.0044,0.024266,0.0054944,0.024819,-0.39975,-13.894,0.23012,-24.355,-0.50082,5.0692,-2.1038,-18.252,0.072784,-0.14957,-0.0042559,-0.98515,0.032997,1.1734e-05,0.017457,0.89674,-19.822,0.15136,-23.273,0.63625,10.159,-2.4937,-22.047
24.8,0.11752,-0.14912,0.020697,-0.98034,0.021507,0.011688,0.022678,-1.61,-16.535,1.9476,-23.278,-2.364,6.3375,0.16646,-15.543,0.074186,-0.15302,-0.00053317,-0.96965,0.032421,0.0058002,0.007735,-0.022594,-17.992,1.5885,-25.303,1.2735,9.061,-1.5326,-22.72
24.9,0.11543,-0.1476,0.033452,-0.99134,0.022562,-0.0014501,0.028248,1.2368,-14.361,0.2938,-23.661,-0.66774,5.3539,-1.7737,-16.946,0.082994,-0.13622,0.01227,-0.99206,0.031325,0.0047429,0.018963,-2.4159,-20.208,0.040106,-25.128,-0.16518,10.993,-1.4408,-22.052
25,0.12097,-0.15511,-0.0039086,-0.98184,0.037182,0.0065993,0.015583,-1.552,-13.488,-0.02788,-25.136,-1.8851,6.8142,-1.6664,-18.014,0.058105,-0.14693,0.0016691,-0.99406,0.032152,-0.0029514,0.018192,-2.0171,-19.763,0.61769,-25.115,0.19683,7.7884,-0.9077,-23.614
25.1,0.10761,-0.15195,-0.0054187,-0.97419,0.034947,7.746e-05,0.023137,-3.5531,-14.521,0.12655,-23.514,1.8886,5.9221,-2.2814,-16.79,0.06205,-0.13739,0.0092638,-1.008,0.031355,-0.0067806,0.021734,-0.96296,-20.657,1.4599,-25.115,0.86667,10.463,-2.1452,-26.021
25.2,0.10168,-0.16353,0.011961,-0.97684,0.029687,0.0025362,0.01778,-1.5906,-17.514,1.0419,-24.363,-1.4855,7.4563,-1.5873,-17.077,0.068481,-0.14291,0.0018793,-0.98016,0.035776,-0.011725,0.011271,0.23618,-21.48,0.8036,-24.749,-0.23086,11.585,-1.6131,-24.214
25.3,0.11741,-0.15864,0.011366,-0.98345,0.032387,0.00029112,0.02103,-0.60064,-16.157,-0.85377,-23.294,-0.29064,7.8646,-0.49123,-18.817,0.068376,-0.1465,-0.0040094,-0.99527,0.027237,-0.010041,0.02251,-1.4339,-23.314,1.801,-21.652,-0.099205,10.949,2.1124,-24.068
25.4,0.10982,-0.17094,0.022383,-0.97772,0.035622,-0.011555,0.022636,-0.8622,-16.805,0.75113,-24.104,-0.56733,4.2426,-1.5156,-19.015,0.056739,-0.13882,0.020052,-0.98677,0.043786,-0.015986,0.024033,0.02337,-20.808,-0.052334,-22.599,0.46736,12.041,-1.2989,-26.254
25.5,0.10829,-0.18138,0.0045611,-0.98403,0.029806,-0.0084652,0.032518,-1.3643,-20.583,0.39382,-23.362,1.9385,4.9503,-0.27238,-21.909,0.057071,-0.14302,0.0051124,-0.98317,0.036184,-0.010678,0.021142,-2.2121,-21.559,1.0873,-23.521,-0.568,9.5509,-1.8449,-26.08
25.6,0.1041,-0.14702,0.014811,-0.99639,0.033093,-0.0036927,0.026024,-2.0532,-18.117,-0.9986,-22.018,0.86254,4.7456,-1.4453,-19.003,0.071413,-0.14535,-0.0055737,-1.0091,0.038556,-0.025521,0.031556,-2.5074,-22.153,-0.88464,-22.391,1.1604,11.096,0.26599,-23.228
25.7,0.10653,-0.13496,0.0029767,-0.97854,0.034124,-0.012047,0.027059,-0.010889,-18.741,-1.1732,-21.492,0.92495,5.8656,-1.3432,-21.907,0.067651,-0.14685,-0.0094127,-0.98609,0.03323,-0.021358,0.021033,-1.4319,-24.214,1.2859,-20.504,1.3599,11.036,-0.52981,-24.641
25.8,0.10011,-0.14635,-0.0029401,-0.98091,0.041775,-0.015097,0.022919,-0.76493,-18.709,-1.409,-21.248,0.057536,6.0981,-2.2485,-22.009,0.061408,-0.13362,0.0035655,-1.0029,0.042659,-0.013141,0.017432,-3.7273,-24.704,-0.56736,-20.979,1.5268,12.559,-0.37125,-26.283
25.9,0.074662,-0.1495,0.011497,-1.0098,0.030539,-0.016416,0.032119,-2.4495,-19.948,1.6879,-21.336,0.97252,5.471,0.093948,-19.633,0.052004,-0.13885,-0.0099133,-0.99585,0.039512,-0.01745,0.020957,-0.57639,-23.084,2.2279,-20.848,1.5852,12.257,-0.34708,-26.991
26,0.082406,-0.15488,-0.022827,-0.97961,0.041485,-0.022546,0.025169,-0.46617,-20.222,0.75785,-20.323,-0.0065147,6.9921,0.60018,-19.458,0.033074,-0.139,-0.0064253,-0.98205,0.033379,-0.027581,0.030068,-1.7635,-24.03,0.8082,-19.385,2.5241,11.709,-1.0387,-27.309
26.1,0.077049,-0.17397,0.0091957,-1.0052,0.039551,-0.012031,0.028938,-0.93046,-21.131,0.016927,-18.504,0.80395,7.5532,0.073922,-19.901,0.034656,-0.1136,-0.02737,-0.9899,0.04137,-0.020906,0.028852,-0.28497,-24.92,0.56091,-20.264,0.28473,11.67,-0.97097,-27.583
26.2,0.088096,-0.14969,0.0084745,-0.97875,0.042288,-0.021499,0.022052,-0.76959,-19.987,0.087252,-19.052,0.15605,9.08,-1.0808,-20.459,0.059655,-0.1442,-0.0021176,-0.98015,0.040997,-0.034212,0.024951,-2.3022,-26.35,1.5515,-20.684,-1.0444,12.011,-0.65408,-29.269
26.3,0.096643,-0.16029,0.00083778,-0.98798,0.034402,-0.015516,0.027644,-0.73008,-22.05,-0.0165,-18.253,1.1389,8.5539,-0.83577,-22.18,0.061793,-0.13045,-0.014221,-0.98641,0.041412,-0.03318,0.019573,-0.58456,-23.293,0.14395,-19.113,0.60342,13.245,-1.784,-27.999
26.4,0.08122,-0.16705,-0.0097309,-0.99692,0.043653,-0.023182,0.024498,-0.12713,-21.189,2.3389,-20.219,-0.80579,7.9444,-0.75074,-23.15,0.041685,-0.14175,-0.02398,-1.0066,0.039289,-0.020167,0.021443,0.44729,-25.282,-1.4857,-21.018,1.6586,15.392,-1.6191,-28.362
26.5,0.091447,-0.15139,0.001816,-0.98551,0.036193,-0.027452,0.031927,-0.19212,-19.557,0.66679,-20.666,-0.37155,7.7236,0.05187,-21.678,0.015328,-0.11677,-0.007893,-1.0136,0.055432,-0.028922,0.018051,-2.5258,-25.383,-0.83387,-18.521,-0.76879,15.926,-2.2642,-30.313
26.6,0.091832,-0.14657,-0.023031,-1.005,0.038727,-0.021459,0.023768,-0.77138,-22.46,-0.28715,-19.427,1.8814,8.4796,-2.4447,-21.948,0.040004,-0.13609,-0.011745,-1.0168,0.041542,-0.032053,0.022815,-0.9421,-24.56,-0.73304,-19.528,2.5649,15.738,0.51515,-27.588
26.7,0.068947,-0.1489,-0.01109,-1.0052,0.03381,-0.026613,0.023107,-1.4691,-22.337,-1.2927,-19.413,2.2045,9.0725,0.90657,-23.885,0.039262,-0.1408,-0.013872,-1.0047,0.043852,-0.034056,0.017967,1.0893,-25.178,1.1161,-17.38,-0.14968,15.614,-1.7091,-30.996
26.8,0.092749,-0.13218,-0.030204,-0.98754,0.042446,-0.020463,0.027402,-0.92059,-22.947,0.87759,-19.52,0.24287,9.3672,-0.47886,-22.313,0.025378,-0.1133,-0.013732,-0.99894,0.048099,-0.044363,0.022669,-1.1193,-24.409,1.5203,-18.034,0.7849,16.059,-0.50339,-29.957
26.9,0.05879,-0.16305,-0.012036,-0.98654,0.044491,-0.027708,0.026623,-1.7921,-23.095,1.4358,-17.838,-0.1972,8.5046,-1.0544,-23.242,0.012853,-0.11959,-0.037959,-0.9938,0.033633,-0.038871,0.025742,0.71323,-24.549,0.67343,-17.51,1.2575,16.255,-0.81412,-29.149
27,0.077912,-0.15308,-0.021694,-0.98512,0.041737,-0.030903,0.020478,-2.717,-24.882,-0.2884,-17.811,2.1318,9.5964,-1.2812,-25.069,0.019354,-0.11804,0.0013359,-0.99319,0.033491,-0.035629,0.027703,0.20271,-24.799,1.3274,-18.136,0.55286,15.073,-2.4274,-32.639
27.1,0.07428,-0.13617,-0.015682,-0.99279,0.043097,-0.037457,0.028094,-2.0074,-24.366,0.83186,-18.222,1.6366,8.2638,-0.48053,-24.674,0.016257,-0.12532,-0.015645,-0.98035,0.039591,-0.043023,0.02293,-0.4996,-24.153,-0.019853,-15.205,1.4976,14.438,0.20294,-31.23
27.2,0.075759,-0.13937,-0.0028954,-0.96692,0.042322,-0.020206,0.024523,-1.2626,-24.758,-0.46409,-16.351,0.70731,8.7052,0.23741,-23.352,0.0073083,-0.12197,-0.014825,-1.011,0.038433,-0.044381,0.02443,-0.087218,-25.234,2.5696,-15.961,0.33983,17.949,-1.0788,-32.54
27.3,0.062009,-0.15158,0.010569,-0.98235,0.045881,-0.023845,0.024178,-1.8616,-25.548,0.72763,-18.371,1.1319,10.118,-0.90963,-23.077,0.016597,-0.14007,-0.027668,-0.99048,0.039418,-0.04126,0.017163,1.2395,-24.559,-0.70468,-16.469,1.085,16.264,-0.26932,-29.866
27.4,0.073548,-0.14506,-0.011928,-0.97605,0.037991,-0.035075,0.022787,-0.47474,-24.607,1.4529,-17.547,-0.30145,9.4407,-1.2836,-24.741,0.02212,-0.11962,-0.010691,-0.99597,0.037595,-0.041787,0.024802,-0.032285,-25.311,1.1288,-15.377,1.4286,15.639,0.031024,-32.318
27.5,0.054631,-0.14044,-0.011194,-0.9885,0.051436,-0.028621,0.024105,-0.66389,-23.518,0.50412,-17.178,-0.15023,10.164,-0.95882,-26.568,0.0093158,-0.091693,-0.021009,-0.99148,0.035773,-0.043502,0.0206,0.93451,-22.492,0.41584,-16.636,0.74819,15.052,0.94193,-34.17
27.6,0.046743,-0.14675,-0.008077,-0.98924,0.048112,-0.03942,0.031902,0.99839,-25.393,-1.1024,-17.911,0.76788,11.217,-0.5527,-24.915,0.018707,-0.11596,-0.012926,-1.0105,0.037122,-0.04181,0.031761,2.3999,-21.966,1.2527,-16.517,0.51039,15.091,0.33009,-31.507
27.7,0.062742,-0.12478,-0.014947,-0.99306,0.046735,-0.047616,0.030723,0.21001,-25.138,0.12429,-16.265,-0.31348,10.256,-1.1828,-25.742,-0.00040336,-0.10774,-0.015746,-0.99733,0.028453,-0.049632,0.023611,1.2297,-26.126,1.4121,-15.801,1.6497,17.083,1.3091,-32.663
27.8,0.053802,-0.12843,-0.027809,-0.99249,0.045269,-0.044953,0.020904,-0.81909,-25.574,1.3034,-16.817,1.4045,11.584,-1.2871,-26.467,0.0061603,-0.082076,-0.023797,-1.0081,0.019517,-0.051754,0.028666,-0.16457,-23.31,-0.049417,-14.589,-0.89561,16.09,0.67918,-33.372
27.9,0.055866,-0.11484,-0.016256,-0.98593,0.052531,-0.04014,0.02546,0.73774,-27.709,0.13648,-14.935,-0.0086493,10.904,-0.34126,-25.506,0.019616,-0.083681,-0.032327,-1.0127,0.027728,-0.055178,0.027866,1.2693,-22.194,0.74098,-14.939,1.9467,16.394,-1.9524,-32.629
28,0.024237,-0.14315,-0.015561,-0.98565,0.049379,-0.043642,0.023877,-1.4583,-25.447,-0.87745,-14.263,0.85556,11.779,-0.71084,-26.826,0.0072534,-0.088321,-0.042592,-0.97175,0.033989,-0.052758,0.022361,-0.14863,-23.681,1.1654,-14.577,0.65683,18.026,-0.61744,-30.667
28.1,0.055767,-0.12408,-0.022701,-0.99668,0.046724,-0.046212,0.025148,0.083927,-25.746,1.0325,-13.557,1.0163,11.69,-0.68316,-27.75,0.014689,-0.090728,-0.033234,-0.98903,0.02802,-0.061231,0.024491,1.9247,-25.972,1.6318,-13.965,0.082533,18.88,0.15039,-34.417
28.2,0.036209,-0.12225,-0.032939,-0.99076,0.053519,-0.046319,0.023219,-1.2086,-27.526,1.9039,-15.217,0.86707,13.185,-2.3125,-28.095,0.00091791,-0.092625,-0.021561,-0.99472,0.028174,-0.053554,0.029744,1.3077,-23.472,0.27299,-12.906,0.89094,18.45,-1.6508,-33.478
28.3,0.050961,-0.11855,-0.02852,-1.0089,0.047429,-0.052566,0.032981,-0.26631,-26.526,0.5045,-14.802,1.0458,12.298,-2.0296,-28.202,-0.010641,-0.083032,-0.0055679,-1.005,0.025486,-0.0562,0.019232,2.2848,-24.041,1.685,-12.884,0.13384,19.675,-0.56283,-33.671
28.4,0.029957,-0.11231,-0.020902,-0.98802,0.040475,-0.052529,0.020635,0.55948,-27.272,0.11746,-13.897,-1.4513,12.519,0.1376,-29.186,0.024178,-0.11448,-0.024373,-0.99301,0.0071789,-0.060392,0.018399,0.45788,-22.864,1.088,-13.108,-0.027324,18.106,1.3356,-33.447
28.5,0.052977,-0.09877,-0.0033927,-0.99942,0.040402,-0.050848,0.032024,0.28863,-26.981,-0.98258,-12.591,0.8194,12.346,-2.2297,-29.151,0.0088279,-0.071324,-0.03386,-1.0045,0.028854,-0.060447,0.025651,0.57761,-22.08,-0.64108,-12.771,0.42081,19.676,-0.49177,-31.821
28.6,0.014956,-0.11595,-0.035057,-0.97429,0.047562,-0.052431,0.027234,-0.72122,-25.202,1.8891,-13.089,1.4058,12.157,-0.88481,-26.691,0.0086689,-0.10265,-0.041761,-1.0136,0.026549,-0.067853,0.022432,2.0649,-21.848,2.4602,-10.894,1.3333,19.04,0.3529,-32.782
28.7,0.034325,-0.10056,-0.022809,-0.99173,0.044586,-0.059387,0.0218,0.16227,-24.135,1.3827,-12.63,0.47169,12.721,-1.0904,-28.518,-0.013959,-0.072804,-0.036562,-0.97904,0.029678,-0.061836,0.017275,0.7653,-22.294,1.2975,-11.146,2.158,18.896,0.0043253,-32.214
28.8,0.032759,-0.11012,-0.017785,-0.99091,0.04196,-0.054405,0.027621,0.42139,-25.159,0.34528,-11.794,1.4177,14.429,-0.45326,-29.225,-0.00061514,-0.086788,-0.029507,-0.99538,0.032816,-0.065355,0.02311,0.88601,-20.556,1.3769,-10.841,0.49905,20.14,-0.80241,-32.247
28.9,0.014256,-0.099409,-0.032889,-0.99397,0.040739,-0.057763,0.017797,1.2309,-26.004,0.37181,-11.382,0.1643,14.735,1.1945,-28.708,0.0056429,-0.062655,-0.0326,-0.98452,0.019949,-0.056575,0.0098182,1.9601,-20.279,0.22927,-13.134,1.2676,22.813,1.4724,-31.604
29,0.03223,-0.10762,-0.021314,-0.99089,0.04138,-0.054812,0.013296,0.50322,-24.767,-0.24685,-11.684,-0.42374,14.903,-2.0157,-28.416,-0.0004965,-0.081112,-0.024877,-0.98556,0.028687,-0.062085,0.017037,0.20741,-22.126,2.1969,-9.991,0.2028,20.707,2.6038,-29.879
29.1,0.021549,-0.090189,-0.041395,-0.99824,0.046714,-0.058086,0.017621,0.18849,-24.736,1.4797,-11.803,0.90245,13.84,1.2286,-30.398,-0.011768,-0.06479,-0.008202,-0.99906,0.026309,-0.065117,0.010992,0.32807,-20.212,0.56966,-12.997,-0.27054,20.828,0.64122,-29.967
29.2,0.019841,-0.079838,-0.036292,-0.99765,0.037652,-0.067671,0.023586,0.97745,-24.906,1.4872,-10.422,0.30599,13.767,-0.43025,-28.999,-0.0009213,-0.058873,-0.044091,-1.0037,0.022682,-0.065607,0.010047,1.7561,-19.102,0.38802,-8.4922,1.0791,20.574,1.9195,-30.425
29.3,0.022862,-0.10362,-0.034898,-0.98816,0.039181,-0.053066,0.020302,0.59322,-25.29,0.45553,-12.417,0.012401,15.526,1.191,-27.612,-0.007207,-0.05519,-0.051934,-0.98826,0.014419,-0.062356,0.012777,1.5281,-18.954,0.13607,-12.246,1.1225,21.588,1.0131,-30.422
29.4,0.043681,-0.10815,-0.036951,-0.99037,0.028245,-0.060357,0.013322,-0.60005,-21.655,2.6366,-8.7724,0.37967,16.842,0.58648,-26.998,-0.00013582,-0.044913,-0.051799,-0.99217,0.017689,-0.067845,0.021837,2.2852,-18.803,-0.031965,-9.8539,0.47533,19.098,1.3946,-28.188
29.5,0.015063,-0.10289,-0.012451,-0.98443,0.035777,-0.066946,0.0094966,0.51968,-24.035,0.37664,-10.638,0.77228,16.024,0.94803,-27.42,-0.0036046,-0.059361,-0.030515,-0.99533,0.020141,-0.062861,0.0043198,1.338,-20.21,-1.3183,-10.668,0.72047,23.355,1.3938,-30.098
29.6,0.010677,-0.094759,-0.045522,-1.002,0.030478,-0.063796,0.0115,1.2048,-22.863,0.60975,-8.6113,-0.35055,16.959,0.60968,-26.602,-0.0078886,-0.045941,-0.035056,-1.0014,0.016656,-0.057574,0.015531,3.0338,-19.078,1.9542,-10.974,0.55585,21.535,0.80579,-31.139
29.7,-0.0023812,-0.080795,-0.033396,-0.99035,0.036654,-0.06674,0.012228,-0.4641,-21.65,0.17156,-8.8661,1.8325,15.378,1.4923,-25.863,-0.013837,-0.053924,-0.032107,-1.0104,0.019542,-0.059853,-0.0035313,-0.27744,-20.012,-0.12522,-10.544,-0.83174,21.702,0.13933,-29.298
29.8,-0.003427,-0.077569,-0.037702,-0.98154,0.040676,-0.053308,0.018408,1.2078,-22.591,2.3954,-9.3957,-0.6477,15.931,2.6471,-27.234,-0.018436,-0.050109,-0.028594,-1.0171,0.014819,-0.05341,-0.00037557,1.0552,-18.952,-0.92088,-11.571,-0.99379,21.33,1.4274,-31.862
29.9,0.0055267,-0.076695,-0.043534,-0.99713,0.039904,-0.059213,0.022694,1.2022,-20.111,0.25897,-9.8555,1.1241,16.734,0.55651,-26.587,-0.014292,-0.069693,-0.062669,-1.0011,0.028105,-0.046483,0.002051,0.50055,-21.142,-0.63152,-11.068,-0.51232,22.152,0.22631,-29.29
30,-0.0086979,-0.073082,-0.045122,-0.98182,0.037616,-0.05682,0.0075515,0.81348,-19.35,1.0777,-5.827,-0.14022,17.585,0.084377,-27.41,-0.016656,-0.051762,-0.047666,-0.99635,0.01162,-0.050133,0.0058865,1.3784,-17.76,-1.9135,-13.663,-0.13637,22.307,-0.24384,-28.279
30.1,0.0031339,-0.059634,-0.03995,-1.0081,0.040088,-0.059801,0.017732,0.32383,-22.678,1.4955,-7.8356,0.19111,16.036,-0.14119,-25.988,-0.020992,-0.04007,-0.040907,-1.0074,0.012317,-0.053742,0.0057905,1.122,-18.368,-1.0923,-10.788,0.58249,23.424,1.2926,-28.209
30.2,-0.0064899,-0.085876,-0.04601,-0.9944,0.034439,-0.065663,0.020103,2.9712,-21.611,1.7285,-7.6784,0.04593,17.83,1.2142,-27.903,-0.014153,-0.029503,-0.030732,-0.99503,0.021552,-0.0572,0.0072289,1.3743,-17.476,-1.0283,-11.752,2.5828,23.007,0.64095,-27.962
30.3,-0.00021282,-0.087176,-0.012151,-1.0019,0.037923,-0.062021,0.012972,1.1114,-20.464,-1.0164,-6.76,1.6126,17.896,2.0149,-25.492,-0.016101,-0.028427,-0.046901,-0.98815,0.02757,-0.039758,-0.0059407,-0.63565,-17.707,-0.31415,-11.876,0.46096,23.5,0.66567,-26.524
30.4,-0.025375,-0.057346,-0.04319,-0.99818,0.032986,-0.075378,0.0080229,0.059065,-21.873,1.1613,-7.5906,1.4167,16.851,-0.74273,-25.861,-0.033307,-0.036688,-0.058894,-1.0082,0.019178,-0.047851,0.00048494,2.1603,-16.165,-1.8188,-13.188,3.4463,21.153,1.1056,-27.468
30.5,-0.013688,-0.062729,-0.039216,-1.0011,0.022026,-0.060128,0.013528,0.18079,-20.808,0.028286,-7.3335,1.3114,17.02,-0.50374,-26.029,-0.0071935,-0.053753,-0.041463,-0.98022,0.01477,-0.039167,0.00346,1.3642,-17.131,-0.031918,-14.538,-0.36138,23.988,0.3061,-27.07
30.6,-0.015025,-0.057163,-0.020766,-0.99106,0.035264,-0.066567,0.0074266,0.98067,-19.323,-0.69615,-8.489,2.1991,17.587,-0.56499,-23.826,-0.018392,-0.048199,-0.057474,-0.99047,0.022308,-0.052577,-0.010918,0.3547,-17.759,0.29193,-14.325,3.4698,23.335,1.1789,-26.964
30.7,-0.015131,-0.046934,-0.034122,-1.0084,0.027971,-0.062501,0.013182,0.37316,-18.994,-0.46092,-7.1738,0.070571,19.218,1.2526,-23.87,-0.032022,-0.02476,-0.056561,-1.0047,0.016899,-0.040303,-0.013134,1.3165,-15.442,-2.2823,-11.946,0.75149,22.741,0.70257,-26.317
30.8,-0.012467,-0.039187,-0.037845,-0.99204,0.023638,-0.065008,0.010744,-1.1957,-19.084,-0.4728,-7.9567,0.080803,18.659,1.0772,-25.518,-0.025798,-0.017009,-0.022002,-1.0025,0.01505,-0.044774,-0.0046222,-1.2254,-16.133,-1.688,-15.111,0.26236,22.892,2.2715,-27.384
30.9,-0.020876,-0.051945,-0.053,-1.0041,0.030892,-0.065424,-0.0017212,-0.39691,-17.867,-1.0968,-6.6634,0.051241,18.702,1.2037,-22.941,-0.0059294,-0.012223,-0.031771,-0.98741,0.014728,-0.046287,-0.0033345,0.60292,-15.784,-1.774,-15.172,1.3988,24.419,0.55466,-26.614
31,-0.014023,-0.037944,-0.048449,-1.0121,0.033399,-0.058404,0.0047798,1.7504,-18.424,-1.7366,-8.7137,0.52915,20.111,2.328,-23.393,-0.030305,-0.0047109,-0.047192,-0.99079,0.015707,-0.043153,0.0019683,0.56435,-15.725,-0.83747,-16.268,-1.5203,23.416,-2.1455,-25.684
31.1,0.0013743,-0.044953,-0.042254,-1.0019,0.025569,-0.062722,-0.016227,0.47741,-19.705,-1.5162,-7.4963,-0.039722,20.602,1.2601,-23,-0.041418,-0.018314,-0.020252,-1.006,0.014803,-0.036677,-0.010119,0.089973,-16.156,-2.0009,-16.4,-0.041161,26.243,-2.335,-22.735
31.2,-0.023138,-0.02963,-0.04926,-1.0043,0.029654,-0.055979,-0.0011864,2.2811,-17.022,-0.52347,-9.0219,3.2088,19.737,1.3782,-22.294,-0.030979,-0.01053,-0.042355,-0.98965,0.017388,-0.038577,-0.0080103,0.19939,-14.057,-0.75155,-16.672,2.2128,26.523,1.1467,-24.797
31.3,-0.019652,-0.024015,-0.045092,-1.0166,0.035,-0.054215,0.0023987,1.3438,-17.076,-0.71551,-8.6926,2.7394,19.849,0.67401,-22.492,-0.041514,-0.015451,-0.041353,-0.9811,0.020648,-0.037562,-0.0085872,0.082224,-15.168,-1.6182,-17.106,-1.1179,24.697,-0.29416,-24.404
31.4,-0.022524,-0.039142,-0.044634,-0.99491,0.035718,-0.05506,0.0012593,-0.10371,-16.692,-1.9125,-7.7651,0.046927,19.928,2.5128,-21.538,-0.021928,-0.016821,-0.042745,-0.98751,0.014122,-0.041561,-0.0051917,-0.79628,-13.686,-0.077257,-17.001,0.90661,25.768,0.13343,-25.325
31.5,-0.010609,-0.019165,-0.01806,-0.99534,0.028489,-0.055598,-0.0070413,1.3332,-17.287,-0.30984,-9.2124,1.4525,21.541,0.75329,-20.561,-0.022451,0.0082886,-0.038589,-1.0008,0.0061179,-0.036714,-0.013586,-1.5905,-14.142,-0.28875,-16.303,0.89052,26.292,-0.14708,-23.593
31.6,-0.034016,-0.035331,-0.052985,-0.99975,0.030661,-0.054409,-0.0056802,0.18654,-16.6,-0.12118,-10.175,2.4423,21.46,0.85714,-20,-0.039163,-0.0086291,-0.040101,-0.99754,0.012426,-0.034202,-0.0097526,1.2521,-12.443,-0.94757,-18.092,1.1145,25.762,-0.10547,-24.32
31.7,-0.049541,-0.024712,-0.044182,-0.99308,0.020239,-0.046348,-0.0099654,2.4011,-14.907,-0.22586,-11.539,-0.49657,20.169,1.5754,-22.032,-0.028728,0.0049193,-0.035299,-1.0028,0.010039,-0.033325,-0.019645,0.76623,-11.254,-1.591,-20.413,1.8932,26.349,2.3652,-22.709
31.8,-0.030091,-0.0079527,-0.028829,-0.99666,0.028482,-0.054302,-0.001985,-0.067997,-15.353,-0.6109,-12.22,-0.13095,21.752,-0.19684,-20.882,-0.035256,-0.00085381,-0.032923,-1.0089,0.006023,-0.028635,-0.017548,-0.55329,-11.763,-0.36137,-18.048,0.17804,27.343,-0.47998,-23.777
31.9,-0.022415,-0.031334,-0.033057,-1.0098,0.016481,-0.051607,-0.0058639,0.54548,-15.377,-1.2169,-11.908,0.20647,20.667,-1.0351,-19.049,-0.054108,-0.027374,-0.026029,-0.98941,0.012483,-0.03182,-0.019108,0.98621,-13.952,-0.28975,-18.383,-1.1279,26.352,0.49613,-24.203
32,-0.038323,-0.030533,-0.042536,-0.99613,0.022216,-0.048309,-0.010341,0.52704,-13.999,-1.5022,-14.714,0.39133,21.289,0.5484,-21.442,-0.031698,0.0023596,-0.032454,-1.0007,0.011833,-0.028774,-0.010345,0.23742,-11.851,-1.8668,-19.745,-0.31764,28.12,-0.052784,-22.963
32.1,-0.058197,-0.0042544,-0.022258,-0.99363,0.025318,-0.039233,-0.0026775,0.23125,-15.977,-1.9021,-10.513,0.47798,22.274,2.2891,-21.131,-0.026269,0.0085429,-0.01481,-0.9988,0.017275,-0.034942,-0.01282,1.0215,-13.823,-2.4737,-19.454,0.87036,27.629,0.75526,-24.716
32.2,-0.032818,-0.023782,-0.045165,-1.0132,0.022448,-0.040187,-0.0056878,-0.14147,-13.881,-1.1382,-12.437,1.4605,23.197,0.31929,-19.746,-0.030374,-0.025654,-0.022177,-1.012,0.010903,-0.032487,-0.028604,1.5986,-13.66,-1.0899,-19.932,1.5815,27.708,-0.54372,-24.716
32.3,-0.03806,-0.02116,-0.048361,-1.0094,0.020046,-0.047025,-0.0074637,1.4092,-14.538,-0.1814,-11.49,1.7959,21.656,-1.6016,-21.716,-0.032447,0.014036,-0.023702,-1.0018,0.0022347,-0.031402,-0.028841,-0.099006,-11.105,-1.1124,-20.441,1.7132,28.576,-1.8815,-24.302
32.4,-0.04418,-0.0089747,-0.028405,-0.98961,0.018769,-0.04171,-0.015648,1.7162,-13.097,-2.648,-13.503,1.8124,23.389,1.1602,-19.256,-0.028185,-0.0050446,-0.021256,-0.97782,0.019932,-0.023346,-0.016769,0.70634,-13.163,-1.5322,-19.84,0.32418,28.369,-1.3011,-23.366
32.5,-0.055366,-0.009891,-0.017148,-0.98926,0.020796,-0.039703,-0.0030636,0.5753,-12.475,-1.6414,-14.178,1.7613,22.556,1.7068,-18.847,-0.032753,0.0035179,-0.020431,-1.0018,0.01632,-0.028029,-0.021165,1.5875,-9.6554,-0.17777,-20.016,-1.0276,27.866,-0.44777,-23.598
32.6,-0.038691,0.007448,-0.039222,-0.99881,0.029119,-0.042229,-0.0086051,0.24066,-12.856,-1.1452,-12.708,2.0474,21.475,0.62712,-19.385,-0.037943,0.022025,-0.013892,-1.0035,0.01151,-0.027971,-0.023542,0.21268,-9.5832,-1.1223,-21.875,1.276,29.502,0.18626,-25.496
32.7,-0.050103,0.010225,-0.049962,-0.9962,0.022062,-0.039787,-0.0069897,0.81919,-14.303,-2.1876,-15.816,1.1883,23.94,-0.54419,-20.381,-0.041266,-0.01548,-0.038668,-0.99802,6.0599e-05,-0.02695,-0.02121,-0.18869,-10.211,-0.11699,-21.708,2.5289,30.28,-0.90352,-23.858
32.8,-0.042457,0.0045867,-0.033976,-0.99396,0.024855,-0.037349,-0.015094,0.30213,-14.056,-1.1375,-14.668,0.33171,21.596,1.1702,-17.696,-0.053315,-0.010566,-0.020894,-1.021,0.0021755,-0.018177,-0.027256,1.0463,-11.42,-3.7884,-24.137,1.9344,27.415,0.29693,-22.609
32.9,-0.044538,0.0040066,-0.049136,-0.99793,0.015674,-0.034001,-0.013917,2.6631,-14.506,-1.7063,-14.816,1.9963,24.571,-0.046258,-18.207,-0.042659,0.0016876,-0.02601,-1.0115,0.0077101,-0.024936,-0.018716,1.4966,-9.8382,-0.52849,-22.469,1.4603,28.863,-1.8086,-22.901
33,-0.04062,0.011584,-0.048806,-0.97928,0.019883,-0.041613,-0.018553,-0.7148,-12.122,-0.32892,-16.888,1.0727,22.506,-0.6755,-18.657,-0.026747,0.02964,-0.017093,-0.99265,0.0017059,-0.019138,-0.016469,-0.37749,-9.3058,-0.38847,-23.369,1.8154,27.28,1.2887,-23.778
33.1,-0.037259,0.0078186,-0.043627,-1.0038,0.023389,-0.037887,-0.010245,1.3145,-11.206,-2.0692,-16.294,1.2214,22.995,0.95722,-18.389,-0.038893,0.018613,-0.022121,-1.0053,-0.0049534,-0.01571,-0.025336,-0.038994,-9.4966,-0.39028,-23.613,-0.7344,27.558,-1.7765,-23.409
33.2,-0.058775,0.019193,-0.015753,-0.99734,0.013373,-0.037153,-0.013264,1.4933,-12.123,-1.0843,-15.844,0.93796,25.436,-0.092316,-20.882,-0.037537,0.014094,-0.013539,-1.0001,-0.0018105,-0.016761,-0.023184,1.4577,-9.5673,-1.3487,-22.794,0.26859,27.411,2.011,-23.622
33.3,-0.031736,0.0061408,-0.033271,-1.0059,0.013606,-0.029785,-0.014817,0.096945,-12.599,-0.72593,-18.083,1.618,24.863,0.89414,-20.323,-0.041354,0.0066651,0.012079,-1.0077,0.0020947,-0.0051608,-0.008244,0.13559,-9.0431,-0.050616,-24.018,0.74857,29.979,-0.59508,-23.833
33.4,-0.043879,0.010565,-0.017651,-1.0107,0.018407,-0.01667,-0.02178,1.0061,-11.204,-1.9231,-17.48,0.58099,23.436,-0.83284,-19.178,-0.039195,0.0060793,-0.011429,-0.99796,-0.00073112,-0.01445,-0.012011,1.4701,-7.2992,-0.67835,-23.714,0.45999,27.129,-1.576,-26.664
33.5,-0.037023,0.012222,-0.032124,-1.0065,0.0081828,-0.027318,-0.01789,1.255,-10.888,-0.7196,-17.648,-0.66274,26.161,-0.43719,-19.191,-0.035787,0.012429,-0.020253,-0.99044,-0.0006644,-0.019003,-0.019741,-0.019136,-8.7477,-1.6062,-25.824,-0.89437,28.522,-2.0658,-25.536
33.6,-0.063633,0.024545,-0.035933,-0.99948,0.0052811,-0.020197,-0.022293,1.7841,-10.828,-0.45756,-18.159,0.33607,23.868,0.55385,-19.441,-0.046813,0.010179,-0.016637,-1.0165,-0.010141,-0.0077732,-0.025402,-0.868,-8.9981,-1.0009,-25.284,0.0063525,30.104,-0.49214,-23.194
33.7,-0.053038,0.0092264,-0.041818,-1.0145,0.013023,-0.019419,-0.0097739,0.97992,-11.376,-0.26425,-18.58,1.7521,26.016,-0.34025,-18.646,-0.050445,0.017344,-0.0023627,-1.0181,-0.0026187,-0.019462,-0.016845,0.19647,-8.6365,-0.59683,-24.426,-1.6524,27.884,-0.82808,-23.515
33.8,-0.038807,0.0042279,-0.0078536,-0.99846,0.016846,-0.028586,-0.01963,3.4209,-8.6551,-0.33336,-17.646,2.1853,26.361,-1.9954,-17.929,-0.030607,0.039382,-0.0027094,-0.99997,-0.0094105,-0.0077131,-0.016961,2.8394,-8.0541,-1.5604,-24.721,1.2362,28.599,0.67256,-25.203
33.9,-0.050921,0.016306,-0.029059,-0.97054,0.0046724,-0.025235,-0.018708,0.51073,-8.6491,-2.6061,-20.043,0.72549,26.973,-0.84488,-20.752,-0.049715,0.020508,0.0017143,-0.99484,-0.008657,-0.015963,-0.011224,2.5745,-8.806,-1.4387,-27.854,0.066461,27.463,-0.50545,-22.644
34,-0.05731,0.033606,-0.040704,-0.97823,0.0016526,-0.021032,-0.023354,1.5903,-8.6303,-1.572,-19.229,0.85964,24.684,-0.63118,-19.296,-0.032666,0.03322,-0.033727,-0.98895,-0.018729,-0.0067587,-0.014323,-0.080134,-7.5351,-1.8349,-27.686,-0.12455,27.214,0.2251,-23.946
34.1,-0.056538,0.013903,-0.032483,-0.97639,0.0010447,-0.024364,-0.013436,-0.79142,-6.7007,-1.73,-18.459,0.12944,27.379,-0.46883,-17.999,-0.032725,0.024245,-0.0075224,-1.0008,-0.010238,-0.0081859,-0.010886,-0.028685,-8.2497,-2.5569,-27.647,-0.63835,28.676,-0.70301,-23.508
34.2,-0.065685,0.022163,-0.026727,-1.0026,0.0052099,-0.029024,-0.02203,2.3495,-7.7706,-2.0043,-18.599,-1.445,29.502,-1.3277,-18.56,-0.045068,0.01584,-0.015114,-1.0019,-0.018902,-0.0066073,-0.018141,1.1084,-7.7014,0.19911,-27.431,-0.56554,27.168,-0.12063,-25.132
34.3,-0.046569,0.016987,-0.016466,-0.98155,-0.0044256,-0.013628,-0.0068751,0.6668,-6.9845,-2.1115,-21.134,0.76973,28.178,0.65878,-21.632,-0.036121,0.019372,-0.017999,-1.016,-0.012892,-0.0035385,-0.01034,1.4373,-4.6173,-0.084726,-29.806,-0.1154,28.54,-1.7826,-24.387
34.4,-0.040706,0.022824,-0.016793,-0.99234,0.0010773,-0.015562,-0.019401,0.2578,-5.0224,-1.0914,-20.628,-0.25972,25.301,1.0961,-19.128,-0.027484,0.017954,-0.016183,-0.99278,-0.017611,-0.0011495,-0.010412,1.6642,-6.2783,-2.4155,-30.552,1.5287,27.956,-0.92653,-25.151
34.5,-0.054992,0.02343,0.0029652,-0.98663,-0.0050708,-0.02276,-0.021111,2.3206,-6.8888,-1.6933,-20.861,1.13,25.91,-1.2325,-18.971,-0.043739,0.030853,-0.023691,-1.005,-0.019197,-0.0061492,-0.013039,0.7565,-5.6895,-0.53192,-28.843,-0.14155,26.658,-1.5888,-24.33
34.6,-0.066455,0.017776,-0.016819,-0.99302,0.0003302,-0.016284,-0.019669,0.20513,-6.9082,-0.98829,-21.258,0.35692,23.444,-1.8014,-20.055,-0.042791,0.0029642,-0.018848,-0.99612,-0.0063339,-0.0066623,-0.012844,-1.5047,-4.5175,-0.80859,-31.69,-0.087989,27.42,2.0307,-25.23
34.7,-0.05347,0.032465,-0.0091409,-1.0004,-0.0023219,-0.01891,-0.019583,1.1828,-6.3995,-2.3774,-22.699,1.1196,26.179,-1.6545,-19.958,-0.018416,0.020252,-0.017907,-1.0014,-0.019123,-0.0055128,-0.0042317,0.47544,-3.7433,0.70152,-28.204,0.111,25.041,-0.45352,-24.01
34.8,-0.060199,0.0092429,-0.022229,-0.98203,-0.010162,-0.019769,-0.015717,0.24247,-6.9344,-2.2139,-23.166,0.361,26.683,-0.34753,-19.816,-0.030251,0.019583,-0.0067838,-0.99499,-0.018502,-0.0019244,-0.012732,1.3895,-4.3691,-0.11512,-29.958,-0.43859,28.178,0.034082,-24.034
34.9,-0.058261,0.030811,-0.022521,-1.0126,-0.0088678,-0.015206,-0.025696,0.20815,-6.1593,-1.8448,-25.032,-1.5282,26.079,-1.0635,-21.494,-0.014934,0.026333,-0.011182,-0.99015,-0.010623,0.007804,-0.0072729,2.2793,-4.5596,-1.0125,-30.703,0.71927,26.058,-0.2757,-25.347
35,-0.043609,0.0019934,-0.0112,-1.0248,-0.012577,-0.011463,-0.028201,0.63474,-5.4044,-1.6061,-24.767,-0.065221,25.76,0.39488,-21.748,-0.034455,0.023146,-0.0064717,-0.99504,-0.019843,0.00065548,-0.0084103,0.30755,-5.1856,-0.036029,-32.625,0.1619,26.212,-0.39961,-26.021
35.1,-0.034694,0.030418,-0.031707,-1.0265,-0.01618,-0.007571,-0.015079,-1.7364,-5.8541,-2.2321,-24.382,-1.081,24.516,0.19765,-21.722,-0.038539,0.0097107,0.017541,-1.0218,-0.031976,0.0037241,-0.016853,-1.2896,-4.2184,-1.5093,-30.24,-2.853,25.299,-0.19187,-26.625
35.2,-0.042818,0.020683,-0.012837,-0.99481,-0.0060312,-0.014423,-0.014891,0.34476,-6.0906,-2.1329,-23.836,0.39233,25.675,-1.7041,-20.041,-0.032076,0.013477,-0.0099912,-1.0003,-0.01191,0.0048859,-0.010376,-1.2129,-2.9907,-1.7393,-31.728,-2.1876,25.45,-0.26317,-25.413
35.3,-0.047121,0.02649,-0.0010453,-1.0033,-0.0031842,-0.012043,-0.01185,-1.4489,-2.0715,-2.4632,-24.929,-0.31675,26.384,0.4165,-21.341,-0.028322,0.012512,-0.0070967,-1.0071,-0.020196,-0.0016347,-0.0048429,1.7035,-3.0317,-1.4029,-30.276,-0.41319,23.69,-0.14658,-23.832
35.4,-0.04315,0.017157,-0.0084628,-1.0023,-0.0074936,-0.016953,-0.0063142,0.97077,-4.936,-0.36295,-24.966,-0.33279,24.284,-1.0684,-21.617,-0.019232,0.025066,0.00055882,-0.9795,-0.016788,0.0035605,-0.010678,-1.0101,-1.6978,-1.6929,-30.334,-0.97314,23.695,1.0003,-24.985
35.5,-0.040227,0.037345,-0.014056,-1.0098,-0.011178,-0.008494,-0.013739,0.15593,-3.6129,-0.43272,-25.305,-0.44933,26.773,0.35145,-21.389,-0.032082,0.01374,-0.0043871,-1.0063,-0.021909,0.0013352,-0.0068,0.44576,-4.6889,-0.018483,-33.426,0.45817,25.369,2.5708,-24.441
35.6,-0.020773,0.041266,-0.020161,-0.98937,-0.019225,-0.015749,-0.017571,1.1758,-4.0456,-1.739,-25.407,-0.020447,25.159,-0.24991,-19.561,-0.013089,0.018061,-0.010349,-1.0045,-0.025296,0.012481,-0.0053358,0.99165,-3.2512,-1.0063,-34.394,-0.89243,24.888,1.3097,-23.714
35.7,-0.02161,0.027961,-0.01093,-1.0131,-0.01852,-0.0088013,-0.018498,0.068947,-4.3153,-2.2471,-28.127,-0.49586,24.413,-0.93414,-22.323,-0.033564,0.037952,-0.014959,-0.99872,-0.023573,0.0077474,-0.01322,-0.055924,-2.8934,-1.1634,-33.398,-0.095646,23.61,1.074,-24.444
35.8,-0.049364,0.037805,-0.014232,-0.99798,-0.014441,0.0013794,-0.02027,0.011393,-2.092,-1.3423,-28.426,-0.72885,25.95,0.53924,-22.38,-0.022201,0.0047271,-8.9622e-05,-1.0188,-0.016375,0.0106,-0.016514,-0.68765,-4.0837,-1.7123,-35.787,-1.5703,22.726,-0.30696,-23.706
35.9,-0.045427,0.026716,-0.017321,-0.99582,-0.020895,-0.010702,-0.0079681,0.85778,-2.1085,0.18701,-23.677,0.20459,25.296,-0.47176,-18.851,0.0010494,0.015135,-0.015873,-1.0091,-0.013436,0.013252,-0.0022556,1.8057,-2.1268,-1.2394,-36.157,-2.9545,22.393,-0.42695,-23.498
36,-0.054517,0.040736,-0.011656,-0.99394,-0.016304,-0.0031733,-0.0084072,0.7294,-1.8127,-3.6587,-26.563,-0.77261,23.986,1.2302,-18.954,-0.018844,0.012713,0.0069046,-0.99796,-0.024915,0.014683,-0.011751,-0.38203,-2.941,-1.0559,-34.818,-0.21545,22.359,0.0044843,-22.688
36.1,-0.027193,0.023495,-0.005363,-0.99491,-0.015462,2.931e-05,-0.015976,1.5597,-2.2671,-1.8987,-26.452,-1.5983,24.389,-0.69773,-21.091,-0.0021345,0.024774,0.0078385,-1.0092,-0.018726,0.019433,-0.007295,-1.4458,-3.5693,-0.62995,-36.061,-1.5784,21.627,1.2548,-22.626
36.2,-0.027569,0.022536,0.0055834,-0.99728,-0.01465,-0.0029534,-0.0070816,-0.37007,-1.52,-1.0641,-29.332,-0.94726,23.415,-1.417,-21.614,-0.021088,0.009332,0.0078107,-1.0034,-0.021849,0.023631,-0.0022984,-1.9915,-3.9856,-2.3475,-36.692,-3.0775,22.018,-2.4042,-25.151
36.3,-0.051246,0.017144,-0.013792,-0.99929,-0.028482,0.0015496,-0.0078129,-0.92417,-1.9049,1.6331,-29.879,1.0224,24.233,-0.54345,-20.118,-0.0065383,0.0057472,-0.0030207,-1.0063,-0.015468,0.01792,-0.010541,-1.647,-2.0731,-1.1341,-34.82,-2.3665,21.083,-0.58553,-23.557
36.4,-0.036012,0.032788,0.0054282,-0.99773,-0.017277,0.0021942,-0.017326,0.2966,0.24117,-0.6235,-27.613,-0.27006,23.132,2.8553,-21.384,-0.0028681,0.0056835,0.0046024,-1.0011,-0.012036,0.01769,0.0010309,-0.89673,-3.7133,-0.59084,-38.89,0.40697,21.896,-2.4831,-23.572
36.5,-0.042253,0.016615,-0.0088124,-1.0036,-0.0174,0.01064,-0.010308,0.90292,-0.77087,-1.6615,-29.753,-1.0833,22.326,0.068488,-21.315,-0.011328,-0.012022,-0.0058337,-0.99808,-0.016621,0.019199,-0.003514,-1.2247,-1.5201,0.93508,-36.836,0.5207,20.144,-0.04755,-23.242
36.6,-0.037508,0.012005,0.0036121,-0.99059,-0.025487,0.0020461,-0.0099852,1.7731,1.7574,-1.5515,-28.922,-2.7745,22.091,0.13228,-20.227,-0.016426,0.029657,0.0033026,-0.9978,-0.018778,0.019243,-0.00041252,-1.0928,-4.6322,0.74893,-35.428,0.3901,20.964,-0.8803,-23.253
36.7,-0.035064,0.034221,-0.0015846,-0.98052,-0.025092,0.0007227,-0.0071226,0.098369,0.37716,-1.6325,-30.84,0.39412,20.301,-1.9428,-20.099,-0.016834,0.000974,-0.016128,-1.0074,-0.01653,0.0064591,-0.00021112,0.35974,-5.071,2.3157,-34.764,-0.067164,22.274,0.97224,-23.153
36.8,-0.036463,0.033946,-0.0091244,-0.99977,-0.031746,0.012188,-0.0094246,-0.090053,0.65025,-0.045939,-30.633,-1.8376,21.451,0.18572,-19.269,-0.030205,0.023096,-0.020553,-1.02,-0.01226,0.0078628,-0.015118,1.1221,-3.8227,0.10906,-36.133,2.4373,21.548,-0.95378,-23.243
36.9,-0.03551,0.026418,-0.0094048,-0.98754,-0.031637,0.012587,-0.019133,-0.10283,0.013987,-1.0597,-31.36,-2.2162,23.897,0.20797,-20.75,-0.0033876,-0.00036265,0.0013748,-1.0184,-0.0071429,0.014976,-0.00075756,0.47209,-3.1414,0.5942,-33.987,2.776,22.417,-0.24662,-22.526
37,-0.038407,0.03754,-0.0049349,-0.98464,-0.018509,0.0090835,-0.0065253,-0.45997,1.7282,-1.1654,-31.038,-0.52216,20.728,-0.22189,-20.812,-0.0043352,-0.0074162,0.0025422,-0.9937,-0.0050379,0.0065607,-0.0035597,-1.2168,-4.7729,0.13878,-34.337,0.35351,22.189,1.3939,-24.492
37.1,-0.044691,0.0072959,-0.019134,-0.99583,-0.030534,0.0096194,0.0015134,0.11058,1.7777,-0.76431,-31.089,-2.1333,20.3,-0.63816,-20.361,-0.0114,0.0058395,-0.0057613,-1.0059,-0.012875,0.0063081,-0.0070965,1.0975,-5.4997,1.613,-33.541,0.47642,21.244,0.59194,-23.695
37.2,-0.019385,0.019989,0.0085401,-1.0054,-0.027737,0.0076399,-0.00094649,0.76593,0.32168,-2.1565,-30.972,-0.32349,22.152,0.15901,-19.976,-0.016538,0.015347,-0.0088271,-0.98205,-0.010866,0.0079587,-0.0054605,-0.6464,-3.5463,-0.022415,-34.183,-0.096211,21.727,-0.72741,-24.481
37.3,-0.020035,0.015977,-0.01434,-0.9798,-0.020509,0.013877,0.002327,-0.48008,2.8962,-2.0066,-31.289,0.52093,21.113,1.5844,-18.372,-0.013618,0.014955,-0.0068287,-0.9957,-0.0087768,0.011872,-0.0020848,-1.4199,-6.2608,-1.2917,-34.989,-1.4779,21.716,-0.46542,-23.093
37.4,-0.02156,0.0033568,-0.023301,-0.99184,-0.025387,0.0072881,-0.0049236,0.57417,1.9546,-0.88078,-31.798,1.4258,20.279,-0.1398,-18.692,-0.015801,0.011043,0.0014073,-0.99721,-0.02293,0.0064439,-0.007858,1.472,-5.5933,-0.18581,-34.744,-1.3741,22.318,-0.84748,-24.354
37.5,-0.01706,0.021916,-0.006347,-0.98663,-0.020974,0.015815,-0.01146,-0.5366,1.6251,0.38937,-34.505,-1.157,21.144,2.03,-19.629,-0.011253,0.0038255,-0.013412,-1.0066,-0.0054341,0.014892,0.00043095,0.52544,-4.831,-1.4918,-33.483,0.59058,22.928,-0.60749,-21.303
37.6,-0.019267,0.029353,-0.0095386,-1.0003,-0.021512,0.013969,-0.00063344,0.018755,0.107,-0.79523,-31.52,-1.9468,21.513,1.1186,-17.344,-0.016338,0.013723,-0.00089815,-0.98863,-0.0098832,0.0063286,0.00049461,-0.33712,-5.469,-1.3171,-35.994,1.851,21.851,-0.74974,-22.076
37.7,-0.034544,0.026344,-0.00013601,-0.99347,-0.025811,0.018055,-0.0026281,-0.48562,2.6809,-2.3469,-35.667,-0.96213,19.533,-0.21704,-18.254,0.0026495,-0.010786,-0.003323,-0.9934,-0.0077044,0.0045708,-0.0034753,-0.7105,-4.1486,0.99499,-33.867,-0.012587,22.033,-0.82704,-23.65
37.8,-0.026046,0.014235,0.0090991,-1.0049,-0.020982,0.025865,-0.00079029,-1.5891,2.4183,-0.70827,-35.283,-0.84566,17.795,-0.7162,-18.259,-0.012419,-1.1663e-05,0.004399,-0.99744,-0.0080132,0.0096676,0.00051126,0.37764,-6.0458,0.82421,-34.35,-1.4206,21.114,-1.0931,-23.455
37.9,-0.025028,0.026112,0.012118,-0.98695,-0.017494,0.024086,-0.0047634,-1.6888,2.0864,0.11238,-35.439,-0.84282,17.862,0.91296,-16.123,-0.019678,-0.011747,0.00040187,-1.0059,-0.0025616,0.012328,6.0992e-05,-0.75381,-5.5923,-0.02483,-34.315,0.93698,21.204,-1.5045,-22.998
38,-0.03974,0.020704,0.0086642,-1.0098,-0.025983,0.017876,-0.0019391,-0.4851,0.42982,-1.8373,-35.698,0.29537,16.354,1.0809,-16.697,-0.0095217,0.012064,-0.002559,-0.99314,-0.013148,0.0076467,0.00043344,0.9391,-5.7524,1.6216,-33.394,0.16763,22.52,0.76241,-22.462
38.1,-0.014906,0.010906,-0.0063789,-1.0068,-0.023064,0.013937,-0.0038588,-0.3226,0.064059,-0.39623,-35.466,0.30309,17.604,-0.64706,-17.075,0.0097652,0.022179,0.012304,-1.0025,-0.0010714,-0.0010985,0.0068816,-0.89524,-8.7851,-0.95962,-32.406,0.25323,22.458,1.774,-25.061
38.2,-0.028202,0.014218,0.019302,-1.0115,-0.019292,0.026088,0.005249,-0.59094,1.6073,1.1137,-36.991,-0.84064,17.622,-0.94994,-17.886,-0.0018914,-0.0061479,-0.0108,-1.0064,-0.011032,0.0011717,-0.0061622,-0.5332,-6.5723,-0.35166,-31.675,-0.025697,21.134,0.81771,-24.582
38.3,-0.036439,0.016777,-0.014033,-0.98797,-0.01296,0.026131,0.00035726,-1.6194,-1.1009,-0.50113,-37.121,0.26748,16.592,0.57838,-15.84,-0.010897,1.4618e-05,-0.0098445,-1.0137,0.0021088,0.015167,0.00028354,0.71915,-7.6948,-0.30277,-33.157,-0.17282,22.064,0.97876,-23.206
38.4,-0.0091813,0.0045288,-0.01679,-0.99658,-0.023615,0.02613,-0.00061312,-1.4996,-0.24901,0.8622,-36.015,-0.13312,16.549,-0.70345,-17.44,-0.0069163,-0.00656,-0.0036234,-1.0013,-0.0054981,0.0076152,-0.0012962,0.1018,-7.2804,0.83724,-34.395,-2.0921,20.704,0.10598,-24.187
38.5,-0.032584,0.015656,0.0075975,-1.0049,-0.013948,0.020793,0.0041349,-0.080579,0.63718,0.42873,-34.237,-2.3874,18.02,0.77578,-17.081,-0.0051352,0.017924,0.0095076,-1.0113,-0.0013708,-0.0061108,-0.0065629,0.33443,-4.9042,-0.057342,-33.266,-0.37333,21.47,2.0089,-24.849
38.6,-0.025051,0.031739,-0.0050333,-1.0004,-0.012568,0.018566,-0.00056335,-0.53818,-1.0943,0.29865,-34.57,0.50227,18.517,-0.82605,-19.214,-0.0015188,0.014983,-0.011312,-1.0059,-0.0097783,-0.0060796,-0.0075324,-2.1713,-6.9669,-1.8536,-32.212,1.8272,21.88,-0.8326,-22.808
38.7,-0.026974,0.0070089,-0.0027514,-0.99526,-0.023689,0.010225,-0.0026688,-1.348,-2.1518,1.9679,-33.831,2.0552,18.734,-0.43298,-16.987,-0.0035644,0.0037713,0.0041027,-1.0102,-0.00081495,0.0087463,-0.0018323,-0.36799,-8.6737,-1.299,-34.028,2.4421,22.572,1.113,-22.751
38.8,-0.024212,0.020816,-0.020184,-1.0063,-0.013243,0.020509,0.00061667,-1.8248,-1.4942,-0.58096,-32.908,0.53761,16.762,-0.51258,-16.202,-0.0087704,0.001571,-0.010955,-1.0293,-0.0074474,0.012274,-0.0033587,-0.41463,-7.6686,0.29385,-35.419,1.0212,22.94,-2.6513,-23.57
38.9,-0.022832,-0.0081041,-0.010026,-0.99886,-0.0050146,0.011195,0.0027743,-0.58607,-2.6771,1.7764,-33.765,-1.2605,19.066,1.4296,-16.399,-0.0069398,0.010754,-0.01553,-0.99005,-0.0042457,0.0015437,-0.0031299,2.838,-6.301,0.63799,-33.122,0.16101,21.357,-0.84083,-24.866
39,0.001489,0.010636,-0.00071033,-1.0141,-0.0062057,0.013474,-0.0096882,-1.123,-3.535,2.2365,-33.669,1.8196,19.339,-0.9947,-17.429,0.00041531,0.0080957,-0.0094244,-0.99964,-0.0080588,0.0060523,-0.0033079,-1.4461,-6.0535,0.75714,-31.707,-1.0244,20.848,-0.18431,-23.283
39.1,-0.0030214,0.0031921,-0.0045657,-0.99034,-0.015649,0.021382,0.0087145,-2.5399,-2.9404,1.484,-32.444,-1.2526,17.608,-0.42675,-16.816,-0.017089,-0.020179,-0.0070364,-1.0233,-0.002812,-0.0082786,-0.0065227,-2.7611,-6.7949,-0.64905,-32.923,1.1539,19.492,-0.26478,-25.328
39.2,-0.01928,-0.0096662,-0.0038606,-0.99976,-0.0099311,0.015768,-0.0047741,-0.86001,-3.3585,0.93269,-31.855,0.45672,17.204,-0.39197,-20.699,-0.0064113,0.01518,0.0025373,-1.0084,-0.0049528,-0.0049835,0.0040482,-1.103,-6.8944,0.37939,-31.678,0.2764,20.998,0.41709,-23.807
39.3,-0.0315,-0.0090916,-0.014047,-0.99853,-0.0040703,0.006051,-0.0019957,0.65105,-3.6498,-0.54679,-33.384,0.49165,18.231,-0.10522,-18.243,-0.0022323,0.005536,0.0060289,-0.99748,-0.0023339,0.0091415,0.0010523,2.1482,-7.2479,-1.9304,-33.174,-1.1608,22.74,-1.0797,-20.686
39.4,-0.002415,0.0047802,0.024784,-1,-0.011811,0.01866,0.0034837,1.6194,-2.0543,0.25472,-34.667,0.72972,17.408,0.734,-18.509,-0.016796,-0.012393,0.0046179,-0.9965,-0.0061213,0.0018997,0.0038535,0.34935,-7.9309,1.9314,-30.847,-0.63533,22.837,-2.6455,-23.884
39.5,-0.0035499,0.0013152,-0.014658,-0.99491,-0.0067045,0.015814,-0.00014662,-1.0529,-2.781,-0.57827,-33.492,-1.2427,17.082,-0.80009,-17.024,-0.013935,-0.0074694,0.0040683,-1.0075,-0.0003881,0.0072453,-0.0059295,-0.91752,-6.5136,-2.3701,-31.774,1.7771,22.249,0.88108,-25.352
39.6,-0.024553,-0.00012376,-0.0096111,-0.98051,-0.011503,0.011113,0.0076489,0.47091,-1.6481,1.6651,-30.345,-1.1846,16.86,2.3562,-19.252,0.005722,0.0054527,-0.0010318,-1.0137,-0.00562,0.0071972,0.0013373,-0.39906,-6.764,-0.054348,-32.605,-1.2075,21.427,-0.33587,-22.659
39.7,-0.0041688,-0.0032775,0.0088567,-0.99295,-0.0060381,0.0058312,-0.0017564,-0.86091,-5.1777,0.45526,-31.268,-1.0329,17.846,-0.00195,-17.903,-0.00228,0.017783,-0.024526,-1.0229,-0.0031466,-0.008628,0.00026557,-1.1973,-7.7972,1.8449,-33.043,-0.38064,19.802,0.18549,-23.62
39.8,-0.014707,-0.014139,-0.0046189,-0.99833,-0.010561,-0.0021659,-0.00037139,-0.63532,-3.3342,-0.056283,-32.649,-0.33765,18.255,-0.69911,-17.802,-0.029021,-0.011902,-0.015473,-0.99999,-0.0023355,-0.00029735,-0.0034569,0.027795,-8.6935,1.2783,-34.205,0.73765,19.968,-0.30221,-21.706
39.9,0.0054705,0.0062235,0.0059689,-0.99498,0.0026737,0.0097685,-0.0027566,-0.139,-3.2551,2.5781,-32.029,-1.4175,17.695,0.10751,-16.74,-0.0037749,0.0013747,-0.0062065,-0.987,-0.0084588,0.0053786,0.0015436,0.37061,-6.8585,1.1671,-33.179,0.24399,21.057,-0.87269,-23.956
40,0.0019069,-0.006848,0.004391,-0.996,0.0040723,0.0029911,0.0044044,-0.57409,-3.9813,-0.15394,-29.568,-0.86151,17.311,1.0063,-17.193,0.0009084,0.0087826,0.023094,-0.98606,0.0015587,-0.0050913,-0.004846,0.62262,-8.0568,0.24941,-33.022,-2.0548,20.354,-0.3371,-22.946
40.1,-0.0056641,-0.010446,0.0080686,-1.0077,-0.0079129,0.004558,-0.0043678,-1.1755,-3.1369,0.79643,-31.244,-0.80675,16.832,0.70901,-18.195,0.00067148,-0.00047476,0.0014871,-0.99197,4.1257e-05,0.0029951,0.0037511,1.0985,-6.7748,-0.83091,-32.627,-0.15893,20.537,-0.0037364,-24.24
40.2,-0.0051243,0.00093285,-0.011404,-1.0095,-0.010334,0.0026341,-0.0068671,-0.53045,-4.8576,-0.28591,-31.417,-0.31766,17.294,1.6514,-18.627,0.0061113,0.0026213,-0.0076888,-0.99023,-0.001541,0.0018147,0.0059876,0.69185,-7.6604,0.93551,-33.191,1.4508,21.01,0.26618,-21.261
40.3,-0.033376,-7.6634e-05,0.0044887,-1.0008,-0.0030114,0.0063141,-0.00032471,-1.9604,-3.5582,-0.41431,-31.604,-0.81627,17.833,-0.68349,-18.571,-0.00021229,0.01058,-0.0065628,-1.0012,0.0021842,0.00020785,-0.0016878,-1.767,-6.8111,-0.032466,-32.923,1.1152,21.359,-1.4525,-21.531
40.4,-0.011822,-0.0022896,-0.019727,-0.99094,0.008416,0.012571,0.0077507,0.4599,-4.024,-0.66977,-32.11,-1.9497,18.363,-0.32955,-18.566,-0.016739,0.015761,0.0087599,-0.998,-0.00017901,0.0045246,0.003237,-0.031954,-8.2741,0.45794,-32.442,1.3863,19.506,0.028402,-22.811
40.5,-0.001309,0.0074139,0.0023675,-1.0096,-0.00964,-0.0023443,-0.0037475,1.2609,-3.639,1.5201,-31.674,-0.20355,17.522,1.2812,-18.606,-0.00073346,0.0021591,-0.00016886,-1.0171,-0.0023901,-0.0024919,-0.00072982,0.74981,-8.1393,-0.47187,-33.493,1.2919,21.478,-0.73453,-22.786
40.6,-0.015468,-0.0013517,-0.0049292,-1.0085,-0.0091499,-0.0011307,0.0053617,-2.844,-3.3146,-0.37703,-30.806,-1.5867,18.18,0.5713,-17.092,0.0039371,0.015853,0.0028716,-1.0009,-0.0045209,0.0074212,-0.012105,1.2397,-6.7488,-1.091,-33.157,1.4299,20.656,1.3726,-23.028
40.7,-0.011258,0.0080007,-0.010058,-0.9929,-0.0070062,0.0056624,-0.0032378,0.29773,-3.8857,0.67233,-31.244,0.16489,17.967,-0.39331,-17.701,-0.005551,-0.0043477,-0.010787,-1.015,0.00098872,-0.0052439,-0.0027415,2.3477,-7.984,-0.11165,-33.981,-0.36305,22.518,3.8188,-24.328
40.8,0.00055452,-0.0096214,-0.015754,-1.0137,-0.0029402,0.010429,0.00036054,0.043122,-5.0886,-0.66372,-31.249,1.0412,18.935,2.441,-18.709,-0.0015543,-0.0089543,-0.0048702,-0.99441,-0.0035161,0.0030556,0.003403,-0.0028353,-6.0366,-0.33477,-31.933,0.94766,20.663,-0.75497,-23.889
40.9,0.0049912,-0.0011174,-0.011836,-0.99505,-0.0035852,0.0039819,0.0029842,0.76672,-3.5458,1.2583,-31.158,0.49983,16.824,0.57753,-18.007,-0.0039339,-0.012572,-0.0066732,-0.98794,-0.0078366,-0.0089568,-0.0037152,0.9113,-6.4672,0.70778,-31.917,-0.14075,19.916,-2.7149,-21.692
41,0.0055596,0.017817,-0.0064137,-1.0022,-0.0090975,0.00015427,-0.0013358,0.32216,-4.4165,1.4987,-30.18,0.6054,17.21,-2.0106,-19.343,0.0038163,0.014977,0.015412,-0.995,0.00012127,0.0031893,-0.0024008,1.3708,-6.8305,0.53912,-30.98,0.97164,20.704,-1.573,-23.153
41.1,0.016896,0.0063227,-0.0045895,-1.0025,-0.0021388,-0.0053374,0.0045957,-0.5506,-3.2683,0.084401,-29.718,-0.37703,15.806,-1.0217,-18.509,-0.002731,0.0036152,-0.016051,-0.99615,-0.0016715,-0.0078718,-0.0059028,-0.88103,-6.8389,0.97481,-31.534,0.87051,21.012,0.84367,-21.308
41.2,0.0028863,0.029444,-0.013083,-0.98199,-4.6838e-05,0.0043997,0.0026638,-2.0661,-5.6436,-0.46071,-30.651,-0.10479,16.246,0.21079,-19.188,0.0061252,0.010125,-0.0036798,-0.97772,-0.0036752,0.0053022,-0.00239,0.32197,-8.9082,-0.24666,-32.6,-0.051856,20.938,1.8856,-21.263
41.3,0.0022228,-0.0033621,-0.008382,-0.97933,0.0016562,0.0060321,0.0090756,1.0301,-5.5716,-2.3711,-29.257,2.9767,18.705,1.5062,-17.199,0.017856,0.016335,-0.0035963,-1.0017,0.0038643,0.0075894,0.0061883,1.5987,-5.7389,1.2769,-33.077,-0.56906,22.377,-0.071337,-21.927
41.4,-0.0065865,-0.0014404,-0.010399,-0.98844,-0.0060633,-0.0011938,0.00059814,2.1658,-3.4206,0.30423,-32.142,0.92815,19.088,-1.6805,-16.553,-0.0037997,-0.033153,0.001056,-1.0051,0.0036907,-0.00064526,0.0048256,1.3979,-8.4254,1.1679,-32.87,-0.53583,20.638,-1.5885,-20.227
41.5,-0.0075137,-0.0050218,0.0036748,-1.0173,-0.0036678,0.00054316,-0.0040717,-0.25376,-4.5216,2.4567,-31.195,-1.2874,17.452,-0.21497,-19.328,0.0069152,-0.0031958,-0.0015956,-0.99974,9.6091e-05,-0.00017703,-0.0027925,-1.836,-8.8526,0.2228,-30.586,-0.73367,21.571,0.21625,-22.677
41.6,0.011412,-0.011039,0.0057171,-1.0155,-0.0032797,0.010307,0.0053502,-0.90897,-4.3922,-2.0104,-29.874,-0.42652,16.636,-1.0969,-18.407,-0.020534,-0.007087,-0.021104,-0.98727,0.0054597,0.013708,-0.0015225,-1.5301,-7.4943,-1.2422,-31.459,0.33666,20.279,0.10621,-21.778
41.7,-0.0047114,0.018095,0.00030438,-0.99337,-0.0040242,-0.00088417,0.0065132,-2.2795,-5.0821,-1.7136,-30.864,0.18606,19.043,0.36345,-16.559,-0.0060931,0.0095492,0.014829,-1.0069,0.0021016,-0.00083608,-0.002074,-0.10913,-7.8143,-2.1125,-32.536,0.49443,21.026,-0.472,-21.891
41.8,-0.007596,0.016231,-0.0063675,-1.016,0.0033334,-0.0014363,0.0084376,-1.2661,-4.8995,-2.4404,-29.435,0.58861,16.065,-0.41634,-17.948,0.0003405,0.0043473,-0.012226,-0.98466,0.0012898,0.00026739,0.0047367,-1.1851,-7.4613,0.48685,-33.308,1.4492,18.708,-0.06735,-22.66
41.9,0.0015992,0.0088022,-0.01039,-0.99866,-0.0029272,0.0084726,-0.00045099,-0.09151,-4.7166,1.2122,-31.749,-1.0574,17.76,-0.096911,-17.569,-0.0031259,0.0050768,-0.01049,-1.0121,-0.0085731,0.0042336,-0.0028348,0.64811,-7.3469,0.64241,-32.7,-0.32379,21.208,-3.0929,-22.308
42,-0.0037748,0.011394,-0.0061161,-0.9828,-0.0015976,0.0040738,0.0057258,0.27221,-3.0854,-0.82812,-30.204,-0.77421,17.442,0.21197,-18.409,0.0048483,0.0058243,-0.016736,-1.0022,-0.0038873,-0.0045013,-0.005955,0.1654,-6.4529,0.48014,-33.479,0.86349,21.344,-1.6372,-21.501
42.1,0.0039684,-0.0040171,-0.0073309,-1.0021,-0.012305,0.0058609,0.0022189,1.0431,-3.3732,-0.49469,-31.102,-2.3641,19.036,1.0796,-17.241,-0.005997,0.028537,0.0033951,-0.99771,-0.0055569,0.0018218,0.0037784,-1.2012,-5.9458,0.0041745,-33.542,0.7788,21.542,0.20772,-21.261
42.2,-0.0079072,-0.0033082,0.0064895,-1.0138,-0.0051179,0.00050293,0.0053442,0.16088,-5.0584,-0.73681,-29.299,-0.20086,17.111,0.41637,-17.145,0.0023646,-0.0026272,-0.0091173,-0.99857,-0.003289,-0.0046667,-0.0078416,-1.649,-6.4834,-0.7643,-32.051,-0.066767,20.751,-0.040173,-23.547
42.3,-0.00057441,0.0036401,-0.0038534,-1.0204,-0.0023227,-0.0014116,0.00084041,-0.79319,-6.7585,-1.3768,-31.3,-0.42465,18.233,0.85436,-16.403,0.018853,0.0021758,-0.01008,-0.98669,0.0040312,0.0083373,-0.0058969,0.29835,-8.0318,2.5683,-32.306,-0.018836,19.849,-1.6158,-23.293
42.4,0.0056043,-0.011455,-0.0014599,-1.003,-0.005523,-0.0056899,-0.00057541,-0.024177,-4.1171,-0.30507,-30.378,-1.1493,16.205,-0.23661,-15.88,-0.019065,-0.0089204,-0.0079464,-0.9888,-0.0021919,0.00019903,-0.0040936,0.2893,-7.567,1.9888,-31.843,-0.99056,19.76,-1.7211,-22.743
42.5,-0.0031278,0.01941,-0.011098,-1.0111,-0.008072,0.0045975,0.016963,1.2592,-4.5579,0.59377,-30.039,-1.5461,17.52,0.94336,-18.153,0.0034983,0.0058527,-0.017091,-1.0087,-0.0070648,0.00893,0.010875,0.73513,-7.9156,-0.24537,-33.154,-1.1536,21.59,0.47655,-22.96
42.6,-0.0049822,-0.0088728,-0.0026369,-0.99356,-0.0058607,-0.00053703,-0.0036291,-0.18685,-4.2198,-0.35424,-29.897,1.278,18.43,0.86681,-17.612,-0.0013056,0.009506,0.0028837,-0.98526,0.0037813,0.0079764,-0.0059528,-0.52235,-6.9819,-0.33403,-31.258,0.25794,20.241,0.68825,-21.859
42.7,0.0054605,-0.0016,-0.002469,-0.99277,0.0038663,0.0047166,-0.00072175,-0.68943,-4.4737,-0.063964,-30.719,0.28292,17.439,0.7114,-19.079,0.0017092,0.010409,-0.0007406,-1.0099,-0.0077205,0.0051678,-0.010973,-0.49216,-5.961,0.60543,-33.057,0.75796,20.673,0.51755,-22.234
42.8,-0.0089661,-0.014942,-0.010849,-0.99273,-0.005151,0.010481,-0.0024518,1.7042,-2.978,-0.78264,-30.697,-0.082343,18.098,0.60689,-17.362,0.00023096,-0.0022216,0.00044574,-1.0001,0.012682,0.00032576,0.0016707,-0.37427,-5.9271,0.95177,-32.77,0.53879,20.891,-2.2441,-22.672
42.9,0.0079576,-0.0025492,0.013314,-1.0125,0.00063369,0.008406,0.002766,1.3219,-5.5581,0.91776,-31.949,-0.25928,20.302,-0.20543,-17.781,0.0064724,0.0082196,-0.0027665,-1.0119,0.012116,0.0026313,-0.0019189,0.47714,-8.1696,1.7773,-30.647,-1.0122,20.521,-0.56537,-21.544
43,-0.015367,-0.011921,0.00090145,-0.99552,-0.00040257,-0.0014067,-0.0050343,0.30969,-5.0485,1.6747,-29.784,-0.4812,18.276,-2.9838,-17.241,0.013618,0.0040579,-0.013989,-0.99922,-0.006418,0.0042329,0.00084714,0.85741,-6.8784,-0.014577,-30.509,-0.27715,20.597,0.11462,-22.145
43.1,-0.0084386,-0.013517,-0.0098161,-0.98708,-0.0095949,0.0044987,-0.0023532,0.2827,-3.1639,0.68899,-30.994,1.2761,16.958,2.0203,-14.431,0.023867,-0.011486,0.00065705,-1.0027,0.00044314,-0.0025061,0.0033483,-2.8267,-6.6603,-1.4751,-31.212,-0.45725,20.514,-0.2798,-21.082
43.2,-0.0098171,0.0077447,0.0063357,-0.99917,-0.012564,0.016949,-0.0032582,-3.1702,-3.0278,-0.57849,-29.637,0.10268,16.779,-0.9007,-18.976,-0.01261,-0.006541,0.004187,-1.0039,0.0070462,0.0025267,0.001488,-1.6761,-6.5124,-1.2704,-32.156,1.3612,21.863,0.74725,-22.586
43.3,-0.011494,0.0038746,0.0097344,-1.0014,0.0022951,0.0044021,0.00335,-0.66304,-6.3711,-1.5001,-30.86,0.97256,17.48,1.1127,-17.812,0.01336,-0.009094,-0.0034891,-0.99642,0.002176,-0.00033366,-0.0057518,-0.89394,-6.113,0.91019,-32.733,-0.19325,19.581,1.3647,-20.876
43.4,-0.00040476,-0.0083311,-0.0067152,-0.98825,0.0031934,0.0046346,-0.0018148,-0.60656,-4.655,-0.56483,-30.972,0.091985,16.907,-0.7813,-15.409,-0.012289,-0.0087003,0.017267,-1.0117,0.0038743,0.010599,0.0045937,0.80017,-5.9047,-0.24369,-32.514,-0.97372,20.908,-0.42067,-22.412
43.5,0.0049084,-0.012287,-0.0013011,-1.0091,0.013938,-0.0014525,0.0048525,0.92857,-5.5104,0.53049,-30.888,-0.26551,19.669,-2.169,-19.085,0.00048731,0.00053792,0.01104,-0.99929,-0.0099643,-0.00032317,-0.0042069,0.43583,-6.92,-0.55779,-31.942,0.10438,21.581,-1.4559,-21.211
43.6,-0.0090828,0.014903,-0.0054037,-1.0058,0.0056586,0.0053133,0.004787,-1.0992,-3.4047,3.2929,-30.885,2.3554,17.644,0.19607,-18.353,0.013302,0.0097297,-0.0020579,-0.99348,0.0070107,-0.00074059,-0.010127,-1.9389,-6.4447,-1.3766,-32.117,0.7622,18.888,1.2341,-20.276
43.7,-0.01386,0.0046529,-0.020101,-0.989,0.0022823,-0.00014798,0.0018933,0.10779,-4.8287,-1.4655,-30.262,0.83599,18.531,0.097726,-17.53,0.0090983,0.010269,-0.0080621,-1.0172,-0.0026451,-0.00042806,-0.00013805,-2.4315,-8.0099,-1.4945,-32.851,2.9754,20.494,0.75494,-23.778
43.8,0.015399,0.00015305,-0.00011089,-1.0061,-2.5399e-05,0.0046463,-0.00078835,-2.0244,-6.9093,1.346,-30.642,1.2705,18.225,0.84214,-17.273,-0.00010265,0.0070677,0.0052809,-1.0065,-0.00090371,-0.0003804,-8.8516e-05,-0.70746,-7.0227,0.8818,-32.648,0.098134,20.35,-0.53577,-19.987
43.9,-0.012268,0.011943,-0.01267,-0.98633,0.01085,0.002496,0.0024467,0.8713,-5.2532,-1.6586,-29.984,2.503,19.334,1.6775,-15.717,0.0009291,0.0090766,0.0031925,-0.98271,0.0016788,-0.0040104,0.0093265,0.085014,-7.2053,-0.13677,-34.276,-0.25694,21.465,-0.65126,-23.62
44,-0.004186,-0.023263,0.018564,-1.0071,-0.0019551,-0.0047522,-0.0073461,0.037598,-3.6903,-2.2438,-29.964,0.49551,18.434,-0.22334,-16.907,-0.022055,0.00012108,0.0049843,-0.98295,-0.0047476,-0.0015133,0.004139,0.10456,-6.9467,-0.017511,-33.606,-1.7386,21.33,-1.4666,-20.535
44.1,-0.0013474,-0.016658,0.011111,-1.0075,-0.0038693,0.0074542,-0.0037389,1.2366,-4.0026,0.64152,-30.344,1.3477,17.139,-0.50039,-16.833,-0.0024875,-0.0026445,0.0037977,-1.007,0.0039044,-0.00047432,-0.005519,-0.78878,-6.8164,-1.2479,-33.174,-0.02366,18.287,-0.63265,-20.448
44.2,-0.0018396,0.001698,-0.0020373,-1.007,0.0063524,0.0028255,-0.0046304,-1.4325,-3.8777,1.1274,-29.839,-1.8702,17.488,0.69302,-16.138,-0.00049724,0.0019531,-0.0042201,-1.0118,-0.0022538,-0.00058378,-0.0036896,-2.6783,-5.3327,-1.492,-33.419,0.96245,22.405,1.7518,-21.925
44.3,0.002453,-0.0058333,0.0013903,-1.0096,0.0036017,-0.00055474,-0.002968,0.087629,-4.3889,0.71038,-30.514,1.1181,17.671,1.8046,-16.549,4.9998e-06,-0.019657,0.0047681,-1.0155,0.0024386,0.0029077,-0.005927,-0.53741,-6.1192,0.61929,-32.818,2.1198,19.338,1.6058,-22.479
44.4,-0.017671,0.014971,0.0011025,-0.99461,0.0036689,0.0086715,0.0022741,-1.1463,-4.7009,-0.16977,-28.317,0.17383,18.454,0.21249,-17.239,-0.0039865,0.0056483,0.005086,-1.0041,0.0014461,-0.0089255,0.0092638,0.29069,-7.6927,0.64947,-31.634,1.1933,20.186,-0.62065,-21.213
44.5,-0.0021639,0.0063162,0.0080404,-0.99446,-0.0062483,0.0015101,-0.0070322,0.51726,-5.7316,0.054132,-29.725,-2.0927,18.77,0.99916,-16.657,-0.012123,0.0016372,0.0055001,-0.98269,0.0060442,-0.0012044,0.006532,1.4539,-8.4584,-0.5784,-33.942,-0.66199,20.502,-0.58689,-21.686
44.6,0.0032916,-0.0067722,-0.0055962,-1.0072,-0.0068047,0.00080582,0.0065854,0.78647,-4.804,-0.2795,-32.43,-1.1036,17.083,2.0036,-16.637,0.010692,0.002356,0.0085576,-0.99986,0.0013251,-0.0032924,0.0067149,0.48143,-7.2465,0.56726,-31.859,-0.27167,19.209,1.1916,-21.112
44.7,-0.011728,-0.0033707,0.0084183,-1.003,-0.00049995,0.00087805,0.0018816,-1.0698,-4.6115,1.4818,-30.115,0.024255,17.803,0.35752,-16.733,-0.0095527,0.00059553,-0.017778,-1.0167,0.0022093,0.00085669,-0.01163,0.28988,-6.4453,-2.17,-33.483,0.20656,19.413,1.9794,-22.186
44.8,-0.0088891,-0.008838,-0.0060554,-0.99322,-0.011407,-0.0019724,-0.0049954,-1.2437,-4.485,-0.48475,-30.434,-0.2131,17.572,0.60746,-16.794,-0.015523,0.013754,0.0051464,-1.0131,-0.00042244,0.0059119,-0.0039261,-0.30375,-7.9918,0.055154,-30.644,1.8583,18.461,1.7166,-20.999
44.9,-0.0013601,0.0063372,-0.0037151,-0.98915,-0.0056902,0.0078,-0.0053226,-1.2133,-5.2036,-0.32931,-30.692,1.2283,18.512,0.85012,-16.159,-0.030926,-0.020904,0.00266,-1.0019,-0.00063729,0.0077051,-0.0012703,-1.2057,-6.8919,0.7229,-33.412,-1.2003,19.496,1.9468,-21.344
45,0.0025324,-0.0012238,0.004103,-1.0062,-0.0008543,-0.0095165,-0.0058706,-1.4087,-4.0898,0.0021456,-31.316,0.053533,18.631,0.87688,-16.671,0.011198,-0.0080084,-0.0069844,-1.0036,-0.0022351,0.003362,0.0003605,0.55872,-7.5134,0.64775,-32.418,-0.97653,19.844,-0.10803,-21.491
45.1,0.012685,0.0005836,-0.0052409,-1.0055,0.0059253,-0.011505,-0.0059527,0.090516,-5.3943,1.6833,-32.233,-1.5679,16.383,-0.84202,-17.693,-0.016764,-0.00090658,0.0089929,-0.99697,0.00083919,-0.006367,0.0013524,0.80522,-7.1785,-0.71583,-32.82,-0.09691,19.632,1.174,-20.727
45.2,-0.0074371,0.0047989,-0.013604,-1.0092,-0.0099581,0.0032164,-0.0049903,1.5404,-5.5155,-0.52433,-30.563,0.29296,16.646,0.75903,-17.392,0.0051502,0.0099866,0.016298,-1.0032,-0.0040449,0.0030935,-0.004846,0.79125,-7.6942,-0.99724,-31.159,2.0192,19.122,1.7453,-20.689
45.3,-0.0133,-0.023985,0.013744,-0.99708,-0.0075845,-0.0014595,-0.010161,0.48211,-5.7335,-1.6152,-31.145,-0.058352,16.108,1.0776,-16.288,-0.0022567,0.0094003,-0.0037717,-0.98919,-0.0050273,-0.0050978,-0.00156,-1.7808,-7.5405,-0.46392,-33.089,-0.81617,20.353,-0.13017,-21.17
45.4,0.0055303,-0.0034403,-0.0097312,-1.0024,-0.00057374,0.0069855,0.00060224,0.55906,-4.31,-0.84783,-31.604,-0.067519,17.346,0.16882,-16.497,0.026526,-0.0054072,0.0029482,-0.99158,0.0018579,0.0078301,0.012193,0.020892,-6.4839,1.1346,-33.18,0.8846,21.229,-1.2187,-20.947
45.5,-0.015792,-0.024397,-0.016837,-0.99288,-0.0030375,-0.0027242,-0.0030222,-1.4047,-3.4376,1.3901,-31.598,-1.775,18.137,1.1126,-15.498,-0.013511,-0.0039443,-0.014829,-0.99848,0.0068418,-0.006354,-0.0026056,-1.2557,-7.3693,2.0778,-32.4,-1.3419,21.737,-0.27294,-22.331
45.6,-0.0070508,0.016602,-0.0085207,-0.99436,0.0013109,-0.013607,0.0034506,0.68831,-4.4761,-0.99285,-33.318,-1.9601,17.638,0.85876,-19.332,0.022197,0.0064896,-0.0085437,-0.98848,0.0087199,-0.0083824,0.0032239,0.72428,-6.1925,-1.7782,-32.84,0.87553,21.531,-1.6099,-23.642
45.7,-0.011722,-0.012354,0.0019271,-1.0069,-0.00042454,0.00088519,-0.0033887,1.7326,-4.561,-0.77923,-32.512,-1.0894,18.654,1.2117,-16.017,0.0049094,0.0023766,0.0031831,-0.9962,0.0065956,-0.0053967,0.0016582,-1.8084,-6.2531,-0.25204,-33.672,2.1769,20.259,-0.60834,-22.793
45.8,-0.0050729,-0.011248,0.0012482,-0.98616,-0.0014161,0.0016382,0.0039098,0.35963,-4.9979,0.016533,-31.408,1.621,16.764,2.3067,-16.167,-0.0030248,0.015922,-0.0088049,-0.99547,0.0091169,0.0024458,-0.0036639,0.29082,-6.7305,-0.9168,-33.731,1.4121,22.059,1.5478,-20.479
45.9,-0.0045709,-0.0094195,-0.00031282,-1.0062,0.0016493,-0.012659,-0.0032876,0.79889,-3.6691,0.83841,-31.195,0.58442,16.654,-0.78794,-17.846,0.00079566,-0.014629,0.0051821,-0.99755,0.0057855,-0.012273,0.0039899,0.074988,-8.4487,-0.72495,-34.008,-2.0876,21.189,-0.3826,-18.929
46,0.012063,-0.00016074,-0.011974,-0.99476,-0.0005818,-0.0021263,-0.0065383,1.6487,-4.6159,-0.4506,-29.557,-0.87138,18.509,-1.114,-16.291,0.017902,-0.015043,-0.0065456,-1.0047,-0.0023325,0.0018593,0.0016735,1.5389,-5.3467,0.28547,-33.82,0.55565,21.607,-2.4089,-22.504
46.1,0.002654,0.00012414,0.013651,-0.99244,0.0024339,-0.013968,-0.0013022,-0.92921,-3.9011,-0.94416,-29.174,1.1784,18.605,-1.3117,-17.218,-0.015483,0.0031105,0.016268,-0.99834,-0.0027523,-0.0062219,0.0047129,-0.4641,-6.6862,0.91016,-33.892,0.16712,21.159,1.1377,-20.298
46.2,0.0073575,-0.0028059,0.0013099,-1.0106,-0.0036069,0.0014573,-0.0033822,-0.082572,-4.8777,-1.7248,-31.603,-0.25442,19.495,2.2273,-17.024,0.0018486,0.00016457,-0.012985,-0.97975,-0.00057,-0.0072185,-0.0018132,0.24045,-6.2917,-0.12394,-32.769,0.4374,19.437,1.1369,-21.769
46.3,-0.003551,0.014842,-0.013873,-0.98957,0.0057364,-0.0041437,-0.00084788,-1.2352,-4.5479,-0.53298,-32.809,1.0324,19.061,-0.90267,-17.363,0.016781,-0.0038826,0.0076116,-1.0113,-0.0054047,-0.00068928,-0.014029,-1.0728,-7.968,-1.448,-34.558,0.12291,21.088,-0.12019,-21.391
46.4,0.002763,0.024636,-0.0079415,-0.9712,0.010113,-0.0040873,0.010959,0.69329,-4.1235,1.2018,-34.143,-2.007,18.231,1.2921,-16.902,0.0059023,0.0067292,-0.0213,-0.99983,-0.0020756,-0.0025382,-0.003902,1.3466,-7.4972,0.21158,-33.098,0.49226,19.546,-0.074063,-20.963
46.5,0.0062603,-0.0073963,0.0028194,-0.99452,0.0010162,-0.0049433,0.0017571,0.93634,-4.0918,-0.35261,-30.529,-0.94262,20.535,0.78043,-16.683,-0.00011465,-0.02057,-0.0068478,-1.0154,0.0023607,-0.0037398,0.0047553,0.33322,-7.9938,2.5156,-32.471,0.5584,21.849,-0.8147,-21.782
46.6,0.0055349,-0.003257,0.0067066,-1.0024,-0.0014933,-0.0051744,0.0036691,-1.1296,-5.5475,-1.0536,-29.422,-0.30067,15.792,-1.2039,-15.283,-0.0062373,0.0074132,0.012347,-0.98914,-0.0034725,0.0088283,-0.011735,1.1065,-5.852,0.015113,-34.345,-1.6848,21.196,1.0669,-23.155
46.7,-0.0067302,-0.0046346,-0.00040246,-1.0112,-0.0023913,0.00047589,0.0059026,0.15878,-6.0519,-0.16106,-30.558,1.2026,18.26,1.3052,-17.666,0.0075732,-0.0014492,0.0024112,-0.9951,0.0090668,-1.9188e-05,0.0020246,0.35269,-6.481,-2.8173,-34.418,1.3153,20.825,0.39988,-21.642
46.8,0.0083611,0.014408,0.0089754,-1.0046,0.0020803,-0.0046173,-0.0007913,-0.96436,-5.4868,-1.0735,-30.761,0.25875,18.72,0.26279,-16.027,0.0027609,-0.0035324,-0.010265,-0.99262,-0.0021817,0.00048363,-0.0024502,-2.1366,-8.7132,-0.63331,-33.806,1.8302,20.049,0.50454,-19.724
46.9,-0.016488,0.0077623,0.0034514,-1.0045,-0.0059196,0.0046205,0.0083056,-1.0289,-2.2491,-1.5957,-31.135,0.74791,17.225,0.60303,-16.086,-0.0064097,0.010836,0.00092475,-1.0049,0.00045457,-0.0012859,-0.00045429,0.28377,-8.5529,1.0275,-34.807,-2.1904,20.95,-2.1587,-21.876
47,-0.0089027,0.022924,0.0041515,-1.0028,0.00628,0.00088579,-0.0040803,1.0642,-5.0284,-0.35419,-31.911,-0.10336,17.83,-1.6657,-16.305,0.016511,0.0086256,-0.0058562,-0.98701,0.00045549,-0.0088718,-0.0046751,2.9679,-7.1735,-0.80262,-34.105,-3.3381,21.785,-0.99682,-21.093
47.1,0.0065341,0.024341,0.0077243,-1.0039,-0.0011501,0.0051705,0.0061983,1.0451,-5.7422,1.0554,-30.203,-0.11017,17.734,0.64352,-17.703,-0.012121,-0.0055489,-0.0098327,-1.0018,-0.0089946,-0.011063,-0.0004429,1.809,-8.0514,0.16749,-36.254,-0.84491,20.617,0.36029,-22.033
47.2,-0.0043057,-0.0019873,-0.0018142,-1.0025,0.0026739,0.0011878,0.0023268,0.46659,-5.1532,-0.077245,-29.847,2.3363,18.066,-0.92003,-17.218,0.0092453,-0.00085423,-0.0089222,-1.004,-0.00080269,-0.0086761,-0.00027858,0.33756,-8.266,1.0452,-34.111,0.97063,20.283,0.22407,-22.265
47.3,-0.0065266,0.008812,-0.0096031,-0.98903,0.0092831,-0.00067854,-0.005324,-2.1149,-4.6592,-0.66515,-30.718,2.43,16.397,0.60033,-15.99,-5.0199e-06,0.0066118,0.010025,-0.99554,0.0078964,-0.00018388,-0.003809,0.34239,-7.9372,-1.1213,-35.132,1.3074,20.125,-0.030363,-20.696
47.4,0.010545,0.015055,-0.0069245,-0.9907,-0.0034363,-0.0028117,0.0033058,-0.62726,-5.1843,1.3231,-33.154,0.22478,18.434,0.22434,-16.863,-0.01567,-0.0084344,-0.0020305,-1.0179,-0.0011456,-0.0034083,-0.006966,0.98333,-7.5094,0.41859,-35.435,0.38045,19.225,-1.2064,-20.803
47.5,0.016977,-0.002913,0.010989,-1.0024,0.0027285,0.0028873,0.0027088,1.7399,-5.4588,-0.81288,-33.5,0.2422,18.587,-0.43051,-15.586,0.00012892,-0.0066249,-0.024208,-0.97858,9.9893e-05,0.0073859,-0.0077183,1.7382,-6.4437,-0.41536,-33.199,0.041079,21.99,0.74568,-21.6
47.6,0.0064739,0.00027245,-0.016694,-1.003,-0.0035877,-0.0021917,0.005464,1.4028,-4.5629,1.0984,-32.337,-0.27857,18.184,0.10136,-16.731,-0.005538,0.0095075,-0.017515,-1.0146,-0.0042369,-0.0046182,0.0020722,0.66795,-4.8814,0.30819,-32.111,-0.85823,18.791,-2.3985,-22.308
47.7,0.0002462,0.022197,0.00045427,-1.0021,0.0018279,-0.0059776,-0.0024033,-0.61112,-3.4677,1.0402,-30.253,0.97294,17.555,-0.44577,-17.578,-0.0056148,-0.0054813,-0.011151,-0.99094,-0.0007671,-0.00075358,0.0032396,-0.29317,-7.391,-0.20472,-33.711,-0.19884,20.431,-0.7955,-22.444
47.8,-0.0046144,-0.0099532,0.0021056,-0.98878,-0.0023848,0.00093891,-0.0045962,-0.45538,-4.0889,-2.4811,-32.952,0.38259,19.895,0.35666,-14.709,-0.0022858,0.0015369,-0.0069325,-1.0158,0.0090471,-0.00064255,-0.0051259,-0.045494,-6.5343,-0.79875,-33.643,-0.083661,21.777,-0.91099,-21.572
47.9,-0.0064183,0.0020731,0.0085758,-1.0015,0.0017958,0.00085631,0.00014534,0.59235,-5.3152,0.6441,-31.762,1.4865,18.446,-1.3104,-16.573,-0.0046786,0.01766,0.0040246,-0.98581,0.00091733,0.0050976,-0.0014485,-1.593,-6.9974,-1.5467,-35.228,0.59333,21.929,1.0247,-22.352
48,-0.0056504,0.0085809,-0.018124,-0.9947,0.0043976,0.005193,-0.00016798,-0.12084,-6.753,0.63693,-31.344,1.9029,18.288,-1.5143,-16.014,-0.020552,-0.012992,0.0017646,-0.99192,-0.00046078,-0.0010305,-0.00097826,0.47507,-8.4159,1.2695,-34.744,-0.17537,21.076,0.14617,-20.167
48.1,-0.0066237,0.010507,0.0084902,-1.0009,0.00035161,-0.0071985,-0.010289,-1.292,-3.7303,-1.7884,-32.268,1.3582,18.194,2.3423,-16.419,-0.011492,-0.018264,0.00085358,-1.0083,0.0040353,-0.0025631,0.0016148,2.2578,-7.8414,-0.039046,-34.577,-0.24001,20.484,1.4602,-22.988
48.2,0.0068074,0.0046859,-0.0039557,-0.99142,0.0017483,0.0059335,-0.0042979,-0.35031,-5.6507,0.20045,-32.738,-0.82438,17.18,0.91402,-15.477,0.0060504,-0.0032868,0.0076834,-0.99996,0.0016857,0.0031376,-0.003519,0.71531,-8.5896,1.9254,-35.471,-1.1711,20.082,-0.92708,-23.097
48.3,0.0017258,-0.0007047,0.0032496,-0.99934,0.0012891,0.00011953,-0.0027994,-0.9601,-4.368,1.2576,-31.892,0.55923,19.59,-1.2628,-16.304,0.012109,0.0063907,-0.012826,-1.0041,-0.0054773,-0.001127,-0.010242,-1.9882,-5.4072,0.055751,-33.794,0.96675,20.507,-0.25317,-22.087
48.4,0.007128,-0.010858,-0.0089497,-0.98862,-0.0023667,0.00073195,0.0046668,0.8972,-5.3533,1.75,-31.909,-0.5656,17.296,0.67936,-17.622,-0.011314,-0.017614,0.00021984,-1.0018,-0.0030541,-0.0077542,-0.0053645,-0.40607,-6.8782,-0.84913,-34.832,1.0461,22.187,-0.60261,-20.235
48.5,0.012086,0.00015293,-0.015402,-0.99325,-0.0023902,-0.0023022,0.0034447,0.44533,-3.0984,0.22001,-30.072,1.0517,17.014,0.27319,-16.176,0.00034177,0.013901,-0.0014429,-1.0032,0.0063301,-0.0020906,0.00033792,-2.4399,-7.568,-0.83128,-34.885,2.9588,21.919,2.4078,-19.991
48.6,0.0031603,0.0038793,0.01427,-1.0177,0.0018014,0.00085864,-0.0011933,0.44485,-5.0297,-0.6542,-31.617,-0.31457,17.185,1.8487,-18.444,-0.016128,-0.0040665,-0.003405,-0.99247,0.012946,0.0037448,-0.0057316,0.43516,-6.9103,-1.3662,-36.793,0.90099,20.938,0.85435,-22.47
48.7,-0.0034801,0.00022239,-0.017634,-1.0165,0.010181,-0.0021408,-0.0097283,1.3894,-4.4132,-2.1638,-31.775,0.32959,19.762,-1.4154,-15.883,0.012819,0.013983,0.0043902,-1.0097,0.0060521,-0.00058717,-0.0031237,0.81853,-5.8925,0.6452,-33.91,-1.1082,21.988,-0.35723,-21.85
48.8,-0.0033463,0.012313,0.0019359,-0.9939,-0.0017747,-0.0017067,-0.011676,-0.68017,-3.2492,-1.1601,-31.564,-0.046086,18.59,0.69922,-17.228,-0.0096106,0.011136,-0.0051382,-0.97788,0.0026493,-0.0092042,0.002012,1.5742,-8.4643,1.3588,-33.911,0.64738,22.18,-1.7167,-22.842
48.9,0.0041041,-0.0096387,0.019464,-0.99612,-0.0049733,0.0028951,0.0087964,2.2193,-3.2259,-1.1139,-32.607,-0.83237,17.41,0.3018,-14.053,0.01994,-0.019944,-0.0099922,-0.99602,0.003068,-0.0049551,-0.0028328,-1.5291,-7.2326,-1.5333,-33.275,1.0635,22.495,-0.19838,-20.449
49,0.0003641,0.002073,0.00064065,-0.98815,0.0063681,0.0031212,-0.0040666,0.55635,-5.9747,0.23028,-32.058,1.5452,17.503,0.14359,-17.107,-0.0043458,-0.0045,-0.00072906,-1.0037,-0.010579,0.0022349,-0.0017167,0.56093,-4.8496,-1.1434,-33.755,0.50858,21.648,-0.696,-21.963
49.1,-0.014143,0.0056088,0.0032932,-1.0111,0.00040815,0.0024211,-0.0026395,-1.4499,-5.9008,-0.1823,-33.211,0.57485,17.947,-0.51169,-16.366,-0.001123,0.0055385,0.002637,-1.0094,0.00075059,-0.0031623,-0.010185,1.7469,-6.822,-1.7917,-33.844,1.4724,22.101,0.99392,-21.128
49.2,-0.0060009,-0.0080909,0.0071168,-0.99467,-0.00072421,0.0015587,-0.00082964,-0.88043,-4.4508,-0.15024,-32.138,0.32706,18.775,-0.18669,-16.836,-0.0059724,-0.0018273,-0.0054315,-0.98727,0.0076457,0.0057694,-0.005844,0.67577,-8.4111,-0.1739,-34.176,0.29292,21.241,1.4342,-21.33
49.3,-0.0059031,-0.0032676,0.015675,-1.0074,0.0012895,-0.0022382,0.0050564,0.89284,-5.411,0.72118,-31.119,-0.56192,15.403,-0.94383,-17.781,-0.0012371,0.00099009,-0.0042593,-0.99739,0.0010035,-0.0060494,-0.00063801,0.024093,-7.6698,-0.79514,-34.885,-0.063368,21.934,0.044446,-20.817
49.4,-0.024052,-0.0099349,-0.0063172,-1.0006,0.0017765,0.0071697,0.0052122,0.84459,-4.1321,0.11545,-32.772,0.51292,19.191,-0.98387,-16.423,-0.0021104,-0.0070217,-0.0032745,-0.99416,-0.00086468,-0.010704,0.0040409,0.23658,-6.6679,0.70452,-34.643,-0.46015,21.393,-1.2886,-22.811
49.5,0.005806,-0.012581,-0.0003413,-1.0051,0.0084334,0.0018218,0.0044269,1.2153,-3.8471,0.19025,-32.045,0.11523,18.597,0.20883,-13.963,0.0025581,-0.014534,7.7519e-06,-0.98427,0.0076086,0.0012372,-0.00075919,0.071134,-6.541,-0.72869,-34.632,1.4627,19.517,1.7871,-22.918
49.6,-0.0057852,0.0080771,0.01183,-0.9878,-0.002149,-0.0058934,-0.0048731,-0.037634,-2.3467,-0.96257,-32.803,1.6127,17.541,0.34123,-16.493,0.00225,-0.015978,-0.00044909,-1.0123,-0.00017634,-0.0049131,-0.015035,-0.13117,-7.1377,0.14533,-34.962,0.84791,22.372,0.33187,-23.529
49.7,-0.0067616,-0.017229,0.0034859,-1.001,-0.0048419,-0.0059173,-0.0014996,-0.54587,-5.0142,-1.7275,-31.908,1.1831,18.925,0.5597,-17.204,-0.0086632,-0.014503,0.0086612,-1.0058,0.010635,0.0068683,0.0085669,1.0706,-7.0984,0.25573,-34.842,-0.54404,21.56,0.20808,-22.994
49.8,-0.011305,-0.0042286,0.0016152,-0.99679,0.0013429,0.0077835,-0.0039898,2.6105,-4.595,0.72178,-32.905,-1.9558,16.655,-1.2553,-15.732,0.0053441,0.0066317,0.021119,-0.99777,0.0032298,0.003924,-0.00011725,1.3423,-5.9307,-0.87501,-35.636,0.48529,21.507,-0.14029,-23.253
49.9,-0.00058214,0.0020329,0.02506,-0.98531,0.003923,-0.0086755,-0.0079957,2.0436,-4.6867,-0.20382,-31.91,0.1005,18.289,-1.2905,-15.288,0.022675,-0.0052575,-0.00040651,-0.99576,0.0069742,-0.0020354,0.0028427,0.62646,-7.1026,1.5321,-34.544,-0.49597,22.173,1.0055,-21.899
50,-0.0048339,-0.018107,-0.0017885,-1.008,-0.0043182,0.0022455,-0.0057253,0.188,-3.5833,-0.18027,-32.997,-0.91465,17.017,2.258,-16.832,0.012541,0.00098576,0.0085183,-0.99121,0.000283,-0.0010497,-0.0018341,1.1518,-7.2728,0.042804,-34.674,0.13214,19.549,0.46998,-23.178
50.1,0.0057889,0.0060949,-0.011778,-1.0099,-0.00087628,-0.0053509,0.0042239,-0.20714,-5.1108,-2.3855,-33.023,1.08,17.306,2.4167,-17.291,-0.0075597,0.0012112,0.0052842,-1.0161,-0.0031698,-0.003229,0.0026053,-0.37426,-8.0589,-1.2476,-37.343,0.87535,20.319,1.475,-23.362
50.2,0.011404,0.0096382,-0.0086863,-0.99128,-0.0037969,-0.0032616,0.004448,0.29,-3.7959,1.8043,-33.336,0.28221,17.196,0.10998,-15.582,0.0034261,0.01135,0.023136,-1.0073,-0.0042971,0.0026665,-0.002167,-1.6848,-6.8913,-0.77313,-34.78,2.3668,20.982,0.452,-21.5
50.3,-0.0083776,-0.005999,-0.0044544,-1.0009,0.0072192,-0.0026132,-0.00094368,0.44334,-4.7879,-0.033374,-31.045,-2.3519,18.858,-0.080913,-16.206,-0.012618,-0.0047351,-0.017387,-0.98594,0.0043166,-0.0071131,0.010087,1.5515,-6.3744,0.92745,-36.421,-0.89333,20.896,0.21347,-21.615
50.4,0.015191,0.0094245,0.0010561,-0.9997,-0.0046973,0.0020517,0.0089898,-0.20034,-3.9329,-0.23131,-31.895,-0.4035,20.149,-0.20015,-16.481,-0.0057872,0.0044557,0.019181,-1.0246,0.0086556,-0.0027335,0.0054863,0.98265,-8.5952,1.5529,-34.941,-0.11898,20.803,-1.0956,-20.577
50.5,0.013022,-0.0079161,0.0072366,-0.98236,-0.0033191,0.0092852,0.0097116,0.5838,-3.6573,-0.076626,-32.96,0.37933,16.853,1.4686,-18.573,-0.00080923,-0.0037524,-0.010213,-0.99694,0.0027151,0.0040982,0.0085838,1.0068,-5.5549,2.6747,-34.373,0.33844,20.875,0.97529,-22.273
50.6,-0.0079267,0.013888,0.012913,-1.0167,-0.0014016,0.0043267,-6.1504e-05,-1.6078,-3.3475,-0.1975,-34.03,0.36862,18.443,-1.0663,-17.674,-0.022362,0.0038932,-0.011791,-1.0004,-0.0024497,0.0075025,0.0049314,-1.8132,-6.5595,-0.7743,-36.013,-0.45089,21.817,0.064679,-23.867
50.7,-0.0064112,-0.0011842,0.0030464,-0.98967,0.0059582,0.0045107,-0.0086138,-1.8273,-4.4613,0.51761,-32.056,0.20199,18.286,-0.027556,-15.051,0.013907,0.0023782,-0.0045666,-1.0067,0.0067513,-0.0064257,0.0022799,-0.5975,-6.4716,-1.2522,-36.487,-0.28465,21.859,0.025302,-21.436
50.8,0.0052418,-0.01869,-0.00077518,-0.99627,-0.0068596,0.0061365,3.6748e-06,-1.6226,-4.4767,-0.9492,-34.108,1.0923,18.343,0.76192,-17.666,-0.019103,-0.0047362,0.010226,-1.001,0.009609,-0.0079229,-0.0016884,-0.95815,-7.0142,-0.68783,-36.524,-0.59439,21.518,-1.0828,-21.44
50.9,0.00011278,-0.0081871,0.0088968,-1.0011,0.0019709,0.0027569,-0.0011653,0.83034,-3.3245,0.3075,-35.635,0.57206,18.714,-0.72568,-17.361,0.0074039,-0.017327,-0.010108,-0.99651,0.0081034,0.0061764,0.0011858,-0.89281,-5.4632,-0.76226,-35.882,-0.49288,19.562,-2.4106,-22.87
51,-0.0051519,-0.0042683,-0.0076289,-0.98838,-0.01031,-0.0091091,0.0093269,0.031587,-3.1506,2.008,-30.756,1.4991,17.817,-0.734,-16.529,-0.011326,0.0014592,-0.0091901,-0.99143,0.0040638,-0.0032997,-0.0035531,0.86136,-6.4548,-0.053989,-34.423,0.19226,21.111,-0.59384,-22.96
51.1,0.014849,-0.0044246,-0.014078,-1.0055,-0.0031492,0.011174,-0.00074906,0.64141,-3.6845,0.52985,-33.35,1.8241,18.889,-0.90985,-16.36,0.0058465,0.0017284,0.0077538,-1.002,-0.0061149,0.0017373,-0.0035323,0.57703,-6.6478,-1.3819,-35.412,0.81397,20.838,0.75095,-21.778
51.2,0.0065796,-0.0058701,-0.0058318,-0.99911,-0.00089491,-0.0013499,-0.0055116,1.1124,-4.3771,-0.47806,-32.751,1.0786,18.631,-0.78826,-18.682,-0.007901,-0.022067,0.0028901,-0.99038,0.0017076,-0.0044384,0.0022543,-0.63037,-5.6794,-1.7053,-36.054,-0.42564,21.452,-0.56548,-21.984
51.3,-0.014731,-0.017267,0.0047251,-0.98803,-0.0079553,-0.0076595,-0.0065664,-1.6023,-5.0099,-0.0026329,-32.062,0.60795,19.921,-0.38018,-15.879,-0.013515,-0.010491,-0.006027,-1.0143,-0.0043313,0.0023051,-0.0028305,0.62531,-7.39,-0.18196,-35.94,0.10802,21.086,-0.64478,-22.31
51.4,0.0037871,0.012849,0.0016141,-1.006,-0.0054789,6.0992e-05,-0.0019233,-0.26767,-3.3046,-1.1839,-33.803,-1.0931,18.144,-1.2404,-16.464,-0.016708,0.0047399,-0.01353,-1.0115,0.0017445,-0.0013622,-0.0027361,-1.5402,-6.1194,0.049581,-35.368,-1.3482,23.198,-1.1111,-21.176
51.5,0.0021367,0.0071543,-0.0048466,-1.016,-0.0021528,0.00127,0.0052742,1.2,-5.842,-1.3079,-32.319,-1.4077,18.998,-1.7531,-16.422,-0.0022877,-0.0098818,0.0035365,-0.99703,0.0033833,0.0026019,-0.0012984,0.46009,-5.9912,0.82237,-36.618,-1.8879,20.927,0.21667,-20.89
51.6,-0.0081343,0.0047975,0.0014562,-1.0021,0.0052337,0.00047864,0.0052175,-1.1382,-2.7702,0.16689,-32.478,0.15756,15.338,0.21777,-17.049,0.0071619,0.018596,0.0081182,-1.0204,0.00051873,0.0038161,-0.0031331,0.47528,-4.355,0.025079,-34.514,0.094105,20.692,0.54071,-22.151
51.7,0.011523,0.021626,-0.021015,-1.0073,0.00073629,0.0043441,0.0041552,-1.4723,-3.4249,1.6037,-33.587,-0.22109,15.855,-0.42906,-17.638,-0.0049775,0.00018633,0.017993,-1.0021,0.0093659,0.0067549,-0.0001356,-1.9477,-6.8049,-0.45037,-37.365,1.5091,21.009,-0.22937,-21.662
51.8,-0.0013221,-0.0040669,-0.012288,-0.99575,0.003492,0.0034332,0.00079477,-0.85124,-5.1968,-1.7406,-32.602,1.2442,17.49,-0.6619,-14.912,-0.007323,-0.0090531,-0.0084734,-0.99635,0.0036458,-0.004748,-0.0079379,-0.13573,-7.191,-0.52709,-34.97,0.58035,20.955,0.79315,-21.349
51.9,0.010762,-0.00014939,-0.010447,-0.99878,-0.0048545,0.0094762,-0.00018779,-0.58438,-3.2512,0.91566,-34.488,0.24379,19.979,1.4772,-15.49,0.029495,-0.028624,0.002478,-1.006,-0.0068779,-0.0051134,0.0098131,0.074171,-6.2488,-1.7351,-36.368,-1.4831,19.798,-1.9152,-22.06
52,0.0059717,-0.0048355,0.0057108,-0.99141,0.0035575,-0.00064541,0.011503,-0.80164,-6.0076,0.78511,-33.309,-1.3167,19.869,-0.60629,-17.328,0.0066222,0.0058084,-0.0094995,-1.0004,-0.013755,-0.0065844,-0.00036237,-0.38717,-8.1337,-1.847,-34.809,-1.2514,20.718,0.8243,-21.085
52.1,0.010145,-0.0016161,0.0041828,-1.0005,-0.0029525,-0.0028504,0.010679,-0.41918,-3.4841,0.67334,-34.902,-0.315,17.758,-1.4131,-17.317,-0.003843,-0.0090867,0.0013346,-1.017,0.00044799,0.0014644,0.0044782,-1.0131,-6.0002,-0.15213,-35.417,0.35493,20.181,0.075432,-21.317
52.2,0.0056705,-0.0033919,0.011114,-0.99533,-0.0060199,-0.0055691,0.0097082,0.97389,-3.5956,1.1533,-34.49,0.54282,18.084,-1.2603,-18.203,0.015685,-0.017539,0.012926,-1.0218,0.0027547,0.00647,0.001752,-0.71709,-5.7211,-0.021254,-35.56,-0.027016,20.958,-0.83589,-19.849
52.3,0.0011408,0.0075128,0.0024545,-1.0319,-0.0051,0.0090409,0.0030324,-0.32611,-3.741,-0.83455,-33.447,-0.33451,18.978,0.24358,-16.009,0.011812,0.021638,-0.0041593,-0.98492,0.0055404,-0.002595,0.0023536,-0.64517,-5.1481,-0.90327,-36.043,-2.1554,21.751,-2.9154,-23.143
52.4,0.0014289,-0.011693,0.0054867,-1.0117,-7.7099e-05,0.001994,-0.0053011,-0.31375,-4.7264,0.86794,-33.447,-0.79931,18.517,0.76982,-17.051,0.00048224,0.0021173,0.010166,-1.006,-0.002228,-0.0019476,-0.0059833,0.20708,-6.8,1.6153,-35.293,-1.0055,21.374,-1.4765,-21.27
52.5,0.0029497,-0.011718,-0.00031118,-1.0025,0.0020542,0.002372,-0.0079513,-1.193,-4.6716,-3.237,-33.06,1.9267,17.127,0.11764,-15.678,-0.0080683,0.0042739,0.010916,-0.98624,0.0031253,-0.0010678,0.00091954,1.2549,-7.8441,1.3473,-34.843,1.2759,19.981,0.12386,-21.623
52.6,-0.011155,0.0012833,0.0088005,-0.99208,0.0036725,0.0014913,-0.0024071,-0.1287,-5.1532,-0.011111,-34.044,-0.50801,19.393,0.66697,-17.196,0.01007,-0.00045764,-0.0055489,-1.0001,-0.00096234,-0.0040697,-0.0020213,0.53065,-6.0701,-0.89209,-34.819,0.12254,21.189,-0.7362,-20.722
52.7,-0.017432,0.0041157,-0.0098467,-0.99331,0.0023866,0.0016001,0.0035383,-0.069821,-4.3213,2.5846,-32.773,-1.5566,18.306,-0.37107,-16.823,0.0032735,0.0064059,-0.00067484,-0.99452,0.0055487,-0.0018902,0.001964,-1.0467,-6.8964,0.3708,-36.803,-0.4802,21.98,-0.44272,-21.367
52.8,0.0045607,-0.0060422,-0.0035169,-1.0052,-0.0064705,-0.010111,-0.00048285,-2.4983,-2.1527,1.2763,-33.038,-2.1024,18.54,-0.94995,-17.606,0.018423,-0.033537,-0.0063455,-1.0077,0.0098623,-0.006484,-0.0023202,1.1153,-4.9401,-0.33039,-35.835,0.22934,21.571,1.7747,-22.086
52.9,0.0031777,0.022596,0.014031,-1.0067,-0.0044613,-0.0038933,0.007774,-1.3925,-5.0729,-0.47525,-32.749,0.4017,18.424,-2.7687,-17.138,0.013227,-0.0053298,-0.0017391,-0.97891,-0.0024504,0.0014519,-0.0045785,-0.5628,-6.1802,-1.1846,-35.665,-3.3329,17.925,-1.5345,-21.472
53,0.0030054,0.0051376,0.014452,-0.99731,0.0010594,-0.00070096,0.0063064,-0.75739,-4.0141,-2.1916,-33.937,1.0562,17.508,0.96021,-16.115,0.0083732,0.0085279,-0.0066788,-1.0043,0.001874,0.0029099,0.0032342,-1.6882,-7.1886,-0.23613,-37.15,-1.4964,21.253,0.013857,-21.314
53.1,-0.0045134,-0.010311,-0.0028185,-1.0034,-0.0081536,-0.0021959,-0.0056845,0.769,-4.2515,-3.2712,-33.68,-1.2202,20.986,1.4724,-15.685,-0.012026,-0.00036681,-0.013095,-0.99953,0.0056868,0.0073735,-0.010156,-0.34343,-5.6869,-0.97784,-36.774,0.95132,21.966,0.60109,-21.4
53.2,-0.0047853,-0.008329,0.017046,-1.0341,-0.0029393,0.0012666,0.0055824,0.91881,-4.0348,-1.7756,-33.899,0.013203,19.982,-1.1232,-16.735,-0.0070556,-0.0078262,0.0011794,-0.99962,-0.0062552,-0.0063483,-0.0041823,-0.063658,-7.8171,-0.56203,-38.134,2.0964,21.025,0.1203,-20.86
53.3,0.012533,-0.011658,-0.022837,-0.99116,-0.0024295,-0.00014598,0.00099377,2.4166,-3.8949,0.23418,-33.052,0.064197,17.87,-1.0811,-17.932,-0.017563,0.0045786,-0.0063499,-0.9988,0.0003149,0.0047566,-0.0010601,-0.064094,-5.6853,-0.011166,-36.616,0.20421,20.455,1.7584,-20.188
53.4,0.0042594,0.0052601,-0.0090502,-0.99669,-0.0060637,0.0018337,-4.4181e-05,0.93119,-3.6557,0.98661,-34.61,0.22184,18.777,0.012471,-15.425,-0.0038814,-0.0094279,0.011137,-1.006,-0.0011509,-0.00074271,-0.0017926,0.081056,-5.8146,2.4642,-35.642,-0.68925,21.083,-0.78779,-22.645
53.5,-0.0046895,0.0026063,-0.0034743,-0.99436,-0.0011942,-0.0085666,-0.0020335,0.53787,-4.1819,1.346,-33.708,0.21327,18.935,0.29241,-16.841,-0.0096695,0.0067036,0.0012859,-1.0112,-0.0028647,-0.00078534,0.0048986,0.51489,-4.9346,0.1243,-34.894,-0.97528,22.67,-0.49548,-20.425
53.6,-0.00088669,0.0096625,-0.0079688,-0.99872,-0.0068043,0.0026135,-0.0062127,-0.93773,-3.6123,-1.234,-33.444,-0.35012,18.411,0.088035,-18.497,0.0010296,-0.011931,-0.0081256,-0.99722,0.0025189,0.0033045,0.0064818,-0.216,-5.1886,-1.8102,-37.831,1.4643,21.363,-0.42577,-21.603
53.7,-0.0085391,-0.0065782,0.0029189,-0.99033,0.00034964,0.00050173,-0.0048182,-0.57467,-2.1935,0.066011,-33.668,-1.1014,16.406,1.0826,-15.815,0.0043421,0.0068742,0.0038618,-0.99818,-0.0032206,-0.0040406,0.0099049,-0.12963,-7.4021,-0.27486,-34.617,0.51394,18.583,-1.8191,-22.334
53.8,0.0032498,3.2293e-05,0.0030244,-0.99076,0.002999,0.00034597,0.0045931,-0.15489,-2.9929,1.5102,-32.136,-0.73231,19.045,-2.9997,-16.524,-0.0023293,-0.0076592,-0.0023693,-0.98801,0.0069581,-0.0051139,0.0010093,0.35122,-7.1089,3.2149,-36.068,1.1068,20.393,-0.72749,-20.202
53.9,-0.0033142,-0.010131,-0.0053725,-0.99333,0.0034903,0.0013702,0.0037224,2.7225,-5.4013,-0.88831,-34.639,-0.13608,19.111,0.55548,-17.809,-0.012847,0.0025235,-0.0071768,-1.0102,-0.0013035,-0.0021009,-0.0081569,-0.49895,-4.384,-2.6978,-36.882,-1.5422,21.065,-1.175,-22.567
54,0.0015767,0.016118,-0.0055248,-0.98938,0.00089547,-0.013553,0.0010439,0.97936,-4.6697,0.66528,-32.156,-0.047898,18.752,0.82175,-19.273,0.00074101,-0.010189,-0.0053958,-0.99491,0.0055725,0.0060013,-0.00084118,-1.3851,-7.3975,-0.86501,-36.915,0.86963,21.198,0.1955,-20.133
54.1,-0.00038902,0.0057925,0.019959,-0.98842,0.0029305,-0.0059829,-0.0047341,1.2194,-3.4355,-0.94575,-35.667,-0.57437,18.737,-0.69672,-15.952,0.019525,0.012888,0.0017219,-1.0175,0.0021534,0.0068357,0.0029691,0.71452,-6.322,-0.4143,-35.347,0.85676,21.478,-1.6247,-21.017
54.2,0.012456,0.0079138,-0.01339,-1.0088,-0.0026201,0.0023785,0.010116,0.20719,-3.4048,1.3564,-33.218,1.7091,18.483,-0.095259,-16.015,0.0091854,-0.0098361,0.015808,-0.99859,-0.0050145,0.0068899,-0.0020283,-0.7544,-5.9036,-1.4354,-36.097,-0.17994,20.854,-1.1007,-20.869
54.3,-0.0091575,0.0046439,0.01096,-0.99683,-0.00082307,0.0050353,0.0045197,1.7926,-1.3426,1.5665,-34.196,-1.9124,19.063,-0.98061,-16.568,0.010529,-0.0023427,-4.9756e-05,-1.0063,-0.0071551,0.00012222,-0.0029005,0.98972,-4.9945,1.8475,-36.152,0.082275,22.907,-2.0196,-21.608
54.4,-0.0019528,0.013335,0.0083016,-0.99617,-0.0077088,-0.0023452,-0.0016085,-0.34959,-4.3025,1.6446,-34.94,-0.50124,17.723,-0.094778,-16.487,0.015239,0.012831,-0.0029606,-1.0113,0.0075895,0.00085457,-0.0020766,-0.027588,-7.7025,0.69059,-37.332,0.92802,22.546,0.74029,-22.909
54.5,0.016305,-0.0039243,0.01757,-1.0194,0.0091153,-0.00027481,-0.0035844,1.2789,-4.556,0.18187,-34.544,0.66263,19.802,-1.7307,-16.806,-0.0021545,-0.0034403,-0.0027874,-0.99963,0.0022965,-0.00050735,0.0050182,0.59107,-6.3679,-1.1392,-37.365,0.66943,21.924,1.0588,-21.114
54.6,0.0076966,0.019789,0.0029291,-0.9806,0.008975,-4.7221e-05,-0.0047697,-0.041521,-5.0379,-3.2256,-32.341,1.3425,18.388,-0.74674,-14.994,0.0041977,-0.0017155,-0.0095867,-1.0007,-0.0017393,-0.0016734,0.00025117,-1.9986,-6.5164,0.13136,-35.973,-1.7768,21.962,-2.1623,-20.712
54.7,0.0067304,-0.014959,0.0036975,-1.0128,-0.0031615,0.0050627,-0.0038072,0.91211,-3.6125,-0.38818,-35.845,-0.74889,19.014,0.2036,-16.36,0.021388,0.016649,0.0091903,-1.0033,-0.0050104,0.0064933,-0.0016875,2.7326,-5.9237,0.43687,-35.725,-0.73515,22.006,-0.63874,-21.385
54.8,-0.010445,-0.016345,-0.001442,-0.97988,0.0010631,-0.0047577,-0.0079459,0.84953,-2.6639,0.66153,-34.239,-1.5264,17.79,-0.81123,-16.201,3.045e-05,-0.019735,0.0034771,-1.0079,0.0013196,0.0037823,5.3767e-05,0.57887,-3.0701,-1.9306,-37.509,0.83066,22.547,0.24897,-21.125
54.9,-0.0037115,-0.0015739,0.0015949,-1.0057,0.00034947,-0.0026023,0.0011964,-0.2849,-3.2737,-0.67056,-33.993,-0.21115,18.902,-1.2295,-16.557,0.010232,0.0020564,0.010751,-0.98945,0.0058547,-0.0033394,0.0017198,-2.2329,-4.7643,-2.056,-36.526,-0.39005,20.768,0.39569,-20.937
55,0.008828,-0.022905,-0.0074908,-0.99925,-0.0021777,-0.0021633,0.00092318,-3.4908,-2.9954,0.12966,-34.694,0.46216,17.801,1.1147,-17.351,0.022658,-0.0064636,-0.0081007,-0.98543,0.001377,0.0020575,-0.0039622,-1.3826,-6.5177,-1.0624,-37.98,-0.13548,23.271,1.051,-23.324
55.1,0.0057092,-0.009751,-0.0011728,-1.0104,-0.002352,-0.0055768,0.0024359,-0.23329,-4.9553,-2.8304,-35.283,1.2551,18.145,-0.021858,-16.613,-0.0091754,-0.0075629,-0.0072513,-1.0095,-0.0012049,0.010726,0.0028909,1.1653,-7.3672,0.3901,-36.453,-0.96593,22.134,0.50828,-22.014
55.2,0.0075161,0.00248,-0.0044076,-1.0049,-0.0038582,-0.0045198,-0.0063781,1.0316,-4.8418,0.81172,-36.001,-0.77585,18.338,-1.069,-16.513,-0.018832,0.0051048,0.014389,-1.0135,0.00035397,-0.0042668,-0.0015117,0.28723,-6.802,2.9231,-37.208,0.78266,19.575,-1.2662,-21.428
55.3,-0.013608,-0.013573,0.017715,-1.0048,-0.0047768,0.0085799,0.0023911,2.754,-2.844,1.5194,-33.779,0.062725,19.951,-0.27009,-17.317,-0.0068306,-0.0043021,-0.0026219,-1.0023,0.0041784,0.0065591,-0.00047962,0.27578,-4.3362,-1.8955,-36.247,1.0564,19.226,-0.33301,-22.617
55.4,0.0055206,0.00029758,-0.0027741,-0.99841,-0.0054922,0.0080214,0.0082889,0.10792,-3.0286,0.71415,-34.933,1.6052,18.205,-1.4001,-18.497,-0.0018532,0.0082308,0.0094266,-0.99251,0.0041563,0.0070793,-0.0047014,1.034,-4.7736,-2.7998,-37.164,1.4707,22.548,-1.0314,-22.36
55.5,-0.010426,0.015142,0.0014125,-1,0.0027473,-0.011196,-0.0038194,-0.61462,-5.1028,-0.0045569,-34.854,0.96669,16.934,1.5519,-16.64,0.0050058,-0.0022587,-0.0099669,-1.0004,-0.005428,0.0024328,0.0034639,-1.1342,-5.0354,0.34482,-35.876,2.0644,19.974,1.9324,-21.864
55.6,-0.0047426,0.0014059,-0.00092142,-1.0094,0.00012108,-0.00027186,0.0025597,-0.3543,-3.6036,-1.0778,-34.055,0.2332,21.278,0.90948,-20.339,0.0065524,-0.01593,-0.019969,-0.98845,-0.012284,-0.0015038,-0.00069154,-0.48827,-7.1478,1.125,-37.242,-0.11301,24.441,-1.4518,-20.236
55.7,-0.0036975,-0.012583,0.011558,-1.0105,0.00077135,-0.0053689,0.007483,-0.33961,-3.9022,-2.8939,-33.793,0.65578,20.035,-0.35165,-16.762,0.00063414,-0.010442,0.00034691,-0.99355,0.00011074,0.0021565,0.0019879,-0.41006,-4.4397,1.459,-34.573,-1.8031,21.714,0.9905,-20.491
55.8,-0.0085016,-0.0074451,-0.00059363,-1.0204,-0.0041855,0.0019802,0.0053872,-0.14608,-2.7398,-0.93656,-33.491,2.0704,19.67,-0.45723,-18.537,-0.0056136,0.02342,-0.0021592,-1.0151,0.0083847,-0.0066191,-0.00052558,-0.94898,-4.7277,0.45083,-37.079,-1.0439,22.171,0.12599,-21.157
55.9,-0.0032168,-0.00078912,-0.0065815,-0.98872,-0.00065217,-0.0037214,0.0069293,1.4444,-3.8499,-0.28403,-35.265,0.046315,18.928,-1.0442,-17.764,0.0068564,-0.0048514,-0.0040447,-0.98748,-0.0034962,-0.004097,-0.0037379,0.013012,-5.4623,1.0389,-36.542,0.17789,23.493,0.69675,-23.477
56,-0.0010041,-0.0057994,0.017788,-1.0098,7.7306e-05,-0.0074325,-0.0030095,1.548,-3.7221,-1.8456,-35.302,0.26634,17.446,-1.0679,-18.612,0.014255,-0.0042139,0.0082925,-0.99121,-0.0041159,-0.0093459,0.0083944,-1.8,-4.4246,-0.73302,-36.137,0.76958,20.548,0.77768,-22.994
56.1,0.003448,0.0076467,-0.010254,-1.0149,-0.0064262,0.0031671,0.00034369,0.75563,-4.8495,-3.3508,-34.412,0.73347,19.596,1.7404,-16.631,0.01072,0.0014557,0.0063252,-1.0041,-0.0014609,-0.00044808,0.00044717,-0.20524,-7.4871,-0.96119,-36.781,-0.091241,19.462,0.51863,-20.169
56.2,-0.0040938,0.015589,0.0041677,-1.0157,0.0026966,0.0010509,-0.0070468,0.69058,-5.2266,-0.56437,-36.43,2.0775,19.689,0.80952,-16.935,0.020534,-0.013257,-0.0043464,-0.99918,-0.0040708,-2.3809e-05,-0.0033554,1.7122,-5.9102,-0.26574,-37.645,0.018359,20.501,0.7668,-20.966
56.3,6.8596e-05,-0.0072849,0.016551,-0.98784,-0.0018147,0.0044167,-0.0082049,1.9784,-2.8313,2.2516,-34.522,-1.0437,19.79,0.35356,-19.015,0.029953,0.0075029,0.0027914,-0.99116,-0.00018075,-0.00074933,-0.0085489,0.80979,-7.0095,0.24138,-37.183,-1.0391,22.627,-2.3828,-21.699
56.4,-0.0063988,-0.0086378,0.009973,-0.99997,0.0041634,-0.00020223,-0.0019235,0.29342,-3.3536,1.4014,-34.44,-0.26967,18.825,-1.3189,-17.52,0.0058146,0.00065158,0.0034393,-0.99901,0.0078768,-0.0035793,-0.0011727,1.1177,-7.3064,-0.15229,-35.923,-1.7541,21.581,-0.5535,-21.356
56.5,-0.010246,-0.020631,-0.016312,-1.0103,-0.008425,-0.0035487,-0.00076122,0.62341,-3.3011,-0.1176,-35.084,-0.81238,20.014,0.0057161,-17.824,-0.0082434,-0.00029444,0.01466,-0.99698,0.0026546,0.0029761,-0.0065243,-0.38226,-7.2858,-1.9429,-38.008,0.013277,21.801,-0.81083,-21.139
56.6,-0.0092525,-0.0026888,-0.0075067,-1.0128,-0.0056688,-0.011087,-0.00090307,1.1855,-4.2735,-1.4085,-33.887,1.077,18.28,0.51472,-16.903,-0.0054752,-0.011093,0.014993,-0.99874,-0.004691,-0.010484,-0.0011065,-1.8493,-6.2136,-1.4764,-34.419,0.73167,20.826,1.4924,-19.17
56.7,0.0049767,0.012163,0.008221,-1.0062,-0.0020947,-0.0097117,0.0027733,-1.2649,-3.3592,-0.36887,-34.516,1.1223,19.469,-0.3241,-16.863,0.00060352,-0.00059203,0.0043486,-1.0054,-0.0041345,0.003701,-0.00095196,0.88657,-5.8297,1.0259,-35.637,1.6755,21.461,-0.033745,-21.29
56.8,0.011238,-0.016495,0.019317,-1.0225,0.0033001,0.0015826,0.0028929,0.16827,-3.4354,1.5793,-33.448,-0.53407,18.963,0.78253,-16.946,-0.022418,0.0055731,0.0013243,-1.0009,0.0034733,0.012116,1.3724e-05,0.076529,-5.7871,-0.44309,-36.241,-2.1381,21.114,-1.5961,-22.755
56.9,0.003163,0.019573,0.0025316,-1.0064,0.0019367,-0.0095293,-0.00053224,1.3803,-5.4375,-0.99905,-35.498,1.0826,19.208,-1.6742,-18.777,-0.0070647,0.00059098,0.0032562,-1.0126,-0.0013973,-0.0069226,0.0080655,0.12476,-5.1756,-0.1997,-37.049,1.9209,21.693,-1.8159,-21.223
57,0.0064899,-0.021397,-0.00079092,-1.0015,-0.0019407,-0.0019503,-0.00099672,1.0017,-2.6871,-2.1887,-36.157,0.70855,20.078,0.16794,-17.143,0.0077739,-0.012938,0.0012001,-1.0056,0.0040422,-0.00593,-0.0095249,-1.0901,-8.2018,-0.31472,-36.88,-0.21258,21.41,0.58039,-21.628
57.1,-0.0043515,0.014601,0.0086804,-1.0265,0.0043333,-0.0053617,-0.005129,-2.2339,-6.5461,0.079942,-36.697,-1.6165,18.53,-0.23266,-18.455,-0.0049081,-0.013921,0.011287,-1.0105,0.0045501,-0.0043912,-0.0010489,1.8912,-5.6191,-2.0644,-39.654,0.57338,23.818,0.41127,-22.922
57.2,0.0030316,-0.003809,-0.019905,-1.0051,0.0024652,-0.001853,-0.0014972,-0.033219,-1.8935,-0.54339,-33.671,-1.9158,19.651,-0.10528,-17.512,0.0018661,0.0051583,-0.0042967,-0.98768,-0.00039357,0.001847,-0.0063947,-0.84182,-5.7583,-0.47987,-36.586,0.36052,21.299,-0.17205,-20.806
57.3,-0.00030895,-0.0005913,0.0014204,-0.99813,-0.0021204,0.00042842,0.0022561,1.4853,-3.368,2.024,-35.819,2.2745,19.583,-0.97575,-15.729,0.0039994,-0.0056938,0.0082112,-1.0026,-0.0063124,0.0050975,-0.0020003,1.0011,-7.2303,0.56714,-37.902,-0.79189,22.822,-0.40136,-21.942
57.4,0.014519,0.0024158,-0.0040092,-0.99704,-0.00059056,0.0063423,-0.0018752,0.92367,-3.9076,-0.84288,-35.33,0.92177,18.698,0.82838,-17.921,-0.0037269,0.0052799,-0.014594,-1.0176,-0.0047161,0.0045876,0.0075259,0.030819,-8.409,0.36428,-37.803,-0.0086894,22.009,1.2763,-21.326
57.5,0.0066455,0.0064087,0.023249,-1.0038,-0.0033612,-0.0061341,0.00016167,-0.33896,-6.5143,-0.42899,-33.809,0.90668,19.659,-0.021081,-18.297,0.0044074,0.024227,-0.0026734,-1.0205,0.0041964,-0.0071255,0.0032965,1.208,-6.5779,0.38718,-39.342,0.73534,23.724,0.029241,-22.026
57.6,-0.0039861,-0.0019991,-0.02069,-0.99983,0.0018817,0.00069788,0.0021961,0.67244,-2.6263,-1.6438,-35.384,-1.5406,22.273,0.28659,-17.496,-0.015334,-0.010725,0.0057568,-1.0036,-0.0028379,0.010394,-0.0014943,0.7068,-5.9019,-2.0885,-38.904,1.5152,22.553,1.0186,-23.386
57.7,-0.0058681,0.00095206,0.0014178,-0.988,-0.0017118,-0.00081807,0.00091909,0.69481,-2.3071,-0.32453,-37.082,-0.75,18.583,0.085175,-16.357,0.0021946,-0.0023482,-0.0028947,-0.9988,-0.0068278,0.0021054,0.00052918,-1.5395,-7.5663,-1.372,-38.642,2.203,20.604,0.61185,-22.49
57.8,-0.0062795,-0.014911,-0.021937,-1.0183,0.0023121,0.00013628,0.0053487,-0.078492,-3.1275,-0.25057,-34.593,-1.6316,20.169,-0.73159,-17.877,-0.020813,-0.0051427,-0.0051228,-0.99486,-0.0056412,0.00089726,-0.005335,0.153,-6.0689,-2.7434,-38.589,-0.66702,23.561,1.3725,-18.58
57.9,0.0010104,-0.014776,0.0050623,-0.99622,-0.0040921,0.0017936,0.0059225,0.45725,-3.3227,-1.4251,-36.596,-0.23322,20.075,0.83332,-19.032,-0.0060166,-0.00052139,-0.0081931,-0.98744,-0.00063707,0.0059647,-0.0038523,-0.97324,-7.7329,0.66974,-37.966,0.6401,23.449,-0.48931,-21.007
58,0.0076355,0.0070751,0.014283,-0.99673,0.0041343,0.0014161,-0.00045342,0.026903,-4.1132,-0.84751,-36.57,0.38135,19.582,-0.038621,-18.247,-0.0070295,0.0045157,0.0078188,-0.99025,0.0041971,-0.0059386,0.0034529,0.94737,-6.1291,0.82401,-39.026,-1.2967,21.946,-0.03786,-22.086
58.1,-0.019509,-0.015823,-4.4472e-05,-1.0034,0.0054285,0.0087685,-0.0054346,1.1446,-2.8118,-1.0079,-36.28,1.448,18.674,0.27817,-16.2,7.7124e-05,0.0212,0.008171,-1.0046,0.0033093,0.001006,-0.0027216,0.3202,-4.2662,-1.2775,-36.06,0.55881,20.227,-1.5441,-23.035
58.2,0.016444,-0.001301,-0.0044828,-0.983,0.00077662,-0.00055387,-0.0021078,-0.23883,-3.0689,-0.99318,-36.177,-1.2862,20.04,0.84942,-16.508,0.0078212,-0.0044013,0.00089217,-0.99624,0.0018041,0.0081285,-0.0063616,-0.25648,-5.7827,-1.8031,-37.26,0.83656,21.827,0.37944,-22.039
58.3,-0.011229,-0.0097258,-0.0041643,-0.99281,-0.0050544,0.0049072,-0.0031729,1.3253,-2.3602,0.25926,-34.981,-0.51902,20.66,0.30163,-17.718,-0.024234,-0.008086,0.007072,-0.99172,-0.0067669,0.0050495,-0.0008106,-0.12796,-7.912,-1.0563,-38.851,-0.38979,22.654,0.8714,-20.463
58.4,0.0054303,0.030832,-0.010379,-0.99995,0.00014679,0.0020371,-0.0043622,0.89026,-2.1004,1.2026,-35.463,0.19354,18.913,0.095703,-16.025,-0.0076959,-0.0049813,0.014891,-0.99339,0.00023269,0.0038984,-0.0059811,0.052333,-6.7645,0.20005,-36.647,2.6716,22.536,-0.36146,-21.931
58.5,0.0016958,-0.013294,-0.002584,-0.99934,0.00054469,-0.0046045,0.0095385,-1.4663,-4.8913,-0.50798,-36.604,-1.5711,19.79,1.5856,-17.728,-0.0063431,-0.0065112,0.00075598,-0.99255,-0.0030637,0.0013655,0.00078118,-0.18929,-7.7978,0.97356,-38.931,-1.8565,22.077,-0.75752,-21.941
58.6,0.002823,0.0048797,0.0039903,-0.99785,0.0029665,-0.0060927,-0.00020139,1.9607,-3.1429,0.31239,-37.12,1.3892,19.517,-0.84723,-15.82,0.019453,0.015716,-0.00078495,-1.008,-0.00155,-0.0039808,0.0015746,0.11148,-5.8595,-1.7736,-37.789,0.41891,22.354,-0.11494,-21.648
58.7,0.0034973,-0.014688,0.0041747,-0.99786,0.0030956,-0.0012274,-0.0017127,-0.58272,-4.4609,0.42935,-35.976,-1.2311,20.8,0.1525,-16.509,0.011356,0.0090743,0.0028631,-1.0146,0.00031397,0.0024802,0.0014538,-1.1191,-5.3787,-0.72515,-38.566,2.1342,22.533,-0.27661,-21.977
58.8,0.006393,-0.01448,0.012372,-0.99397,0.00013915,0.00076006,-0.0053786,0.12565,-3.6317,0.97266,-34.765,-2.0516,19.098,0.41071,-17.509,-0.010977,0.018856,-0.0072784,-0.99337,-0.0025227,-0.00067053,0.0031818,-1.3182,-4.6241,-0.15634,-37.89,-1.2109,23.16,0.89845,-20.387
58.9,-0.0017374,-0.011054,0.0017988,-0.99487,-0.003085,0.0026265,-0.0053948,1.0347,-4.8116,-0.26796,-37.053,0.44795,19.025,1.2759,-17.159,0.0022672,0.012298,0.014768,-1.008,-0.0022555,-0.0037678,-0.012453,1.5264,-5.091,0.728,-37.989,0.78924,21.894,-0.25806,-21.078
59,0.0014006,0.01594,0.0059528,-1.0078,-0.0020186,-0.0013011,-0.0060275,0.24745,-3.4477,-0.36853,-36.432,-0.23169,18.145,0.50978,-17.584,0.0087721,-0.0091739,0.00080677,-1.0024,0.0016017,0.0031347,-0.0042801,0.99358,-5.3628,1.4419,-37.688,0.8118,23.317,-0.58613,-20.589
59.1,0.0076538,0.0025415,0.0066814,-0.9941,-0.0058431,-0.0042252,-0.0039838,-3.0646,-2.3977,-0.14106,-35.534,0.68912,16.765,1.4418,-17.342,-0.0020437,0.017177,0.0033048,-1.0176,0.0020455,-0.0092868,-0.0025855,0.089066,-5.5128,-0.25323,-39.563,0.61453,23.434,1.0622,-21.44
59.2,-0.0043881,0.015744,-0.018541,-1.0008,-0.0041326,0.00097137,0.0022738,1.0257,-1.4947,0.84313,-37.767,1.8579,18.885,-1.2225,-16.117,0.0084191,-0.015627,-0.0037572,-1.0038,-0.00081268,0.0070524,-0.0030115,0.52908,-4.967,-1.0716,-39.15,0.89865,23.497,1.4477,-21.993
59.3,0.017143,-0.00039228,-0.0015555,-0.99858,-0.00016661,-0.002071,-0.0018874,-2.097,-3.402,2.4358,-37.267,0.95,17.606,-0.20869,-16.346,0.003694,-0.00060091,0.0010865,-1.0081,0.0004832,0.0044129,-0.00076878,0.94484,-5.8005,-1.2095,-39.585,2.4132,22.398,1.8187,-21.16
59.4,-0.014293,-0.0054185,0.0020163,-1.0041,-0.0061613,3.0666e-05,0.0082976,-0.087813,-3.5215,-0.91944,-36.553,0.67492,20.92,0.93334,-16.64,0.0062008,-0.0067215,0.0086898,-1.0098,-0.0045554,0.0053937,-0.0038268,0.84402,-4.8125,0.70972,-38.553,0.029255,24.116,-3.3397,-20.42
59.5,4.5877e-05,-0.0029541,0.006989,-1.0014,0.0031032,-0.0018474,0.0059511,-2.1575,-4.8811,-0.83437,-34.08,-0.48227,19.154,2.1829,-18.159,-0.00073101,0.0045382,0.0024328,-1.0039,0.0060766,0.0023077,-0.0099028,1.2196,-4.9018,1.3225,-37.38,-1.1727,22.134,-1.9777,-23.657
59.6,0.0039143,0.012253,-0.012145,-0.99996,-0.0067138,0.0050051,-0.0042568,-0.57968,-1.8203,-0.47988,-34.697,0.61539,19.58,2.1928,-15.286,0.0061914,0.01139,-0.0015135,-0.98473,0.00015832,-0.0062722,0.004885,-0.13055,-4.5424,1.2127,-39.706,0.67626,22.44,0.50027,-21.004
59.7,-0.018422,-0.015142,0.013126,-0.99362,-0.00029147,0.0033331,0.0019446,-0.013635,-3.1124,1.3195,-37.242,0.051268,19.552,-0.48277,-17.619,-0.018889,0.0059291,-0.0012763,-0.98591,0.0011557,-0.0026891,0.0048456,-2.4554,-7.6629,-1.4356,-38.074,0.71207,21.259,-1.0185,-22.062
59.8,-0.02062,-0.010005,0.0013042,-1.0102,-0.0012364,0.00091741,0.0047964,2.0405,-3.6618,0.39176,-36.302,-0.74776,17.643,-1.7591,-17.778,0.0010644,-0.0063003,0.002119,-0.9834,0.0015416,0.0023916,-0.0030448,-0.98047,-4.8442,-0.49956,-39.655,1.6087,24.508,-0.60676,-22.111
59.9,0.0087011,0.0071012,0.010663,-1.0044,0.0024532,0.0035406,-0.00039603,0.74167,-3.67,0.58862,-35.645,1.2844,18.574,1.14,-17.082,0.01008,-0.011305,-0.016422,-0.99115,0.0072015,-0.00017431,0.0028443,0.33452,-7.6649,-2.9874,-38.972,1.1613,23.707,0.53981,-21.613
60,-0.01632,-0.015791,-0.021504,-1.0058,-0.0017052,0.0065458,-0.0075493,-1.5862,-2.7455,-2.1359,-36.978,-1.6945,21.223,1.3425,-17.211,0.010866,0.0088499,-0.018491,-0.99848,-0.0013392,0.0052624,-0.0058595,-0.008143,-5.379,-2.6701,-38.607,-0.60219,23.793,-0.31043,-21.084
