time,q1_healthy,q2_healthy,q3_healthy,q4_healthy,omega1_healthy,omega2_healthy,omega3_healthy,wheel1_i_healthy,wheel1_w_healthy,wheel2_i_healthy,wheel2_w_healthy,wheel3_i_healthy,wheel3_w_healthy,wheel4_i_healthy,wheel4_w_healthy,q1_faulty,q2_faulty,q3_faulty,q4_faulty,omega1_faulty,omega2_faulty,omega3_faulty,wheel1_i_faulty,wheel1_w_faulty,wheel2_i_faulty,wheel2_w_faulty,wheel3_i_faulty,wheel3_w_faulty,wheel4_i_faulty,wheel4_w_faulty,
0,0,0,0,0,0,0,0,0,0,0,0,0,0,0,0,0,0,0,0,0,0,0,0,0,0,0,0,0,0,0
0.1,-0.69262,-0.0069053,0.11806,-0.6924,0.0019792,-0.00054316,0.0085993,2.0949,-1.6954,1.0412,3.8773,0.72142,0.80288,-0.42996,-0.12248,-0.71189,-0.011554,0.11699,-0.72212,0.0062522,0.0074526,0.0053665,-0.49876,-0.65609,0.080281,2.5189,-0.70293,-0.42838,0.60135,0.92362
0.2,-0.69663,0.026711,0.14278,-0.7058,-0.013831,0.002142,-0.0013208,-0.60925,0.53037,-2.6196,-1.3581,-1.1453,0.44772,-0.526,-0.99611,-0.70325,0.002432,0.12587,-0.68359,-0.0028493,-0.0029033,0.0043332,1.7559,-0.60376,0.38677,1.4263,-1.117,-0.79904,-0.46993,-1.4387
0.3,-0.72542,0.0001236,0.13245,-0.70695,-0.00080166,-0.0022286,0.0033924,1.7574,-0.46971,-0.24996,-0.49739,-2.9651,-0.72454,-1.3845,0.696,-0.70326,-0.004499,0.12145,-0.68241,-0.0079116,0.0009846,-0.00012377,1.2574,0.99887,-0.61315,0.16906,-2.7699,-0.29135,-0.048029,-1.2639
0.4,-0.71727,0.0098376,0.11464,-0.69018,-0.012195,0.0014542,0.0021841,1.4479,1.6818,-2.8439,1.1307,-1.1503,-0.58777,-1.3891,-1.5684,-0.70737,0.0028762,0.1183,-0.70694,-0.018034,-0.0068017,0.0071106,1.451,-0.60392,0.30431,-1.7336,-0.21566,-1.0098,-3.5672,1.2899
0.5,-0.70213,0.0031786,0.12135,-0.67642,-0.0020604,-0.0065985,0.0044499,0.13691,2.0253,-1.7965,1.5872,-2.5694,-1.117,-1.6725,-1.6553,-0.68409,0.014735,0.14068,-0.69678,-0.0060314,-0.0014635,0.0049106,1.7966,1.4856,0.22807,0.11569,-2.1337,-1.9181,0.88175,-1.2149
0.6,-0.72436,0.00067124,0.11695,-0.67664,0.0022352,-0.0088312,0.010342,-3.1951,1.6527,-0.34001,0.45879,-1.2682,-0.38741,-1.7553,-2.6459,-0.69892,-0.0054091,0.10857,-0.70951,-0.0049344,0.0064262,0.01109,0.35384,1.405,-0.15562,-0.37473,-0.54068,-0.76541,-2.6921,-0.74966
0.7,-0.71744,-0.019565,0.12044,-0.70826,-0.0066874,-0.00050391,0.00045807,2.0341,1.7327,-0.82164,-3.0045,-1.3803,-1.5962,-1.4981,-1.2656,-0.72001,-0.00022311,0.10769,-0.69782,-0.011286,-0.010038,0.010068,-0.080541,4.233,-1.5954,1.1635,0.73359,0.3356,-0.719,-2.9495
0.8,-0.70606,-0.0099218,0.10899,-0.70165,-0.00255,-0.0065783,0.0047573,2.0337,3.8511,-1.0199,0.49742,-0.88626,-1.6395,-1.7403,-3.5687,-0.70453,-0.01041,0.12366,-0.70438,-0.016988,-0.008641,0.0099838,0.55224,1.6805,0.82282,0.73708,-1.1263,-1.8132,-0.44659,-2.22
0.9,-0.70334,0.012668,0.12284,-0.70844,-0.013146,-0.0061832,0.010927,0.090076,2.2264,-1.8158,1.1348,-2.1211,-1.5901,-1.0126,-2.8973,-0.70616,0.0088101,0.11875,-0.69527,-0.012925,-0.0025467,0.0078749,2.2365,3.7668,1.0418,-0.35709,-1.6379,-2.2159,-0.64715,-2.0763
1,-0.6976,0.016694,0.1197,-0.70393,-0.01845,-0.0048759,0.014966,2.1132,2.7167,0.78308,0.20977,-1.6815,-4.2573,-0.83798,-3.2882,-0.70726,0.0056102,0.12605,-0.69725,-0.0091898,-0.0098857,0.0048098,0.94419,0.76857,-0.044218,-0.78922,-0.36899,-2.8748,-0.98175,-3.463
1.1,-0.7109,0.024691,0.12563,-0.70414,-0.018889,-0.0048442,0.0048009,2.1263,2.9815,0.15298,0.22313,-1.126,-3.7999,-1.1507,-2.3969,-0.70729,0.0082827,0.11226,-0.68608,-0.015011,-0.0064072,0.015399,0.34188,3.458,0.092773,-0.67693,-2.2276,-3.2924,-0.016929,-5.5074
1.2,-0.71247,0.0069936,0.13158,-0.70601,-0.016479,-0.0015121,0.013062,2.3556,3.8455,0.023573,-1.2587,0.26798,-3.1344,-0.027056,-3.4906,-0.69361,-0.0041767,0.12678,-0.70969,-0.01506,-0.0018828,0.013088,1.3626,3.2985,-1.7605,-0.92684,-0.0033809,-3.8268,-2.1096,-2.6596
1.3,-0.7121,-0.0046474,0.12132,-0.70842,-0.011209,-0.0052132,0.022493,2.6182,2.9963,0.4003,-0.4568,-0.53983,-3.7266,-1.1849,-6.0829,-0.7002,0.0052335,0.11496,-0.69699,-0.020906,-0.0066263,0.017217,1.4252,3.8555,0.016088,0.57725,-2.0454,-3.8629,0.40427,-3.1371
1.4,-0.71654,0.0016902,0.11122,-0.69828,-0.017154,-0.0079754,0.023285,1.7666,4.2381,0.32141,-0.68898,-1.2158,-3.2985,-2.4327,-4.393,-0.71092,-0.00037097,0.109,-0.70294,-0.028304,-0.014045,0.028357,1.2848,4.8926,1.9943,-1.8155,-1.9051,-3.8225,-1.621,-2.1907
1.5,-0.69707,-0.0065755,0.11314,-0.70774,-0.026179,-0.0050245,0.029649,1.0456,3.7086,-0.33501,-1.7373,-2.1222,-3.5749,-0.81094,-5.8259,-0.69132,-0.014988,0.11812,-0.70849,-0.018878,-0.018932,0.023938,0.82587,2.5851,0.67889,-0.47111,-2.2723,-4.097,-0.49543,-5.1308
1.6,-0.69553,0.011317,0.10996,-0.68704,-0.026264,-0.0148,0.020001,0.47973,3.7026,-0.24813,0.95996,-2.1229,-5.4654,-1.4074,-3.3703,-0.69304,-0.0018806,0.10589,-0.71551,-0.02416,0.002613,0.024421,1.9133,4.7419,0.91612,0.66791,-1.9187,-4.9274,-0.99515,-5.0819
1.7,-0.69551,0.0045179,0.11311,-0.69763,-0.026551,-0.0064608,0.0254,1.8149,4.5856,1.6986,-0.034253,-0.067041,-6.1026,0.9221,-5.8718,-0.70056,0.0064008,0.10233,-0.71388,-0.029559,-0.0097209,0.031947,0.19324,4.8346,-1.8907,-0.60766,-1.9777,-4.4382,-0.36001,-7.4237
1.8,-0.68508,0.0042602,0.12146,-0.70863,-0.021379,-0.0093273,0.028444,2.2267,5.5032,-0.12884,-1.05,0.18655,-8.3516,0.33056,-6.3207,-0.70308,0.013964,0.11322,-0.6993,-0.026931,-0.0015984,0.028961,2.0767,5.4002,0.4784,-0.85394,-1.2572,-7.1175,-0.95267,-4.7288
1.9,-0.69071,-0.0043037,0.1008,-0.70681,-0.027115,-0.011623,0.026787,1.9658,6.7885,-2.1161,0.50501,-1.4935,-4.9962,-0.85511,-6.442,-0.7064,0.01507,0.11403,-0.7123,-0.013701,-0.0045859,0.031697,1.4965,4.7142,-0.58837,-1.283,-1.202,-7.502,-1.4249,-7.3344
2,-0.69335,0.0090878,0.11149,-0.70794,-0.032143,-0.011702,0.03159,1.6814,5.2295,-0.30157,-0.35091,-1.2604,-5.3292,-2.2178,-8.8265,-0.68933,0.0017081,0.11673,-0.71217,-0.021561,-0.0077081,0.030267,1.4208,4.4749,-0.8046,-1.6138,-0.80992,-5.6775,-1.4631,-7.6767
2.1,-0.68536,0.022517,0.11154,-0.68911,-0.031755,-0.011182,0.034795,-0.6116,6.1161,-0.65614,-1.347,-0.41381,-8.0272,-0.42565,-7.8073,-0.71113,0.0088597,0.13584,-0.71785,-0.038225,-0.020883,0.032792,1.904,5.4839,-0.070083,-2.468,-0.60377,-6.9056,-1.4771,-8.2791
2.2,-0.70897,0.01943,0.10751,-0.71878,-0.038168,-0.015722,0.022819,0.60837,5.8229,0.65978,-0.83358,0.00887,-5.6376,-0.21819,-7.5439,-0.67723,0.013914,0.095516,-0.70409,-0.029001,-0.010369,0.030532,1.1135,5.2956,0.092127,-1.0815,-0.68406,-6.6268,-0.42861,-6.6256
2.3,-0.67635,0.0088369,0.12854,-0.72061,-0.028448,-0.0099947,0.035212,0.060756,6.3975,-1.1009,-0.59657,-0.64849,-8.1446,-1.4047,-7.2696,-0.68918,0.016133,0.12688,-0.71717,-0.023941,-0.0013031,0.032886,0.699,5.649,-0.68478,-1.1784,-1.9531,-6.3659,-1.2507,-8.2319
2.4,-0.68859,0.016611,0.12324,-0.70573,-0.038717,-0.0077329,0.037005,0.12534,6.8194,-1.4044,-1.5361,-2.5681,-6.6866,-2.7227,-9.0417,-0.70138,0.015507,0.12289,-0.71292,-0.038431,-0.0022736,0.036475,0.12148,5.1068,0.45708,-1.667,-0.67773,-8.8982,-0.8577,-9.1478
2.5,-0.70774,0.013982,0.099699,-0.71926,-0.026918,-0.0023484,0.028218,0.91623,6.2666,-0.36594,-1.9664,-0.44512,-7.6255,-0.84907,-8.1135,-0.69567,0.019627,0.12791,-0.71006,-0.037441,-0.0075507,0.034692,1.7855,3.5373,-1.3463,-2.3144,-0.60629,-9.4862,-1.1224,-9.4683
2.6,-0.69717,0.0053456,0.099557,-0.71209,-0.042442,-0.021721,0.038441,1.9124,7.3585,0.095809,-0.94227,-2.0781,-8.001,0.50725,-10.857,-0.69931,0.023426,0.11544,-0.70184,-0.03951,-0.0082427,0.038745,1.0357,7.1611,0.2872,-2.9576,-1.1611,-9.7854,-1.4348,-9.4138
2.7,-0.67966,0.031829,0.10775,-0.69534,-0.034325,-0.027266,0.030016,1.6612,6.9134,-0.96983,-1.5991,-1.8372,-8.0415,-0.53436,-9.5138,-0.68159,0.020488,0.125,-0.72116,-0.030941,-0.017887,0.042512,-0.28131,6.6479,-0.37873,-2.381,-0.41081,-7.6827,0.23422,-9.4947
2.8,-0.66507,0.027926,0.1201,-0.72461,-0.039805,-0.0082498,0.027466,1.865,6.8911,-0.5664,-0.65997,-1.1969,-7.3282,-0.94923,-11.329,-0.68466,0.043538,0.09382,-0.71792,-0.036097,-0.01428,0.03944,2.2075,7.2799,-0.051663,-1.8312,-0.37231,-9.9538,-2.335,-9.8126
2.9,-0.66881,0.032989,0.11457,-0.72801,-0.039031,-0.0083425,0.053672,0.46793,8.6766,0.75242,-0.71497,-2.2944,-7.2538,-1.7861,-12.843,-0.69521,0.020741,0.091875,-0.73042,-0.042049,-0.0088851,0.042403,1.748,5.5553,0.51098,-2.5187,0.77174,-7.9498,-0.54584,-9.4521
3,-0.68097,0.016865,0.090246,-0.70923,-0.039838,-0.0082273,0.052152,0.15089,8.5015,-1.064,-2.6591,0.63276,-11.285,-1.4448,-11.214,-0.6901,0.029393,0.12646,-0.73599,-0.047541,-0.0057859,0.044442,1.1759,8.9072,-1.5276,-2.9356,-1.868,-12.097,-1.309,-12.524
3.1,-0.6944,0.014611,0.10274,-0.718,-0.044299,-0.017519,0.045902,1.0359,8.5301,-0.94396,-2.3474,-0.27868,-10.926,-0.24546,-10.206,-0.6828,0.016955,0.087358,-0.69533,-0.045278,-0.0017069,0.046777,0.46566,7.7091,-1.7169,-4.3583,-1.0321,-10.591,-0.89558,-10.564
3.2,-0.67063,0.042198,0.11229,-0.73593,-0.045741,-0.0090284,0.05539,1.5523,7.2991,-1.3102,-3.7801,-0.87991,-9.7284,-2.584,-12.16,-0.6808,0.022802,0.10763,-0.72516,-0.047627,-0.0059634,0.03983,1.2804,8.7997,-0.91971,-3.6573,-2.9602,-11.729,-0.51559,-11.121
3.3,-0.6808,0.038793,0.098385,-0.73545,-0.044156,-0.010369,0.043737,0.33227,9.2537,-0.094183,-2.2498,-1.6737,-11.213,-0.20951,-11.972,-0.68232,0.035186,0.096098,-0.72473,-0.045758,-0.01081,0.056212,0.90681,8.6457,-1.7048,-4.5972,-0.057114,-9.9454,-1.5462,-12.012
3.4,-0.66827,0.032526,0.10114,-0.73015,-0.04499,-0.015926,0.051132,1.2188,9.2668,-0.1839,-1.2622,-0.25139,-11.913,-0.027752,-11.656,-0.67825,0.04016,0.095342,-0.71979,-0.055822,-0.0061172,0.053794,-0.0067443,7.9993,-0.48835,-2.9445,-2.1722,-12.291,-1.8879,-12.958
3.5,-0.68124,0.032239,0.099643,-0.72348,-0.04858,-0.013968,0.050856,1.42,9.4862,-2.3581,-3.1001,-0.33908,-12.212,-1.7011,-12.318,-0.67227,0.030064,0.11202,-0.73546,-0.041457,-0.010952,0.048411,0.93691,9.2204,0.19135,-3.7033,-1.3312,-12.443,-0.47323,-13.461
3.6,-0.6698,0.036505,0.094808,-0.73837,-0.053765,-0.013354,0.052587,-0.95204,9.1671,-1.6589,-2.6213,0.49917,-11.485,0.41529,-12.874,-0.68197,0.035733,0.085174,-0.74335,-0.044138,-0.01344,0.054082,0.7193,9.5306,1.6206,-4.6649,0.6678,-12.022,-2.3552,-13.13
3.7,-0.66026,0.032129,0.10133,-0.74731,-0.05694,-0.010455,0.054982,2.4574,10.951,-0.15591,-4.4036,-2.0435,-11.548,-0.17281,-13.302,-0.67285,0.043332,0.094299,-0.74,-0.045246,-0.009951,0.05088,-1.6323,9.9437,-0.18458,-4.5326,-0.46208,-11.814,-2.6263,-12.473
3.8,-0.6707,0.040409,0.10524,-0.71403,-0.046779,-0.0045944,0.057084,1.7041,10.272,0.21738,-5.2431,-0.4036,-12.808,-0.91243,-12.151,-0.66673,0.054362,0.10887,-0.73002,-0.056437,-0.011958,0.052709,1.5811,11.689,-1.8826,-3.5384,-0.73564,-12.983,-1.1319,-14.411
3.9,-0.66253,0.043429,0.11639,-0.72576,-0.061471,-0.01134,0.060778,1.2812,10.718,0.41426,-3.6118,-0.18992,-12.211,0.002734,-13.853,-0.64395,0.02928,0.10284,-0.74486,-0.049844,-0.00077785,0.049961,0.82025,7.8773,-1.4792,-5.7581,-2.6014,-10.766,-0.81079,-16.345
4,-0.66109,0.049989,0.089927,-0.72918,-0.053691,-0.018769,0.051735,0.079245,9.8869,0.13043,-1.4917,0.39218,-12.207,-0.29386,-15.788,-0.67169,0.04803,0.10429,-0.74383,-0.058589,-0.0096745,0.05286,1.6634,11.483,-1.7668,-5.3418,-1.9322,-12.744,-0.18089,-13.016
4.1,-0.64921,0.030059,0.095393,-0.73929,-0.06156,-0.011533,0.062363,1.0183,11.164,-0.96765,-2.9859,-1.2173,-13.345,-1.1592,-15.611,-0.65296,0.043002,0.10986,-0.74621,-0.058982,-0.010463,0.055518,-0.63254,11.257,-1.0822,-6.1217,-1.8922,-12.607,-0.1722,-14.831
4.2,-0.66636,0.047498,0.10129,-0.75459,-0.055412,-0.010144,0.058145,-1.5792,10.564,0.78851,-3.4614,1.0729,-13.652,-0.72525,-14.861,-0.65214,0.049573,0.071303,-0.7396,-0.065624,-0.0083015,0.06754,-0.36088,11.176,-2.7042,-6.8168,0.71441,-11.869,-0.54553,-16.723
4.3,-0.66363,0.053196,0.11708,-0.73817,-0.054599,-0.011961,0.056107,1.183,10.695,-0.83679,-5.3347,1.1025,-14.057,-0.92332,-14.66,-0.6523,0.070333,0.084684,-0.75038,-0.072563,-0.0069398,0.06729,1.2571,11.713,-1.6547,-8.2644,-0.26865,-10.511,-1.7722,-15.805
4.4,-0.66124,0.046651,0.084687,-0.76438,-0.070536,-0.016047,0.061958,1.7121,11.545,-1.2771,-3.3377,-0.19062,-12.432,-1.379,-15.194,-0.64347,0.070762,0.085939,-0.73632,-0.065229,-0.0076845,0.06021,0.46105,11.606,-0.66408,-6.2599,-0.92732,-12.6,-1.0871,-15.412
4.5,-0.66103,0.053542,0.092566,-0.73825,-0.059186,-0.0072018,0.063835,0.98835,12.355,-0.59566,-5.0434,-1.6076,-12.566,-0.66311,-17.086,-0.64393,0.058824,0.093796,-0.7273,-0.063562,-0.0028809,0.063383,1.8516,12.164,0.31574,-8.4566,-0.17464,-13.448,-2.0561,-17.142
4.6,-0.64505,0.049924,0.087939,-0.7524,-0.070699,-0.01109,0.072959,0.43926,11.621,-2.8186,-5.0629,0.78486,-14.654,1.374,-16.062,-0.62808,0.075159,0.077698,-0.75922,-0.069628,-0.009837,0.067846,-0.72203,12.327,-1.685,-8.574,-1.3688,-12.611,-2.5864,-16.41
4.7,-0.64677,0.056862,0.080909,-0.7392,-0.066594,-0.0071187,0.067545,1.4956,12.16,0.26152,-7.3398,-1.3058,-12.919,-2.0465,-16.496,-0.65382,0.051988,0.051098,-0.75688,-0.062348,-0.009554,0.064427,-0.96464,12.96,-1.593,-7.0808,-0.95342,-12.827,-1.26,-17.328
4.8,-0.64108,0.059588,0.069209,-0.74222,-0.068459,-0.0069011,0.066931,2.8869,11.262,0.34464,-5.6713,-1.0148,-12.95,-1.3051,-15.962,-0.63975,0.060458,0.077471,-0.75258,-0.073116,-0.013993,0.063074,1.7295,12.351,-2.1397,-8.1595,0.20121,-13.255,-2.3196,-15.974
4.9,-0.65536,0.085136,0.093641,-0.7408,-0.069012,-0.012836,0.070637,1.7686,12.754,-0.86005,-6.131,0.42651,-13.487,0.2686,-17.39,-0.6303,0.067537,0.0936,-0.75894,-0.072416,-0.0077919,0.069511,0.005597,11.783,-1.5309,-10.164,1.0763,-12.617,-1.5793,-17.808
5,-0.65553,0.055754,0.083966,-0.75224,-0.072865,-0.011913,0.067772,0.91429,11.979,-2.2108,-7.3935,0.97472,-12.905,-0.1679,-18.472,-0.62113,0.063012,0.055872,-0.76493,-0.067889,0.0014359,0.065567,0.81987,13.229,-0.84156,-8.2209,1.6373,-13.535,-0.89198,-19.258
5.1,-0.63117,0.077284,0.06972,-0.77659,-0.07122,-0.012317,0.069596,0.58412,12.713,-1.0714,-9.484,1.0654,-12.241,0.41306,-19.537,-0.61097,0.045246,0.073005,-0.7604,-0.078048,-0.0090845,0.063229,0.73977,13.693,-0.65027,-10.924,-0.64055,-15.182,-0.57089,-20.073
5.2,-0.62317,0.086044,0.091074,-0.77868,-0.077134,-0.012487,0.0664,-1.1031,14.774,-2.1397,-7.7878,-0.99685,-12.673,-2.3447,-18.144,-0.621,0.060436,0.073754,-0.77648,-0.074166,-0.00065643,0.064449,0.8244,12.74,-1.0294,-9.4717,0.29391,-14.769,-2.0744,-20.513
5.3,-0.62954,0.095027,0.057575,-0.79089,-0.075752,-0.018826,0.068853,0.86867,12.852,-0.72207,-8.8605,0.17344,-14.815,-0.92208,-20.553,-0.6445,0.076547,0.085286,-0.7813,-0.083075,0.0040533,0.067957,-1.0015,10.997,-1.325,-9.0268,0.76185,-13.95,-0.71001,-18.03
5.4,-0.61836,0.076391,0.07862,-0.77386,-0.081321,-0.0049377,0.074537,0.9991,16.076,-1.3364,-8.5694,2.0128,-14.448,-0.28416,-18.389,-0.62149,0.074816,0.057678,-0.75483,-0.085986,-0.0074949,0.076397,1.5327,14.87,-2.5929,-10.891,-0.81639,-11.314,-1.3287,-20.205
5.5,-0.6224,0.076937,0.068482,-0.75237,-0.076907,-0.0095424,0.076288,0.7869,14.587,-0.19891,-8.0152,-0.13374,-14.425,-0.60182,-20.166,-0.61325,0.063956,0.049466,-0.78147,-0.083161,-0.0033914,0.067668,2.5279,16.079,-1.0025,-10.329,0.38769,-13.033,-0.35852,-20.68
5.6,-0.62584,0.070201,0.066023,-0.78947,-0.083052,-0.019563,0.084459,2.7031,15.17,-1.7609,-11.056,0.3336,-12.944,-1.4387,-19.458,-0.62389,0.072972,0.055138,-0.79194,-0.082649,0.0075047,0.072781,-0.04779,14.191,-1.4819,-12.193,-0.44437,-15.107,-1.6595,-21.992
5.7,-0.62067,0.079651,0.063295,-0.78319,-0.092771,-0.0028539,0.079095,0.016285,14.097,-0.38174,-8.9673,1.3797,-15.243,-1.2697,-20.559,-0.60743,0.079758,0.065799,-0.79773,-0.081434,-0.0079165,0.077243,0.96987,13.869,-0.73266,-11.748,-1.4156,-12.774,-0.25199,-19.88
5.8,-0.61883,0.10075,0.071663,-0.78094,-0.07852,-0.0129,0.080747,1.8021,15.174,-1.3252,-9.0181,-2.7374,-11.921,-3.1436,-21.368,-0.60275,0.081867,0.071907,-0.81092,-0.084988,0.00065626,0.073919,1.1567,16.235,-1.2701,-11.765,0.24453,-13.56,-1.2548,-21.472
5.9,-0.60457,0.089788,0.068672,-0.78229,-0.09083,-0.0042107,0.069587,1.2813,15.346,-1.6878,-11.62,-1.0223,-12.078,-1.6673,-22.24,-0.59927,0.092662,0.045132,-0.77996,-0.090366,-0.0064701,0.066523,2.3131,14.354,-2.3257,-13.614,1.155,-12.239,-1.5309,-22.246
6,-0.59853,0.087695,0.043863,-0.78029,-0.08224,-0.01114,0.074309,1.2535,14.699,-1.2616,-13.116,-0.7806,-13.107,0.70776,-22.406,-0.58456,0.087183,0.056638,-0.79283,-0.08712,0.0027954,0.074446,0.83902,15.469,-3.0743,-12.941,0.23789,-11.829,-2.8729,-22.78
6.1,-0.59228,0.10782,0.041131,-0.79876,-0.096388,-0.0078007,0.08109,1.4224,15.63,-1.1002,-11.163,-1.303,-12.514,0.028469,-22.746,-0.60316,0.085601,0.038853,-0.79144,-0.093853,-0.0060061,0.085623,1.8253,16.269,-0.43735,-13.847,-0.064217,-12.719,-1.6506,-21.667
6.2,-0.59977,0.11132,0.05814,-0.79306,-0.089488,-0.0087919,0.071741,0.4893,15.348,-1.7695,-11.348,0.20249,-14.508,-0.83807,-24.137,-0.5842,0.089281,0.049262,-0.81392,-0.090968,-0.00135,0.084804,-0.79215,17.021,-0.48866,-13.898,1.4775,-13.402,-1.5034,-24.315
6.3,-0.60048,0.084338,0.058905,-0.81253,-0.089105,-0.0091463,0.084473,1.2466,15.256,-1.0077,-12.765,-0.6145,-15.013,-0.53646,-23.476,-0.57929,0.097363,0.054979,-0.80438,-0.091437,-0.0022638,0.074862,0.80059,16.783,-0.84823,-14.573,0.92057,-13.579,-0.56307,-22.017
6.4,-0.58453,0.10721,0.052331,-0.81364,-0.085626,-0.012061,0.073585,1.6507,15.526,-0.12225,-11.422,1.116,-11.756,-0.85145,-24.169,-0.59513,0.097454,0.047906,-0.81375,-0.096879,0.0023618,0.069581,1.2001,14.66,-1.0748,-15.127,-1.284,-12.574,-0.81271,-23.059
6.5,-0.57095,0.098251,0.038458,-0.8125,-0.093054,-0.0086702,0.082002,2.3263,18.428,-2.0915,-12.177,0.15546,-14.136,-0.49541,-26.701,-0.59609,0.10212,0.052935,-0.79853,-0.085186,0.010894,0.084897,-0.20772,17.187,-1.0353,-16.366,1.6151,-11.56,-0.68395,-24.114
6.6,-0.57951,0.11564,0.049486,-0.82145,-0.094263,-0.010823,0.073576,0.68945,18.724,-0.87866,-13.598,0.96333,-13.07,-0.31181,-23.77,-0.56967,0.081472,0.027621,-0.79283,-0.09385,0.0065086,0.079287,2.4603,17.869,-0.58049,-17.47,-1.7105,-13.683,-1.0343,-24.408
6.7,-0.57513,0.1123,0.041347,-0.80247,-0.098415,-0.011441,0.077623,1.7344,19.323,-3.1309,-14.538,1.7333,-14.065,-2.2709,-24.011,-0.58284,0.09351,0.012487,-0.81675,-0.097601,-0.003212,0.083378,2.9437,14.496,-2.0444,-16.007,0.2619,-13.91,-2.6096,-25.065
6.8,-0.5663,0.11361,0.040657,-0.83409,-0.097206,-0.0090409,0.083403,1.2511,18.429,-0.74719,-15.028,-0.72341,-12.333,-0.28371,-24.879,-0.56832,0.12546,0.023365,-0.80754,-0.099383,0.0024679,0.081538,1.7299,15.266,-1.3838,-18.984,1.5066,-14.217,-0.16697,-25.846
6.9,-0.55944,0.11017,0.030801,-0.82579,-0.10012,-0.0071921,0.080118,0.55384,17.632,-2.104,-14.202,1.3832,-13.021,-1.5632,-24.072,-0.55098,0.12025,0.025271,-0.80677,-0.098667,0.001764,0.075264,1.1237,19.721,-2.4274,-17.501,-0.064939,-13.436,-0.62018,-26.07
7,-0.56108,0.11928,0.03246,-0.82263,-0.10102,0.0014035,0.078682,0.85585,15.835,-1.342,-14.089,-1.021,-12.247,-3.3762,-24.844,-0.55014,0.11591,0.032104,-0.82361,-0.10326,-0.0028094,0.08702,1.605,18.426,-2.3919,-18.979,-0.36931,-11.271,-0.5026,-25.272
7.1,-0.53774,0.11885,0.019456,-0.82149,-0.10348,0.0047428,0.085905,0.24511,17.793,-0.91748,-14.425,1.2081,-11.011,0.39626,-26.325,-0.56405,0.091701,0.027397,-0.82113,-0.10731,0.012246,0.074488,0.91494,17.238,-1.6754,-17.107,-0.40913,-13.197,-1.6212,-25.861
7.2,-0.54426,0.12011,0.006829,-0.79443,-0.10473,-0.0023927,0.083617,2.4461,18.938,-1.0351,-14.886,1.5776,-11.617,-3.0942,-25.986,-0.56001,0.094872,0.02301,-0.84823,-0.094182,0.0066268,0.079255,-0.24807,18.878,-2.5537,-19.463,1.0122,-12.819,-2.6634,-23.802
7.3,-0.54128,0.12456,0.027472,-0.82763,-0.1009,-0.0015664,0.081572,-1.6217,18.533,-2.3347,-16.317,0.66021,-11.111,-0.53792,-27.868,-0.54824,0.097957,0.020408,-0.83188,-0.10726,0.0084798,0.076287,0.95821,19.269,-3.1162,-20.063,1.3865,-11.268,-1.6959,-27.707
7.4,-0.5337,0.12466,0.012794,-0.81409,-0.11838,0.00036717,0.075198,-1.7868,18.877,1.14,-15.276,0.30051,-12.577,-2.2089,-28.883,-0.54284,0.097008,0.020444,-0.82427,-0.11131,0.0050602,0.08615,1.0377,18.838,-0.59855,-20.197,1.1276,-10.53,-1.8745,-25.633
7.5,-0.52609,0.1202,0.023044,-0.83366,-0.10986,-0.0067982,0.080959,2.2653,19.885,-1.2561,-17.06,1.4177,-12.797,0.083786,-26.698,-0.52963,0.11307,0.01714,-0.83786,-0.10855,-0.00095109,0.074195,0.60006,19.048,-0.98258,-20.652,1.5578,-13.103,-1.5397,-28.15
7.6,-0.53881,0.15014,0.015303,-0.84819,-0.10876,-0.010007,0.084079,1.8117,20.12,-1.7322,-17.369,3.543,-10.088,-1.9012,-26.555,-0.53933,0.11827,0.0049757,-0.83263,-0.11186,0.0070832,0.078744,-0.50259,20.22,-2.6735,-22.03,-0.25792,-9.2971,-0.57498,-28.245
7.7,-0.54293,0.1354,0.017596,-0.85422,-0.11162,0.0035882,0.084428,-0.83721,18.972,-1.078,-18.306,1.1773,-12.256,-2.4805,-27.188,-0.52213,0.11084,0.0091678,-0.84184,-0.12774,0.0085926,0.07918,-0.71094,20.627,-2.1786,-22.416,1.9728,-8.7936,-2.3124,-28.37
7.8,-0.52648,0.12378,-0.0044441,-0.83648,-0.11576,-0.0071967,0.08389,1.5497,19.404,0.18565,-17.404,1.4674,-10.219,-0.83104,-27.832,-0.53593,0.10423,-0.0073305,-0.84076,-0.11338,0.011374,0.088312,0.1085,21.239,-1.9648,-22.249,0.2198,-9.8132,-0.1578,-28.934
7.9,-0.49692,0.15547,0.020372,-0.8454,-0.11271,-0.0099655,0.074888,2.5207,20.264,-0.65576,-20.257,1.6673,-9.321,0.52951,-29.759,-0.5156,0.1295,0.0098919,-0.8546,-0.11719,0.015,0.078746,-0.070497,21.807,-2.2038,-23.276,0.44611,-10.95,-0.062883,-29.474
8,-0.49171,0.13479,-0.0006454,-0.84552,-0.12278,-0.00038534,0.079756,1.7682,21.169,-1.8184,-19.577,-0.00035281,-9.0954,-2.4139,-31.53,-0.49413,0.12513,-0.0041267,-0.84369,-0.10738,0.0036777,0.070521,1.0296,19.818,-2.2691,-24.264,0.39878,-8.4069,-1.6635,-30.216
8.1,-0.51004,0.13317,0.0025547,-0.86163,-0.11499,-0.0031529,0.077943,-0.57124,22.028,-0.25772,-19.846,1.445,-10.595,-1.1254,-30.551,-0.49137,0.12967,-0.025364,-0.85092,-0.12662,0.011634,0.072409,1.5478,22.064,-1.6394,-24.843,2.0718,-9.3013,-2.8533,-33.028
8.2,-0.5029,0.13575,0.0012765,-0.85195,-0.12155,-0.0028739,0.081621,-0.34691,21.037,-1.9324,-18.406,-0.35029,-8.8117,-3.8334,-31.109,-0.50199,0.13583,0.0018533,-0.86031,-0.11435,0.012615,0.070888,-0.40134,20.571,-2.0734,-22.966,0.92314,-8.893,-1.9813,-30.106
8.3,-0.50356,0.15272,0.0035778,-0.87112,-0.12301,-0.0029373,0.078152,1.8101,20.2,0.051932,-19.036,0.20238,-8.3969,-0.80276,-31.561,-0.50412,0.12351,-0.0033695,-0.86744,-0.1217,0.010154,0.077559,1.5115,22.134,-1.3559,-25.393,1.7279,-6.7665,-2.0975,-32.087
8.4,-0.47948,0.16241,-0.012167,-0.86658,-0.1205,-0.0028515,0.083521,0.54477,20.711,1.8174,-19.282,-0.40965,-9.231,-1.9971,-30.732,-0.48506,0.12292,-0.029125,-0.84961,-0.12377,0.0045332,0.082858,1.4631,21.293,-1.7335,-24.455,0.42819,-6.0451,-0.22697,-31.838
8.5,-0.47898,0.14786,-0.014109,-0.85918,-0.11898,0.0019464,0.073326,0.57483,21.536,-0.59123,-20.76,1.1929,-7.0766,-0.13783,-31.821,-0.47871,0.13347,-0.027776,-0.87827,-0.12402,0.0096647,0.072775,-0.41658,18.94,-1.5263,-25.963,0.99766,-9.4664,-1.3595,-30.639
8.6,-0.46891,0.15594,-0.0040069,-0.87716,-0.12357,-0.0045652,0.081055,2.7649,21.62,-1.9769,-20.416,2.6018,-8.5494,-1.0505,-31.093,-0.46533,0.11677,-0.019477,-0.87144,-0.12617,0.012843,0.075894,0.37067,20.695,-3.8577,-25.391,1.795,-7.5194,-1.5541,-32.679
8.7,-0.45989,0.1446,-0.012847,-0.86361,-0.12882,-0.0014232,0.071787,-0.37294,24.187,-0.89008,-19.973,1.5439,-8.2709,-0.16458,-32.724,-0.46972,0.13491,-0.024426,-0.86099,-0.13315,0.011779,0.077759,0.91283,21.296,-1.6165,-27.813,-0.16484,-7.9695,-1.9507,-31.235
8.8,-0.45467,0.13506,-0.019107,-0.87643,-0.11897,0.0027578,0.077657,1.2407,22.153,-1.5454,-21.949,-0.16891,-7.2844,-0.25355,-31.78,-0.46116,0.13872,-0.029326,-0.89177,-0.13212,0.01352,0.084963,-0.46265,22.885,-1.5096,-27.033,0.369,-5.4425,-1.3943,-31.923
8.9,-0.44132,0.15179,-0.002643,-0.87158,-0.12112,-0.0013465,0.077751,0.57951,22.879,-0.23989,-21.034,0.54889,-7.3387,-0.84043,-32.636,-0.45939,0.13606,-0.041659,-0.87832,-0.12406,0.012516,0.077574,1.234,21.103,-2.3888,-28.235,0.54887,-4.0665,-2.6114,-34.234
9,-0.43622,0.15098,-0.017959,-0.87035,-0.12896,0.0018098,0.082709,0.18155,23.525,-1.081,-22.653,-0.0018848,-10.552,-1.1162,-33.662,-0.45485,0.14556,-0.042706,-0.88623,-0.12994,0.013851,0.076971,1.8272,23.005,-1.3178,-28.003,0.13218,-4.5957,-2.1345,-33.066
9.1,-0.43568,0.15783,-0.021172,-0.87091,-0.12832,0.0076634,0.080302,-0.21393,21.937,-0.27045,-23.321,1.804,-7.1881,0.23673,-33.302,-0.43708,0.1482,-0.041264,-0.88912,-0.13216,0.00885,0.077671,0.51616,23.926,-2.2523,-29.002,2.6927,-5.83,0.0021571,-33.988
9.2,-0.43969,0.17302,-0.024443,-0.89155,-0.13128,0.0073355,0.07848,-0.94848,22.485,-1.1265,-21.196,1.346,-7.1193,-0.44287,-35.949,-0.42586,0.14053,-0.046698,-0.87818,-0.13449,0.0068442,0.071828,1.3538,23.926,-0.86639,-29.607,-0.50111,-6.3026,-0.53701,-32.331
9.3,-0.44172,0.15973,-0.010412,-0.88006,-0.13492,0.00099391,0.075788,-0.079554,24.093,-0.90294,-24.438,0.36325,-5.9381,0.60981,-33.869,-0.44871,0.14985,-0.038211,-0.88735,-0.12275,0.011701,0.070004,1.8729,22.903,-1.4831,-31.459,-0.18521,-3.3901,-0.23208,-32.756
9.4,-0.42862,0.17946,-0.029236,-0.87936,-0.13457,-0.00068487,0.082293,0.18512,23.866,-0.86129,-23.96,-0.53614,-5.8534,-0.47701,-33.293,-0.40916,0.14302,-0.038055,-0.89817,-0.14014,0.026018,0.074846,1.7889,24.212,-2.3074,-31.463,1.5968,-4.4042,-0.57418,-34.38
9.5,-0.41163,0.1669,-0.027316,-0.86823,-0.13287,-0.0097736,0.08043,1.272,25.8,-0.21995,-24.504,0.35338,-6.275,-0.94963,-35.163,-0.41526,0.13307,-0.067414,-0.89824,-0.1343,0.018976,0.0711,-0.1279,23.641,-4.1243,-31.041,0.51249,-4.3089,-0.015871,-33.598
9.6,-0.43032,0.16595,-0.026595,-0.9002,-0.1262,-0.0057076,0.069,0.079236,24.066,1.2396,-24.986,2.099,-5.6322,1.4545,-33.667,-0.42174,0.13219,-0.039692,-0.90061,-0.13194,0.019297,0.072858,1.0339,22.855,-2.6391,-31.227,0.8615,-5.4055,-0.2604,-33.522
9.7,-0.39333,0.15739,-0.036068,-0.8912,-0.14161,0.0072526,0.071208,-0.20956,23.59,0.62086,-26.385,2.7502,-5.3945,0.65403,-34.354,-0.4053,0.15392,-0.046868,-0.90594,-0.14404,0.018384,0.078256,-0.047161,23.786,-0.783,-31.451,0.32146,-3.8424,-1.753,-35.027
9.8,-0.39589,0.17106,-0.030702,-0.88849,-0.13962,-0.0002526,0.071885,1.2796,26.506,-3.0217,-26.47,0.98787,-1.8412,-0.73358,-32.451,-0.40692,0.13187,-0.062371,-0.90375,-0.1514,0.023855,0.067423,2.1257,23.939,-1.3064,-31.597,1.7144,-3.2635,-2.1382,-34.933
9.9,-0.39224,0.16564,-0.036928,-0.90011,-0.13383,0.0024757,0.070082,1.0176,24.579,-0.91132,-25.864,-0.579,-3.3934,1.1679,-33.027,-0.39304,0.15265,-0.061349,-0.88936,-0.1373,0.017948,0.072701,1.9139,25.188,-1.3087,-32.193,-0.30907,-4.5791,-0.031291,-32.967
10,-0.37308,0.17746,-0.035628,-0.90711,-0.13926,0.0068456,0.073729,0.32897,24.297,-0.7876,-24.495,1.6584,-5.1052,1.1779,-33.378,-0.39866,0.13916,-0.033266,-0.90776,-0.1399,0.020641,0.062124,0.2695,25.556,-2.995,-33.615,3.0987,-4.6168,-1.7129,-32.394
10.1,-0.38135,0.16974,-0.040008,-0.90515,-0.14632,0.0025303,0.06817,-0.20616,23.307,-1.4724,-24.528,1.0403,-3.799,0.71887,-35.09,-0.38012,0.15278,-0.060136,-0.89832,-0.14074,0.02042,0.074767,0.55368,26.079,-1.0611,-34.504,0.62157,-3.035,0.71905,-32.2
10.2,-0.37811,0.17014,-0.045161,-0.89793,-0.13526,0.0098664,0.070427,1.4982,25.886,-1.6959,-25.892,0.063409,-3.9668,2.1644,-31.15,-0.36604,0.1356,-0.057508,-0.91435,-0.14242,0.024092,0.058145,-0.73143,25.602,-3.182,-33.384,-0.16733,-3.691,-0.055448,-34.791
10.3,-0.36068,0.18592,-0.040436,-0.91733,-0.13715,0.012136,0.061873,0.26277,25.818,-0.26069,-27.945,1.7635,-0.49325,1.9812,-32.455,-0.35529,0.15586,-0.081985,-0.91801,-0.14672,0.027642,0.054839,2.1461,26.16,-1.9115,-35.072,1.5589,-2.679,1.2935,-33.088
10.4,-0.37361,0.18298,-0.052494,-0.91649,-0.13636,0.010219,0.062793,0.0093858,29.12,0.23162,-27.653,1.7234,-4.0454,1.6047,-29.453,-0.35283,0.14208,-0.061595,-0.91375,-0.13948,0.030964,0.06495,1.7139,27.179,-1.6321,-36.162,1.6063,-2.5189,0.50175,-32.575
10.5,-0.3576,0.17917,-0.051918,-0.91819,-0.14097,0.01898,0.073069,0.50616,26.346,-0.73248,-28.945,0.55809,-0.75641,1.688,-28.805,-0.35497,0.14618,-0.060388,-0.92405,-0.13745,0.024233,0.061106,0.81591,25.207,0.78068,-34.804,1.2467,-1.9054,0.44275,-33.111
10.6,-0.33499,0.17606,-0.03332,-0.90146,-0.14936,0.013627,0.062677,0.83006,26.408,-0.354,-31.687,0.91864,-1.8213,-0.89069,-31.427,-0.34462,0.14729,-0.095983,-0.92384,-0.14116,0.034995,0.061075,0.65876,26.742,-1.4806,-36.188,2.4443,-1.3129,0.4659,-33.639
10.7,-0.34985,0.18029,-0.061911,-0.92026,-0.13939,0.017756,0.061729,2.3537,24.967,-2.2088,-29.281,0.92505,-1.2802,-0.58488,-31.81,-0.33701,0.1502,-0.078043,-0.93201,-0.14256,0.040054,0.059652,1.0474,26.345,-2.4453,-38.473,-0.3733,0.10801,0.096149,-31.774
10.8,-0.29952,0.19202,-0.074491,-0.93573,-0.14074,0.019475,0.065208,-0.88379,30.681,0.264,-28.995,1.5146,-0.30363,-0.53082,-30.584,-0.3423,0.14883,-0.072918,-0.9454,-0.14294,0.040156,0.05284,1.3962,27.341,-0.54315,-36.671,1.1617,-0.84209,-0.53034,-32.36
10.9,-0.32748,0.18546,-0.050734,-0.90483,-0.14377,0.02029,0.061917,1.0373,27.633,-1.1441,-29.67,0.80221,0.020302,0.65566,-29.059,-0.31063,0.15209,-0.088578,-0.9352,-0.14108,0.034246,0.060472,0.27365,27.056,-2.2109,-38.379,0.29332,1.0866,-0.15507,-33.162
11,-0.32974,0.19885,-0.046937,-0.93327,-0.15133,0.009665,0.052349,-0.21611,28.733,-0.80135,-30.225,1.4079,0.36686,1.7313,-31.101,-0.32319,0.15142,-0.094832,-0.92384,-0.1391,0.045555,0.055176,0.84513,25.796,-1.8441,-37.087,2.6657,1.0584,-0.060618,-31.908
11.1,-0.29477,0.19718,-0.05412,-0.92574,-0.13883,0.024013,0.060752,0.95352,27.895,-1.1232,-30.007,0.67878,1.1621,-0.434,-30.092,-0.30726,0.13781,-0.097554,-0.92495,-0.14732,0.049218,0.057774,-0.01013,28.327,-1.9864,-37.376,0.83756,2.3966,0.77177,-30.2
11.2,-0.31289,0.18626,-0.070236,-0.9363,-0.13739,0.020867,0.063411,1.943,28.584,-1.1664,-30.561,1.072,-1.9299,0.64387,-29.602,-0.31813,0.16971,-0.064297,-0.93354,-0.14214,0.036835,0.060943,1.6163,29.201,-3.2518,-38.169,-0.77535,0.52614,-0.38891,-30.465
11.3,-0.28842,0.19353,-0.060833,-0.93648,-0.14957,0.024538,0.058855,1.0051,28.128,-1.7171,-31.927,0.55928,1.5344,0.63168,-29.915,-0.29509,0.14806,-0.081758,-0.94987,-0.14993,0.050957,0.057223,1.8626,27.657,-1.5918,-38.048,0.82088,2.3183,1.3968,-30.366
11.4,-0.2822,0.17204,-0.053787,-0.93957,-0.14059,0.025358,0.056921,2.5161,28.811,-2.1434,-32.355,-0.5107,1.4959,1.7968,-29.686,-0.28967,0.14897,-0.1015,-0.94265,-0.14542,0.039784,0.04893,-0.48382,28.645,-2.5284,-38.905,-0.21688,-0.10594,1.0523,-29.764
11.5,-0.28438,0.18915,-0.071209,-0.93567,-0.13619,0.024639,0.054146,0.93445,28.483,-2.4151,-30.746,1.6405,1.2222,0.82632,-29.647,-0.29037,0.13666,-0.10164,-0.95593,-0.15708,0.04423,0.050937,-0.098394,29.768,-1.2509,-40.836,2.0457,3.0735,0.81824,-29.913
11.6,-0.25952,0.18639,-0.046861,-0.95059,-0.13246,0.031614,0.044069,1.5666,26.77,-1.4214,-32.856,-0.22949,1.8677,1.1277,-27.103,-0.26508,0.15444,-0.096601,-0.93193,-0.14714,0.050021,0.04484,1.3353,29.327,-2.7008,-41.762,1.7165,3.0193,2.5914,-30.345
11.7,-0.26241,0.19646,-0.065515,-0.94266,-0.13645,0.026983,0.043518,2.6358,27.326,-2.2785,-33.333,0.1271,0.94573,-0.62522,-28.576,-0.24122,0.14055,-0.10258,-0.95476,-0.14231,0.053533,0.041872,0.30567,29.226,-0.93941,-42.768,0.41743,6.0729,0.7289,-28.973
11.8,-0.24551,0.1824,-0.091073,-0.94519,-0.14712,0.039264,0.036827,0.48712,28.029,-0.26212,-34.232,-2.2121,0.044859,0.36065,-27.879,-0.25638,0.14169,-0.10719,-0.95782,-0.14984,0.053289,0.04607,1.2,29.118,-0.77655,-42.323,1.6759,2.7091,0.23796,-28.367
11.9,-0.25395,0.18485,-0.066414,-0.94323,-0.14849,0.023382,0.040391,1.9139,28.981,-1.4554,-34.328,1.0741,2.8291,1.3321,-26.008,-0.2444,0.14661,-0.10366,-0.96434,-0.14191,0.049932,0.053915,1.3057,29.436,-1.3764,-42.228,0.6453,2.3967,1.1991,-29.785
12,-0.23631,0.18668,-0.082751,-0.95082,-0.14506,0.038898,0.032239,0.019582,30.34,-0.35213,-36.141,0.18765,1.2634,0.91054,-27.531,-0.25276,0.13286,-0.10531,-0.9498,-0.14085,0.058225,0.042216,-0.66147,28.214,-0.44761,-42.691,0.67116,3.439,0.15492,-30.792
12.1,-0.24288,0.17764,-0.080109,-0.93995,-0.14513,0.033797,0.043611,1.7893,29.371,-1.3056,-35.079,2.3395,1.5105,1.9315,-27.379,-0.22424,0.13339,-0.12367,-0.96512,-0.14496,0.050645,0.047165,1.3428,31.008,-1.8744,-42.956,-0.053185,3.2947,0.8081,-27.719
12.2,-0.2393,0.19378,-0.074276,-0.95958,-0.13787,0.036794,0.046606,-0.14446,29.442,-1.4632,-34.596,-0.12536,2.1562,0.61123,-25.49,-0.22205,0.13196,-0.09013,-0.95686,-0.14663,0.061872,0.043118,-0.71015,29.661,-2.3304,-42.054,0.18772,2.3629,0.89682,-26.348
12.3,-0.22061,0.18498,-0.085964,-0.95466,-0.13706,0.029035,0.040224,-0.8664,32.388,-2.0965,-37.062,0.07832,4.2246,-0.77253,-24.874,-0.22924,0.13497,-0.11167,-0.94947,-0.1494,0.062345,0.047841,1.3411,30.494,-2.3198,-42.923,2.5238,5.6442,-0.18504,-27.591
12.4,-0.20885,0.17507,-0.079388,-0.95492,-0.14966,0.041376,0.043897,2.4474,31.443,-2.2604,-35.783,1.6512,1.9593,0.25385,-26.493,-0.21663,0.13909,-0.11273,-0.94743,-0.14793,0.060152,0.040665,1.9012,30.45,-2.6931,-43.624,0.48082,4.4436,1.0314,-27.817
12.5,-0.22365,0.19277,-0.088943,-0.94374,-0.14717,0.030345,0.03744,1.2558,30.144,-3.0097,-36.751,0.92024,2.8077,2.1653,-25.819,-0.18426,0.11966,-0.11507,-0.9628,-0.14685,0.064171,0.041834,0.92043,32.868,-1.7138,-43.874,0.58911,3.8066,0.30833,-26.566
12.6,-0.20796,0.1642,-0.075466,-0.97013,-0.14923,0.043472,0.03936,0.41914,31.144,-2.1033,-37.84,-0.15362,3.6399,-1.0178,-26.017,-0.18789,0.13057,-0.11238,-0.95868,-0.14315,0.056761,0.034847,0.7917,32.424,-1.5834,-46.866,-0.049448,5.0942,0.96973,-25.144
12.7,-0.19025,0.18685,-0.086301,-0.9723,-0.13967,0.045407,0.032072,0.41885,31.554,0.65073,-37.746,-1.152,4.6296,0.82872,-25.533,-0.18563,0.14256,-0.12299,-0.962,-0.14494,0.075501,0.044395,-1.0209,30.483,-1.1495,-47.106,0.17282,5.3736,0.63395,-26.911
12.8,-0.18946,0.16305,-0.090338,-0.98394,-0.14418,0.049987,0.024593,0.63899,31.053,-2.0247,-36.657,1.9277,3.8254,1.234,-24.527,-0.17692,0.13975,-0.12106,-0.97431,-0.14636,0.068876,0.040426,2.1555,30.584,-1.3151,-46.555,2.142,5.3038,-1.089,-26.307
12.9,-0.18132,0.18557,-0.080901,-0.94283,-0.15095,0.043433,0.035353,0.35689,32.744,-2.2722,-36.953,-0.92723,4.0406,-0.65189,-24.127,-0.17395,0.12812,-0.1196,-0.97725,-0.15255,0.064383,0.031688,-0.55242,31.623,-1.0343,-47.107,0.32408,3.7735,0.31548,-24.471
13,-0.17973,0.17235,-0.10911,-0.95825,-0.15195,0.046468,0.0386,0.088239,34.02,-1.299,-36.673,0.49483,5.8415,0.68521,-25.066,-0.1729,0.11548,-0.10783,-0.96769,-0.15323,0.069722,0.035768,0.058137,31.675,-3.1753,-47.56,2.4708,3.0149,2.124,-25.585
13.1,-0.15691,0.17257,-0.082882,-0.96167,-0.13479,0.046049,0.032646,0.68196,31.95,-2.3804,-37.932,0.15253,6.2601,0.086737,-25.355,-0.15787,0.11642,-0.12896,-0.97258,-0.14869,0.075315,0.034456,-2.1722,34.565,-0.16195,-48.966,1.0803,6.5183,0.27854,-25.743
13.2,-0.16817,0.18404,-0.086259,-0.97489,-0.14841,0.048148,0.014855,-0.94352,33.106,0.16115,-38.644,1.0742,5.6606,2.6349,-25.068,-0.14454,0.12656,-0.13881,-1.0048,-0.14681,0.084547,0.025033,-0.040813,30.848,0.94467,-49.762,1.6199,7.2919,1.1476,-24.461
13.3,-0.14076,0.17899,-0.089703,-0.97584,-0.1458,0.052593,0.042736,0.66075,32.31,0.70101,-40.064,-1.0234,5.3558,0.24691,-22.431,-0.11318,0.10834,-0.11649,-0.98395,-0.14298,0.067796,0.029845,-0.9103,33.139,-2.574,-49.342,-1.648,6.9451,0.38793,-25.711
13.4,-0.13808,0.1673,-0.095092,-0.96184,-0.14618,0.047219,0.026013,-1.7679,30.712,-1.4975,-40.137,1.3236,4.6591,-0.11447,-24.717,-0.13801,0.095776,-0.12172,-0.99124,-0.14981,0.07779,0.023336,-0.51589,33.144,-1.5013,-48.542,1.3898,7.3013,1.3885,-22.604
13.5,-0.13035,0.1568,-0.089597,-0.97637,-0.14156,0.045802,0.034162,-2.5644,32.357,-2.1223,-39.085,1.4368,7.5345,1.6843,-23.441,-0.13576,0.095362,-0.11892,-0.98506,-0.14035,0.077831,0.02263,-1.435,30.786,-0.77849,-49.626,0.29425,8.1996,0.68429,-25.54
13.6,-0.11361,0.14715,-0.086505,-0.96208,-0.14164,0.058116,0.027053,0.15007,32.808,-1.8736,-39.477,0.34645,8.0116,0.49768,-22.812,-0.11328,0.11183,-0.12212,-0.97958,-0.13286,0.068755,0.028027,-0.39346,31.119,0.45703,-50.598,1.123,6.3182,0.56825,-22.04
13.7,-0.1175,0.17386,-0.082917,-0.97306,-0.14273,0.065871,0.022962,-1.3174,30.155,-3.3849,-41.006,0.98944,7.1437,-0.11234,-23.326,-0.10967,0.096472,-0.12872,-0.96738,-0.14284,0.083967,0.018747,-2.1175,29.564,-1.7242,-52.801,0.58181,6.794,1.0828,-23.851
13.8,-0.11395,0.15133,-0.072658,-0.96781,-0.13731,0.065406,0.025344,-1.4442,31.758,-3.0583,-42.48,2.4465,6.8318,0.31909,-21.179,-0.10231,0.087741,-0.11925,-1.0022,-0.14009,0.084702,0.028834,0.7613,30.895,-1.2695,-51.434,-0.49583,8.1964,0.20778,-22.122
13.9,-0.10012,0.14865,-0.077915,-0.99016,-0.13241,0.059494,0.018983,-2.0042,30.368,-1.7421,-42.783,0.080857,8.064,-0.6084,-21.08,-0.097683,0.089269,-0.13462,-0.98233,-0.13897,0.08372,0.022593,-1.4889,30.523,0.20627,-53.667,0.47808,8.775,-0.43909,-23.129
14,-0.10601,0.15286,-0.088108,-0.97558,-0.12347,0.06314,0.022579,-3.2486,30.008,0.15452,-40.042,2.7727,7.4538,1.2222,-20.404,-0.085453,0.092941,-0.12549,-0.98343,-0.13669,0.091404,0.020895,-0.45103,28.801,-1.5077,-53.814,1.1744,8.2828,2.1482,-23.996
14.1,-0.088253,0.14395,-0.077153,-0.97589,-0.13586,0.071579,0.023262,-0.47196,29.715,-1.6203,-42.652,0.32736,7.9859,1.7419,-18.99,-0.072525,0.10464,-0.1206,-0.98947,-0.13499,0.08953,0.014906,-0.98748,27.751,-1.2729,-53.56,0.4848,10.013,0.50371,-22.247
14.2,-0.079612,0.1498,-0.086283,-0.99645,-0.11953,0.057891,0.020852,-1.3499,28.133,0.18914,-44.504,3.1853,8.2169,0.48038,-20.432,-0.061869,0.078381,-0.11614,-0.98715,-0.12857,0.10281,0.023962,-1.0462,30.552,-0.369,-53.169,-1.1786,10.406,0.27246,-20.346
14.3,-0.091491,0.162,-0.083691,-0.98616,-0.12864,0.063034,0.014269,0.58916,28.643,-1.0018,-44.837,2.0336,9.6785,2.7635,-20.694,-0.061922,0.082601,-0.10253,-1.0069,-0.13073,0.090113,0.011175,-3.9975,30.21,-0.16048,-53.957,0.61222,8.6197,0.32882,-20.199
14.4,-0.052358,0.15356,-0.058824,-0.99488,-0.13106,0.06942,0.021944,-2.1031,28.024,-1.7433,-42.978,0.96556,7.6751,2.4841,-19.96,-0.046413,0.090645,-0.11649,-0.98188,-0.11731,0.089929,0.0070222,-0.66227,27.734,-0.95369,-51.473,-1.1769,9.8754,0.16437,-21.378
14.5,-0.033339,0.13916,-0.077697,-0.98551,-0.1146,0.071364,0.012197,-1.0846,28.953,-0.67107,-46.414,0.52148,8.9462,1.6445,-18.04,-0.032393,0.080454,-0.12348,-0.9862,-0.1295,0.090015,0.019533,-2.5555,25.813,-0.59965,-52.474,2.0015,9.7529,2.0906,-18.921
14.6,-0.055236,0.14214,-0.070476,-0.97615,-0.13007,0.069404,0.0093646,-0.17422,26.49,-1.2938,-44.426,0.38767,8.5597,1.8793,-18.254,-0.037017,0.062046,-0.13572,-0.97397,-0.12313,0.09575,0.014084,-1.732,27.812,0.75234,-52.411,1.8384,11.36,0.95572,-21.293
14.7,-0.062863,0.13457,-0.090316,-0.98569,-0.12631,0.065515,0.011812,-1.7894,28.01,-1.0833,-46.023,-1.1561,8.6489,0.54664,-18.595,-0.055578,0.059033,-0.13895,-1.0131,-0.11878,0.096382,0.010213,-0.26279,26.427,0.60431,-52.698,1.6136,10.669,-1.0841,-20.348
14.8,-0.053287,0.11536,-0.090567,-0.98777,-0.11676,0.080145,0.0067651,0.54819,27.119,-2.2066,-45.599,1.308,9.3723,0.48809,-17.964,-0.016607,0.052164,-0.13611,-0.99766,-0.12029,0.094889,0.0029239,-2.1793,26.441,0.71471,-53.139,2.335,9.9085,0.38047,-19.34
14.9,-0.046179,0.13223,-0.087155,-0.99684,-0.11492,0.066422,0.012149,-0.17015,25.482,-1.1304,-45.685,0.091532,10.021,2.2264,-19.015,-0.012155,0.074021,-0.1282,-0.99005,-0.11826,0.092676,0.014485,-2.4004,27.843,-0.61148,-53.792,-0.72633,12.228,1.2974,-18.224
15,-0.034974,0.11948,-0.076475,-0.99426,-0.12509,0.087313,0.0087098,-1.7256,24.688,-1.9873,-46.964,0.80674,9.3346,0.26581,-17.29,-0.024695,0.056253,-0.13486,-0.99374,-0.12069,0.09045,0.0067639,0.12818,23.809,-0.46565,-53.369,0.94476,10.63,0.56065,-19.225
15.1,-0.013176,0.13378,-0.092945,-0.98369,-0.1136,0.081222,0.0085868,-1.6328,26.107,-0.40587,-46.728,1.8787,9.7317,0.014715,-18.694,0.0058291,0.050441,-0.13426,-0.97999,-0.12091,0.090683,0.0060322,-1.3157,25.878,-0.60755,-50.824,2.0287,10.887,0.41178,-19.849
15.2,-0.03276,0.12239,-0.073776,-0.97477,-0.10921,0.089959,0.010707,0.82682,24.512,-1.0537,-46.789,2.1667,10.163,0.29428,-17.97,0.0042716,0.05596,-0.13232,-0.99829,-0.11345,0.084891,0.009992,-1.6075,24.635,-1.2882,-52.427,0.45356,10.25,1.631,-16.703
15.3,-0.011805,0.13908,-0.082534,-0.97008,-0.10877,0.077713,0.010378,-1.3454,22.342,-0.4113,-47.267,0.46168,11.199,1.8283,-16.704,0.0047969,0.038509,-0.1282,-0.97996,-0.11539,0.094473,-0.0009417,-1.274,21.613,-0.17573,-51.934,1.6593,11.916,-0.70151,-19.07
15.4,0.0089238,0.11709,-0.097862,-0.98517,-0.098429,0.084054,0.010584,-2.888,23.128,-1.6076,-49.005,1.285,10.578,-0.18452,-14.773,0.012613,0.046469,-0.13152,-0.9868,-0.11475,0.082307,0.0021703,-2.517,24.752,-0.85347,-51.649,-0.35223,10.801,3.0463,-18
15.5,0.0053315,0.11335,-0.075888,-0.99142,-0.10825,0.080563,-0.0033705,0.55942,22.266,-2.1026,-47.098,0.70105,12.689,1.3798,-16.31,0.016412,0.045949,-0.14083,-0.9977,-0.10788,0.093477,0.0014931,-1.3478,23.276,-0.82838,-51.653,1.1752,14.033,2.0795,-16.138
15.6,0.01285,0.1196,-0.063033,-0.97385,-0.10336,0.088782,-0.00021603,-2.7105,22.328,-0.60638,-48.621,-0.16553,12.414,1.7115,-16.617,0.021416,0.034514,-0.13646,-0.98705,-0.098073,0.085082,-0.000688,-1.4571,22.51,-2.2127,-50.935,1.4401,12.882,0.623,-16.702
15.7,0.018815,0.10112,-0.1025,-0.99589,-0.092102,0.088123,0.0026853,-0.91169,21.712,-1.7955,-48.256,0.15626,12.826,1.6085,-14.379,0.0058203,0.011822,-0.14078,-0.97263,-0.10541,0.097004,0.0021013,-0.88354,23.736,-0.68355,-51.377,0.41917,12.586,2.1425,-16.466
15.8,0.018735,0.11135,-0.067546,-0.99519,-0.087785,0.086777,-0.0031624,-0.34454,21.51,-1.038,-48.286,-0.33932,12.101,1.6558,-15.114,0.043075,0.039999,-0.13793,-1.003,-0.095086,0.094018,-0.011689,-0.98024,21.132,1.861,-49.748,1.5751,12.346,0.21768,-15.913
15.9,0.009186,0.11078,-0.077103,-0.99393,-0.090488,0.089356,0.001922,-3.5255,20.555,-0.25852,-48.98,0.14033,14.289,1.5171,-13.34,0.040929,0.041323,-0.13808,-0.99499,-0.098069,0.088722,0.002634,-1.0746,21.034,1.013,-53.527,1.2567,13.091,1.6472,-16.736
16,0.014002,0.10488,-0.064873,-0.99322,-0.093101,0.088075,-0.0035742,-0.68655,21.503,-0.67246,-49.204,1.0579,13.841,0.86691,-13.956,0.035756,0.020982,-0.14941,-0.99453,-0.088118,0.083727,-0.0032097,0.92919,20.469,0.80067,-51.39,2.7059,15.202,1.8088,-15.211
16.1,0.043019,0.059336,-0.062781,-1.0027,-0.090561,0.08787,-0.00070079,1.0753,19.801,-0.61141,-49.877,0.41207,13.876,0.71855,-13.964,0.041922,0.020876,-0.1322,-0.97796,-0.083414,0.089903,-0.0053553,-0.92601,20.868,1.1041,-50.25,1.7754,13.38,1.1755,-16.066
16.2,0.022437,0.081442,-0.071676,-1.0045,-0.094977,0.093068,-0.013484,-0.34269,21.106,-0.014717,-49.949,-0.41791,11.269,0.25387,-13.406,0.048844,-0.0057452,-0.11941,-0.98751,-0.093361,0.087638,-0.0097666,-0.22451,19.822,0.37018,-50.352,0.22566,14.203,0.53171,-15.456
16.3,0.042491,0.093015,-0.075622,-1.0036,-0.085921,0.098743,-0.0050312,-1.2287,18.163,-0.71061,-50.331,0.32913,13.554,0.59776,-12.533,0.046413,-0.0058273,-0.15054,-0.99585,-0.087582,0.09498,-0.013014,-0.10491,19.183,1.5522,-49.124,2.0937,14.471,1.2148,-14.306
16.4,0.04072,0.088432,-0.091442,-1.0001,-0.083633,0.091916,-0.014323,-1.9557,18.951,-0.79064,-49.55,1.6647,14.712,0.80169,-13.7,0.07287,-0.018258,-0.12841,-1.0057,-0.082359,0.089789,-0.006787,-0.96567,18.9,0.67782,-49.401,1.4092,14.51,0.7441,-14.069
16.5,0.038345,0.054786,-0.057555,-0.98625,-0.079571,0.089836,-0.0085679,-0.14825,18.901,-0.38158,-50.712,1.6114,12.973,1.5356,-13.338,0.055522,0.0011324,-0.13556,-0.97298,-0.090346,0.097849,-0.0048093,-1.1392,16.972,0.54453,-49.484,2.139,16.53,1.109,-15.329
16.6,0.060336,0.068351,-0.082295,-0.99598,-0.077833,0.10552,-0.0046243,-1.0825,19.713,1.0498,-51.848,0.20236,14.51,-0.97629,-12.375,0.063752,-0.0029373,-0.13758,-0.97052,-0.076902,0.082776,-0.01437,-0.35012,17.49,0.2881,-49.114,2.0993,17.326,-1.3632,-13.873
16.7,0.049953,0.084287,-0.07469,-0.9965,-0.077705,0.088619,0.00037238,-1.042,19.006,0.24056,-48.263,0.52627,16.162,2.6757,-12.79,0.063566,-0.01559,-0.138,-0.97503,-0.078849,0.093113,-0.00055194,-0.89635,19.306,0.7976,-50.662,0.69365,16.018,0.90891,-14.781
16.8,0.042632,0.051842,-0.062115,-0.99412,-0.077424,0.092568,-0.011577,-0.51797,16.737,0.94585,-50.137,0.48658,16.433,0.35632,-11.873,0.091253,-0.0066206,-0.13727,-0.98898,-0.079031,0.087704,-0.0082719,-0.41439,16.429,1.607,-48.167,-0.73812,14.984,-1.0162,-14.574
16.9,0.053747,0.05342,-0.079038,-0.98721,-0.068358,0.089713,-0.014083,-0.1083,15.866,3.0305,-48.164,-0.16032,16.572,0.97771,-11.677,0.10776,-0.011842,-0.12041,-0.99332,-0.069048,0.089899,-0.0091783,-2.6886,19.014,2.0998,-47.848,1.5921,14.665,0.96877,-12.745
17,0.072001,0.04064,-0.065914,-0.98793,-0.066156,0.095055,-0.01264,-0.34551,17.118,1.705,-47.208,0.036193,14.203,0.5686,-9.6444,0.079924,-0.041227,-0.11955,-0.98027,-0.077308,0.083546,-0.01416,-1.2813,15.508,0.32139,-47.025,0.23778,16.747,1.8164,-12.903
17.1,0.074066,0.05502,-0.060929,-0.98875,-0.072676,0.095869,-0.022562,-2.0087,15.948,1.1962,-47.31,1.0036,15.938,0.73979,-13.114,0.082173,-0.017373,-0.11996,-1.0063,-0.064049,0.089653,-0.025778,-0.92544,14.956,-0.48376,-48.155,1.4767,17.358,-0.66535,-12.81
17.2,0.085826,0.057975,-0.061086,-0.97833,-0.068214,0.094129,-0.020868,-3.2228,15.412,1.0104,-49.48,1.2248,17.979,-0.51826,-9.3472,0.098339,-0.024874,-0.12171,-1.0109,-0.061407,0.085043,-0.020076,-2.8362,14.901,0.80805,-47.126,0.42161,16.544,1.4018,-12.794
17.3,0.087794,0.047508,-0.082764,-0.98749,-0.065465,0.090897,-0.022376,-1.7206,14.711,0.44266,-47.859,1.003,15.474,1.3474,-10.037,0.11189,-0.022637,-0.13609,-0.98218,-0.069444,0.081895,-0.021535,0.68239,15.046,0.6295,-48.768,1.213,17.339,0.62678,-10.953
17.4,0.080135,0.039981,-0.070986,-1.0085,-0.064687,0.082854,-0.013383,-2.6847,16.226,1.0251,-46.841,2.6696,16.812,2.417,-10.362,0.10681,-0.024461,-0.11644,-0.97282,-0.061207,0.091135,-0.011584,-1.7249,14.953,0.18618,-46.442,-0.49056,16.137,0.50894,-11.359
17.5,0.098203,0.0074458,-0.065859,-0.98976,-0.058122,0.091884,-0.015135,-1.0487,14.63,2.5371,-46.259,2.144,16.436,-0.66062,-8.6382,0.10163,-0.043542,-0.13908,-0.99554,-0.064515,0.077322,-0.024188,-3.3111,14.179,1.448,-47.748,1.267,15.525,2.4051,-13.096
17.6,0.09533,0.04911,-0.061289,-0.97601,-0.05357,0.086561,-0.020365,-3.5949,11.905,-0.85494,-45.366,0.11701,15.772,0.50388,-9.1812,0.10991,-0.053848,-0.12284,-0.98641,-0.064074,0.07713,-0.012373,-1.7991,12.386,0.10466,-46.621,-0.097546,16.483,1.2574,-10.628
17.7,0.098629,0.017088,-0.063678,-0.99946,-0.051942,0.078032,-0.023805,0.86581,14.64,1.5155,-46.788,0.95607,17.627,0.71713,-8.821,0.11266,-0.030765,-0.10503,-0.9916,-0.055131,0.089135,-0.020276,-0.70949,11.488,0.086569,-44.648,1.4795,18.273,-0.5478,-9.4265
17.8,0.10557,0.008675,-0.06017,-0.99057,-0.053457,0.086084,-0.026301,-1.6036,11.932,-0.033232,-46.433,1.1033,19.176,2.7897,-9.6593,0.12458,-0.046382,-0.11497,-0.99858,-0.061956,0.073013,-0.015706,-1.9551,13.133,0.76624,-46.594,0.71799,19.306,0.57631,-9.5304
17.9,0.089226,0.011723,-0.044952,-0.9886,-0.050537,0.090589,-0.024971,-1.0082,14.072,-0.2421,-46.632,0.9928,18.776,1.667,-8.4679,0.11008,-0.047454,-0.13709,-0.98688,-0.047322,0.076776,-0.024749,-2.2422,13.041,0.2324,-45.564,0.29079,19.942,1.5946,-10.711
18,0.099889,0.0070254,-0.066313,-0.99108,-0.042596,0.083016,-0.031506,-0.56752,10.266,1.5436,-46.544,1.191,16.736,2.1142,-6.6776,0.12042,-0.066141,-0.10196,-0.97512,-0.057163,0.075549,-0.02253,-0.92431,11.931,1.1631,-47.219,0.27075,17.707,2.1265,-9.5217
18.1,0.11397,0.012353,-0.050141,-1.0048,-0.051373,0.083144,-0.033891,-2.2344,10.599,-0.040559,-46.055,-0.81873,18.212,0.57208,-7.6703,0.10787,-0.062991,-0.097498,-0.97049,-0.048532,0.079617,-0.029757,-1.7553,11.298,-0.30024,-44.131,-0.66482,17.19,1.0729,-9.3597
18.2,0.10897,0.0073179,-0.060085,-1.0079,-0.044595,0.092031,-0.031513,-1.6012,9.993,1.3276,-44.214,-0.14428,17.772,-1.0547,-7.2447,0.13485,-0.047692,-0.11288,-0.98253,-0.045746,0.075209,-0.021312,-1.2386,9.0234,0.186,-46.512,-0.12966,19.514,2.1216,-7.9293
18.3,0.11644,-0.023318,-0.033304,-0.99193,-0.039362,0.08337,-0.03631,-1.0793,10.793,2.6443,-44.147,-0.9049,17.727,1.1226,-5.7344,0.14495,-0.058539,-0.099925,-0.98731,-0.046999,0.080713,-0.034117,0.96956,8.7794,-0.76741,-44.669,-0.59584,20.601,0.95161,-7.9885
18.4,0.11682,0.0003943,-0.042924,-1.0166,-0.042943,0.080057,-0.03424,-0.84246,11.462,1.178,-45.156,1.0714,17.793,0.86348,-6.3352,0.13887,-0.069702,-0.096699,-0.97175,-0.056096,0.080127,-0.039856,-1.8341,9.4693,-0.6064,-42.971,-0.21339,18.407,0.58009,-6.955
18.5,0.11575,-0.0027994,-0.039954,-1.0032,-0.048015,0.082282,-0.040388,-2.7585,8.9965,0.40862,-45.015,1.2274,18.187,1.6196,-4.4422,0.15896,-0.054987,-0.10798,-0.99891,-0.043442,0.077381,-0.035214,-1.6309,10.68,-2.4229,-43.611,-1.7402,20.347,0.91172,-7.7954
18.6,0.10018,-0.014331,-0.049821,-1.0094,-0.041557,0.087723,-0.035867,-0.14097,7.835,2.1363,-42.805,1.8415,19.201,0.98102,-6.1314,0.13923,-0.057826,-0.084538,-0.97976,-0.046022,0.076185,-0.026595,-0.080771,10.011,0.73274,-43.891,1.1945,20.061,0.16525,-8.8811
18.7,0.12787,-0.003795,-0.038764,-0.9934,-0.044807,0.090886,-0.033124,-1.452,10.737,1.0567,-43.437,-0.96639,18.81,1.8175,-6.029,0.13784,-0.085904,-0.10498,-0.994,-0.045911,0.086115,-0.032599,-0.52419,6.9572,2.1122,-43.756,1.8744,19.607,-0.30388,-8.0209
18.8,0.12689,-0.019107,-0.043066,-0.99201,-0.04247,0.077008,-0.026274,-1.3265,8.3262,2.119,-44.354,0.21738,17.66,-0.44432,-4.7763,0.14219,-0.087265,-0.10613,-0.97434,-0.033569,0.081337,-0.038023,0.051489,7.6669,-0.22892,-43.741,0.57382,21.74,1.208,-6.0734
18.9,0.1245,-0.030989,-0.04143,-0.99274,-0.035629,0.070709,-0.033899,-1.5193,7.456,0.20769,-42.83,-0.47128,17.355,1.6532,-4.8886,0.14899,-0.090749,-0.11075,-0.95625,-0.030664,0.0843,-0.036513,-1.272,8.196,1.3458,-43.22,1.3669,22.153,0.45039,-5.8821
19,0.1332,-0.025073,-0.044733,-1.0101,-0.030782,0.08126,-0.023555,-1.121,7.9719,1.3749,-42.689,0.059879,18.59,0.12114,-5.7683,0.14985,-0.086241,-0.10747,-0.98236,-0.028282,0.07736,-0.038045,-1.2684,8.6359,1.6149,-42.203,-0.074088,20.607,1.8087,-6.3564
19.1,0.13038,-0.028436,-0.020375,-0.98261,-0.040385,0.085168,-0.034452,-0.25104,8.3449,1.9024,-43.18,-2.3472,17.247,0.91475,-4.77,0.14374,-0.098463,-0.097629,-0.97452,-0.038045,0.078834,-0.040066,-2.2249,6.6201,-0.11713,-40.941,-0.18837,21.476,0.519,-4.7489
19.2,0.13957,-0.048962,-0.030366,-0.98665,-0.026565,0.073049,-0.037702,-1.9831,6.4601,1.3037,-41.798,-1.4029,17.276,0.97492,-3.7365,0.14607,-0.087488,-0.09649,-0.96687,-0.03558,0.073774,-0.032017,-0.89673,6.5408,2.7593,-40.759,-1.8773,21.326,0.67879,-5.4684
19.3,0.13681,-0.046179,-0.0064511,-0.98783,-0.030424,0.075895,-0.037972,-0.79574,4.2593,1.3619,-43.194,-0.20492,16.337,2.099,-4.8662,0.16066,-0.12008,-0.097964,-0.98904,-0.02376,0.083116,-0.038835,-2.3779,3.3918,1.6104,-42.048,-0.87105,20.136,2.1029,-4.6183
19.4,0.13476,-0.057477,-0.028366,-0.99893,-0.03065,0.079915,-0.043268,-1.9576,6.4191,1.3196,-40.151,-1.5317,19.225,-0.44938,-4.3898,0.16309,-0.11346,-0.090044,-0.96883,-0.021376,0.072715,-0.047784,-0.73211,5.5691,1.1039,-42.038,1.2824,20.346,0.38067,-4.2532
19.5,0.14008,-0.040539,-0.03557,-0.99119,-0.032835,0.078232,-0.03308,-2.2332,3.5746,0.12694,-38.879,0.2551,16.449,0.54688,-5.1234,0.15647,-0.10329,-0.082733,-0.96459,-0.02511,0.078025,-0.0426,-1.5678,5.4874,0.9302,-41.869,0.90629,22.573,0.70284,-6.0088
19.6,0.13408,-0.048844,-0.022411,-0.9998,-0.0102,0.074887,-0.038815,-2.7507,3.9737,1.7291,-41.073,0.50711,17.589,0.61557,-4.44,0.18393,-0.12274,-0.071705,-0.96712,-0.01724,0.070344,-0.042747,-2.8901,5.4592,0.97879,-40.749,-0.23637,21.57,1.1564,-4.4884
19.7,0.13578,-0.05264,-0.004495,-0.98234,-0.025898,0.076986,-0.029182,0.17703,4.7587,1.8862,-40.877,-1.1701,16.976,1.2244,-4.5728,0.16616,-0.1214,-0.079694,-0.96905,-0.0087302,0.069569,-0.039444,-1.6294,5.844,-1.0921,-42.949,0.99661,22.607,-0.18002,-2.4679
19.8,0.13479,-0.060272,-0.0092025,-0.97604,-0.015273,0.072791,-0.026504,0.85093,3.5456,0.0069367,-38.572,-0.73464,16.768,-0.2728,-3.4314,0.17266,-0.11469,-0.072358,-0.9788,-0.014931,0.078929,-0.045701,0.81493,2.7711,1.451,-40.791,1.545,24.571,-1.0707,-4.4987
19.9,0.13434,-0.064811,-0.012596,-0.97691,-0.017706,0.066098,-0.036206,-1.9464,3.8831,2.6256,-39.73,-0.28565,16.209,0.27311,-2.1365,0.15972,-0.11566,-0.0721,-0.99553,-0.015882,0.080111,-0.04106,-2.4268,4.6265,-0.44145,-40.479,1.5945,24.193,0.21438,-2.9553
20,0.11833,-0.069483,0.00064781,-0.99219,-0.014393,0.080347,-0.030234,-1.6754,2.4647,1.3982,-38.865,1.655,19.005,-1.047,-5.2496,0.16705,-0.12319,-0.057434,-0.98663,-0.026936,0.080547,-0.045198,1.1149,1.3066,0.031168,-41.643,1.6708,21.626,-0.008841,-4.7663
20.1,0.15166,-0.066796,-0.0079741,-0.9815,-0.016842,0.081067,-0.029338,-1.3678,4.0661,2.8706,-39.734,1.5392,16.928,-1.2959,-4.1214,0.15977,-0.14662,-0.063099,-0.97338,-0.0097511,0.071469,-0.029844,-0.79802,2.4226,-1.6536,-39.341,2.1431,24.186,0.31965,-4.0316
20.2,0.15172,-0.061822,-0.017863,-1.004,-0.016314,0.064894,-0.026709,1.8716,3.1751,1.7002,-37.494,-0.19825,16.275,-0.31043,-2.1446,0.19398,-0.14296,-0.066596,-0.96943,-0.0059326,0.077374,-0.049844,-1.9736,3.0123,0.20458,-40.689,0.59159,22.779,0.90365,-3.1465
20.3,0.14417,-0.063874,0.0026103,-0.9699,-0.021382,0.059149,-0.028542,-1.9308,2.4172,0.23212,-37.979,0.45072,15.413,-1.5835,-2.8912,0.16361,-0.13873,-0.067685,-0.95658,-0.0051201,0.077173,-0.047057,-0.71425,0.11305,-0.55595,-41.317,1.1866,22.708,-0.29022,-2.4119
20.4,0.14189,-0.08919,0.00033273,-0.98255,-0.011328,0.072762,-0.02332,-1.6074,2.892,1.3074,-37.173,-0.62802,18.078,-0.075845,-3.1719,0.16536,-0.14576,-0.055782,-0.97207,-0.0030716,0.070222,-0.039426,-1.4142,0.011982,1.1759,-39.019,-0.53346,21.631,-0.90744,-4.926
20.5,0.15435,-0.083119,-0.0022896,-0.98655,-0.0025456,0.05977,-0.023456,0.84986,1.6041,2.8417,-37.673,-0.3101,14.565,-2.1975,-5.9113,0.17245,-0.14571,-0.06919,-0.98477,-0.0050527,0.067042,-0.04927,-0.73419,0.98359,0.20635,-37.972,-1.3802,23.008,0.4785,-2.7446
20.6,0.16239,-0.085579,-0.027948,-0.9917,0.0043392,0.062391,-0.015407,-0.45022,-0.12424,0.23046,-37.872,0.92323,14.519,-1.5006,-4.5719,0.18109,-0.16103,-0.050306,-0.95398,-0.0032922,0.061198,-0.037297,0.31082,0.77784,1.6071,-40.166,-1.5496,22.969,-2.0774,-3.4664
20.7,0.15628,-0.10043,-0.0067241,-0.99077,-0.0036305,0.06649,-0.024892,-2.2236,-1.0803,0.18122,-38.593,-0.41911,15.008,0.028182,-4.7599,0.17422,-0.14691,-0.068294,-0.96968,-0.00030236,0.071053,-0.03754,0.095926,0.74843,0.6792,-39.002,0.74218,21.641,0.12807,-2.9656
20.8,0.15182,-0.088062,0.017482,-0.99771,-0.0011836,0.057229,-0.020154,-0.87046,-0.20693,0.59567,-37.744,-1.1903,15.052,0.0693,-4.9078,0.18215,-0.13858,-0.049339,-0.9642,-0.0019364,0.062707,-0.046028,0.32929,-0.47292,0.91695,-38.173,-0.64449,23.699,-0.91562,-3.6137
20.9,0.13718,-0.091091,0.0031632,-0.9958,-0.00039942,0.069916,-0.025064,-2.4752,0.26951,1.0139,-37.567,-0.88907,14.036,-0.46515,-5.6821,0.18942,-0.15045,-0.04917,-0.96585,0.0023615,0.068236,-0.035204,0.73767,0.071754,0.51857,-39.368,1.2577,22.14,-1.2586,-4.4523
21,0.13749,-0.08531,0.013147,-0.98731,0.0051942,0.058771,-0.015084,-1.4079,-1.9419,1.6879,-36.438,-1.4115,13.917,-0.56827,-7.1796,0.19145,-0.15531,-0.06113,-0.9532,0.0063857,0.065781,-0.042983,-0.4591,-1.2694,-0.48258,-38.69,-0.0087878,23.066,-1.768,-3.7597
21.1,0.15471,-0.10048,0.0038153,-0.98981,-0.0058826,0.056154,-0.0093681,0.73231,-2.2043,2.5179,-37.846,-1.2648,14.972,0.11736,-6.3206,0.16898,-0.1728,-0.042596,-0.96852,-0.0059798,0.058952,-0.044126,-1.3283,-1.5731,0.63372,-40.348,-2.2281,22.536,-1.1341,-4.3512
21.2,0.14542,-0.099259,0.0040463,-0.97353,-0.001207,0.054393,-0.018101,-1.6215,-1.0169,0.70261,-36.232,-1.2772,12.984,-1.5408,-5.3883,0.17434,-0.15593,-0.044479,-0.96036,-0.0014668,0.056584,-0.047209,-1.2244,-1.7528,0.67425,-38.75,-0.87353,21.236,-0.63927,-4.1832
21.3,0.13874,-0.10297,0.024344,-0.99372,-0.0032498,0.060317,-0.015592,-1.4373,-2.4091,-0.48898,-33.671,-1.0913,13.74,-2.9141,-5.836,0.18703,-0.15044,-0.031521,-0.98474,0.004868,0.079271,-0.03566,-0.48304,-1.3405,1.5904,-38.123,-0.030968,21.431,-0.23888,-3.973
21.4,0.14301,-0.11222,0.017751,-0.97276,-0.0037418,0.057622,-0.022039,0.082818,-1.7742,0.47452,-34.693,-0.66454,13.727,-1.8983,-7.2493,0.19169,-0.1679,-0.031372,-0.96624,-0.0068965,0.05203,-0.037613,-1.8186,-3.5406,-0.66694,-37.406,-0.13415,21.356,-0.77318,-5.3063
21.5,0.14894,-0.11362,-0.013336,-0.99621,0.0029574,0.053787,-0.0032316,-1.9043,-2.9119,-0.30085,-33.812,-1.0166,11.934,-0.58712,-8.4751,0.15304,-0.18059,-0.028602,-0.97338,0.010542,0.059167,-0.048085,-1.1947,-4.1909,0.6218,-37.785,-0.75142,22.432,-1.4818,-6.5307
21.6,0.14506,-0.11779,0.0072572,-0.9696,-0.0014948,0.054699,-0.0127,-0.43781,-3.7883,2.3835,-35.324,0.51824,10.995,-0.61966,-6.6473,0.17611,-0.18516,-0.0025135,-0.95667,0.0020829,0.057063,-0.029704,-0.261,-3.6324,0.66992,-37.382,-1.5269,20.848,-0.32052,-5.008
21.7,0.15407,-0.10029,0.013329,-0.98378,0.0059143,0.050368,-0.013146,-0.41971,-1.7826,1.282,-34.777,-1.3916,11.188,-1.0757,-5.2234,0.17831,-0.16007,-0.025801,-0.96462,0.005403,0.05103,-0.03244,-2.1908,-3.7854,0.39809,-36.653,-0.19954,23.836,-1.8054,-6.2535
21.8,0.17018,-0.11643,0.019583,-0.97818,0.0046717,0.051273,-0.0033441,0.14632,-5.0778,1.3496,-32.926,-0.85627,11.05,-0.83367,-8.6438,0.17104,-0.18773,-0.021467,-0.99135,0.004617,0.060902,-0.038802,-0.28597,-2.825,1.4272,-37.017,0.63233,23.693,0.074752,-6.362
21.9,0.15471,-0.11163,0.020972,-0.96691,-0.0033266,0.042499,-0.00094624,-0.88039,-3.1297,0.60617,-35.127,-0.77614,10.816,-0.1837,-6.154,0.15971,-0.18145,-0.0061521,-0.97367,0.0048148,0.056704,-0.036596,-2.2326,-4.8525,-0.22544,-36.77,-1.2228,19.679,-0.35223,-6.8332
22,0.12142,-0.11313,0.012911,-0.99504,0.011459,0.042817,-0.0070454,0.16439,-4.977,-0.26735,-33.402,0.039042,12.718,0.15516,-7.5011,0.17521,-0.18844,-0.02432,-0.97115,0.011107,0.055785,-0.03777,-2.4059,-4.6444,0.8499,-36.674,-0.24474,20.703,-0.56654,-7.5076
22.1,0.12568,-0.12039,0.015273,-0.97422,0.018149,0.042954,-0.014329,-1.8041,-6.1473,2.5524,-31.925,-0.82921,11.326,-1.694,-6.8933,0.1872,-0.18743,-0.017798,-0.96535,0.018862,0.057245,-0.032527,-0.53255,-5.6753,0.21118,-37.491,1.6202,21.52,2.5245,-5.9385
22.2,0.14913,-0.12064,0.0091707,-0.98843,0.0026783,0.036681,-0.012708,-0.23113,-6.4461,1.722,-33.411,-1.1938,9.9743,-2.34,-7.4316,0.17411,-0.18244,-0.0080398,-0.95773,0.010719,0.058173,-0.031666,-1.1508,-6.5328,0.31509,-35.38,-0.95459,18.863,-1.348,-7.9027
22.3,0.1524,-0.11521,0.023075,-0.97189,0.0091619,0.040881,0.0020501,-1.3916,-6.9508,-0.49541,-30.848,0.79886,10.907,0.71628,-6.5901,0.18458,-0.21319,-0.022509,-0.95714,0.019263,0.048225,-0.031387,-1.7033,-6.5873,0.070943,-35.599,-1.476,21.704,-1.1423,-7.8315
22.4,0.12752,-0.12856,0.012809,-0.99803,0.0052466,0.038646,0.0093893,0.048524,-5.9246,2.6058,-32.657,-0.11923,8.8386,-1.2172,-9.4026,0.1887,-0.20446,-0.012163,-0.96202,0.012418,0.046434,-0.023424,-0.20667,-6.4948,0.45526,-35.294,-1.4728,21.923,-2.5543,-8.7282
22.5,0.12782,-0.13183,0.027309,-0.98822,0.008394,0.03878,-0.0055045,-1.6317,-8.5539,-0.16309,-29.975,-0.97106,10.094,-1.7919,-8.7893,0.16844,-0.19042,-0.0098858,-0.9648,0.013635,0.03944,-0.034682,-0.97583,-6.6325,1.5466,-34.633,1.0021,20.505,-1.1834,-7.7403
22.6,0.12504,-0.14453,0.015991,-0.98183,0.013833,0.036573,-0.0053569,-2.0918,-7.8555,0.90785,-32.456,-1.0974,9.8931,-0.023604,-11.49,0.16676,-0.19323,-0.00043412,-0.9694,0.016799,0.055867,-0.025487,0.65694,-7.4732,2.7334,-36.821,-2.0486,21.31,-1.6505,-8.866
22.7,0.14065,-0.12513,0.027915,-0.98307,0.010346,0.042844,0.0024358,-0.59267,-6.5077,1.4331,-31.242,-1.4704,9.4701,-1.7121,-8.8336,0.17977,-0.19839,-0.0030172,-0.95684,0.011588,0.046409,-0.017381,-1.5182,-6.0579,0.30496,-36.509,-2.4601,17.797,-1.0053,-8.7021
22.8,0.14927,-0.11573,0.012288,-0.97635,0.013473,0.035278,0.00045144,-1.3216,-8.551,1.4166,-31.095,3.1997,8.7313,-1.1731,-11.921,0.17326,-0.1845,-0.015538,-0.97647,0.017605,0.045764,-0.03277,-0.99998,-7.6443,0.74889,-35.679,-0.069768,19.069,-1.7708,-9.6641
22.9,0.13877,-0.14088,0.010454,-0.98756,0.0078414,0.025625,-0.0030113,-0.78952,-8.2466,0.37692,-29.654,-0.57495,8.4195,-1.2728,-12.667,0.16433,-0.18578,0.0073209,-0.95781,0.021187,0.045582,-0.020856,-1.5679,-7.3182,-1.0939,-35.882,0.2596,19.907,0.28876,-10.153
23,0.14023,-0.14678,0.039829,-1.002,0.016736,0.030641,0.0057385,1.0725,-7.975,-0.27689,-30.539,0.23613,8.03,-2.6499,-10.489,0.17235,-0.21353,0.033719,-0.97323,0.01324,0.039963,-0.012409,-0.99413,-8.4328,1.6568,-35.234,-1.6906,19.491,-3.1279,-10.03
23.1,0.14572,-0.12437,0.028463,-0.98077,0.018867,0.036284,0.012186,0.10141,-7.9071,-0.91032,-30.521,0.74893,8.1683,-0.52334,-10.659,0.19074,-0.19399,0.012787,-0.97839,0.020162,0.04111,-0.028934,-1.8093,-9.3133,0.45092,-33.074,-1.1668,18.378,-2.0245,-10.65
23.2,0.13118,-0.13315,0.052326,-0.97383,0.018732,0.033223,0.010815,-1.0166,-8.3674,-1.0159,-27.634,0.30421,8.5814,-1.5018,-11.707,0.17295,-0.2075,-0.0047727,-0.96096,0.016451,0.032268,-0.012795,-0.060056,-8.4797,-0.44634,-34.165,-1.3335,18.445,-1.4144,-12.063
23.3,0.13672,-0.13529,0.03107,-0.98857,0.014085,0.031036,0.012312,-1.4985,-9.3986,0.52165,-29.125,-0.42625,7.5923,-0.76452,-11.621,0.18433,-0.21551,-0.014625,-0.96379,0.023604,0.030207,-0.015645,-2.1616,-9.7736,0.35731,-32.731,0.38584,19.996,-2.5511,-12.419
23.4,0.12113,-0.13684,0.018441,-0.97759,0.010038,0.030015,0.01297,-1.0442,-8.61,0.63862,-29.65,0.56363,7.423,-0.96932,-12.419,0.1844,-0.20399,0.0017024,-0.96732,0.014108,0.038569,-0.014251,-1.3528,-9.1601,1.7595,-31.566,-0.3629,17.893,-2.0111,-13.803
23.5,0.11653,-0.15945,0.025048,-0.97681,0.021757,0.015333,0.0091109,-1.4384,-8.8613,0.99748,-28.638,0.85718,7.1177,0.7612,-13.375,0.17196,-0.22541,0.042655,-0.96096,0.025942,0.034837,-0.01366,-1.3956,-10.882,1.3993,-32.084,-2.1699,18.16,-1.2389,-12.393
23.6,0.12994,-0.1452,0.017039,-0.97586,0.027085,0.01955,0.012172,-0.60661,-11.441,-0.077349,-27.137,1.2441,6.96,-1.003,-13.227,0.17995,-0.22598,0.01652,-0.95039,0.018856,0.040756,-0.0096681,-0.47964,-10.775,0.010986,-31.564,-1.4597,19.183,-1.6566,-12.874
23.7,0.12302,-0.15264,0.0043611,-0.97336,0.017166,0.015015,0.003128,-1.781,-10.691,0.89226,-28.3,0.23352,6.8837,-1.4326,-12.062,0.16325,-0.20067,0.019604,-0.96041,0.022534,0.039735,-0.010346,-0.8615,-13.609,-0.61607,-31.173,-2.1412,16.658,-1.4379,-12.846
23.8,0.12245,-0.14539,0.024769,-0.96922,0.016985,0.021504,0.010361,-2.2747,-11.832,0.87831,-29.273,-0.31973,7.7183,-0.40215,-13.298,0.16025,-0.21586,0.013353,-0.95347,0.024221,0.027735,-0.021729,-1.3195,-13.257,0.91966,-32.197,-2.2914,17.046,-3.3729,-13.573
23.9,0.13379,-0.13609,0.024085,-0.97143,0.020568,0.020017,0.010348,-0.6181,-10.973,1.7974,-28.127,-1.3901,5.2197,-1.9642,-12.977,0.17178,-0.21687,-0.0065782,-0.97017,0.022577,0.023693,-0.0043667,-1.6074,-13.091,0.073038,-30.599,-1.017,17.699,-0.0095528,-13.568
24,0.10869,-0.15402,0.00044361,-0.9723,0.014005,0.016875,0.018984,-0.19701,-12.797,2.8271,-26.227,-0.86072,8.4331,-0.5463,-14.294,0.1502,-0.22608,0.0028209,-0.96451,0.023306,0.021493,-0.0086999,-2.3549,-13.284,0.60039,-30.493,-0.59678,17.336,-1.2839,-12.229
24.1,0.14195,-0.13968,0.020268,-0.98979,0.025865,0.013382,0.010142,-2.2907,-11.773,0.71293,-25.787,-1.9085,8.9844,-1.1761,-14.267,0.16679,-0.20095,0.017038,-0.95156,0.02658,0.010747,-0.010017,-1.6756,-13.021,0.73049,-32,-0.59401,15.253,-0.11499,-13.587
24.2,0.12258,-0.14579,0.022783,-0.97433,0.016389,0.0090853,0.018594,-1.4587,-13.806,2.0276,-26.734,0.75205,5.6047,-0.22038,-13.719,0.16226,-0.22859,0.021762,-0.96534,0.03168,0.022033,-0.012161,-0.46761,-11.667,1.7609,-29.987,0.54198,15.66,-1.9292,-15.168
24.3,0.1349,-0.16285,0.020634,-0.97574,0.028913,0.015178,0.010587,-1.2886,-12.328,-0.1371,-25.939,-0.91165,5.7159,-0.3211,-15.309,0.15337,-0.21882,-0.006781,-0.94199,0.03224,0.014698,-0.0073108,-0.34079,-14.496,1.7512,-31.014,-1.0742,15.215,0.0029367,-14.478
24.4,0.11897,-0.15612,0.025567,-0.98448,0.018392,0.012609,0.016479,-2.7234,-14.072,0.8817,-24.901,0.64957,6.0365,-1.3462,-15.379,0.15674,-0.22835,0.014197,-0.95695,0.030223,0.016897,0.0023977,-1.7207,-14.399,-0.43532,-31.572,0.054752,16.42,-2.0822,-14.349
24.5,0.12459,-0.16365,0.033777,-1.0057,0.021469,0.0091014,0.018777,-0.60394,-15.019,-1.3764,-26.96,-1.6983,5.8011,-1.9885,-15.376,0.15205,-0.23339,0.015974,-0.95997,0.026223,0.027859,-0.011249,-1.5805,-13.612,0.88573,-32.078,-0.52571,15.279,-1.3614,-16.096
24.6,0.12653,-0.16665,0.0055629,-0.98096,0.015882,0.00661,0.016838,-1.3694,-14.212,-0.52172,-25.494,0.68083,5.9294,-0.75542,-15.584,0.15163,-0.23213,0.025488,-0.96075,0.022995,0.012127,0.0010391,-1.4362,-15.451,1.0339,-30.056,0.12921,13.767,0.4238,-16.456
24.7,0.10806,-0.16441,0.010946,-0.99222,0.020914,0.0094964,0.027059,0.22223,-14.855,-0.57892,-24.824,2.0135,6.3842,-1.6244,-17.027,0.16278,-0.22945,0.013198,-0.97186,0.027396,0.018927,0.016822,-2.3618,-13.741,-0.76979,-31.362,-0.66643,14.84,-1.3016,-16.841
24.8,0.11532,-0.1576,0.01353,-0.97891,0.020656,0.0016269,0.03162,-1.6492,-16.429,1.3526,-24.061,2.4039,4.8606,-1.7702,-16.737,0.17291,-0.22693,0.0044512,-0.96265,0.029184,0.022754,-0.00040559,-2.7955,-15.731,1.1112,-28.141,-2.2406,14.736,-2.1905,-17.44
24.9,0.11495,-0.14713,0.022438,-0.98027,0.02748,0.0062053,0.020925,-1.494,-16.463,1.2403,-24.884,-0.036277,3.6589,-2.3004,-17.1,0.15092,-0.22546,0.0088696,-0.97851,0.024229,0.017673,0.0024155,-0.79375,-17.264,1.6686,-30.547,-1.1454,15.06,-0.48697,-17.085
25,0.12149,-0.15533,-0.0064782,-0.97917,0.029598,0.0050428,0.013501,1.1645,-17.081,1.2154,-24.719,-0.90393,5.4605,-0.59198,-16.229,0.14867,-0.23543,0.013745,-0.97022,0.028911,0.0069276,0.0020228,-1.4775,-15.464,-0.54351,-31.551,-0.029948,14.916,-0.4062,-19.004
25.1,0.099516,-0.15779,0.0037897,-0.98698,0.027553,-0.0038427,0.017629,0.29998,-17.096,1.7952,-24.221,0.99899,5.7841,-0.92198,-17.872,0.15404,-0.2466,0.017432,-0.954,0.023551,0.0186,0.0095543,-0.89918,-16.456,0.71045,-28.164,1.1371,13.403,1.9695,-18.759
25.2,0.092531,-0.16339,-0.0097482,-0.98412,0.025691,-0.0067332,0.026285,0.078311,-17.657,0.98523,-23.558,3.3347,4.8607,-0.4143,-18.816,0.15626,-0.2362,0.022115,-0.95923,0.035909,0.0087909,0.0059567,-1.754,-18.45,-0.040643,-29.335,-1.254,14.629,-2.7064,-19.464
25.3,0.086547,-0.16319,-0.013635,-0.9898,0.034639,-0.0040508,0.022451,-2.3282,-17.867,2.5551,-24.207,1.1826,5.7435,-1.1489,-18.546,0.13246,-0.23248,0.016379,-0.96888,0.029601,0.011498,0.0032997,-1.1605,-17.909,0.31005,-28.106,0.86666,12.533,-1.3695,-19.639
25.4,0.10169,-0.16869,0.0061174,-0.97259,0.041939,-0.0079541,0.019824,-1.396,-17.665,-0.5699,-23.51,0.74281,6.0526,0.41988,-17.142,0.14261,-0.23919,0.022658,-0.96137,0.028572,0.0094913,0.0081901,-1.8147,-18.508,-0.040273,-25.802,1.39,13.506,-2.7481,-18.088
25.5,0.11262,-0.14912,-0.0030156,-0.9797,0.031391,-0.00025445,0.023625,-0.61106,-17.841,-0.30666,-22.946,0.63535,4.5678,-0.23797,-17.704,0.14194,-0.2331,0.023937,-0.96979,0.030248,0.0095522,0.010743,-0.973,-19.531,1.4226,-28.465,-1.7799,12.397,-1.4158,-20.843
25.6,0.090204,-0.15682,0.0098793,-0.99203,0.031728,-0.0029472,0.031365,-0.35305,-17.633,3.1174,-22.534,1.0531,5.9706,0.13444,-20.431,0.15356,-0.22273,0.035538,-0.94524,0.039157,0.0025669,0.017051,-1.6703,-18.425,1.0401,-27.608,-2.3754,13.354,-3.4988,-18.807
25.7,0.087276,-0.15327,0.00081657,-0.97115,0.037993,-0.0058509,0.024549,-2.485,-19.158,2.3147,-21.849,2.656,4.8442,-0.098014,-19.525,0.14673,-0.2255,0.037603,-0.96049,0.0281,0.010202,0.014525,-0.80044,-18.422,0.84204,-28.048,-1.1608,13.351,-1.0622,-20.186
25.8,0.095131,-0.16698,0.0044924,-0.97894,0.037778,-0.01048,0.024103,-0.80338,-19.21,-0.55489,-22.595,1.9681,5.8618,-0.83527,-19.44,0.13586,-0.22737,0.015435,-0.97475,0.029156,0.0068681,0.0090636,-0.80066,-19.291,1.2211,-27.788,-0.26828,12.42,-0.28937,-22.93
25.9,0.10176,-0.17289,0.00015984,-0.98616,0.033778,-0.014683,0.022774,-0.23636,-18.77,0.95432,-20.811,1.3793,6.2204,-1.3519,-19.485,0.14769,-0.23587,0.016336,-0.97625,0.034369,0.001134,0.0069627,-2.3628,-19.248,3.0766,-27.882,-0.81291,13.087,-0.55565,-22.336
26,0.10763,-0.14085,0.0077121,-0.97903,0.048267,-0.0076964,0.02493,-0.9482,-20.687,-0.89471,-21.906,0.76015,5.8754,-0.93972,-21.002,0.13608,-0.23454,0.02114,-0.96776,0.034206,0.0063192,0.015536,-1.2585,-22.305,-0.53793,-28.798,-1.2321,10.877,-3.9409,-20.509
26.1,0.084855,-0.14615,-0.0044876,-0.9822,0.037217,-0.020383,0.026129,-0.29901,-18.385,0.085345,-20.332,-0.35361,7.4813,0.037817,-22.015,0.1352,-0.24702,0.0081692,-0.96013,0.037666,-0.0056975,0.023001,-1.7181,-21.052,0.46042,-26.872,2.2309,12.797,-1.1976,-22.812
26.2,0.089122,-0.15987,-6.4172e-05,-0.9928,0.040679,-0.019515,0.023846,-2.6216,-20.184,0.68228,-20.998,1.8107,6.8188,-0.80609,-20.158,0.14911,-0.25217,0.030653,-0.9714,0.040821,-0.0015414,0.016312,0.77099,-20.452,0.012501,-26.751,-0.56503,11.25,-1.1943,-23.901
26.3,0.078877,-0.16959,-0.006614,-0.98245,0.041329,-0.020037,0.029487,-0.63829,-20.955,1.0202,-20.117,2.6843,7.386,-2.437,-21.666,0.13006,-0.22437,0.020875,-0.97123,0.040964,-0.0015256,0.022097,-1.3923,-19.436,0.41004,-26.17,0.9304,11.791,-0.42934,-23.906
26.4,0.084789,-0.13563,-0.0017235,-0.99085,0.045566,-0.020701,0.017492,-0.81129,-22.988,1.842,-20.037,1.7726,7.6126,-0.91081,-19.98,0.12509,-0.22436,0.0065645,-0.95364,0.044625,-0.012274,0.024628,-2.0153,-21.337,1.3035,-26.795,-1.0901,11.935,-1.8217,-24.872
26.5,0.069454,-0.13512,-0.0028889,-0.98011,0.033089,-0.027705,0.03309,-0.53821,-21.332,1.111,-20.259,1.5801,7.5141,-0.7423,-23.894,0.11928,-0.23327,0.046503,-0.97556,0.042207,-0.0011125,0.022705,0.068089,-22.931,-0.86561,-24.674,-0.53131,11.473,0.83803,-23.67
26.6,0.074724,-0.13853,0.0018819,-0.98006,0.04113,-0.026421,0.026256,-2.5239,-21.949,0.65673,-17.942,-0.70935,8.4707,1.4302,-23.458,0.12436,-0.25105,0.018011,-0.95484,0.035609,-0.0070402,0.020342,-1.3418,-21.879,-0.003971,-27.273,1.3173,11.171,-0.25157,-25.558
26.7,0.074233,-0.16605,-0.02365,-1.0026,0.036217,-0.020399,0.016677,-0.9475,-24.402,-0.85946,-18.5,0.5127,8.3794,-2.3961,-22.117,0.11245,-0.24114,0.019062,-0.96054,0.04236,-0.0038189,0.018242,-1.6025,-24.517,0.51422,-26.065,-0.86955,11.702,-1.2493,-24.219
26.8,0.06018,-0.12851,-0.018898,-0.97258,0.043716,-0.035523,0.030615,-0.67528,-23.686,0.75808,-19.91,2.2848,8.608,-1.1561,-22.784,0.13914,-0.22658,0.0133,-0.96788,0.038662,-0.01073,0.027883,0.16146,-23.083,0.42582,-24.393,-1.044,10.649,0.55042,-24.89
26.9,0.071705,-0.14507,-0.015947,-0.99424,0.041896,-0.021868,0.019702,-1.2413,-23.159,0.033638,-18.918,1.4639,9.4832,-1.998,-25.584,0.12373,-0.23245,0.035536,-0.97802,0.048372,-0.0089609,0.025703,-3.514,-24.235,0.097763,-24.556,-0.31018,11.379,-2.0816,-26.452
27,0.074417,-0.12599,-0.017809,-0.98377,0.047698,-0.026439,0.036125,-0.62379,-24.142,0.12717,-18.307,1.4066,9.3067,-0.39317,-22.957,0.11738,-0.2361,0.013219,-0.97134,0.04739,-0.0044923,0.025361,-1.0634,-22.081,1.3781,-23.79,0.35393,12.086,-0.92802,-25.941
27.1,0.074662,-0.13746,-0.031415,-0.97877,0.04161,-0.028042,0.023556,-0.98933,-24.687,-0.20235,-17.205,-0.45561,7.8932,0.099529,-23.507,0.10324,-0.23757,0.014105,-0.97184,0.05395,-0.01197,0.024849,-1.9113,-22.762,1.6727,-23.284,0.46775,10.793,-1.4534,-26.647
27.2,0.060296,-0.15395,-0.012957,-0.98824,0.05319,-0.036878,0.028159,-1.337,-24.57,1.5216,-16.993,2.0568,8.2719,-0.71967,-22.853,0.11973,-0.24612,0.011724,-0.96605,0.039271,-0.011388,0.019488,-0.92181,-23.348,0.19085,-24.607,-1.7832,12.68,-2.1229,-25.773
27.3,0.060943,-0.13218,0.0083954,-0.98951,0.043284,-0.036401,0.035392,-1.4939,-23.728,1.6053,-16.874,2.6743,9.2174,-0.39274,-24.416,0.097302,-0.22121,0.034091,-0.94994,0.044896,-0.014429,0.027566,-1.5877,-25.904,0.28744,-25.732,-0.58022,9.779,-1.9857,-26.292
27.4,0.054977,-0.13893,-0.024294,-0.97226,0.046614,-0.032047,0.024547,-0.92592,-25.295,0.13214,-16.733,-0.42583,9.5964,0.53243,-23.818,0.11415,-0.24451,0.032836,-0.97072,0.053329,-0.020566,0.029292,0.10784,-27.668,0.55055,-23.376,-0.59846,10.105,-2.9667,-25.857
27.5,0.073201,-0.14033,-0.011032,-0.98086,0.041627,-0.03086,0.032181,-0.2433,-24.844,1.0283,-16.893,0.19116,8.7498,-2.2368,-25.072,0.09493,-0.2051,0.0031926,-0.97439,0.052065,-0.018448,0.036039,-1.5496,-27.007,-0.48071,-25.965,0.17095,11.637,-0.82488,-26.988
27.6,0.050014,-0.13788,-0.027543,-0.98614,0.048647,-0.032014,0.033686,-1.1143,-24.212,0.79553,-17.058,-0.76082,12.19,-0.3039,-25.1,0.10725,-0.23494,0.013973,-0.98234,0.047744,-0.019961,0.030068,-0.82359,-26.101,-0.12506,-22.108,-0.3391,11.387,-1.7944,-29.523
27.7,0.047878,-0.12247,-0.012293,-0.98305,0.043581,-0.03999,0.034618,-2.0137,-26.265,2.5362,-14.184,1.9645,12.395,1.2972,-25.464,0.09064,-0.20713,0.0097119,-0.9695,0.045521,-0.027214,0.030339,-0.63064,-28.56,0.41196,-23.604,1.8967,12.584,0.099944,-29.182
27.8,0.047842,-0.12204,-0.016373,-0.98987,0.051821,-0.0444,0.024861,-0.12111,-27.29,-0.86494,-15.183,0.16178,9.8485,0.26499,-25.389,0.087381,-0.22278,0.014296,-0.95318,0.048945,-0.022285,0.021764,-0.84342,-28.76,2.3071,-24.055,2.0073,10.732,-1.4972,-27.844
27.9,0.040873,-0.1319,-0.036112,-1.0021,0.046627,-0.041631,0.02949,1.8952,-25.979,1.2125,-14.361,0.76913,11.077,-1.5454,-25.523,0.083305,-0.23736,-0.0083203,-0.96089,0.048951,-0.02635,0.034216,-0.16757,-27.876,2.7852,-23.331,1.7588,11.922,0.47933,-30.51
28,0.051603,-0.10977,-0.0049012,-0.98999,0.040442,-0.038535,0.020738,0.63165,-26.586,0.66951,-15.236,0.54526,9.5038,0.26351,-27.161,0.08325,-0.2383,0.004617,-0.97139,0.057708,-0.022153,0.038401,0.88693,-27.628,0.36723,-24.363,-0.065678,12.033,-2.6322,-30.454
28.1,0.031306,-0.13243,-0.016112,-0.98425,0.04427,-0.041882,0.024117,1.322,-27.535,1.1392,-12.77,1.7071,12.881,-0.035032,-27.598,0.1104,-0.22992,0.0012972,-0.97801,0.044953,-0.033387,0.036051,-0.16111,-27.709,1.8233,-20.684,0.80124,12.761,-1.527,-28.719
28.2,0.057543,-0.14451,-0.030395,-0.98545,0.042449,-0.052131,0.022712,-1.4496,-25.919,1.5787,-13.198,0.50949,11.939,-1.2303,-25.471,0.08009,-0.2171,-0.0022956,-0.98536,0.058046,-0.028973,0.041002,-1.2548,-29.958,-0.25673,-20.889,2.344,12.678,-0.72086,-30.042
28.3,0.054798,-0.11808,-0.035271,-1.0108,0.041619,-0.04549,0.022752,0.37259,-25.718,3.1062,-13.918,-0.16096,12.003,-1.3827,-25.829,0.078315,-0.24104,0.010521,-0.96796,0.048231,-0.026586,0.035528,-0.86986,-28.813,-0.040335,-21.709,-0.27581,13.055,-0.73343,-31.253
28.4,0.039929,-0.11665,-0.035896,-0.99845,0.038405,-0.051097,0.019483,-1.4318,-26.062,2.4404,-14.91,1.6623,12.59,0.70263,-27.902,0.08268,-0.23285,-0.0053677,-0.96021,0.051508,-0.023604,0.030821,0.53381,-30.073,-0.84336,-20.664,1.5609,12.775,-2.5355,-31.562
28.5,0.039449,-0.1237,-0.030651,-0.97918,0.048371,-0.049488,0.0303,-0.17252,-26.526,0.44151,-13.093,0.25965,12.914,-1.1712,-27.324,0.085264,-0.22485,0.010209,-0.98654,0.056844,-0.035784,0.03055,-0.60506,-30.873,1.3027,-20.827,0.12621,10.5,0.72465,-32.782
28.6,0.020859,-0.11331,-0.0061841,-0.99998,0.050266,-0.053876,0.020819,0.5746,-26.372,1.1761,-13.772,1.177,12.709,0.69154,-27.689,0.069435,-0.22375,-0.0054235,-0.9682,0.055699,-0.048488,0.027463,-2.0431,-29.552,-0.058723,-22.468,0.48976,12.044,-1.5472,-30.775
28.7,0.02199,-0.11744,-0.03012,-0.99176,0.035924,-0.049852,0.024671,0.14732,-25.51,0.96291,-11.75,1.2434,12.105,0.35374,-27.834,0.072156,-0.21008,-0.0020065,-0.98705,0.051295,-0.036205,0.032981,-0.32722,-33.031,1.3508,-21.123,2.3215,14.285,-1.678,-32.097
28.8,0.014592,-0.11416,-0.036564,-0.9995,0.043871,-0.053702,0.022869,1.0765,-24.507,2.2492,-9.4008,-0.76969,14.339,-0.175,-29.647,0.05162,-0.22708,-0.0077946,-0.98309,0.058123,-0.036648,0.03581,-0.21076,-30.027,1.8027,-18.375,2.6045,14.131,-2.2123,-32.746
28.9,0.018386,-0.10094,-0.025884,-0.99301,0.043842,-0.054885,0.021646,0.72076,-25.388,1.1158,-10.044,0.23935,13.865,0.7007,-28.075,0.052042,-0.21997,-0.0010455,-0.98418,0.058811,-0.039039,0.035704,-0.15114,-31.433,-0.32069,-22.275,0.67948,14.938,0.083556,-33.224
29,0.013887,-0.095319,-0.020078,-1.0058,0.047722,-0.052247,0.022039,-0.20228,-25.59,1.9236,-11.428,0.5519,15.182,0.74084,-29.189,0.072169,-0.19885,-0.0025636,-0.96949,0.050943,-0.037737,0.037347,-1.5224,-29.974,-0.91351,-18.665,2.0817,15.213,0.071094,-33.268
29.1,0.023851,-0.098758,-0.045117,-0.98843,0.042495,-0.050955,0.023237,1.7776,-24.223,1.4749,-12.187,2.8802,14.524,-1.5474,-28.435,0.070885,-0.20226,-0.0025598,-0.97694,0.064927,-0.044686,0.032328,-0.97237,-29.072,-0.25085,-20.683,2.0821,14.911,-1.4729,-33.877
29.2,0.010107,-0.08563,-0.05385,-1.0012,0.045312,-0.04839,0.026899,1.3421,-23.946,1.7537,-8.6978,1.9702,16.089,1.888,-29.761,0.067753,-0.19532,-0.0058606,-0.97495,0.046947,-0.046475,0.020254,-1.0053,-31.476,2.4777,-19.07,1.1249,16.062,-0.87459,-36.128
29.3,0.0081201,-0.093749,-0.023163,-0.99122,0.038876,-0.062474,0.016589,2.2295,-23.59,-0.89466,-11.823,0.45363,14.069,0.53278,-31.086,0.051754,-0.19799,-0.010092,-0.95783,0.051139,-0.057028,0.034408,-0.86126,-31.451,0.54417,-18.756,2.5305,15.279,-1.2269,-33.599
29.4,0.017446,-0.103,-0.033896,-0.99873,0.034201,-0.063337,0.022262,-0.64794,-24.722,1.4647,-9.6769,0.27027,15.985,1.7816,-26.276,0.063095,-0.2287,-0.027581,-0.98175,0.04748,-0.053962,0.031211,-1.1102,-30.532,0.4924,-19.155,2.4994,15.322,0.040152,-35.334
29.5,0.014094,-0.090733,-0.034462,-0.99618,0.039709,-0.058565,0.022886,1.5557,-23.303,2.2821,-10.847,2.279,15.89,1.1871,-27.38,0.05058,-0.20019,-0.0072463,-0.98338,0.052338,-0.054155,0.031128,-0.34227,-32.413,-0.84907,-17.194,1.4291,15.911,-0.75024,-35.927
29.6,-0.0011351,-0.077728,-0.044518,-0.98628,0.038466,-0.060156,0.019324,1.8876,-22.097,0.26089,-8.7002,0.53224,16.551,0.45327,-26.791,0.058744,-0.21012,-0.010285,-0.97665,0.054451,-0.049245,0.031391,0.05172,-31.787,0.80055,-19.574,1.2817,16.633,-2.4056,-37.572
29.7,-0.0063631,-0.091494,-0.044952,-0.98589,0.040393,-0.061335,0.015124,1.5,-23.312,2.6417,-8.3925,0.48697,15.625,1.2997,-26.997,0.030729,-0.18574,-0.016446,-0.97971,0.050428,-0.044141,0.033617,-1.8019,-32.339,0.33617,-18.28,0.70594,17.199,-2.4426,-36.441
29.8,0.0085134,-0.07762,-0.040839,-0.99444,0.032559,-0.065996,0.021377,-1.1182,-19.711,1.9949,-7.5994,1.5437,15.821,1.0423,-27.069,0.0183,-0.19072,-0.024229,-0.98736,0.047865,-0.055972,0.031143,1.5392,-30.788,0.094192,-17.502,-0.077054,15.096,-0.88666,-36.543
29.9,0.00094439,-0.075818,-0.050345,-1.0018,0.035427,-0.065723,0.0094305,-0.019076,-22.103,1.2183,-8.3304,0.2859,14.691,0.36742,-25.948,0.0069748,-0.19771,-0.018599,-0.96209,0.052795,-0.05645,0.032764,-0.52548,-30.839,-1.7349,-17.915,1.2116,15.116,-1.1336,-36.161
30,-0.010101,-0.090144,-0.035411,-0.98905,0.038003,-0.06022,0.016418,-0.8647,-19.636,0.059787,-8.4207,0.71561,15.231,0.12707,-25.517,0.04099,-0.19397,-0.0091695,-0.98787,0.048814,-0.051655,0.034249,-1.4412,-30.942,1.1307,-17.047,-0.3632,14.896,-2.0507,-36.722
30.1,-0.023102,-0.076731,-0.032637,-0.99831,0.036192,-0.066873,0.011895,1.3859,-20.648,3.0315,-8.2509,2.9404,16.801,1.4556,-26.629,0.048699,-0.18798,-0.021881,-0.97215,0.056014,-0.054785,0.033403,-0.2113,-31.576,1.3404,-16.524,0.73763,16.612,-2.0889,-36.755
30.2,-0.011116,-0.069156,-0.037871,-1.0018,0.032868,-0.065464,0.0070416,0.67852,-21.016,1.0937,-5.8152,0.962,14.983,0.96172,-24.573,0.038362,-0.17946,-0.022051,-0.9878,0.043781,-0.062863,0.039241,-2.6853,-28.729,-0.023306,-17.055,1.171,15.231,-3.4765,-37.293
30.3,-0.001944,-0.068776,-0.048974,-1.0129,0.037621,-0.065536,0.012226,1.6786,-19.327,0.6097,-8.0016,-1.2969,19.553,0.31686,-24.78,0.0083433,-0.17357,-0.036844,-0.98064,0.043802,-0.054091,0.027898,0.079032,-31.395,-0.1351,-17.8,0.35432,18.409,-1.7424,-38.971
30.4,-0.0043479,-0.056512,-0.034616,-0.99568,0.033068,-0.062744,0.0038907,1.1091,-18.228,-0.34931,-8.6471,0.83318,17.097,-0.0013537,-24.755,0.026987,-0.16937,-0.018958,-0.97959,0.038294,-0.049261,0.032823,0.33055,-29.681,0.35903,-17,1.2288,18.17,-1.2672,-40.193
30.5,0.0039899,-0.059628,-0.045665,-0.98631,0.03374,-0.057818,0.0078206,1.1277,-20.537,0.78272,-8.1838,1.0386,16.859,1.5573,-24.935,0.025515,-0.17083,-0.031886,-0.9853,0.042053,-0.063636,0.048367,0.045506,-31.087,1.007,-16.312,0.77777,16.762,-0.021695,-40.351
30.6,-0.016508,-0.07086,-0.039872,-0.9999,0.037714,-0.065937,-0.00088353,1.5268,-18.842,-0.89901,-6.4255,0.58611,17.404,0.73091,-24.055,0.01304,-0.15751,-0.031624,-0.96942,0.037452,-0.064521,0.032724,1.8169,-28.667,1.6074,-18.008,-0.44144,17.145,-1.8512,-40.635
30.7,-0.020328,-0.053986,-0.035738,-1.004,0.034586,-0.058196,0.0089995,2.5826,-21.377,-1.3399,-8.4142,1.2347,17.698,-1.2126,-27.098,0.0020791,-0.1736,-0.046534,-0.97693,0.039417,-0.066152,0.039535,0.95237,-29.687,0.39115,-16.564,1.2273,18.916,-0.55411,-41.082
30.8,-0.02456,-0.057696,-0.046302,-1.0006,0.027294,-0.056375,0.010906,1.8138,-20.079,-0.7776,-4.5676,3.6831,17.785,1.2389,-25.323,0.0087722,-0.15885,-0.030615,-0.98314,0.037241,-0.059448,0.038535,-0.49464,-29.36,2.3028,-14.773,0.90492,18.309,-0.81901,-40.023
30.9,-0.025939,-0.042686,-0.052969,-1.0093,0.034306,-0.060513,0.0050557,-0.5149,-19.187,0.8037,-8.4396,1.3186,20.379,-0.13213,-23.583,-0.00055405,-0.15361,-0.030802,-0.98387,0.034058,-0.07674,0.040518,-0.24612,-29.028,1.777,-15.488,1.0809,18.508,-1.6793,-39.97
31,-0.032843,-0.0364,-0.063469,-1.0036,0.025236,-0.067033,0.0025195,-0.91169,-20.831,0.11986,-8.5744,1.3157,21.396,0.67349,-23.038,0.01081,-0.15237,-0.033462,-0.97464,0.02581,-0.064154,0.0304,0.41714,-27.748,0.9546,-15.065,0.2734,20.909,-0.89317,-41.639
31.1,-0.020458,-0.04438,-0.041882,-0.98542,0.034375,-0.064859,-0.0045294,2.3507,-19.706,-1.4059,-8.267,1.4138,19.631,0.64767,-23.723,0.0034494,-0.14931,-0.041808,-0.98293,0.037025,-0.065972,0.030205,1.4241,-28.566,0.079098,-15.838,0.62709,19.774,-1.0426,-42.386
31.2,-0.012488,-0.038075,-0.044871,-1.0034,0.023133,-0.055218,-0.003932,0.35234,-18.514,-0.83774,-7.8213,0.42472,20.112,1.779,-23.53,0.0052515,-0.13582,-0.02151,-1.0007,0.028817,-0.071342,0.041028,1.9467,-29.747,1.217,-12.89,1.2817,18.302,-3.162,-40.986
31.3,-0.010341,-0.041353,-0.043944,-0.98328,0.028676,-0.060333,0.0036642,0.34312,-17.741,-1.9163,-9.6224,1.8337,19.162,-0.81764,-24.141,0.0015737,-0.13991,-0.03415,-0.98578,0.040008,-0.078606,0.041111,0.42897,-25.784,-0.90579,-13.75,0.28539,21.775,-2.1902,-40.952
31.4,-0.02908,-0.031906,-0.053787,-1.0046,0.019306,-0.05773,-0.00085027,0.88406,-16.283,-0.29238,-9.6266,0.93668,20.676,0.84901,-23.052,0.0060272,-0.1286,-0.033202,-0.97666,0.036525,-0.074811,0.037119,0.81204,-27.135,2.3522,-13.741,1.462,20.603,-1.8122,-41.977
31.5,-0.017936,-0.057022,-0.059252,-1.0106,0.031408,-0.053549,0.0014863,-0.031434,-16.938,-1.0578,-9.0215,1.5212,20.463,-0.18326,-20.036,0.015093,-0.13264,-0.05051,-1.0032,0.029739,-0.076244,0.039669,0.85254,-27.979,0.87754,-13.279,0.031657,21.828,1.7868,-40.416
31.6,-0.022198,-0.021416,-0.039163,-1.0024,0.02371,-0.050258,-0.0070704,1.4129,-15.321,-0.44078,-10.114,0.57774,19.561,0.13129,-22.148,-0.0027769,-0.11471,-0.044607,-0.99424,0.025985,-0.079326,0.041159,-1.0666,-25.517,1.0311,-12.54,0.30208,21.952,0.7022,-43.512
31.7,-0.042367,-0.021335,-0.061478,-0.99969,0.024619,-0.04595,0.003071,0.38132,-16.493,-0.96293,-11.053,2.2641,21.906,0.44021,-22.562,-0.014292,-0.12928,-0.051353,-0.96625,0.036495,-0.068632,0.030983,-0.27667,-24.46,0.87191,-13.893,2.0014,20.266,0.26057,-43.163
31.8,-0.04645,-0.018267,-0.057652,-1.0104,0.030667,-0.051232,0.003412,0.17448,-15.066,-1.3316,-9.9398,0.57492,20.3,-1.0712,-19.712,-0.013334,-0.13175,-0.054063,-0.98953,0.014862,-0.074065,0.037935,-0.15329,-26.895,1.2975,-12.491,2.2916,22.976,0.10756,-41.453
31.9,-0.039648,-0.012888,-0.044351,-0.99813,0.022434,-0.050864,-0.0052431,0.41252,-15.348,-1.1403,-10.804,-0.22151,21.347,-0.46972,-21.534,-0.004773,-0.13532,-0.03423,-0.96561,0.022942,-0.07413,0.031634,1.0253,-25.803,0.43073,-11.723,1.3143,21.34,-0.066569,-42.383
32,-0.027187,-0.033966,-0.026383,-1.0013,0.022074,-0.038054,-0.0073166,2.1558,-15.354,-0.29793,-9.6296,-0.69812,22.788,1.1112,-19.66,-0.011106,-0.14757,-0.057273,-0.99555,0.014361,-0.08251,0.031067,0.2123,-25.615,0.083694,-11.178,1.0668,21.409,1.6913,-42.198
32.1,-0.03183,-0.010529,-0.044668,-1.0031,0.022936,-0.04383,-0.014838,0.96443,-15.042,-1.0072,-12.916,1.9711,20.795,-0.50981,-21.876,-0.014739,-0.13639,-0.055669,-0.98727,0.024957,-0.080952,0.03218,0.99181,-26.091,0.018727,-14.876,1.6799,24.012,1.221,-41.429
32.2,-0.017533,-0.018555,-0.04415,-1.0218,0.029414,-0.042938,-0.01257,0.84113,-13.899,-0.5917,-13.818,0.45499,22.577,-1.7784,-21.928,-0.0055231,-0.11624,-0.064779,-0.9942,0.02785,-0.069646,0.023707,1.5294,-24.884,0.42261,-11.008,1.2671,20.9,1.7354,-41.17
32.3,-0.03748,-0.00053579,-0.04697,-1.0085,0.024716,-0.044677,-0.0083919,0.013556,-12.932,-2.1113,-13.118,0.06416,23.392,-0.0017153,-19.3,-0.020444,-0.10479,-0.058939,-0.98729,0.014465,-0.067257,0.037826,0.94499,-23.603,0.40238,-11.965,0.89558,24.028,0.65168,-42.86
32.4,-0.045605,-0.01782,-0.037746,-1.0151,0.029475,-0.055165,-0.004624,0.12943,-11.915,0.66451,-15.054,0.97046,24.072,3.0462,-21.687,-0.025223,-0.098596,-0.058868,-0.97524,0.018412,-0.075956,0.03096,1.3195,-25.755,3.1521,-9.587,-0.09352,20.687,1.0905,-41.364
32.5,-0.035122,-0.014198,-0.041393,-0.99373,0.019902,-0.048788,-0.010074,1.1521,-12.395,0.66928,-16.027,3.3184,21.89,1.4267,-20.176,-0.027295,-0.078175,-0.084536,-0.99266,0.024882,-0.074704,0.023624,1.5626,-22.387,0.73242,-12.757,-0.55156,21.958,0.42368,-39.815
32.6,-0.052081,-0.013951,-0.030486,-1.0195,0.022335,-0.04342,-0.010901,1.6061,-13.24,-1.5439,-14.379,-0.8022,21.183,-0.091104,-20.75,-0.016332,-0.10011,-0.054966,-0.99354,0.019969,-0.068979,0.020528,0.51108,-22.736,0.84923,-11.456,-0.22278,24.125,0.32376,-39.048
32.7,-0.063757,-0.015631,-0.039985,-1.0012,0.023342,-0.036921,0.002862,-1.1209,-12.122,-1.4535,-13.364,1.6712,22.64,-1.1808,-20.182,-0.033666,-0.089171,-0.070022,-0.99938,0.010002,-0.08144,0.030595,2.4957,-22.646,-1.0881,-9.3896,-0.010374,23.907,1.6888,-38.5
32.8,-0.038398,-0.0098188,-0.045434,-0.99184,0.021413,-0.038249,-0.014868,0.27536,-13.704,-0.88761,-12.86,1.6166,24.274,0.64208,-19.569,-0.0094477,-0.08695,-0.060099,-0.9964,0.011628,-0.075226,0.031351,1.9254,-21.803,0.76893,-12.05,2.111,22.835,0.56843,-40.76
32.9,-0.038702,-0.00090894,-0.030049,-0.98731,0.017029,-0.030919,-0.015484,2.6177,-12.839,-2.2982,-15.334,0.35203,24.4,-0.098686,-18.257,-0.020142,-0.10001,-0.058752,-0.97145,0.018157,-0.0836,0.027075,2.6753,-22.717,0.91502,-7.6703,1.0364,23.848,1.2534,-39.698
33,-0.035371,0.0057946,-0.037031,-0.98918,0.012649,-0.032277,-0.0061793,1.5942,-12.925,-1.3126,-14.331,2.1317,21.769,0.46846,-17.747,-0.0074445,-0.10882,-0.069022,-1.0064,0.017516,-0.07617,0.022059,2.026,-22.169,0.76478,-9.0056,-0.38251,24.707,0.52694,-39.977
33.1,-0.037896,0.0068465,-0.031139,-0.98219,0.021755,-0.024491,-0.014366,2.2112,-12.357,-1.3795,-16.043,2.6221,25.672,-1.1306,-19.358,-0.029173,-0.088803,-0.065192,-0.99311,0.019257,-0.068505,0.015838,2.5626,-24.031,-0.27563,-10.565,1.4907,25.61,0.76274,-37.413
33.2,-0.037735,-0.011115,-0.032103,-0.98321,0.009119,-0.033438,-0.02159,0.063448,-11.301,0.0010002,-17.944,1.1129,24.847,0.93013,-18.83,-0.029374,-0.076568,-0.056836,-0.99694,0.021362,-0.072071,0.021907,-0.61757,-20.87,0.94994,-8.937,1.0663,26.069,1.193,-37.499
33.3,-0.036751,-0.0082278,-0.033544,-1.0009,0.016329,-0.025569,-0.010884,1.7097,-12.823,-1.1807,-16.557,0.65634,22.71,-1.5922,-20.596,-0.037181,-0.077023,-0.072533,-0.99463,0.022496,-0.079237,0.019766,-0.18507,-21.698,0.077707,-8.9004,-0.50733,25.259,0.45275,-38.366
33.4,-0.037484,-0.013628,-0.034645,-0.97334,0.020829,-0.031366,-0.016744,-0.10436,-10.186,-0.65288,-15.58,-0.61938,25.528,-0.47887,-18.87,-0.029483,-0.05733,-0.070876,-0.99761,0.017564,-0.080797,0.016661,1.1534,-19.12,0.8562,-10.279,0.13599,22.843,1.7016,-37.192
33.5,-0.041506,0.0039558,-0.036218,-1.0058,0.006796,-0.024214,-0.022486,1.2088,-10.388,-1.5743,-16.53,2.021,24.707,-0.45754,-20.129,-0.02723,-0.063297,-0.07488,-1.007,0.010641,-0.072415,0.016239,1.5573,-21.731,0.45192,-9.9406,0.64758,26.822,1.5878,-37.575
33.6,-0.045792,0.0031927,-0.017857,-0.99411,0.01127,-0.027106,-0.024052,1.3033,-9.4593,-1.8427,-15.988,1.0919,25.365,-0.49646,-20.328,-0.037961,-0.067024,-0.079615,-0.98875,0.010096,-0.079665,0.011019,-1.0542,-21.652,-1.7115,-9.9269,0.65193,24.661,0.96397,-36.873
33.7,-0.042488,-0.0058428,-0.023097,-0.99062,0.014584,-0.02324,-0.011888,0.56749,-9.7305,-1.6257,-18,1.3751,26.703,-0.49211,-18.345,-0.02604,-0.050056,-0.070218,-0.98832,0.011882,-0.078691,0.017099,0.98471,-19.053,-0.75204,-11.478,-0.77418,25.71,0.47483,-36.867
33.8,-0.049277,0.019717,-0.011754,-0.98398,0.012273,-0.034251,-0.015813,0.17642,-9.3958,-1.207,-18.996,-2.0615,23.946,-1.1564,-19.65,-0.029006,-0.054706,-0.065009,-0.9774,0.011937,-0.068194,0.0059263,-0.084004,-18.367,-0.98743,-11.049,-0.064799,25.739,1.3829,-35.458
33.9,-0.052825,0.025677,-0.035679,-0.99449,0.0069298,-0.026688,-0.017887,2.0025,-8.9551,-1.4066,-19.811,1.0006,26.244,-0.88346,-19.676,-0.055349,-0.058925,-0.069505,-1.0046,0.0071378,-0.066379,0.014824,0.63952,-17.922,-1.4701,-12.094,2.6328,25.553,-1.2354,-35.425
34,-0.080928,0.0010287,-0.022833,-0.98245,-0.00016338,-0.031313,-0.012149,-1.1304,-7.2295,-1.454,-18.474,-0.84867,26.035,-2.4623,-19.756,-0.045865,-0.052238,-0.079889,-1.0123,0.011227,-0.064011,0.002497,1.2549,-17.625,-2.1457,-11.569,1.5925,25.982,-0.79992,-35.763
34.1,-0.043139,0.022016,-0.025042,-1.0051,-0.0010605,-0.017144,-0.025072,1.1329,-7.6543,-2.2238,-17.79,-0.846,26.879,-0.64703,-18.278,-0.038056,-0.045699,-0.075811,-0.99498,0.015717,-0.07361,0.0096539,1.1984,-17.474,-1.4573,-13.488,0.70502,27.91,1.7542,-34.008
34.2,-0.028697,0.010707,-0.014182,-1.0002,0.0014221,-0.022366,-0.018345,-0.90461,-7.617,0.42981,-20.825,1.5663,28.174,-0.38607,-20.499,-0.042722,-0.052083,-0.068371,-0.98344,0.012895,-0.067684,0.0087545,-0.40572,-20.206,-1.7791,-12.825,-0.71176,26.535,2.5185,-34.527
34.3,-0.025223,0.010394,-0.020381,-1.0041,0.00083617,-0.022846,-0.022933,1.077,-8.8407,-0.86017,-20.832,1.0188,25.909,-1.6674,-21.276,-0.035703,-0.036741,-0.057429,-0.99707,0.018044,-0.064116,0.013825,1.1717,-16.855,0.8701,-12.626,-1.2497,28.95,1.2032,-35.165
34.4,-0.057768,0.014408,-0.016463,-1.0042,-0.00078511,-0.02433,-0.0102,-0.05028,-8.2651,-3.5073,-20.951,0.36062,27.324,0.42452,-21.02,-0.035556,-0.034715,-0.064828,-1.0114,0.0080352,-0.068388,0.010333,1.5603,-16.466,-0.36652,-12.458,-0.99028,27.62,1.4235,-33.203
34.5,-0.047564,0.01193,-0.027205,-1.0073,-0.0054239,-0.017156,-0.025552,2.8006,-8.8886,-1.9064,-20.162,-1.6664,25.768,0.14644,-20.017,-0.049505,-0.040725,-0.076464,-0.99442,0.006337,-0.067784,0.0041839,0.52192,-19.294,-0.92322,-14.667,1.9689,27.549,-0.18859,-32.337
34.6,-0.049601,0.011312,-0.010957,-1.0075,0.0012425,-0.023008,-0.018432,0.15435,-7.3048,0.10567,-22.278,0.3979,26.21,-2.0099,-21.072,-0.028832,-0.040065,-0.072898,-0.99209,0.0082134,-0.062119,0.0024821,1.3414,-17.126,-1.4377,-14.187,1.467,28.538,0.17583,-34.04
34.7,-0.048524,0.027303,-0.0094723,-0.99158,-0.0072896,-0.019372,-0.019682,2.1594,-6.4454,-2.4767,-23.102,-0.26227,25.225,-1.0603,-20.513,-0.056537,-0.0095468,-0.084506,-0.98675,0.0011727,-0.055087,0.0029987,3.2801,-16.904,-0.90162,-13.408,0.2604,27.059,1.4813,-34.566
34.8,-0.05933,0.0092399,-0.019865,-0.98322,-0.0056035,-0.01834,-0.010589,-0.1228,-6.762,-1.4387,-24.518,0.059559,25.132,1.1518,-20.01,-0.046679,-0.016375,-0.083629,-0.99231,0.011866,-0.054852,0.0059504,0.93188,-17.749,-1.2443,-14.044,-0.12819,26.619,2.5203,-32.134
34.9,-0.034209,0.020441,-0.042001,-0.99257,-0.010794,-0.012948,-0.012594,0.80657,-7.8165,-1.6193,-23.442,-0.56377,25.127,-1.0161,-18.484,-0.056547,-0.0090167,-0.066135,-0.99073,0.0052711,-0.058367,0.00056412,4.4557,-15.929,-0.28663,-16.136,0.4816,28.081,0.82469,-31.825
35,-0.037036,0.018368,-0.021877,-0.9937,-0.012308,-0.021903,-0.018227,0.26188,-5.2878,-1.9635,-25.016,-1.6632,25.486,-1.7766,-20.935,-0.039171,-0.020067,-0.080729,-1.0015,0.0085439,-0.058372,-0.00624,0.9892,-13.536,0.020267,-15.728,1.11,29.339,0.52611,-34.046
35.1,-0.062319,0.022102,-0.012927,-1.0106,-0.0079631,-0.0092185,-0.01924,1.3541,-5.4423,-1.2067,-23.571,-2.2446,27.232,1.1516,-21.035,-0.046253,-0.032431,-0.080193,-0.99478,0.0078369,-0.039788,-0.0096537,1.1528,-15.185,-2.9005,-17.554,0.98036,29.213,0.34124,-31.398
35.2,-0.035581,0.038861,-0.0032372,-0.99981,-0.011701,-0.017175,-0.020772,1.0718,-5.0086,-1.6361,-22.929,-1.2427,24.896,-1.2265,-21.904,-0.044367,-0.0085755,-0.064901,-1.0104,0.015584,-0.046168,0.00099144,1.3599,-13.918,-2.2703,-18.251,1.5886,27.745,-0.8418,-31.968
35.3,-0.034566,0.021299,-0.015435,-1.0009,-0.0071732,-0.0076731,-0.014953,1.791,-3.7005,-1.2643,-23.94,-2.2315,25.213,-1.2564,-20.059,-0.060687,-0.031723,-0.069978,-0.98942,0.011763,-0.05491,0.0022469,0.091542,-13.835,-1.5251,-15.141,0.75359,30.326,0.60686,-31.019
35.4,-0.052027,0.020976,-0.019065,-0.99486,-0.01693,-0.0036012,-0.010889,0.59292,-3.1651,-3.1113,-25.23,-1.2464,25.859,-1.639,-21.662,-0.053407,-0.0017462,-0.067479,-1.0051,0.009953,-0.050296,-0.003564,2.1978,-12.639,0.53694,-18.483,2.4504,28.972,0.044985,-29.754
35.5,-0.049649,0.019637,-0.014052,-1.0073,-0.0072386,-0.011569,-0.022308,0.95137,-5.0103,-0.41803,-25.353,-0.56769,27.393,-0.14225,-21.323,-0.059996,0.0013216,-0.052944,-0.98696,0.0022511,-0.039006,-0.0014895,0.76104,-13.22,-1.3749,-20.621,2.3955,29.526,1.4608,-31.268
35.6,-0.03732,0.020176,-0.034112,-0.99661,-0.014846,-0.01777,-0.0096038,1.458,-3.8416,-2.0325,-25.151,-0.15772,26.809,-2.0313,-21.845,-0.038616,-0.011899,-0.07431,-1.0041,0.00037092,-0.043429,-0.0035991,1.2664,-13.424,-1.5221,-19.093,1.1653,28.988,-1.7196,-30.59
35.7,-0.031128,0.034365,-0.024765,-1.008,-0.014526,-0.010988,-0.010835,2.0432,-2.7085,-0.82349,-25.168,1.1425,25.694,1.4565,-21.596,-0.036125,-0.010186,-0.06705,-1.0001,-0.0047484,-0.042544,-0.014815,-1.6123,-13.188,-1.5153,-20.368,1.4947,29.599,1.1361,-29.831
35.8,-0.039436,0.026757,-0.03016,-1.002,-0.021749,-0.0042389,-0.014283,0.43952,-1.9094,-2.2774,-27.128,0.41408,25.098,-1.5186,-21.912,-0.035435,0.0032398,-0.074064,-1.0146,-0.0053351,-0.038837,-0.011174,1.3839,-13.425,-2.1192,-19.012,0.54665,31.609,0.62538,-29.38
35.9,-0.026808,0.016991,0.003522,-0.99544,-0.017566,-0.014416,-0.016897,2.2239,-2.859,-1.3699,-26.403,0.78052,24.103,2.288,-20.858,-0.030023,0.010018,-0.045722,-0.98861,0.0037351,-0.029745,-0.012553,0.066433,-12.365,-2.7704,-20.055,0.85041,30.215,-1.0637,-30.548
36,-0.051232,0.026627,-0.0034363,-1.0018,-0.020483,-0.0053466,-0.0080551,-0.15123,-1.3385,0.1256,-28.071,0.96274,23.163,1.2606,-20.032,-0.053565,0.0064542,-0.06169,-0.99055,-0.0062169,-0.035677,-0.0078171,1.5529,-10.153,-0.5038,-18.88,0.83359,32.643,-0.15372,-28.849
36.1,-0.047165,0.02062,-0.015644,-1.0228,-0.020971,0.0011433,-0.013101,1.0816,-2.7914,-2.1386,-28.395,-1.8273,24.608,-1.4321,-21.601,-0.054336,-0.0074872,-0.076436,-0.99266,0.016082,-0.027367,-0.0063538,1.6831,-14.372,-1.6229,-21.516,0.51464,30.389,1.6985,-29.032
36.2,-0.035685,0.038227,-0.025035,-1.0003,-0.016474,-0.00053439,-7.3823e-05,1.9199,-1.9854,1.0363,-29.177,1.4731,23.852,0.099028,-21.514,-0.066251,0.013577,-0.050082,-0.99971,-0.00082067,-0.035875,-0.0055585,0.21408,-11.699,-0.40921,-20.959,-0.25261,30.305,-0.12744,-28.463
36.3,-0.038208,0.04403,-0.0019093,-0.99574,-0.024953,-0.0022004,-0.0097646,1.2168,-2.3261,0.27545,-29.202,0.11441,21.565,0.38717,-21.875,-0.057404,0.0030988,-0.071969,-1.0099,0.0035179,-0.024045,-0.017695,1.9641,-12.622,-1.8368,-24.386,-0.48851,30.637,-0.015117,-28.024
36.4,-0.039482,0.012448,-0.0030706,-1.0064,-0.020394,-0.002326,-0.01253,-0.42063,-0.16104,-3.7416,-29.894,-0.55073,23.957,1.2325,-21.05,-0.037832,0.0034401,-0.068291,-0.99274,0.0016509,-0.022801,-0.010011,-0.42042,-13.724,-0.85773,-22.873,1.0135,31.768,1.6704,-28.63
36.5,-0.034756,0.025852,-0.02704,-0.99472,-0.023746,0.00031345,-0.0077722,-0.59374,-0.5019,-2.2888,-29.689,-1.5869,23.575,0.3544,-20.407,-0.036473,0.018293,-0.073153,-1.0066,-0.0021036,-0.028355,-0.014974,0.79416,-10.184,0.70034,-24.573,-0.37781,32.88,0.93718,-27.911
36.6,-0.021824,0.024614,0.0060345,-1.0012,-0.027731,-0.0066056,-0.0090034,1.2703,-1.1279,-1.5617,-29.851,-1.7886,22.668,0.51731,-19.682,-0.055735,0.026231,-0.054673,-0.98129,-0.0078937,-0.026939,-0.017956,1.6552,-8.7671,-1.9483,-26.115,0.24946,30.502,0.36427,-28.928
36.7,-0.035889,0.044535,0.0026148,-1.0086,-0.019368,0.0028208,-0.0075169,0.12222,-0.18732,-1.6464,-30.849,0.049549,22.364,-0.34662,-20.821,-0.038533,0.006196,-0.059676,-1.0107,0.0018728,-0.020911,-0.026489,1.6373,-10.471,-1.6898,-24.051,-0.33894,32.214,0.55081,-28.699
36.8,-0.041355,0.014946,-0.02603,-0.98891,-0.023279,0.0010048,-0.01443,0.86981,-1.4505,-0.15318,-30.703,-2.6256,21.567,-0.6067,-21.587,-0.034294,0.011708,-0.067877,-0.98373,-0.0011103,-0.025155,-0.012232,1.6817,-9.9177,-1.8016,-24.46,1.2276,33.483,2.2831,-26.342
36.9,-0.012342,0.025602,0.0092716,-1.0173,-0.019938,-0.002305,-0.011499,1.3068,0.87132,-0.030652,-31.267,-1.3639,21.399,-0.15813,-19.141,-0.061542,0.010082,-0.057162,-0.98476,-0.0056032,-0.018166,-0.023827,-0.35011,-9.8683,-0.093049,-23.04,-0.10044,32.163,0.067871,-27.106
37,-0.0063574,0.030062,0.0085909,-0.98979,-0.026875,0.010681,0.0028259,1.5556,0.27696,-1.8881,-30.697,-1.8893,21.622,1.8226,-19.494,-0.044756,0.018765,-0.053904,-0.98627,0.00072055,-0.018439,-0.027404,-0.25033,-9.8922,-2.2953,-25.541,1.8523,33.802,2.7898,-26.663
37.1,-0.016045,0.028793,-0.0012163,-1.002,-0.04069,0.011598,-0.010017,2.5819,1.1159,-1.4571,-30.485,-0.11345,21.6,1.7484,-19.006,-0.043827,0.026311,-0.046606,-1.0059,-0.0045521,-0.019324,-0.020341,2.3854,-8.1805,-1.8862,-26.424,-0.015552,34.48,-1.1277,-25.919
37.2,-0.032768,0.013827,0.0028127,-1.0031,-0.019442,0.010685,-0.0098937,0.66509,2.3733,-0.40905,-32.999,0.81156,21.273,0.34894,-17.996,-0.044329,0.024199,-0.0577,-0.97588,0.0021782,-0.023286,-0.039154,0.075561,-7.8276,-1.1578,-27.065,-0.78937,32.397,0.99661,-25.164
37.3,-0.026392,0.035248,-0.0064404,-1.0086,-0.031367,0.0058435,-0.01386,-0.66059,1.9411,-0.89134,-33.334,-0.79087,20.08,1.2288,-18.987,-0.048135,0.033081,-0.064762,-1.0041,-0.006668,-0.013086,-0.020072,1.0615,-5.5122,-0.86921,-28.503,1.6413,34.183,-1.0267,-25.548
37.4,-0.005138,0.019441,-0.0038324,-0.99054,-0.024218,0.0094035,-0.0010283,-0.7884,2.3659,-0.36516,-32.661,-0.89931,19.719,0.79846,-17.774,-0.039252,0.014139,-0.064931,-0.99978,-0.0045856,-0.013277,-0.030082,0.25182,-9.4558,-1.7768,-28.124,0.94264,34.083,-0.24553,-23.562
37.5,-0.020942,0.028269,-0.0042966,-1.0163,-0.020026,0.020699,0.00065703,-0.70652,1.3591,-1.6612,-33.983,-2.0465,19.846,0.060806,-17.537,-0.039734,0.0083691,-0.057406,-1.0003,-0.0065853,-0.0050094,-0.02794,1.0113,-6.6511,-2.4439,-26.887,-0.3559,32.601,-0.21018,-24.43
37.6,-0.040452,0.014272,0.0041973,-1.0022,-0.021154,0.019962,-0.0030608,0.63889,1.8634,-2.6365,-33.912,-0.82741,18.201,-0.65897,-18.303,-0.051457,0.022507,-0.043564,-0.98762,-0.0064987,-0.0080018,-0.030372,1.1442,-7.6525,-1.9966,-28.482,0.83498,33.764,2.6037,-26.18
37.7,-0.0071994,0.035192,0.014685,-0.99763,-0.022073,0.018031,0.0051204,0.36034,1.586,-1.3057,-34.053,0.15904,18.175,0.38224,-18.832,-0.034924,0.029354,-0.033569,-1.0107,-0.0030495,-0.0078774,-0.02752,2.3027,-8.623,-1.7462,-29.135,1.5284,33.659,2.0182,-25.005
37.8,-0.02738,0.0096977,0.0034434,-0.9952,-0.019365,0.016831,-0.0054196,-2.0044,1.8592,0.55947,-34.491,-2.5084,18.579,1.3105,-15.984,-0.045881,0.012324,-0.053453,-1.0031,-0.0015766,0.0073334,-0.025247,1.2826,-6.547,-0.91687,-29.332,-0.33014,35.136,1.0712,-24.48
37.9,-0.022225,0.0028663,0.017702,-0.99692,-0.022826,0.01371,0.0041718,0.51187,-0.26607,-0.90888,-33.92,-0.54499,17.37,1.2046,-17.4,-0.042422,0.02042,-0.05344,-0.97942,-0.0059514,-0.0027904,-0.030493,0.96032,-6.8534,-1.2457,-29.262,1.459,34.878,-0.82197,-23.642
38,-0.00018258,0.02004,-0.0056731,-0.98465,-0.023905,0.020363,0.0019158,-0.96146,-0.50053,-2.8272,-36.9,-1.3145,16.588,-0.069277,-18.412,-0.042518,0.016577,-0.054675,-1.0002,-0.0085703,-0.0066049,-0.025337,1.379,-7.9073,-0.40046,-29.491,-1.1976,34.95,-0.53453,-22.296
38.1,-0.0041742,0.030431,-0.0089851,-0.98936,-0.011669,0.014421,0.0020496,-0.060082,-2.1329,0.93596,-35.213,-1.4101,16.665,-0.38743,-16.163,-0.028355,0.016512,-0.032871,-0.99117,-0.0067021,0.0058396,-0.034366,0.44605,-4.7304,-2.8344,-31.038,1.3417,35.202,1.6209,-24.373
38.2,-0.010112,0.031054,-0.010107,-1.0037,-0.01971,0.018918,-0.003845,-0.050339,0.065256,0.42992,-35.956,-0.26861,17.318,0.43317,-16.341,-0.046833,0.01366,-0.041444,-1.0026,-0.013197,-0.0065851,-0.028254,-0.098484,-6.6751,-2.8646,-30.057,-0.48336,35.695,-0.65917,-24.655
38.3,-0.026298,0.016002,-0.012588,-1.0041,-0.010058,0.026802,-0.0036267,-0.31212,0.73251,-1.2413,-33.681,0.42149,16.249,0.51032,-19.442,-0.045432,0.03238,-0.032555,-1.0078,-0.009709,0.0026888,-0.030924,-0.5439,-5.2942,-1.5752,-29.717,0.17837,36.737,-0.22666,-24.146
38.4,-0.017308,0.01208,-0.015337,-1.0095,-0.018464,0.028239,0.0020536,-2.8123,-0.74649,1.6459,-35.978,1.9514,18.428,-1.2844,-18.54,-0.051993,0.024857,-0.049345,-1.0057,-0.012549,0.0052067,-0.028381,-0.98225,-7.6861,-3.1861,-32.364,0.36841,34.058,-1.5528,-23.168
38.5,-0.0086119,0.02011,-0.010915,-0.98287,-0.016715,0.016952,0.005166,0.72237,-0.29237,0.26871,-34.492,-1.0281,18.191,-1.2227,-19.257,-0.029064,0.025562,-0.054113,-1.003,-0.011573,0.0059193,-0.038977,0.22416,-5.753,-1.8009,-33.559,-0.92039,37.127,-1.1816,-24.193
38.6,-0.0021226,0.029472,0.0069884,-1.0108,-0.016971,0.01155,-0.0070292,-0.57022,-2.0423,3.6245,-34.267,-1.473,17.556,-1.1988,-17.735,-0.042095,0.012862,-0.02725,-0.98179,-0.010754,2.8603e-05,-0.028054,-0.15415,-2.6996,-2.7123,-31.4,0.49338,35.86,-1.1765,-22.619
38.7,-0.017918,0.014325,-0.001232,-0.99135,-0.017678,0.024472,-0.0063473,-0.48095,-0.82109,-0.20236,-34.062,-0.61097,18.136,1.4489,-17.802,-0.026869,0.019554,-0.045479,-1.0049,-0.015844,0.013488,-0.031941,1.2749,-3.0349,-0.27096,-33.534,0.19221,35.553,-0.92103,-23.902
38.8,-0.013131,0.019422,-0.014656,-1.0102,-0.016339,0.013632,-0.0031501,0.8049,-0.73458,1.4695,-32.752,1.0342,16.904,1.2978,-17.798,-0.050541,0.012888,-0.04357,-0.99412,-0.011867,0.010222,-0.029478,1.7207,-2.1009,-1.2843,-35.867,-0.94737,37.045,-1.2941,-25.618
38.9,-0.021206,0.028308,0.0094852,-0.96272,-0.01392,0.0071937,0.0059408,-1.1822,-0.35778,2.0126,-34.088,0.37282,17.651,-0.30173,-18.041,-0.047602,0.018106,-0.040103,-0.98554,-0.020473,0.010966,-0.022205,2.7919,-3.3291,-3.3829,-34.677,-1.3795,37.503,-0.69627,-24.374
39,-0.02103,0.011635,-0.0036364,-1.0045,-0.016848,0.014672,-0.0015206,-1.5638,-3.3063,0.2786,-32.626,0.75258,19.138,-0.94957,-17.439,-0.022471,0.021425,-0.039017,-0.98707,-0.028134,0.020444,-0.034724,-0.32905,-3.2644,-1.7402,-36.722,-0.81168,34.484,-0.48443,-25.169
39.1,-0.0028124,0.014661,0.010359,-0.99775,-0.015505,0.016842,0.0014458,-0.40458,-1.3492,0.67632,-33.189,0.49173,17.546,1.0978,-16.429,-0.027413,0.013935,-0.025836,-1.014,-0.021811,0.01354,-0.021826,1.7618,-3.9435,-1.248,-35.304,-1.5572,33.397,-1.0445,-26.421
39.2,0.0058749,0.013972,0.0096382,-1.0243,-0.013795,0.019737,-0.0081335,-1.8,-3.5136,-0.41806,-32.84,-0.89298,16.119,0.8163,-18.836,-0.037695,0.0050779,-0.013581,-0.99854,-0.028924,0.015014,-0.025357,1.5469,-1.3406,-0.72016,-34.809,-0.63493,35.037,-0.266,-26.413
39.3,-4.7837e-05,0.019108,0.0015809,-1.0231,-0.0097103,0.0046073,-0.00081832,-0.15281,-3.6343,-1.0094,-31.22,1.1178,17.361,0.37223,-18.738,-0.048139,0.020152,-0.028086,-1.0019,-0.023456,0.017883,-0.027813,0.53321,-2.2423,-2.6737,-34.98,-0.63683,34.404,0.4647,-24.955
39.4,-0.019741,-0.020843,0.015021,-0.98202,-0.016514,0.0094635,-0.0039813,1.8007,-2.6727,1.0914,-32.495,-0.11896,17.748,-1.8032,-17.161,-0.018164,0.0094346,-0.023608,-1.0029,-0.031846,0.013771,-0.032804,1.5999,-2.9943,-1.2487,-37.453,0.50809,36.066,-1.2541,-27.786
39.5,-0.017264,0.0038652,-0.0013702,-0.98236,-0.011881,0.016707,0.0073952,-1.1206,-2.4071,1.4215,-32.47,-1.2833,19.217,0.057932,-18.782,-0.034891,0.012999,-0.007886,-0.9903,-0.036998,0.011359,-0.017358,1.9255,-1.4666,-1.4503,-35.947,-1.5758,34.789,-1.1373,-27.292
39.6,-0.0022182,-0.0055164,-0.007312,-0.99931,-0.0065007,0.012153,0.0036746,-1.7498,-0.57832,1.8025,-31.634,0.96714,17.849,0.46227,-18.296,-0.021631,0.0014387,-0.018986,-1.0143,-0.029477,0.0055581,-0.014424,2.2002,-2.1126,-1.1395,-39.479,-1.5568,33.877,-0.5575,-28.108
39.7,0.012996,0.01381,-0.014106,-1.0038,-0.0091358,0.013207,-0.0065177,-0.05465,-4.2643,-0.2252,-31.834,0.082781,17.531,1.2571,-15.712,-0.028573,0.01191,-0.0097564,-0.99423,-0.032327,0.016133,-0.013718,-1.0334,-1.2142,-0.64787,-37.289,0.55731,32.594,1.0862,-28.553
39.8,0.00083739,0.022343,-0.0091221,-0.99605,-0.011286,0.0091257,0.00087757,-0.93338,-4.0249,-0.31844,-31.385,-1.1862,19.28,1.2034,-17.482,-0.039818,0.01317,-0.017702,-1.0057,-0.027822,0.01575,-0.012506,-1.7018,-2.1899,-0.54728,-38.338,-1.0818,33.214,-0.83595,-27.754
39.9,-0.016202,0.016944,-0.00046504,-0.99942,0.0053034,0.012085,-0.010078,-1.0132,-5.1064,0.50596,-33.64,-0.70203,17.709,1.2472,-17.031,-0.011754,0.031777,-0.0054945,-1.0025,-0.031705,0.016632,-0.01617,-0.93144,-3.6713,0.63179,-38.851,-1.9407,32.081,0.21524,-29.03
40,-0.0051019,0.0052196,-0.017678,-0.9978,-0.0042582,0.0075283,0.0030217,-0.084652,-4.4221,0.64767,-31.501,-0.91517,19.281,-0.10114,-18.765,-0.043449,0.0022981,-0.020947,-0.98428,-0.023522,0.011747,-0.013702,-0.62887,-0.0415,-0.73345,-40.417,-0.10861,32.909,0.0025821,-27.406
40.1,0.013883,0.0061113,0.0044674,-1.0133,-0.001437,0.0058698,0.0033192,0.27702,-4.2945,0.53316,-31.266,0.34437,18.493,0.84246,-17.309,-0.015185,0.0025675,-0.0064751,-1.01,-0.028353,0.018756,-0.022125,-0.41308,-2.389,0.11531,-38.72,-2.5415,31.99,0.40409,-29.335
40.2,-0.019158,-0.0024539,0.0039417,-0.99632,0.00046542,0.011456,-0.0021021,0.24592,-3.2774,-1.3559,-29.247,0.89697,18.024,-0.6932,-18.346,-0.023413,0.016751,-0.023224,-1.0106,-0.037453,0.012739,-0.019415,-3.159,-4.0316,-0.15564,-38.746,-1.3116,31.062,1.3866,-27.155
40.3,-0.011513,0.0031713,0.0032158,-0.99515,-0.0066076,0.0025338,0.0014915,0.43949,-2.9885,1.3995,-30.518,-0.60393,17.106,0.59229,-18,-0.025087,0.012951,-0.0017501,-0.99962,-0.027495,0.018192,-0.015187,-1.2476,-1.8822,2.4095,-37.87,-3.0733,31.566,-0.32566,-28.579
40.4,0.0053489,-0.0081357,-0.0031137,-0.99296,-0.0083029,0.012879,0.0031936,1.0538,-4.3156,0.19964,-32.443,-0.3544,16.393,-1.4616,-17.005,-0.014564,0.0038878,-0.0010888,-0.99159,-0.026952,0.0016388,-0.014086,-0.37595,-2.9492,1.1502,-37.421,-1.2515,30.891,0.33527,-28.291
40.5,-0.020729,0.015805,-0.026826,-1.0002,-0.0065767,-0.00088504,0.009439,0.98019,-4.4588,0.013906,-30.986,-0.0016623,17.88,-0.57428,-16.731,-0.015596,0.018455,0.0030213,-1.0126,-0.028053,0.017089,-0.01937,-1.5258,-3.3989,0.3344,-37.455,-1.4313,28.439,0.0060701,-25.587
40.6,0.00086627,0.015933,0.023061,-0.99568,-0.0063764,0.0024518,-0.003861,-2.7189,-4.7124,-1.3387,-30.328,-0.98773,18.518,-0.45861,-19.1,-0.01638,0.0092739,-0.020875,-1.0005,-0.020818,0.0032401,-0.0095271,-1.6279,-6.6838,0.092703,-36.464,-0.51998,29.785,0.023379,-27.334
40.7,-0.0034264,0.00085146,-0.0067917,-0.99289,-0.012357,0.004349,0.0022208,-0.24342,-4.1103,-0.55548,-31.479,0.38879,17.831,0.24789,-18.538,-0.013421,0.026182,-0.016216,-0.9887,-0.011244,0.010171,-0.0021838,-1.18,-4.4013,0.87464,-37.512,-1.7424,31.114,1.4749,-26.978
40.8,0.014182,-0.018397,0.0044335,-0.99464,0.0039161,0.012735,0.0077223,-1.5939,-5.0208,0.67942,-30.081,-0.40629,19.99,0.26307,-19.933,-0.028332,0.017183,-0.0060029,-0.99514,-0.012948,0.0047381,-0.0084141,-2.4672,-4.5166,0.04166,-35.665,-1.0282,28.553,-1.1447,-26.616
40.9,0.00077806,-0.0070291,0.0098792,-0.9993,-0.00082261,0.0088424,-0.007904,-0.58303,-4.6758,2.1816,-30.539,0.85294,16.987,0.12177,-16.459,-0.0035831,0.030232,-0.0070797,-0.99654,-0.016856,0.010388,-0.0015565,-1.2943,-6.7089,1.7571,-36.521,-1.321,26.912,1.0512,-26.194
41,-0.00070457,-0.0037945,-0.0022246,-0.99923,-0.0041356,0.0049645,-0.0087999,-1.2709,-5.0595,1.0415,-32.68,-0.69024,18.837,-1.7438,-17.912,-0.025797,0.0096126,-0.0024344,-1.0022,-0.0038237,0.0079474,-0.020847,-2.549,-5.5436,-0.19015,-36.115,0.78604,27.979,0.22372,-27.169
41.1,-0.011856,0.006116,0.0067225,-1.0112,0.0019939,0.0045769,-0.00082365,0.50409,-3.361,-0.35104,-29.72,-0.23915,17.877,-0.80521,-16.583,0.012434,0.0049034,-0.0070482,-1.0018,-0.010838,-0.00046029,-0.0026432,0.36944,-3.5662,0.26265,-37.426,-0.80979,29.176,0.75299,-28.125
41.2,-0.019075,0.017484,0.005866,-0.99859,-0.0062014,0.012231,0.0013034,-1.5487,-4.2687,1.1745,-29.125,1.4326,16.921,0.56436,-18.029,-0.02953,0.0095989,-0.012666,-0.99183,-0.02722,0.0045303,-0.010304,0.66949,-6.6433,0.39887,-36.421,-1.6313,29.219,-0.24945,-28.202
41.3,0.0050667,-0.0025921,-0.0075703,-1.0109,-0.0060653,0.0096952,-0.0053703,1.3166,-5.3582,-1.2007,-29.876,0.69049,19.537,0.32689,-17.802,0.012066,0.0082875,-0.0041681,-1.0111,-0.0029647,0.0083746,-0.0068088,-1.436,-9.6808,-0.88831,-37.076,0.70355,29.728,-1.5705,-28.124
41.4,0.0058358,0.0010557,0.0079934,-1.0005,-0.012827,-0.00053781,-0.00084697,1.1497,-3.3041,1.2412,-31.279,0.79284,17.723,0.064538,-17.665,-0.01522,0.018422,-0.015405,-1.0102,-0.014541,-0.00077072,-0.0020042,-0.75059,-6.7849,0.68705,-34.835,0.00098986,30.586,-0.57304,-27.306
41.5,-0.013871,0.0031527,-0.0096282,-1.0001,-0.00986,0.010685,0.0029169,0.44481,-3.8532,-0.9829,-30.017,-0.8387,15.384,0.2303,-17.091,-0.0037854,-0.00095825,-0.016254,-0.99,-0.0074822,0.0074265,-0.005062,0.49889,-7.4629,0.97844,-35.805,-1.0238,28.819,-0.47519,-27.628
41.6,-0.0072582,0.011663,-0.013134,-1.0136,0.0086264,0.0062021,-0.0032393,-0.32437,-4.0507,1.6426,-31.847,2.9613,15.548,-1.3356,-16.659,-0.021055,0.015566,0.0056912,-1.0158,-0.0077776,4.1211e-05,-0.0059075,1.2178,-6.6873,1.196,-35.664,0.49005,28.531,-1.2818,-25.969
41.7,-0.018389,0.015223,-0.00022546,-0.99362,-0.0028933,0.0050136,0.0074743,0.26227,-5.9047,0.98854,-31.409,-0.26523,20.07,1.378,-17.222,0.0031629,0.0074036,-0.012548,-0.99075,-0.015382,-0.0027246,-0.0091707,-0.70937,-7.041,0.79155,-36.463,-1.4225,29.519,1.281,-27.905
41.8,0.015183,0.029941,-0.0038869,-1.0081,-0.0055848,-0.0038281,-0.00055152,-1.1278,-6.4112,-2.3977,-30.324,-0.37173,17.592,0.056595,-17.537,0.0019486,0.0096871,-3.9237e-05,-1.002,-0.010676,0.0060439,-0.0015435,0.71119,-8.19,-1.4894,-37.331,0.68079,28.262,0.5177,-27.516
41.9,0.008668,0.0066535,0.0038038,-0.98928,-0.0011543,0.0048377,-0.0059976,-1.0843,-6.3593,-0.42996,-32.196,-1.7767,18.609,-1.4391,-18.083,-0.024835,0.00040475,-0.0035457,-0.98854,-0.0088488,0.00095622,-0.010418,-0.54278,-7.7405,0.54064,-38.998,-0.65714,28.003,-0.04083,-26.167
42,0.00255,-0.0051779,-0.0048736,-1.0038,3.1051e-05,0.011358,-0.0018316,0.82042,-5.0972,0.87852,-31.491,0.43747,17.112,-0.061051,-16.5,-0.010121,0.013046,0.0017882,-1.012,-0.011369,0.0040064,-0.0073957,-2.2844,-7.7148,-0.052562,-35.984,-2.1555,27.386,-0.62856,-26.876
42.1,-0.0058628,0.002948,0.0197,-0.9907,-0.0035472,-0.0023912,0.0021991,2.2617,-3.6141,-0.20458,-30.726,-1.2473,17.026,0.57554,-18.628,-0.014677,0.015156,0.0025138,-0.98779,-0.011416,0.0056123,-0.0039497,-0.24517,-10.058,1.4642,-35.802,-1.0932,27.435,-1.0616,-27.227
42.2,-0.00075286,-0.012805,0.0064729,-0.99686,-0.0025367,0.004783,0.004976,-0.64063,-5.5463,-0.6873,-29.105,1.367,16.492,-0.49501,-15.627,0.0065321,0.0079285,-0.01856,-0.99701,-0.010298,0.002642,-0.0077493,-1.7283,-5.9659,0.2447,-34.911,-0.47161,28.203,-0.86631,-27.284
42.3,0.0034872,0.0067049,0.012404,-0.99411,-0.0018568,-0.00034549,-0.0013677,0.56833,-5.3624,-0.6504,-30.93,0.33264,18.854,-0.10729,-18.209,0.0018196,0.0028303,0.0065548,-0.99962,-0.0012354,-0.0052401,0.0010077,0.67168,-8.7007,-1.0565,-35.516,-0.95028,29.086,-0.17325,-28.765
42.4,0.015338,0.0033427,0.0087368,-1.0074,-0.00097377,0.0021254,-0.00068172,-2.175,-5.5878,-0.8007,-32.761,-0.25587,18.707,-0.62614,-16.914,-0.017425,0.020296,0.0083786,-1.0134,-0.010572,0.0069165,-0.0023677,-0.55702,-6.5267,-0.021596,-36.293,0.14066,27.478,-0.93115,-26.068
42.5,-0.0056257,0.014361,0.0038549,-1.0136,0.00042804,0.0088849,0.0032268,1.954,-4.9851,-1.3902,-30.709,1.1556,18.024,-0.34122,-16.935,0.0048312,0.0056531,-0.017372,-0.98981,0.0014071,0.0090773,-0.0063527,-0.48731,-7.5762,-2.0065,-36.023,-0.21998,27.667,0.13076,-27.001
42.6,-0.0018816,0.0043819,0.0076486,-1.02,-0.006958,-0.004637,0.0042286,-0.95472,-5.6081,-0.12527,-30.27,0.79197,18.891,0.84161,-18.168,-0.011108,0.015002,-0.0022707,-1.0042,-0.0058092,0.002378,-0.0014068,-0.59428,-7.0775,-1.6197,-34.664,1.23,28.422,-0.67704,-28.982
42.7,-0.010717,0.010382,-0.0088516,-1.0084,0.0023199,0.0092346,-0.00045683,-1.191,-4.7951,0.90662,-29.674,1.1308,18.749,1.3614,-16.762,-0.0078318,0.0019318,-0.0051771,-1.0083,-0.0035111,0.0061082,-0.0049042,0.51314,-8.4914,0.89467,-35.389,-1.215,27.235,-0.33165,-29.542
42.8,-0.0081596,-0.0097097,0.013105,-1.0039,-0.00096615,0.006061,-0.007331,-0.25802,-3.8345,-1.8958,-31.427,0.65006,17.177,1.0108,-18.504,-9.012e-05,0.0085004,0.018667,-1.0058,-0.0047402,-0.0039774,-0.003039,-1.2395,-7.8628,-0.7824,-35.861,0.50458,28.121,0.59452,-27.483
42.9,0.0071935,-0.0063573,-0.010725,-1.0094,-0.0094484,0.0052691,0.0023677,0.22612,-5.1503,1.0803,-31.276,0.59746,18.33,-0.89488,-17.914,-0.010027,0.0019776,-0.0038693,-0.99118,-0.012401,0.0018719,-0.0029679,0.33704,-7.7646,-0.22106,-34.325,0.34044,28.413,-1.3944,-28.241
43,-0.00958,0.010119,0.0042675,-0.99666,0.0038384,-0.003768,-0.00090184,2.2935,-2.7072,0.77448,-30.843,-1.1298,18.481,-0.31843,-17.73,0.0024797,0.0031161,-0.0095431,-0.9933,-0.0033039,0.00013179,0.0043945,0.36622,-7.8015,1.8759,-35.196,0.34159,26.767,0.89832,-28.377
43.1,0.014041,-0.010493,0.0052764,-1.0074,-0.0078088,0.0023196,-0.010794,-1.5611,-5.5376,1.4024,-29.468,-0.49961,17.439,-0.91578,-17.302,0.00563,-0.0048525,-0.019564,-1.0084,0.012392,0.0029795,-0.0052158,-0.22482,-9.5862,-2.3696,-36.639,-2.6612,26.79,-0.38613,-27.023
43.2,-0.0020362,0.0096296,-0.0011479,-1.0068,0.0037234,0.0079307,-0.0017747,-1.8999,-3.5017,-2.9558,-28.153,-0.67343,16.329,1.6933,-17.589,0.0014024,-0.0067273,0.0029717,-0.99098,-0.0034888,0.0043988,0.0078213,-1.9714,-8.9587,-0.35703,-36.612,0.4895,26.597,-1.1612,-28.051
43.3,-0.016914,-0.0033796,0.012513,-0.9923,0.0014767,-0.0056443,-0.00048659,-1.6955,-6.097,-2.9426,-29.179,0.98519,16.784,0.5253,-18.236,0.016757,0.019217,0.0010843,-1.0061,-0.001701,-0.0063163,-0.01036,0.016092,-9.8264,-0.46644,-36.922,2.6632,26.935,-1.0953,-26.716
43.4,0.0069605,-0.01108,-0.0034329,-0.98798,-0.0011329,0.01085,-0.0077897,-1.1864,-4.9733,1.2157,-30.018,-0.65929,17.61,-2.5886,-16.759,-0.010472,0.012828,0.014314,-0.99839,-0.0081115,-0.0044453,-0.0049349,1.2938,-11.382,1.0259,-33.915,-0.4961,26.943,-2.2123,-26.617
43.5,-0.0038045,-0.0041795,0.013284,-0.9914,-0.0074226,-0.00087949,0.0053861,0.69513,-3.7799,0.98061,-31.287,0.99648,16.238,-1.7059,-18.397,-0.022996,0.019776,-0.0070625,-1.0037,-0.0077478,0.0075115,0.0072116,0.42308,-9.5797,0.35715,-33.655,-0.3881,26.718,-2.2811,-27.941
43.6,0.010447,-0.0062531,0.0099469,-1.0109,0.0028695,0.0033523,0.0010726,-0.2135,-6.0439,-0.22864,-27.577,-1.5567,15.914,-1.4299,-16.429,0.0020113,-0.0031768,-0.0034742,-1.0104,-0.0056,0.0029449,0.00096848,-0.4714,-9.87,1.2143,-36.38,-0.57273,26.329,0.45362,-25.725
43.7,0.0073838,0.0069221,0.0032427,-1.0063,-0.0058559,0.0013204,0.0034092,0.49005,-3.0213,-1.5997,-30.433,-0.095405,17.571,-1.1827,-18.151,-0.013849,0.0058078,-0.0065238,-0.99766,-0.0058724,0.0041498,-0.0014962,-1.1252,-9.2219,0.15452,-35.961,0.94208,27.631,1.2789,-28.287
43.8,-0.0071352,0.014675,0.0029919,-1.0114,0.0036663,-0.0089838,-0.003006,-0.45667,-5.8889,-1.4191,-32.287,0.65612,20.739,-1.0893,-18.092,0.013094,-0.0048193,-0.0022774,-1.0034,-0.00015774,0.0050306,-0.0045508,0.39372,-8.5557,-0.6966,-34.878,-1.3481,27.996,-0.51356,-28.325
43.9,-0.006585,0.012906,-0.0051918,-0.99006,-0.002466,-0.0011979,0.0041177,-2.0062,-6.1803,1.0926,-31.636,3.5095,19.181,0.22408,-17.55,-0.0077881,-0.008356,-0.0073514,-0.99953,-0.0059629,0.0021646,-0.0027452,0.62162,-9.427,0.25222,-36.425,-1.9873,27.917,0.17948,-26.175
44,-0.0060013,-0.012569,-0.0074079,-0.97399,0.0052515,0.0025979,-0.0033803,0.2791,-5.0452,-0.55412,-30.476,-0.32692,19.46,-0.58572,-16.171,-0.0048528,-0.018665,-0.0011693,-1.0098,-0.003924,0.0077477,-0.0020763,0.83862,-9.6086,-2.0241,-36.302,-1.2582,27.524,-0.73282,-28.329
44.1,0.0061461,0.007479,-0.016232,-0.97745,0.0022933,0.00090162,-0.003728,-0.96467,-4.3672,-0.067042,-30.724,-1.009,18.748,0.40886,-16.07,0.017482,-0.010569,0.001048,-1.0097,-0.0031366,0.010825,0.00080402,-1.0564,-10.398,-0.25043,-38.295,0.31723,27.188,0.78457,-28.562
44.2,0.014344,-0.0036593,-0.0029164,-0.99033,0.0025299,0.0051984,-0.001219,0.42918,-4.3319,1.2505,-30.028,0.40054,16.297,1.6167,-17.048,0.0097849,0.0023401,0.014858,-0.99751,0.0096,0.0024693,-0.00064776,-0.32081,-9.4713,-1.1856,-34.36,0.22559,27.409,0.22462,-27.518
44.3,-0.0031094,0.0018199,-0.0086074,-0.99177,0.00015532,-0.0083452,-0.0016951,-2.5217,-4.801,1.464,-31.952,3.086,17.207,1.4367,-16.413,-0.01824,-0.0049877,-0.00078682,-0.98829,-0.0086298,-0.00093114,-0.0078995,-0.050653,-10.613,1.656,-35.195,1.2856,26.471,-1.6616,-26.603
44.4,-0.010418,0.0042322,0.010113,-1.0142,0.0068152,-0.004493,-0.00052493,-0.075798,-5.4238,0.69025,-30.765,-0.19489,17.961,-0.47057,-17.105,0.0055537,0.0049611,0.0017229,-1.0002,0.0011584,0.0094595,-0.0019544,-1.3769,-8.3046,0.651,-35.5,1.6173,29.907,-0.42302,-28.93
44.5,-0.0022971,0.0048965,-0.00020661,-1.0067,-0.0039486,-0.0014007,0.0098567,-0.56569,-4.4319,-0.8834,-32.112,-0.89201,16.95,0.52542,-18.064,-0.00030461,-0.0030858,-0.0078633,-1.0083,0.0041302,0.0032775,-0.0042651,3.0252,-9.548,1.378,-33.947,-1.0975,26.214,-1.1191,-26.922
44.6,-0.0059009,0.010434,0.00038507,-0.99309,0.0020612,0.0092852,-0.00036383,0.042694,-5.1009,0.15244,-29.212,-0.98974,16.193,-1.2932,-17.747,-0.019354,0.0019152,-0.0028417,-1.0173,-0.0024807,-0.0024535,0.00086693,1.0479,-9.9411,-1.351,-35.237,-0.35692,26.405,-2.1803,-26.766
44.7,0.012029,-0.018526,-0.0002255,-0.99506,0.0031041,0.0036517,0.012758,0.095056,-5.731,-0.24838,-28.368,0.27868,17.579,-0.1391,-14.947,-0.013897,0.0067206,-0.0071102,-0.99619,-0.0033453,-0.005712,-0.00018237,0.71398,-10.137,-2.4096,-35.367,0.16385,27.927,-1.1206,-27.65
44.8,-0.0035586,0.00086714,-0.0078474,-1.0091,0.00067746,0.001109,0.00097991,0.35409,-3.7564,-1.3539,-29.504,0.67338,17.453,1.2049,-15.379,-0.0096875,-0.0031412,-0.019624,-0.99937,-0.0060116,0.0018339,-0.0078409,1.1476,-10.343,0.37387,-37.463,0.35692,26.399,1.7961,-28.341
44.9,0.013849,0.0078306,-0.004536,-1.0001,0.0077038,0.0040487,-0.0013128,-1.7783,-4.4914,-2.4471,-30.266,0.69431,18.019,-0.46126,-17.579,-0.0048864,-0.01433,-0.0053733,-1.0019,-0.0077591,0.0027101,-0.00094587,0.60038,-9.9772,0.34598,-37.24,-0.31631,26.12,1.5307,-27.481
45,-0.0002967,-0.0024185,-0.003194,-1.0055,0.0069574,0.0098881,-0.0023731,-0.57436,-4.2581,-0.61386,-30.474,0.040219,18.67,1.5077,-17.396,-0.0062836,0.019055,0.012363,-0.98276,0.0031085,-0.0062612,0.005235,0.25117,-7.5224,1.9232,-34.316,0.84366,29.653,-1.4866,-29.78
45.1,0.011947,-0.02427,0.017286,-0.99216,0.0031067,0.0068289,0.00028387,-0.32268,-5.564,0.76605,-30.451,-0.50184,18.576,-0.98976,-15.067,-0.012081,0.0061424,7.1864e-05,-1.0055,-0.011576,-0.0030219,-0.0076687,0.69132,-9.8558,0.75258,-35.294,0.08728,26.005,-1.5743,-26.518
45.2,-0.010351,0.0098854,-0.016539,-0.99367,0.00039413,0.0097822,0.0021117,0.10083,-3.5253,1.9617,-31.071,1.5449,17.125,-0.40244,-17.536,-0.0091292,-0.00089861,0.014014,-1.0009,0.00078507,0.004543,-0.0029206,-2.9926,-10.063,-1.7442,-35.916,2.007,27.173,2.3664,-30.381
45.3,0.0089918,0.00084936,0.0033811,-0.99186,-0.0013259,-0.00086042,-0.012228,-0.66074,-3.2153,0.66982,-30.057,0.57663,17.868,-0.37401,-16.694,0.007679,0.016922,-0.0051651,-0.98822,0.0045095,0.0016458,-0.00049381,2.5442,-10.199,-0.41254,-35.565,2.0691,25.356,1.725,-28.021
45.4,0.011486,-0.015594,-0.0084067,-1.0021,-0.004989,-0.00024001,-0.0017303,-1.2991,-4.1911,-0.64656,-31.133,-1.0752,19.301,0.73276,-15.692,-0.0011798,0.014218,0.0077758,-0.98987,0.004869,-0.00090431,-0.0032593,0.94718,-7.8742,-0.64506,-38.2,0.70719,26.06,-1.1556,-28.356
45.5,-0.011426,0.0042022,0.013357,-0.99114,0.001997,0.0043012,0.0012625,1.6537,-3.0314,-1.0686,-30.248,-2.1945,18.891,-0.7561,-16.914,-0.00053941,0.0050462,-0.0026018,-0.99344,-0.007902,-0.0030851,0.0076689,3.0823,-8.0179,-0.16942,-36.243,-0.41144,26.689,-0.46429,-27.956
45.6,-0.00020621,0.0029261,-0.012609,-0.98757,-0.0090558,-0.0033921,0.0092308,-0.58209,-5.2391,1.102,-29.469,0.44235,18.772,-0.17944,-17.237,-0.0059855,6.1054e-05,-0.0032625,-0.9942,-0.0046741,0.0058991,0.0023838,-0.18254,-9.705,0.25519,-36.079,-1.6954,25.747,0.52064,-29.233
45.7,0.014399,0.013319,0.00098674,-0.99494,0.0090852,0.0014566,0.00019338,0.57963,-3.6564,0.11167,-29.814,2.4287,16.711,1.4346,-18.036,-0.0058427,-0.018801,-0.0010541,-1.004,0.0075264,0.00084143,-0.010103,-0.74151,-8.0289,-1.5731,-35.621,0.67799,26.836,0.94191,-27.636
45.8,0.0094509,0.0022279,-0.0069029,-1.0003,-0.0065162,0.006638,0.0024458,-0.34534,-5.6642,-2.4437,-29.227,-1.1385,17.339,1.4231,-14.555,-0.0024899,-0.0069647,-0.0063145,-0.99893,-0.0011389,0.011404,0.0023048,-1.4947,-9.4823,-0.61926,-36.703,0.85548,27.424,0.44071,-27.349
45.9,-0.0042335,0.013728,0.0092285,-0.99592,-0.0039922,0.00046314,0.0030906,0.77743,-5.3215,-2.3626,-30.432,-0.29693,17.684,0.063324,-17.048,-0.018898,0.0057085,0.030787,-1.0004,0.0058761,0.00039546,-0.0083584,-0.96083,-11.521,-1.7824,-35.803,-1.3267,26.535,0.18285,-28.295
46,-0.011023,0.0069901,0.0010474,-0.9925,-0.0058976,-0.0056524,0.0040995,0.5387,-4.2518,-0.79228,-30.609,0.34846,19.081,-0.66251,-16.005,-0.0043074,-0.018828,0.0064153,-1.0173,-0.0014034,0.0028169,0.0036632,0.39284,-8.1645,-1.3116,-35.148,-0.53776,26.781,-0.45083,-27.097
46.1,0.007108,-0.016449,-0.0011286,-1.0005,-0.010348,-0.0094355,0.0022613,-0.40577,-4.9314,1.2339,-30.217,-1.5921,16.651,-0.80604,-17.605,0.011239,0.010578,-0.0069496,-1.0036,-0.0046379,0.00044814,-0.0039831,0.87481,-9.3102,0.78274,-36.38,1.0249,27.358,-0.63173,-27.985
46.2,0.007137,0.012019,0.00025224,-0.99879,0.00023324,0.0057591,0.0087744,-2.8245,-2.7644,-1.1336,-31.527,1.1772,17.431,0.55294,-16.682,0.0043398,-0.0049174,-0.0013987,-1.008,0.0053153,0.0018789,0.0019945,1.2884,-10.38,-1.6217,-33.825,1.9985,26.246,-1.4224,-27.714
46.3,0.002927,-0.005498,-0.0027102,-0.99281,-0.0068201,-0.0012388,0.0024804,-0.1847,-5.3974,1.3431,-31.069,-0.090781,19.268,-0.36447,-15.975,0.0042501,0.013588,0.005969,-1.0083,-0.0042944,0.000325,-0.0047792,0.20305,-8.33,-1.6811,-37.033,1.2144,26.591,0.34758,-27.608
46.4,-0.011626,-0.0016105,-0.0061591,-1.0085,-0.0056794,0.0010767,0.00098917,0.059592,-5.5866,-0.14584,-30.888,-1.9117,15.424,-2.1245,-17.976,-0.013534,-0.0001404,-0.013332,-1.0021,-0.0044156,0.0086414,-0.0092987,-1.1307,-9.1618,-0.22116,-37.034,1.8289,27.094,-1.9091,-27.77
46.5,-0.000577,0.013082,-0.0040142,-1.0155,-0.0038043,0.0032498,0.0015473,1.7859,-3.5734,0.90131,-32.143,-2.1559,18.447,-1.9589,-15.312,-0.007543,0.00097102,0.0035019,-0.99002,0.0012643,-0.0010524,0.0029762,0.4869,-8.4037,0.65748,-36.142,-0.9066,27.743,-0.37444,-26.125
46.6,0.009556,0.019284,-0.0024389,-0.99291,0.0010652,-0.0056993,-0.0017742,0.46372,-2.2575,-0.81707,-29.956,0.33757,18.47,1.8102,-16.556,0.0062504,-0.013937,-0.015335,-1.0032,-0.0033166,0.010249,-0.00096179,1.9871,-10.455,-1.1856,-36.118,-1.3639,25.503,-1.1451,-25.785
46.7,-0.0012164,-0.0047862,-0.0071157,-0.99933,0.00062967,0.0082964,-0.00054291,-2.0343,-3.7802,0.071052,-32.224,1.1557,17.225,0.67775,-17.186,-0.0013158,-0.011959,0.011496,-1.0066,-0.0063013,-0.0042311,0.0080139,2.1473,-9.2092,1.6249,-35.686,0.18283,26.587,0.23712,-28.294
46.8,-0.013262,0.0090858,0.007408,-0.99648,-0.0029988,-0.00053957,0.004843,-1.3632,-6.4864,-0.86122,-30.046,0.4226,17.733,0.65463,-15.075,0.0060842,0.0024518,0.0088397,-1.014,0.0041377,0.0010491,0.0019912,-1.6034,-9.714,-0.18896,-37.223,-0.65409,27.411,0.092055,-26.577
46.9,0.011825,-0.00022539,0.0031378,-0.99,0.0024347,0.0024659,0.0022542,0.039022,-4.07,0.84292,-31.639,-0.93838,15.87,-0.37861,-15.997,-0.0086636,-0.0078984,-0.0056694,-0.99788,0.013999,-0.0053536,0.0019124,-0.76393,-8.8532,0.28782,-35.822,0.87738,26.748,1.129,-27.761
47,5.4128e-07,0.0034051,-0.012126,-0.99563,-0.0020514,-0.0017273,0.0040478,-0.020929,-4.2736,0.50028,-31.326,-0.75199,18.213,0.65853,-16.09,-0.00678,0.0052595,0.012068,-1.0073,0.0030351,0.0090835,0.0043219,1.6809,-10.9,-0.16257,-37.82,0.76894,25.781,0.90124,-27.243
47.1,0.0018894,-0.011574,0.010498,-1.0019,-0.0051381,0.001932,-0.0026325,-0.43043,-2.3808,-0.58801,-29.801,0.52272,17.837,-1.5098,-16.549,0.020851,-0.014428,-3.3605e-05,-1.0083,0.001652,2.3843e-05,0.00088297,-0.59784,-9.7311,0.32614,-36.67,-0.60558,25.815,-1.3464,-25.122
47.2,-0.017632,-0.0053966,0.010634,-0.99478,-0.0056656,-0.0029232,0.0064663,0.45424,-2.6854,-0.71401,-32.996,-0.61572,16.258,1.015,-17.738,-0.007034,0.015521,0.0023115,-1.0021,-0.0095825,-0.0070302,0.0029995,1.2854,-9.3085,0.27556,-36.313,1.1311,26.632,-1.0738,-27.647
47.3,0.0021459,-0.021444,-0.0063618,-0.98685,0.0016209,-0.0031288,0.0045731,-0.65618,-5.7143,-1.6576,-30.105,1.6206,17.671,0.63195,-16.844,-0.0060555,-0.0061826,0.022936,-1.0199,0.0069637,-0.0011748,-0.001628,0.22393,-9.5671,-0.30662,-34.899,0.50174,25.926,0.30798,-26.803
47.4,-0.01039,-0.014594,-0.0016019,-0.99692,0.0049517,0.002142,-0.004258,-1.6505,-2.1523,-0.2572,-30.353,0.54719,17.555,-0.38263,-15.151,0.011911,0.00017859,-0.0035538,-1.0098,0.0031524,-0.00044686,0.0030795,0.094645,-11.221,-2.3661,-36.532,0.43362,26.644,0.17576,-27.221
47.5,-0.012998,0.0019094,0.015046,-1.0111,0.0027401,-0.0013852,-0.0049365,-0.07064,-4.2913,0.73429,-31.951,-0.32044,16.685,-1.3641,-16.345,-0.018674,-0.0067388,-0.0035169,-0.9955,-0.0020272,-0.0027592,0.010288,-0.79982,-8.1986,-0.23514,-36.835,1.901,27.091,0.28091,-26.169
47.6,0.0085072,-0.00095977,0.0026992,-1.007,0.00052905,0.00084449,0.0016812,2.3685,-5.1895,0.39497,-31.967,-0.71958,16.432,-1.1219,-18.047,0.0055767,-0.0035505,-0.00015617,-0.98804,0.0021424,0.0015541,-0.00055452,0.65143,-10.423,-0.43843,-37.34,1.7521,27.872,-0.84741,-28.27
47.7,0.0050392,-0.0028583,0.013858,-1.0012,-0.005254,0.0023392,-0.00047616,-0.87824,-4.068,-1.7239,-30.607,-0.026525,17.205,0.90402,-16.047,0.00028859,-0.004888,0.0015965,-1.0047,0.00050065,-0.0016349,0.0030353,-0.12044,-10.599,1.2926,-37.142,0.68549,25.091,-0.73748,-25.873
47.8,0.0088333,0.0091847,-0.01048,-1.0033,0.0058256,-0.0073911,-0.0022196,-0.9108,-2.9143,-1.9474,-31.293,-0.15222,17.22,1.294,-16.031,-9.393e-05,0.006518,-0.0070715,-1.0072,0.0038743,0.0034226,0.0088833,0.19158,-10.504,0.77836,-37.231,-1.587,24.998,-0.60621,-27.492
47.9,0.0073741,0.013453,-0.009394,-1.0106,-0.0050007,0.00078885,-0.0088447,0.20275,-5.2464,-0.73636,-33.307,0.32174,18.963,-0.827,-16.081,0.0063539,-0.0076495,-1.4015e-05,-0.98728,0.00012074,0.0025818,-0.0015406,-0.59113,-10.052,-1.6615,-37.91,-0.79594,28.471,0.41524,-28.412
48,0.0074208,-0.0058101,-0.022302,-0.99613,-0.0018974,-0.0025834,-0.00025886,0.53885,-4.5341,0.27773,-31.886,0.67189,16.937,-1.2581,-15.989,-0.0044,0.011949,0.013433,-0.98941,0.0030904,-0.00051738,0.00050797,-1.4735,-10.246,-2.4198,-38.115,1.4586,26.411,0.36465,-26.725
48.1,0.0039114,0.0014459,-0.0075351,-1.0081,0.0025246,-0.0071883,0.0047214,-1.6213,-5.8007,-0.42674,-33.686,-0.41037,16.938,-0.41907,-17.576,-0.0094433,0.0030945,0.011041,-1.0245,-0.0082889,0.0055908,-0.0053512,0.26356,-10.844,-0.72993,-39.258,1.4121,26.932,2.1546,-28.487
48.2,-0.002565,-0.022738,-0.011379,-0.9956,0.0064021,0.0037804,-0.0087659,-2.1157,-5.5435,-1.3733,-31.367,1.1468,17.404,1.7145,-15.668,-0.013735,0.0060288,-0.016396,-0.99907,0.0058146,0.0042015,-0.0012859,1.2513,-10.889,0.34959,-36.859,-1.9535,26.307,-0.72528,-29.736
48.3,-0.0039646,0.01363,0.0010533,-0.97783,-0.0048734,0.0052083,-0.0023247,-0.44507,-2.0844,-2.1612,-31.578,-0.66314,15.972,0.39937,-16.493,-0.010237,-0.0020417,0.0096219,-0.99079,-0.0074769,0.0070258,0.0061729,-0.36522,-10.682,-0.77299,-38.186,-0.41861,28.015,0.71936,-28.331
48.4,-0.010344,0.012999,-0.014091,-0.98973,-0.0066216,0.0011625,0.0062633,1.5869,-4.1453,-0.29387,-29.708,-0.94142,18.909,-0.71542,-16.409,-0.021236,-0.0080716,-0.015096,-1.0082,0.0054088,0.00021663,0.004139,-0.34108,-8.4181,-0.30328,-36.018,0.83962,28.079,0.59747,-28.013
48.5,-0.0074143,0.0073279,-0.0024801,-1.0093,0.0026899,0.0012367,0.0050517,0.64227,-3.4415,0.054016,-32.181,-1.4916,16.33,-0.28058,-17.987,0.023922,-0.0043193,-0.0022446,-1.0007,-0.0045095,0.004192,-0.00056439,-0.65811,-8.2691,0.13745,-36.654,0.91614,25.041,1.4232,-27.946
48.6,-0.020176,0.0061201,0.00036455,-0.9997,0.0043065,0.0086817,0.0001826,-1.7348,-4.5701,-1.4933,-32.718,-0.3059,18.049,-0.1815,-17.797,0.0036185,-0.0039907,-0.0086444,-0.99804,-0.0085678,-0.0095024,-0.0048039,-0.034411,-8.843,-0.083759,-37.796,-0.70533,28.387,-0.72348,-27.19
48.7,-0.0034088,0.002202,-0.0035769,-1.0035,0.0034823,0.0036964,0.0047879,1.085,-5.7959,0.15395,-32.815,0.86917,15.666,2.3124,-17.826,0.0016513,0.017845,0.0011845,-0.99963,0.0058772,-0.00012331,-0.0017288,-0.62652,-11.172,-0.18138,-38.883,0.98426,26.709,0.39916,-29.059
48.8,0.0036964,0.01159,-7.7251e-05,-1.0105,-0.0027767,0.0017479,-0.0047918,-0.5301,-4.6182,-0.7734,-32.54,-0.16847,16.875,-0.71716,-16.329,0.0017002,0.021387,0.0047338,-0.98545,0.00039359,0.0071502,0.0039677,-1.4739,-10.291,-1.0756,-37.571,0.8362,27.834,-0.68931,-27.907
48.9,0.012747,-0.0008301,0.0070297,-0.99233,0.00024724,-0.0058056,0.0033556,-0.03559,-4.3239,-0.11942,-33.621,-0.65551,17.197,-0.021915,-16.039,0.0040091,-0.0062326,-0.013137,-0.99193,0.00078417,-0.0055431,-0.0026807,1.198,-9.2202,1.429,-37.979,0.45243,26.037,-0.75363,-29.476
49,0.010759,0.0073801,0.010786,-0.99844,-0.0014627,-0.0010354,0.0027459,-0.79534,-2.8019,-0.74272,-31.165,-1.4921,18.82,0.28082,-16.901,0.003409,-0.0093084,0.033919,-0.99662,-0.0014277,0.0041173,-0.0057566,-0.51577,-9.3355,-0.42116,-38.317,0.16571,28.756,-0.43209,-28.38
49.1,0.0073128,0.0073998,-0.001916,-1.013,0.0046956,0.0022676,-0.00038611,-0.73186,-4.401,-0.42499,-33.119,0.0083998,19.723,-0.73398,-17.022,0.0014964,-0.0020651,0.0010573,-0.99827,0.005642,-0.0090512,-0.0013675,1.4091,-9.5005,-2.0971,-37.901,1.1213,26.369,0.042331,-28.13
49.2,-0.010193,0.0051421,-0.0036131,-0.98856,-0.0023667,0.0052106,0.0064116,-1.2272,-4.852,-0.58883,-31.959,2.4347,17.567,0.98185,-17.788,-0.0020299,-0.0093395,0.00012969,-0.99214,0.003696,0.0036572,0.0094843,-1.2449,-11.394,-2.066,-39.415,1.8128,26.048,1.6606,-28.886
49.3,0.013691,-0.0045687,0.002083,-0.9823,-0.0058486,0.0028656,0.0027844,2.0916,-5.1313,0.37118,-33.682,1.2226,17.96,-1.4945,-17.954,0.0050194,0.0033479,0.0031198,-0.99249,0.0022255,0.0018421,0.0036493,-3.1934,-7.7293,-0.91513,-37.821,0.94562,29.466,-0.67702,-29.205
49.4,0.005292,-0.0074219,-0.00074832,-0.99624,0.009597,0.0043595,-0.004654,0.58037,-3.4881,-1.4476,-31.822,-0.80637,17.835,-0.88186,-15.256,0.011886,-0.0071252,-0.010705,-0.99614,-0.0030115,-0.0020109,-0.00045006,1.9769,-8.3809,0.53767,-39.688,-2.3346,28.072,-2.6445,-29.652
49.5,0.012858,0.00082714,0.015191,-1.0114,-0.005454,0.00075935,0.0060338,-0.44385,-4.1308,-0.15253,-32.12,-0.15176,17.986,0.94061,-15.994,0.011416,0.0021564,-0.029432,-1.0019,-0.00085316,-0.0027972,-0.0043541,2.5898,-9.1339,0.17115,-37.436,1.8443,26.087,-0.78296,-30.272
49.6,-0.0044133,0.007164,0.010273,-1.01,-0.0051184,0.0034587,-0.0035752,0.20558,-4.783,-1.1227,-32.289,1.719,17.942,1.1574,-15.583,-0.010714,-0.016042,-0.014352,-0.99588,0.0069096,0.0042889,0.00029681,-0.41778,-7.3052,0.9219,-38.92,-0.21586,26.815,-0.099247,-29.32
49.7,-0.015003,-0.00042885,0.0020179,-0.99332,0.00044138,0.0050161,0.0029072,-1.3762,-4.3324,-2.1904,-32.435,-0.31618,18.817,0.1626,-17.365,-0.0025755,0.011504,0.006563,-1.0249,0.0024319,0.0047806,-0.0029386,-1.6429,-8.9199,-0.61357,-35.841,1.3948,28.6,1.6411,-27.197
49.8,-0.001536,0.0088067,-0.0052905,-0.99449,-0.006557,-0.0022995,-0.017504,-0.49384,-4.075,-1.7502,-32.124,-2.1304,18.597,-1.5115,-15.753,0.012159,-0.0054407,-0.0029938,-1.0071,-0.0067437,-0.0040124,-0.0031264,-0.49879,-12.785,-1.6851,-37.915,0.056719,28.243,0.70703,-28.021
49.9,-0.0081634,-0.00060447,0.0093695,-1.0051,-0.0039246,-0.00025826,0.0017584,-0.38349,-5.0625,1.6849,-31.325,-0.41878,18.353,-1.2641,-15.908,-0.0089587,0.012364,0.021844,-0.99109,0.004598,-0.00081892,-0.00038601,-0.79765,-10.366,1.3632,-37.134,-1.715,27.047,0.97855,-27.492
50,0.0019567,-0.0021886,0.010907,-1.0027,0.0009362,0.00051368,-0.002099,-0.60959,-4.1068,-0.28652,-34.303,-1.0932,17.788,-0.25874,-14.935,-0.01021,-0.00049651,0.0051477,-1.0106,-0.0012326,-0.0038557,-0.0027622,0.71304,-8.6754,0.91027,-37.51,-0.12646,27.733,-1.0891,-31.665
50.1,0.013929,-0.015685,0.0064741,-0.97919,-0.0025887,0.0013798,-0.0024212,-0.93404,-3.6857,-0.56807,-31.576,0.6499,17.433,-0.10814,-16.443,0.0053639,0.011372,1.809e-05,-0.99966,-0.0048662,0.0089703,0.004378,-0.19737,-9.1214,-1.6245,-38.912,0.17782,28.501,-1.2684,-29.149
50.2,0.00024665,0.00060468,0.014273,-0.98629,3.1976e-05,0.0061617,-0.0024101,-0.38009,-3.1126,0.91894,-33.94,0.14592,18.223,1.3264,-15.959,0.00076857,-0.0036132,0.0036381,-1.0022,0.0095672,-0.0016198,-0.0019974,-0.84258,-10.354,-2.1901,-39.417,0.31504,26.414,-1.0719,-27.824
50.3,0.0053434,0.01262,-0.014288,-1.012,0.0062314,0.0083429,-0.0066092,3.686,-4.0247,-0.91787,-32.825,1.0192,18.525,-0.39845,-17.662,0.015851,0.00069698,-0.0042077,-1.0073,-0.00049829,0.01094,-0.0028507,0.34718,-10.791,-0.64503,-39.124,2.6855,26.496,-1.2518,-28.345
50.4,0.015314,0.01578,0.0016809,-1.0045,-0.0076927,-0.003304,0.003335,0.9247,-3.915,1.3013,-31.757,-0.0052908,17.435,0.63475,-15.997,-0.0017258,-0.0035517,-0.0057371,-0.9976,0.0036186,0.0046731,-0.0014252,-0.025805,-10.863,-0.93594,-38.145,-0.07327,28.246,0.86869,-28.901
50.5,-0.0039164,0.0057352,0.014506,-0.99206,-0.011372,-0.0075287,-0.0067775,-1.3943,-2.4789,-1.8628,-31.279,-0.30033,17.724,0.99625,-17.681,-0.0030452,0.0082923,-0.0058768,-0.99902,-0.0066013,-0.0048267,-0.0045758,0.83955,-8.0667,2.7211,-39.829,-1.1726,26.343,-0.78287,-29.548
50.6,-0.00089602,-0.0044658,0.00059655,-1.0004,-0.0011468,-0.0032075,-0.0073121,0.0066728,-2.4612,-1.6575,-31.515,2.5448,18.455,-0.28337,-17.102,0.0014999,-0.0046682,0.0061778,-1.0122,-0.001897,0.0016037,-0.0012104,-1.199,-8.7172,-0.27994,-37.743,1.1802,26.912,2.1553,-28.825
50.7,0.0080521,-0.00044169,-0.0030327,-0.98436,-0.0019528,0.00058962,0.0013603,-2.2864,-6.0123,-0.14974,-33.141,0.24667,17.098,1.4766,-15.445,-0.0067592,-0.0078119,-0.014019,-1.0084,-0.0033538,-0.012598,0.0046709,1.0551,-9.4891,0.10369,-40.606,1.8179,28.082,1.3627,-29.036
50.8,0.0082383,-0.0012932,-0.0071161,-0.99035,-0.0059824,-0.0027163,0.0039937,0.78628,-3.722,0.15057,-32.598,-1.4899,19.688,-1.0359,-16.144,-0.0031469,-0.00031411,-0.0057642,-1.0158,0.0010732,0.0027478,-0.005051,-0.50906,-10.799,0.28518,-40.722,-0.71031,27.65,-0.77299,-30.234
50.9,0.0028665,0.012044,0.00053927,-1.0173,0.0019606,0.0091063,-0.00078407,1.5267,-5.3618,-0.1675,-30.791,0.90279,18.868,1.1687,-15.278,-0.0067083,0.0083746,-0.0093821,-0.98699,-0.0072802,0.013572,-1.1002e-05,-0.67948,-10.841,-1.3233,-38.413,-0.82953,28.274,-3.0379,-28.892
51,0.0065186,0.001115,-0.0069253,-0.9932,0.00010019,-0.0097651,0.0011435,1.7694,-3.7836,1.469,-33.352,-0.29036,18.167,0.16627,-17.514,0.0041137,0.0072909,-0.004243,-0.99976,-0.0021045,0.0006085,-0.0034562,1.6862,-10.439,-0.55187,-38.446,-0.69577,26.529,-1.1733,-31.446
51.1,-0.0072743,0.00012224,-0.0049443,-0.99974,0.003026,-0.0088469,0.0036852,-0.81089,-4.7728,-1.2933,-30.163,1.2606,18.192,0.55549,-14.827,0.0043176,-0.0075362,0.0032453,-0.99108,0.0030631,-0.0023675,0.0010328,-0.84712,-10.16,-0.17903,-41.017,1.1446,29.04,-0.51224,-29.929
51.2,-0.0052272,-0.0023162,-0.017217,-0.99705,0.0044119,0.0015505,0.0054604,-2.1117,-4.8645,-0.32812,-33.436,-0.21477,18.702,0.1942,-16.856,0.0053432,-0.0029669,-0.0027273,-0.98009,-0.0061449,0.0021858,0.0051802,0.42491,-9.5974,-3.9899,-39.224,0.81974,26.874,-0.49309,-29.534
51.3,-0.015155,-0.0039975,-0.0027517,-1.0061,0.0061534,0.0061943,0.0038831,-0.84864,-4.7277,0.14873,-32.523,-0.39938,17.641,2.0596,-17.723,0.014855,-0.0021027,0.011643,-1.0116,0.0052456,0.004414,-0.0019805,-1.2433,-10.528,0.4871,-37.743,0.89581,27.31,-0.66593,-27.538
51.4,-0.0071372,0.0057131,0.015011,-0.97928,0.002466,0.00042542,0.0018387,-1.4573,-5.028,1.0241,-34.874,0.44272,17.946,-1.0248,-14.654,-0.031718,-0.0038479,-0.022362,-1.0083,0.0040042,0.0037086,0.0022866,2.2784,-9.6679,1.0209,-38.866,1.5671,28.232,-1.4859,-28.019
51.5,0.017246,-0.026216,-0.011223,-1.0076,-0.0036564,-0.00046279,0.0016669,1.0512,-2.3276,0.16363,-33.776,-0.075226,19.138,-0.030604,-16.284,0.0026026,-0.013709,0.01216,-0.99652,-0.0044289,0.014546,-0.0091476,-0.069493,-8.9425,1.3713,-38.325,-0.98704,28.214,0.34673,-26.748
51.6,0.021857,0.0064554,0.0027677,-1.0045,-0.0026891,-0.0033976,0.0014979,1.316,-5.5468,-0.79294,-33.458,0.1151,16.205,-1.4369,-17.867,-0.010878,0.0054082,-0.0036213,-1.0057,0.00098348,0.0005708,-0.00055833,1.0049,-9.7957,-0.64323,-39.281,-0.91068,26.821,-0.021608,-29.018
51.7,0.0084846,0.00036001,-0.012953,-1.0102,-0.0044092,0.0080789,-0.0017297,0.045807,-4.5533,-1.1182,-32.506,-0.59243,19.148,0.42114,-17.268,-0.010145,-0.0057776,-0.0080447,-0.98896,0.013982,-0.0077973,0.00015465,0.055502,-9.9276,-1.5626,-39.716,1.9319,28.847,-1.0486,-30.312
51.8,0.013942,0.0059601,-0.0099965,-1.0063,-0.0037996,-0.0096688,0.0024267,-1.188,-3.6791,-2.2344,-32.827,-0.25599,17.135,0.65963,-16.755,-0.0026264,-0.00062322,-0.008744,-1.0096,0.0064953,-0.00275,-0.0027829,-0.65304,-8.4539,0.12847,-40.109,0.12096,26.072,-0.0045556,-28.643
51.9,0.0064896,0.010447,0.0071107,-1.0087,0.0052034,-0.0029685,-0.0017498,-1.3765,-3.9333,-0.071992,-32.125,0.77154,20.021,2.1458,-17.056,0.0086939,-0.0010087,-0.0080659,-0.98127,-0.0075478,0.0013127,0.0031086,-0.034928,-10.907,-0.75045,-38.48,0.33251,27.148,-2.1336,-29.545
52,0.015971,-0.0015067,-0.0068847,-0.9989,0.0019626,-0.00013405,0.0016967,0.041671,-4.06,-0.99341,-35.469,0.43053,18.295,-0.34351,-16.551,0.0043388,-0.0052698,-0.010462,-1.0009,-0.0022907,-0.0084688,-0.0065858,-0.14118,-9.4697,-0.37272,-39.572,0.66678,28.303,-1.3945,-29.236
52.1,0.0023853,-0.02174,-0.013571,-1.0104,0.00098645,0.0023936,0.0010908,1.6329,-3.3786,1.032,-34.345,-2.9118,19.483,-1.6897,-16.985,0.0013534,-0.012056,-0.0029417,-1.0016,0.0043158,-0.00456,0.00089896,-0.68981,-11.236,-0.074358,-36.915,0.16853,27.223,-0.89516,-30.932
52.2,0.0067811,-0.01441,-0.0017052,-1.0108,-0.0077393,-0.0055398,-0.0011082,-0.93665,-4.6057,0.13837,-33.322,2.1808,16.964,-1.7487,-16.121,0.00083423,-0.011554,0.0079095,-1.0184,-0.0088373,-0.003745,0.0056833,-1.3124,-10.405,-1.7822,-37.766,2.2059,29.616,0.015301,-28.006
52.3,0.0088068,-0.019524,-0.0013206,-0.97665,-0.0070273,3.3129e-05,-0.0024139,-0.99588,-4.4173,-0.46342,-34.132,0.68527,20.421,0.38594,-15.263,-0.0010532,-0.012903,0.003857,-1.0054,0.00054295,-0.009105,-0.010889,0.87865,-7.7644,0.082605,-39.481,0.69826,27.089,-1.7272,-28.202
52.4,0.022016,-0.014955,0.0031495,-1.0009,-0.011239,-0.0063682,-0.0028977,-0.6799,-4.6556,-0.2962,-31.55,0.95778,20.456,0.44125,-14.978,0.024445,-0.0032001,0.0051647,-0.99145,-0.0031342,-0.00093613,0.003385,-0.9113,-8.004,0.53464,-39.672,-1.5223,28.755,0.82377,-29.855
52.5,-0.0062745,0.0078433,0.00012927,-1.0077,0.00034719,-0.0026363,0.0025442,-1.2584,-5.1563,-1.7872,-33.722,0.27679,18.39,0.25192,-17.671,0.004218,0.016934,0.0096278,-1.0078,-0.0020776,0.0049396,0.013274,-0.80366,-11.334,1.7324,-39.886,-0.06789,29.152,-1.9388,-31.542
52.6,-0.00012433,-0.01985,-0.010539,-1.0084,0.00066292,-0.003658,-0.004429,0.14953,-6.1964,0.57909,-35.244,2.1299,18.109,0.5104,-17.488,-0.011444,-0.0087482,-0.0050123,-1.0154,-0.0039921,0.0035336,0.0031395,-0.75236,-8.377,2.3803,-37.511,1.248,27.217,0.84948,-31.198
52.7,-0.023469,-9.1194e-05,-0.022182,-1.0161,0.0062866,-0.0053858,0.00012726,1.4137,-3.7775,1.2879,-30.767,0.20137,17.888,3.0133,-16.913,-0.015973,0.0075291,-0.005739,-0.99657,0.0037598,0.0019378,-0.0041018,-2.339,-11.013,0.09275,-39.726,-0.65629,28.625,0.78343,-30.517
52.8,-0.00019183,0.0065746,-0.0071179,-0.99412,0.0015683,-0.0080702,-0.0015405,-0.1496,-4.8344,-0.75903,-34.273,2.1051,18.631,-1.773,-18.583,0.0083818,0.00097266,-0.0095554,-0.99325,0.0052429,0.0023104,0.00054203,0.52439,-9.4519,1.5241,-42.338,0.64579,30.02,-0.23106,-30.367
52.9,-0.00054318,0.0073132,-0.0016362,-0.97735,-0.0030952,-0.00052246,0.0047348,1.9156,-5.8637,0.83347,-33.216,3.9452,18.773,2.0416,-15.467,0.0068303,-0.0033403,0.010945,-0.99142,-0.00037595,0.0029208,-0.0094563,-0.47397,-8.0501,2.5164,-39.91,1.6062,28.817,-2.1469,-31.485
53,0.012926,-0.008534,0.003411,-0.99018,-0.0038802,-0.0042572,0.0018655,-1.4141,-3.6058,-1.1696,-34.823,0.95522,21.013,-0.66901,-17.266,0.0077993,-0.012222,0.0025645,-1.0162,0.0008167,0.0016615,-0.0016647,-0.87402,-9.7679,0.51306,-38.101,-1.0294,28.412,-0.54066,-29.308
53.1,-0.0033192,0.0085574,0.013727,-0.99316,-0.0038022,-0.0015207,-0.00064791,1.2946,-3.7143,-2.7144,-33.283,0.25529,17.551,0.52823,-17.574,0.0031018,0.012259,0.0018368,-0.98515,0.00063083,-0.0029455,-0.0036257,-0.14109,-9.833,-1.5363,-39.054,0.34525,28.96,-0.89086,-30.558
53.2,-0.0075729,-0.023367,-0.010329,-0.97747,0.0020714,0.0014612,0.0004012,-0.53835,-4.9879,0.92022,-34.827,-0.72152,19.242,0.32177,-16.165,0.0067719,-0.0014273,-0.010804,-0.99877,0.00011049,-0.008431,0.00067663,-0.60122,-11.084,-2.3803,-39.592,0.24685,30.415,0.83925,-29.74
53.3,0.018657,-0.0061521,-0.010525,-1.0032,0.001574,0.0014658,0.0023347,-0.84736,-5.7698,1.3055,-34.747,-0.71734,19.369,-1.5735,-18.189,0.0026791,-0.010467,0.01589,-1.0037,0.0046948,-0.0033418,0.0025741,-0.19221,-11.814,-1.0082,-39.379,2.1019,29.817,-0.088345,-30.824
53.4,-0.0033994,0.0043002,-0.0068537,-1.0208,-0.007601,-0.0092087,-0.00030758,0.90416,-4.4289,-0.66067,-32.965,1.918,20.102,-0.13121,-16.349,0.0036296,-0.013307,0.0088351,-0.99689,-0.0096587,-0.00197,0.0049842,-0.67231,-11.907,1.3334,-39.349,-0.96959,28.319,1.1069,-30.915
53.5,-0.0030792,0.0055159,0.0097209,-1.0134,-0.0056909,0.0023014,0.0031198,-2.4605,-4.3213,0.36773,-32.945,-0.18503,17.454,-0.57064,-16.656,-0.0029429,-0.0062135,-0.00070686,-0.99768,-0.0070034,0.00076461,0.0038209,-0.092938,-10.594,2.0765,-40.444,-2.6638,28.436,-1.0401,-30.044
53.6,0.012891,-0.014238,-0.00041023,-1.0132,0.0012327,-0.0042573,-0.0072179,-1.0525,-4.7634,0.020986,-34.58,2.0138,20.106,0.9089,-15.041,-0.012086,-0.0038261,0.012575,-0.99875,-0.0060496,0.0018759,-0.0064181,1.5151,-10.564,-0.86768,-39.238,0.2171,27.781,-1.4221,-30.268
53.7,-0.0046626,-0.00026637,-0.010686,-0.99619,0.0030818,0.0067424,-0.001244,-0.44119,-2.8033,1.5956,-35.116,0.7321,18.209,-0.45562,-18.992,0.00056149,-0.0032592,0.001519,-1.0047,0.00056612,-0.0055435,0.005714,0.48034,-10.122,-1.3802,-41.601,-0.43906,27.945,-0.012665,-29.576
53.8,-0.0034344,0.003471,0.0011585,-1.0128,0.0014168,8.2116e-05,-0.0004439,-0.46992,-5.484,0.9156,-33.122,-1.2937,19.611,-0.55209,-16.783,-0.008855,0.012629,0.0021864,-0.99237,0.0043563,-0.0048723,0.0031913,-1.0497,-11.608,0.022039,-40.01,-0.95794,29.804,-0.42608,-30.833
53.9,-0.0019136,0.004413,0.0023825,-0.99335,-0.00068162,0.0044568,0.0028486,0.54411,-3.7153,-0.20145,-34.233,0.3733,18.928,0.60004,-16.73,0.0016787,-0.012295,-0.018219,-1.0211,0.0095284,-0.00033002,0.0060308,0.38435,-11.12,0.2943,-41.973,0.20204,28.843,0.14917,-30.586
54,-0.011525,-0.010979,0.002002,-1.011,-0.0025091,0.0017655,0.002448,0.42039,-3.0912,0.55002,-35.118,2.2132,20.085,-0.48073,-18.205,0.010639,-0.012005,-0.011335,-0.99212,-0.0044363,-0.0078276,0.00021821,0.7512,-10.251,-0.54763,-40.196,0.55048,29.903,-0.61913,-30.793
54.1,0.0012258,0.00069238,-0.011658,-0.98531,-0.0045948,-0.0036037,-0.0014271,0.033788,-5.0449,-2.3467,-35.158,-0.39112,18.588,0.59816,-15.981,0.011397,-0.0052364,-0.012393,-1.0134,-0.0043029,0.0041697,-0.0015777,-0.45471,-11.955,-0.95715,-40.287,-0.76826,30.088,-1.8686,-30.358
54.2,0.0055992,-0.0067221,-0.0050586,-0.99772,0.0098521,0.0077621,0.00013735,1.9167,-3.3972,-1.9497,-33.769,-0.87131,18.805,1.1134,-18.432,-0.0015469,0.0031697,0.023292,-0.99404,6.0082e-05,0.0076246,0.00034858,0.80707,-12.284,0.76885,-41.079,-0.98066,29.081,-1.4803,-31.887
54.3,0.007493,0.0094526,0.0071583,-0.99984,0.0018859,0.0051299,-0.0089691,-1.3245,-4.9979,0.75633,-34.999,0.87674,18.369,-1.5392,-17.132,-0.0088381,0.0027775,0.010649,-1.008,-0.0028279,0.0049798,2.895e-05,-0.73911,-11.278,-1.304,-40.775,-0.12464,28.15,-0.72141,-31.089
54.4,0.0039873,0.0058285,0.0015224,-0.99257,-0.0013212,0.0040583,-0.0039538,-1.6571,-4.0117,0.56159,-31.715,-0.27592,17.217,1.271,-17.725,0.012194,-0.0036761,0.021598,-1.0055,-0.0031074,-0.0055565,-0.0091802,-0.75801,-10.837,-0.79681,-42.188,1.1514,28.837,0.87945,-30.618
54.5,-0.021269,-0.011343,0.0050745,-1.0111,0.0060385,0.0049154,-0.00081364,0.028652,-5.2778,0.16173,-32.707,0.41117,19.335,-0.42999,-17.197,0.0085401,-0.0025168,-0.0038484,-1.0014,-0.013622,0.0015828,-0.00040607,-2.056,-9.4643,-0.76368,-41.176,0.10088,27.761,-0.55359,-30.316
54.6,-0.016373,-0.0099987,0.0073086,-0.9853,0.008167,-0.012493,0.0053837,-0.033057,-2.1813,-1.1283,-34.405,1.0019,19.856,1.2601,-17.007,-0.0048153,0.0042564,0.0011558,-1.0028,0.0022366,-0.0035835,-0.0021034,0.2422,-9.5712,-0.0063415,-41.079,-1.1246,28.556,-0.22622,-30.78
54.7,0.0012355,0.011794,0.012035,-0.98511,0.0027365,-0.000941,0.005152,-0.093378,-3.648,0.29814,-35.917,0.29121,17.931,1.5603,-17.106,-0.0091124,0.014667,0.019207,-0.99982,-0.003279,0.0026386,-0.0040115,-1.5343,-9.4526,-1.6845,-40.672,1.4324,29.677,-0.26232,-32.066
54.8,0.0078989,0.0078191,-0.00011433,-0.99885,0.0053855,-0.0028628,0.010653,0.74044,-3.3894,0.14219,-34.716,-2.5381,20.405,0.086894,-17.185,0.007654,0.012294,-0.0032094,-1.0063,-0.0014626,0.0059403,0.0073543,-0.77326,-8.9432,-0.17338,-39.355,1.5129,29.307,1.55,-30.034
54.9,0.0079737,-0.013354,-0.0025235,-1.0091,-0.002462,-0.0041633,0.0082598,0.20507,-2.2214,0.62403,-34.705,0.91713,19.014,0.46866,-18.401,0.0059286,0.012601,0.0073191,-0.98469,0.0044138,0.0007938,0.00377,-2.6309,-11.491,0.46455,-40.366,-0.46309,29.478,0.49909,-30.886
55,-0.0026421,-0.01147,-0.0059928,-0.99652,-0.0034398,0.0024953,0.00021369,-0.4582,-5.4456,1.173,-34.193,-1.0116,16.663,1.3911,-18.23,0.003397,-0.00098918,0.013057,-1.0033,-0.0050449,0.0049562,0.0037203,-0.12678,-9.1771,0.011599,-41.522,1.6011,29.909,-0.089766,-31.885
55.1,0.0037941,-0.008864,-0.0031996,-0.98851,0.01063,0.0040618,0.0030118,-1.3795,-4.0486,-0.022311,-34.075,0.8875,19.079,-0.12574,-16.438,0.001893,0.011168,0.0056516,-0.99118,-0.00029236,0.0014456,0.011211,-0.33407,-10.528,1.2346,-39.447,-0.26695,29.471,-1.3005,-28.591
55.2,0.005643,-0.020688,-0.012175,-0.99896,-0.0024873,0.01119,-0.0006042,0.85771,-4.208,1.3654,-36.164,1.2109,18.78,-0.16713,-16.863,0.00072073,-0.00035293,0.016681,-0.99107,0.0031176,-0.0045249,-0.0064701,1.5678,-9.0907,-0.095947,-42.514,0.025132,29.274,-1.2063,-29.733
55.3,0.0037546,-0.0066584,-0.0040334,-1.0117,0.004418,0.0029127,0.00024939,1.464,-3.559,2.2367,-34.457,-0.79064,17.698,-3.1118,-16.754,-0.0068987,-0.01871,-0.006848,-1.0172,0.00073395,-0.0012661,-0.0014976,-1.4814,-10.165,0.87057,-41.968,-0.23124,27.88,0.37695,-30.151
55.4,0.0084097,0.0080651,0.0034274,-0.98973,-0.0053046,0.0030489,0.0049632,0.94767,-4.8063,-1.2257,-35.297,-0.28638,18.218,-0.74947,-17.704,0.010465,0.0013545,-0.0013686,-0.99563,0.00047876,-0.0041587,-0.0062146,-0.38634,-11.705,-0.93762,-41.151,0.31874,28.518,-0.93521,-30.118
55.5,0.018384,0.023306,0.0068517,-1.0068,-0.00038712,-0.0058464,-0.00081029,0.036837,-3.1023,-1.6397,-33.983,-0.30609,18.419,0.84196,-15.617,0.020054,-0.0028729,-0.0058164,-0.99907,0.0042609,0.010372,0.0035083,-0.45141,-11.156,0.49261,-41.395,-0.18259,30.214,0.75502,-29.077
55.6,-0.0044294,-0.011504,0.01823,-1.0057,0.00034666,0.0057156,-0.0040278,-0.39994,-3.2995,-0.16654,-34.275,0.39552,20.103,0.70738,-18.252,0.017881,-0.0078593,-0.013684,-1.0036,0.0024537,-0.0031853,0.0087737,-1.7133,-10.895,-0.20232,-40.265,-1.1215,28.554,1.3487,-30.545
55.7,-0.014454,-0.0022026,-0.0082995,-1.0039,0.001661,-0.0028882,0.0061534,-1.7487,-3.8024,-0.24676,-33.502,-0.54762,20.135,2.0185,-15.843,0.016785,-0.0077472,0.0097367,-1.0039,-0.0079742,-0.0020789,-0.0048825,2.2232,-10.851,-1.2873,-41.249,0.12459,28.25,0.95628,-30.161
55.8,0.0082356,0.0048813,0.0094369,-1.0099,0.004286,0.00024582,0.0050219,-0.099147,-4.4292,0.49664,-33.864,-0.93011,20.597,-1.3557,-15.473,-0.0020242,-0.0061006,-0.0056675,-0.99711,0.0037928,0.0018863,-0.0011781,-0.37154,-11.37,-1.4603,-42.007,-1.0812,29.74,-0.1671,-28.838
55.9,-0.002191,0.015818,0.0009713,-0.98887,-0.0027044,0.0053848,0.0059701,0.22577,-6.8889,0.5981,-35.423,-1.4518,17.219,-1.0122,-18.576,-0.0073682,0.021477,0.0041987,-1.0022,-0.0064156,0.0039578,-0.0063125,-0.80827,-9.3778,-2.165,-44.795,0.068007,29.715,-0.79158,-32.088
56,0.0072561,0.010957,0.0016289,-0.99929,0.0043531,0.00074171,0.0053033,0.54681,-3.9181,-0.026789,-35.536,0.21767,18.749,-0.90068,-17.858,-0.024108,-0.019292,-0.00075607,-0.99552,-0.0029369,-0.000889,-0.0027928,0.19837,-8.9578,-0.61872,-40.596,0.87115,28.995,-0.10577,-29.934
56.1,-0.018411,-0.0092085,0.01031,-1.0097,0.0021252,0.0035684,0.0072632,-1.5243,-3.1436,-0.076628,-35.201,-1.8096,18.663,2.7061,-17.916,0.0041955,-0.0053065,-0.004764,-0.99973,-0.0022115,-0.0066592,-0.0058961,0.1525,-10.823,-0.89915,-41.217,-1.1462,29.335,-0.90819,-31.111
56.2,0.00083886,0.0051053,-3.6209e-05,-1.0106,0.00034659,-0.0064886,-0.0032736,-0.69724,-2.9949,-1.8155,-36.626,1.2725,18.632,0.41987,-17.536,-0.0024033,0.008409,0.0066799,-0.99397,-0.0022421,0.0018463,0.0053869,0.83736,-9.383,0.023437,-41.57,-0.11719,27.95,-1.7322,-31.686
56.3,0.0032134,-0.0058518,0.015336,-0.99609,0.0041681,-0.0015856,-0.002035,-1.0704,-3.859,0.011631,-34.817,1.4371,20.875,-1.4479,-16.519,0.0074633,7.0333e-05,-0.014575,-0.99901,0.0039299,-0.0060566,-0.004887,-2.2454,-8.0619,-0.075712,-42.037,-0.57817,28.564,-0.19357,-29.809
56.4,0.010949,-0.012058,0.00086816,-0.98548,-0.0012897,0.0028793,0.001725,1.4418,-5.1179,1.7647,-34.154,-0.3916,18.497,0.081925,-17.613,0.011923,-0.011452,0.017807,-0.99437,-0.007179,0.0018725,0.0015036,-1.3805,-9.2327,-0.024012,-42.41,2.218,28.315,0.80744,-28.615
56.5,0.00011793,-0.0085627,-0.0045694,-1.0108,-0.0087124,-0.0071226,-0.0027069,-0.79823,-3.9179,0.99734,-35.674,-0.90031,18.57,-1.4349,-17.226,-0.011832,0.0080036,-0.0049311,-1.008,0.0015328,-0.0046957,-0.00083553,-0.63137,-10.579,-0.85938,-41.696,-1.4964,30.565,-2.4352,-31.887
56.6,-0.0032846,-0.0018082,0.0092069,-0.99339,-0.0021473,-0.0049773,-0.00048977,-0.9919,-3.0774,-0.095835,-35.776,-0.83038,18.287,-0.83198,-18.286,0.012964,0.017805,0.02061,-1.0036,-0.0021969,-0.0069117,0.0084694,1.3337,-9.4399,-0.61878,-41.645,1.0155,28.967,-1.7182,-31.365
56.7,0.016302,0.010373,0.0029433,-0.99019,0.0033839,0.0064172,0.010973,-0.039717,-4.8838,-1.2512,-37.281,1.7932,20.731,-1.2197,-16.568,-0.017446,0.0065363,-0.010043,-1.0305,0.0034373,-0.0015799,0.0016538,-0.41429,-11.248,0.19888,-43.839,-1.051,29.139,0.53448,-28.183
56.8,0.00060064,0.0023276,-0.0015165,-1.0009,0.0044032,0.0012092,-0.0018146,1.1631,-4.5135,0.85116,-35.97,-1.9694,19.592,-0.95514,-17.397,-0.0041518,-0.016453,0.0025899,-1.0113,-0.0091626,0.00068692,0.0066617,-1.7005,-10.465,-1.1795,-42.107,0.90232,31.901,-0.24639,-32.016
56.9,0.008324,-0.0011617,-0.01004,-1.0012,-0.0017229,-0.00081629,0.0015635,-0.26573,-2.2068,-0.74099,-35.376,0.67619,18.138,2.2821,-17.801,0.0028122,-0.01459,-0.00070345,-0.99064,0.00030023,-0.0040138,-0.0064082,1.6899,-9.387,-0.57147,-40.371,-1.8076,27.608,-1.1188,-30.735
57,-0.021006,-0.002954,0.0051124,-0.99837,0.0085367,-0.0029332,0.00045452,0.34906,-2.8249,-1.7181,-36.807,-1.0142,20.066,-0.48355,-15.807,-0.0075181,-0.0022925,-0.013927,-1.0239,0.0061733,0.0038661,-0.0027158,-0.33505,-9.6092,-0.986,-42.555,0.47782,29.104,0.055705,-31.37
57.1,0.017345,-0.005333,0.017037,-1.0251,0.0048762,0.0068315,-0.0030713,0.17837,-3.317,-0.82416,-34.706,-0.67084,20.971,-0.56149,-18.759,-0.014267,0.0069639,-0.006719,-0.99692,-0.0068261,0.0046152,-0.00036432,0.12675,-11.024,0.15366,-41.286,-0.46051,28.273,0.85342,-32.254
57.2,-0.0037846,0.0043911,0.0035526,-0.99686,0.0020906,-0.0015834,-0.011414,-0.50229,-2.9607,-0.028987,-35.651,-1.5315,17.706,0.14279,-16.366,0.0012738,0.010636,-0.0081336,-0.99713,-0.0041082,-0.0057697,-0.0012569,1.8154,-8.7195,0.63938,-41.599,0.59604,27.925,-0.075978,-29.7
57.3,-0.01663,0.0068945,-0.0059211,-1.0048,0.0010233,-0.0065221,-0.0017285,-0.94128,-3.1749,0.44847,-35.89,1.1406,20.345,0.59954,-17.351,0.0034966,-0.010461,0.0010879,-1.0083,0.0021974,0.00053378,-0.008723,-1.6354,-8.8305,-0.73878,-42.495,1.0798,28.815,-0.081331,-28.492
57.4,-0.020343,0.013548,0.0088629,-1.0024,0.0015722,0.0022375,0.0041659,-0.30189,-3.3977,1.0469,-34.289,-0.61111,18.545,-1.2565,-17.42,0.0013343,0.018861,0.014235,-0.99569,-0.002197,-0.013605,0.0055067,-0.90625,-11.21,-1.2428,-41.49,1.0287,28.309,-1.6396,-30.722
57.5,-0.00045935,0.0020785,0.0082639,-1.0047,0.007215,-0.00042179,0.002205,-0.32281,-3.789,-1.4331,-36.438,-0.2554,18.988,1.929,-17.396,-0.027616,0.00077841,-0.0080812,-1.0104,0.0021163,0.0008978,0.0062006,-0.31611,-9.9074,-0.64501,-41.234,0.93404,30.624,-0.33487,-30.675
57.6,-0.0011304,0.017953,0.014959,-1.0001,-0.0013366,0.0051834,5.5173e-05,1.4697,-5.8858,-0.65375,-36.573,1.8568,20.772,1.8025,-17.036,0.0072374,-0.0039317,-0.0062049,-1.0056,0.0013138,-0.00050773,-0.00036732,-1.0005,-9.901,0.64401,-41.19,0.17584,29.001,-1.8321,-29.461
57.7,-0.0020996,-0.019953,0.0018646,-1.0079,-0.0022328,0.0056696,-0.0024381,0.7845,-2.012,-0.41398,-36.875,-0.68744,19.768,-1.0081,-16.537,0.0036079,0.0059742,0.018308,-0.99475,0.00050373,-0.010327,-0.004991,-0.76256,-10.144,-0.55101,-41.933,0.35261,29.688,0.12842,-28.918
57.8,-0.0028736,0.0011513,0.0026276,-1.0003,0.011418,0.0022187,0.0024448,2.7833,-4.1219,0.40605,-35.672,-1.1814,17.492,-0.579,-15.527,-0.00011771,-0.0055751,0.01641,-0.99402,-0.0024176,-0.00075603,0.0029438,0.11951,-11.304,-1.7789,-40.952,1.809,30.922,-0.19865,-30.194
57.9,-0.0081743,0.01106,0.0061633,-1.0149,-0.0093532,-0.00079974,0.0047903,-2.4828,-2.1784,-0.15279,-33.983,1.605,19.567,-1.0055,-17.123,0.0025457,0.015501,-0.019351,-1.0205,-0.004135,-0.0070937,-0.00091638,-0.10896,-8.8132,-2.1055,-42.002,0.53083,29.088,2.1303,-31.429
58,0.0039553,0.00083906,-0.015935,-0.99937,0.0034291,-0.0042208,-0.0035252,0.72912,-4.7347,-0.42069,-34.56,-0.079851,18.587,2.0683,-17.004,0.012161,-0.00014212,-0.013963,-1.0068,0.0022593,0.0017809,-0.0010046,0.11739,-11.179,-0.83266,-41.964,1.5359,30.126,0.52524,-28.718
58.1,0.0027803,0.0050664,0.0037051,-0.99702,-0.0022708,-0.0010734,-0.002772,0.21514,-3.7649,-0.82163,-34.369,0.3357,18.232,-0.33874,-19.24,0.01226,-0.0018493,0.0052549,-1.0121,0.0050268,-0.0038001,-0.0048388,0.34183,-10.929,-1.9098,-42.417,-1.9864,28.773,-1.6691,-31.747
58.2,-0.0033877,0.018554,-0.012289,-0.99958,-0.00048405,0.010093,-0.00015267,1.3868,-3.5524,1.9942,-35.813,-0.60292,19.303,0.27582,-17.153,0.0093698,-0.0024018,0.0085623,-1.0027,-0.0047614,-0.0018605,0.00037375,0.041912,-10.149,-0.344,-41.141,-1.5154,28.76,-0.58935,-30.503
58.3,0.0046118,-0.011018,0.0094613,-0.99866,0.00058378,-0.0034076,-0.0056388,0.21445,-5.2874,-0.37666,-33.863,-0.72489,20.73,0.201,-16.669,-0.0049437,-0.0014605,-0.0015452,-0.99474,-0.011221,0.0018348,0.00052388,0.84188,-10.02,-2.0458,-41.642,-0.91977,28.786,0.69208,-30.771
58.4,0.0031372,-0.013109,-0.0062252,-0.99266,-0.0025283,0.0016123,0.00041734,0.0060323,-3.2253,-0.23133,-35.385,-0.86609,19.349,-1.1309,-16.876,-0.019589,0.00037377,0.011467,-1.0108,-0.0042899,0.0034687,0.0061561,-0.67883,-10.445,-2.1778,-42.644,0.084524,28.157,0.81412,-30.499
58.5,0.040348,-0.0050642,-0.015578,-0.98999,0.00045273,0.0079436,-0.0001022,-0.17746,-2.4407,-0.35968,-37.083,0.36647,18.739,0.95137,-14.917,-0.0054238,-0.005653,-0.0098433,-0.99513,0.0028842,0.0005901,0.0035662,0.78574,-9.9841,-0.24173,-41.936,1.3628,27.845,1.7791,-32.527
58.6,0.014329,0.019511,0.023222,-1.0018,-0.0037038,0.0016188,-0.0026505,-1.8377,-5.7355,-0.66615,-36.379,2.7775,19.903,1.3948,-15.442,-0.0037544,0.0067766,0.015351,-0.99389,-0.0016566,0.00042479,-0.0073863,-0.19824,-10.99,-0.30379,-42.858,1.5314,28.496,1.5709,-31.211
58.7,-0.012147,-0.015809,-0.017297,-0.99121,0.0072504,-0.0016146,-0.004905,0.21176,-3.0225,2.1919,-35.44,0.017368,18.013,-1.4446,-15.419,0.00088726,0.0060131,-0.0094044,-1.0074,0.0009676,0.0017639,0.0018148,-0.047669,-10.181,0.087499,-42.316,1.6968,30.697,-0.80442,-30.379
58.8,-0.0022901,0.011497,-0.0014638,-1.0052,-0.0052018,-0.0039216,-0.0048583,0.53249,-3.1371,1.5902,-36.296,-0.11868,17.253,-1.0543,-14.706,0.0079023,-0.015879,-0.016741,-1.0005,0.0059287,-0.0015509,0.002249,0.56811,-10.525,-0.24443,-42.07,0.51817,29.295,-0.39133,-30.537
58.9,-0.0085686,0.0064171,-0.0031042,-0.99238,0.0026317,0.0044779,-0.0022474,-0.00029089,-3.4783,0.7811,-38.1,0.48575,18.89,0.84839,-17.058,0.00090877,0.013384,0.011854,-0.99741,0.0044123,0.004531,-0.0030837,-1.6102,-8.9297,-1.1261,-42.269,-1.1548,29.408,-1.0935,-30.57
59,4.658e-05,-0.0099421,0.015855,-1.0033,0.0023502,0.0033526,7.8037e-06,0.79652,-3.3805,-2.101,-37.038,0.067318,17.343,-0.47104,-16.974,0.007734,0.011809,-0.0016487,-0.98884,0.008003,0.0075365,0.00084608,0.43346,-9.6344,-1.0774,-42.634,0.34813,29.359,0.75102,-29.795
59.1,0.0027046,0.0024884,0.006861,-0.99258,0.0034973,-0.0089746,0.00052611,1.6146,-4.3318,-1.3275,-36.688,-0.27849,18.585,0.44655,-15.624,0.00027727,-0.019655,-0.00092531,-0.97535,0.0068315,-0.0098464,0.0011626,-0.8389,-9.7053,-1.2895,-42.014,-0.75997,30.198,-0.29162,-28.809
59.2,0.011138,-0.0069947,-0.0094804,-0.99093,0.010056,-0.0034144,0.0029538,-0.35346,-2.5589,0.16213,-37.657,0.72551,19.296,-0.51335,-18.55,0.012529,0.0075892,-0.0055177,-1.0079,0.0043823,0.0032435,-0.0024247,0.24497,-9.0596,1.9217,-43.286,-1.6483,29.339,-1.7643,-30.9
59.3,-0.0062248,-0.0086751,-0.016032,-1.0192,-0.005524,-0.007393,0.0038563,-0.16938,-3.7249,0.27574,-36.998,-1.0564,20.139,-0.68707,-16.849,-0.0011011,-0.02159,0.010738,-0.99506,-0.0080431,0.010452,-0.00093057,-0.87906,-8.2073,0.58219,-43.021,0.07976,29.236,0.040308,-30.584
59.4,0.008385,-0.0048742,0.0018553,-1.0088,-0.0060665,0.0033695,0.0048273,-0.21239,-3.9827,0.035439,-36.089,2.0478,19.927,3.074,-19.497,0.010046,-0.01372,-0.0062137,-1.0111,0.008451,-0.0013779,0.0041235,-0.46747,-8.8627,-0.50063,-40.974,1.2349,29.325,-1.452,-30.881
59.5,0.0046999,0.0065601,-0.0073073,-0.9835,0.0041828,0.0025117,0.00095309,-1.6344,-3.4218,-1.5818,-36.585,0.14391,19.406,0.72022,-18.226,0.0018818,-0.0058054,-0.016522,-0.96934,-0.004242,-0.0081143,-0.0014037,-2.5448,-10.191,-1.2978,-42.313,1.2952,28.752,0.029754,-30.269
59.6,-0.0085536,0.0024413,0.0022839,-0.99743,0.00087574,-0.0082613,-0.0034584,0.27761,-3.0957,-0.3146,-35.753,0.15192,17.941,1.9862,-16.144,-0.012736,-0.0029206,-0.00022694,-0.99093,0.00058419,0.00047096,4.1603e-05,0.80564,-11.117,-0.8624,-42.469,0.72288,29.634,0.19023,-29.465
59.7,0.0022038,-0.0054208,-0.0078887,-0.99587,-0.0071578,0.0033445,-0.0067367,-0.98748,-4.2298,1.8972,-36.155,-0.16631,18.464,1.2436,-17.122,-0.011608,0.0096788,-0.015724,-0.99543,0.0019491,0.0006915,-0.0053996,0.4748,-9.4254,0.38958,-41.544,1.2622,31.196,-1.0286,-28.057
59.8,-0.00023569,-0.0064103,0.010745,-0.99843,0.0058597,-0.0073444,-0.0030566,1.2143,-2.7533,2.0787,-35.086,0.077497,18.641,-0.73496,-17.069,0.015116,-0.0068277,-0.00041701,-0.99678,-0.0022383,0.0016121,-0.0031603,0.28401,-8.2697,-0.26452,-41.09,0.64378,29.113,-0.53996,-31.709
59.9,-0.020115,0.010944,0.00022369,-1.0161,-0.00072949,-0.0057866,0.0010045,-2.3197,-4.1389,0.12191,-35.165,-0.58306,19.219,1.1115,-16.747,0.0093073,-0.017071,0.00045506,-1.0039,0.005919,-0.0017868,-0.0071656,-1.2137,-11.35,-0.69206,-42.177,-1.4261,29.992,1.9885,-31.207
60,-0.00015709,-0.006543,-0.00085032,-1.0066,-0.0026016,-0.0069866,-0.0021899,0.27615,-2.4513,0.37421,-34.977,1.0431,18.295,1.327,-16.312,-0.0033665,0.021873,-0.0037967,-1.003,-0.0045876,-0.0017677,0.0097249,-1.131,-9.9984,-0.86033,-43.944,-0.27698,30.308,0.79049,-31.494
