time,q1_healthy,q2_healthy,q3_healthy,q4_healthy,omega1_healthy,omega2_healthy,omega3_healthy,wheel1_i_healthy,wheel1_w_healthy,wheel2_i_healthy,wheel2_w_healthy,wheel3_i_healthy,wheel3_w_healthy,wheel4_i_healthy,wheel4_w_healthy,q1_faulty,q2_faulty,q3_faulty,q4_faulty,omega1_faulty,omega2_faulty,omega3_faulty,wheel1_i_faulty,wheel1_w_faulty,wheel2_i_faulty,wheel2_w_faulty,wheel3_i_faulty,wheel3_w_faulty,wheel4_i_faulty,wheel4_w_faulty,
0,0,0,0,0,0,0,0,0,0,0,0,0,0,0,0,0,0,0,0,0,0,0,0,0,0,0,0,0,0,0
0.1,-0.69944,-0.023665,0.0994,-0.70795,-0.0015046,0.00023143,0.0026211,1.7619,0.76789,0.68731,-1.4941,-0.78239,-0.25535,-0.54318,-1.4721,-0.72107,-0.00053696,0.14468,-0.69349,-0.0018882,-0.00010585,-0.011935,0.33583,-0.063643,-1.3281,-0.68965,-1.0131,0.074986,-2.2511,0.80861
0.2,-0.68359,-0.005004,0.1234,-0.70206,0.0071784,-0.0053897,0.0025253,0.072011,2.6595,0.58048,-0.75984,-0.39365,0.91145,-2.2691,-2.2088,-0.69472,0.010699,0.10585,-0.69097,-0.010437,0.0016364,0.0048168,-0.54844,0.32571,-0.67297,0.67271,-0.64582,-2.3069,-2.3832,-1.4195
0.3,-0.72343,0.0076026,0.13367,-0.69908,-0.0065697,0.0025354,0.002016,1.299,1.8319,1.509,-0.20064,-0.024333,-3.6917,-0.95811,-0.15417,-0.68566,0.011374,0.13077,-0.69321,0.0025005,-0.0083757,-0.0038861,1.7448,2.0877,0.19319,-0.67861,0.0042347,-0.9807,-2.1535,-0.055754
0.4,-0.70954,0.0030801,0.10025,-0.68281,-0.003177,-0.00044816,0.0018011,0.99992,2.3632,0.7037,-0.61367,0.98889,0.58818,-0.94381,-0.14744,-0.71666,-0.0051511,0.11222,-0.7043,-0.00026456,-0.0031775,-0.0009811,0.33859,0.44222,1.4259,0.41517,-1.7699,-2.2353,-0.4453,-1.5372
0.5,-0.69162,-0.0088816,0.1263,-0.69926,-0.012338,0.013845,0.0036199,0.57873,0.96731,-0.46996,-1.5031,-1.317,-0.26725,-2.672,-1.1865,-0.7005,0.011684,0.10585,-0.69705,-0.0049228,0.0031231,0.014002,-0.16888,0.59266,0.51182,-0.16363,-0.87301,-2.3438,-0.82517,0.60784
0.6,-0.73211,-0.012629,0.12893,-0.69128,-0.010826,0.0035914,0.012462,0.76887,1.6899,1.1144,0.41906,-0.28215,-1.9134,-0.99679,-1.3491,-0.71091,-0.0028948,0.12589,-0.70154,-0.0083783,0.0012558,0.0083683,0.50174,-0.49645,-0.30185,-2.0743,-0.07217,-1.2675,-1.692,-1.9526
0.7,-0.69811,0.013251,0.12928,-0.70179,0.00030774,-0.0090734,0.0028104,3.567,2.4422,0.23259,-0.42842,-2.0694,-1.5323,-1.1903,-2.8437,-0.72105,0.00010694,0.114,-0.70058,-0.013764,-0.0012113,0.0071285,3.2255,2.069,-0.3382,2.1945,-1.6882,-0.75405,-1.8089,-0.081995
0.8,-0.68917,0.0092582,0.11571,-0.69245,-0.013309,-0.004887,0.011913,0.20185,1.3876,1.6912,-0.69199,-1.0575,-1.6172,-2.5161,-2.2019,-0.70786,-0.0041695,0.1388,-0.69184,-0.015011,-0.00071837,0.012933,1.4698,3.2038,-0.032554,1.2583,-1.2821,-3.6931,0.091134,-2.3894
0.9,-0.69717,0.0096359,0.13781,-0.70894,-0.014169,0.00098752,0.0085361,1.7544,1.9375,0.5324,-1.0704,-0.31091,-1.5535,0.42923,-1.1897,-0.69817,-0.0092044,0.12427,-0.70363,-0.015275,-0.0010076,0.0073264,1.2354,2.5667,-0.030944,0.56353,-0.47049,-1.498,0.038624,-1.4412
1,-0.70785,0.010615,0.12731,-0.71254,-0.010682,-0.0088453,0.01586,0.5843,1.7941,-0.67867,-1.4472,-0.88928,-1.7664,-3.8844,-2.766,-0.68359,-0.001663,0.11809,-0.68647,-0.0052605,-0.002466,0.017213,-0.12131,2.2926,0.51829,0.36194,-1.0819,-2.4847,-0.46205,-3.0143
1.1,-0.70354,0.01044,0.11666,-0.71043,-0.0084133,-0.00056614,0.014311,0.91009,3.0278,-1.2436,-1.912,-1.048,-4.8248,-1.2472,-3.2285,-0.69662,0.0056302,0.12288,-0.70611,-0.018128,-0.0040392,0.018168,1.5318,3.8802,-0.80095,-1.0686,-2.3062,-3.0571,-2.3115,-1.5235
1.2,-0.70316,-0.0014782,0.12442,-0.69079,-0.007289,-0.0019797,0.026593,0.54819,3.4938,-0.88658,-1.0265,-0.36258,-4.6129,-2.0393,-3.7546,-0.68404,0.00686,0.11873,-0.70857,-0.011727,-0.006759,0.010095,-0.11723,2.0203,0.27781,0.55861,-2.1238,-3.6241,-1.298,-4.0801
1.3,-0.70567,-0.00053129,0.13227,-0.6904,-0.023638,-0.0032322,0.019976,0.30379,4.683,1.3244,0.013643,-1.0801,-2.3582,0.50955,-4.7665,-0.71224,0.0042861,0.11649,-0.70644,-0.017286,-0.0017324,0.021319,0.54358,2.0052,1.3461,-1.4984,0.22467,-5.1058,-1.0271,-4.2405
1.4,-0.7103,0.0062876,0.11669,-0.69871,-0.018685,-0.0065222,0.018079,1.2354,4.1109,-0.61905,-0.58363,-0.23251,-6.011,-0.27517,-2.6658,-0.69907,-0.0074014,0.12152,-0.71102,-0.021904,-0.006938,0.021765,1.69,3.2027,-2.0749,2.3112,-3.0492,-5.0903,-2.5253,-3.4562
1.5,-0.70806,0.023287,0.11923,-0.6905,-0.021743,-0.001758,0.0072786,0.72748,5.036,0.50633,-1.3918,-2.6737,-5.4107,1.3609,-3.2598,-0.69651,0.011843,0.12058,-0.70381,-0.021314,-0.011465,0.025156,1.4207,4.3519,0.92695,0.076644,-0.75583,-6.465,-0.18924,-4.5864
1.6,-0.69579,0.0076161,0.11699,-0.70489,-0.024072,-0.0073211,0.014296,0.19571,4.6077,-1.5967,-0.12795,-1.4253,-5.3104,1.3324,-5.7391,-0.71691,0.013509,0.10969,-0.70625,-0.030714,-0.0047206,0.024939,1.6065,4.0412,-1.5225,0.72002,-1.5537,-4.9062,-4.2628,-5.7665
1.7,-0.67832,0.0016343,0.12711,-0.70797,-0.029,-0.01663,0.03109,1.0004,2.8658,-0.30595,-1.8605,-2.4522,-5.2846,-0.60138,-5.6334,-0.70405,0.00070938,0.12358,-0.71072,-0.026174,-0.010945,0.028078,1.6585,3.4055,-1.8997,-1.664,-1.7013,-7.1318,-1.8095,-4.3211
1.8,-0.68636,0.012547,0.13413,-0.6987,-0.028894,-0.014762,0.025597,2.2561,5.7767,-0.63096,-0.10512,0.17862,-6.4538,-1.1359,-7.1897,-0.70967,0.021714,0.11642,-0.72066,-0.02988,-0.0093713,0.02959,0.5247,4.813,-0.34218,-1.5271,-3.0602,-7.8009,-0.065747,-6.8798
1.9,-0.69762,-0.0055725,0.10355,-0.70194,-0.031052,-0.0022728,0.023672,2.2138,3.8466,-0.93115,-0.67565,-1.6378,-4.8178,0.042263,-6.5041,-0.70587,-0.00012995,0.12463,-0.71036,-0.024946,-0.0086512,0.025491,0.36978,3.5862,0.50063,-0.73764,-3.8077,-7.4346,-0.28698,-5.8212
2,-0.68487,0.018703,0.12959,-0.70816,-0.029328,-0.02077,0.030016,0.52989,4.3775,-0.018025,-0.9003,0.25422,-5.7925,-1.4852,-4.874,-0.70633,0.029522,0.11371,-0.69596,-0.032915,-0.0098306,0.03656,2.0803,4.9322,0.63355,-2.5501,0.183,-8.7672,-0.64317,-5.4796
2.1,-0.69178,-0.0097651,0.11707,-0.70186,-0.029022,-0.0065075,0.028233,1.6977,5.5944,-0.65581,-0.10838,-1.3255,-6.6541,-0.30113,-8.4607,-0.69054,-0.00076303,0.13049,-0.71355,-0.034352,-0.0066899,0.030302,0.79681,6.01,-0.42668,-0.443,-2.078,-6.7974,-0.77905,-8.0165
2.2,-0.68597,0.032609,0.11726,-0.70943,-0.032078,-0.0013492,0.035063,1.6389,5.0829,2.2212,-0.86322,-3.7439,-7.0586,-0.69166,-7.9579,-0.6909,-0.0013082,0.12384,-0.72417,-0.029463,-0.01309,0.038922,0.6103,5.8552,-1.841,-0.31488,-1.7887,-9.1397,-0.55674,-7.9143
2.3,-0.69581,0.013805,0.12659,-0.71042,-0.027125,-0.014289,0.037115,1.5561,5.3059,2.2116,-0.57715,-1.6455,-7.4719,-0.5822,-8.2068,-0.68733,0.0079861,0.14207,-0.70204,-0.021958,-0.011583,0.038715,1.1243,5.8084,-1.7043,-1.1633,-1.736,-9.0553,-1.4632,-6.3722
2.4,-0.70748,0.0084497,0.13087,-0.71864,-0.034562,-0.0086253,0.035476,1.3377,4.1403,-1.9285,-1.1557,-1.3905,-7.724,0.28019,-9.3023,-0.68613,0.02426,0.11858,-0.70226,-0.035026,-0.0075016,0.029701,1.3466,5.1322,-1.3451,-1.4064,-0.84338,-7.194,-2.7875,-10.186
2.5,-0.69216,0.016526,0.10725,-0.70779,-0.036684,-0.011306,0.031252,0.86043,6.0939,-1.0195,-0.44952,-1.2604,-9.9773,-0.064811,-9.84,-0.68348,0.024666,0.095283,-0.7062,-0.035953,-0.011065,0.039964,1.9879,4.5296,-1.3478,-1.5597,-2.0264,-9.0322,-1.0396,-8.3853
2.6,-0.68055,0.025537,0.1159,-0.71307,-0.033612,-0.002602,0.037323,0.43014,5.5322,-0.88651,-1.9904,-1.8051,-9.4118,-2.7151,-6.5156,-0.69611,0.029288,0.11534,-0.69331,-0.024185,-0.014222,0.045037,0.80104,7.4578,0.35007,-1.9889,-2.3541,-10.129,-1.4081,-7.8401
2.7,-0.68371,0.012352,0.12831,-0.72135,-0.041599,-0.0057512,0.036042,0.97496,8.0538,0.5358,-2.9416,-0.66444,-10.36,-2.1731,-9.107,-0.68195,0.030552,0.10903,-0.7192,-0.042013,-0.019339,0.043025,0.58813,7.513,-0.70411,-3.9899,-0.5329,-9.4061,-0.44435,-9.1924
2.8,-0.6958,0.0075677,0.10859,-0.72004,-0.045158,-0.016588,0.041771,0.078,8.1648,0.35763,-2.1769,-1.0853,-9.5638,-0.35771,-10.031,-0.68588,0.038096,0.10706,-0.71781,-0.041497,-0.015089,0.041216,0.22769,8.0463,1.9423,-1.5026,-2.0789,-10.07,-0.026416,-9.261
2.9,-0.68708,0.023389,0.10842,-0.72057,-0.048032,-0.0092151,0.049074,1.124,6.074,0.24256,-0.66178,-0.024454,-10.223,-0.8551,-9.7067,-0.69054,0.033608,0.083608,-0.72023,-0.044336,-0.0085762,0.046952,-1.3278,8.8582,-1.2391,-0.31756,-2.7169,-11.151,-0.66028,-10.793
3,-0.68797,0.020583,0.10742,-0.7134,-0.038008,-0.019248,0.047885,1.0054,8.32,-1.7373,-2.745,0.84538,-9.1289,-2.0973,-9.9233,-0.66248,0.03497,0.095543,-0.72146,-0.044186,-0.0064804,0.039535,2.4801,8.0765,0.51141,-2.2833,1.0666,-9.742,-0.92303,-11.383
3.1,-0.68798,0.039841,0.10039,-0.73123,-0.056673,-0.010714,0.055391,0.083682,9.0458,-0.5207,-3.0427,-2.7787,-10.252,-1.2172,-9.6516,-0.68869,0.023597,0.11543,-0.72678,-0.051173,-0.017163,0.051714,-0.30394,10.38,-0.55777,-3.8514,-1.7036,-9.3056,-3.1029,-12.036
3.2,-0.66417,0.025983,0.096861,-0.73805,-0.056291,-0.021428,0.047652,-0.038921,8.078,-0.035698,-1.8601,0.68443,-10.518,-0.85584,-11.406,-0.68667,0.013852,0.10712,-0.72154,-0.042437,-0.0096314,0.053882,-0.22847,8.6252,-0.62482,-3.1432,1.3281,-10.476,0.087721,-10.893
3.3,-0.69354,0.036798,0.091844,-0.7311,-0.048836,-0.015807,0.048507,1.2237,9.1233,-0.98629,-0.0061136,-3.1782,-10.016,-0.90523,-13.657,-0.67098,0.040168,0.096828,-0.73977,-0.036644,-0.0088808,0.04666,1.1869,7.846,-1.3937,-2.7546,-2.6429,-12.256,-1.2062,-11.326
3.4,-0.66656,0.043034,0.090852,-0.74303,-0.05351,-0.017654,0.063778,1.3176,8.2704,-0.29502,-3.4478,-0.43532,-12.48,-1.9991,-10.929,-0.68001,0.039373,0.10791,-0.73571,-0.053831,-0.021839,0.049543,1.1565,8.6666,-1.3791,-2.5322,-0.50063,-10.925,-1.615,-12.733
3.5,-0.67237,0.047982,0.10386,-0.7441,-0.057291,-0.022831,0.047696,0.32535,7.2207,-1.4139,-0.36505,-1.5875,-12.283,-2.7203,-12.145,-0.6592,0.050059,0.10001,-0.72793,-0.054239,4.4024e-05,0.047984,0.98752,10.117,-0.60603,-1.846,-0.27952,-11.24,-0.73295,-12.759
3.6,-0.66489,0.028611,0.088766,-0.73262,-0.055535,-0.013658,0.038753,0.70918,9.4912,-2.7276,-2.3993,0.83404,-11.509,-0.55822,-13.317,-0.66499,0.026281,0.10787,-0.7425,-0.047713,-0.016051,0.058956,0.26831,9.6284,0.8324,-2.3737,-2.0596,-13.355,-1.0965,-13.319
3.7,-0.66764,0.046324,0.10382,-0.75083,-0.047518,-0.0011932,0.054527,1.8225,9.0698,-1.5311,-3.0186,-0.63394,-10.33,-3.028,-12.879,-0.66514,0.034785,0.10082,-0.73039,-0.058033,-0.02209,0.052449,0.4053,9.3074,-0.26148,-2.5412,-1.5384,-11.417,-2.1038,-14.229
3.8,-0.6681,0.044449,0.11058,-0.73402,-0.03907,-0.01064,0.04849,0.7563,10.314,0.43401,-3.459,-1.3361,-12.209,-2.5919,-14.628,-0.65739,0.045322,0.076795,-0.7476,-0.051821,-0.015324,0.05866,1.3762,9.1077,-2.2003,-2.7794,-0.56097,-11.802,0.26411,-13.079
3.9,-0.65321,0.042569,0.090411,-0.74646,-0.052749,-0.0035018,0.067559,-0.13374,10.302,0.080138,-3.9946,0.0053898,-13.536,0.1442,-14.318,-0.67081,0.024505,0.081054,-0.73468,-0.060825,-0.012879,0.057342,-0.31359,10.787,-1.8844,-1.9872,-0.66842,-11.998,0.39142,-13.548
4,-0.65113,0.058275,0.099858,-0.74497,-0.059118,-0.011855,0.067409,-0.48948,10.857,0.087442,-5.0125,0.8103,-13.1,-0.0038643,-15.159,-0.66889,0.05049,0.10259,-0.74369,-0.045359,-0.014311,0.050966,-1.7594,9.7046,-1.348,-1.5026,-1.8675,-13.022,-1.2484,-13.299
4.1,-0.66151,0.045352,0.091728,-0.7401,-0.06391,-0.015031,0.062582,0.95817,11.306,-1.804,-2.9748,0.87899,-10.025,0.19808,-15.922,-0.67409,0.057233,0.10119,-0.74616,-0.064551,-0.011386,0.061452,0.077639,12.281,-0.0095843,-5.0412,-1.4757,-13.668,-1.8387,-15.636
4.2,-0.65322,0.063658,0.075526,-0.74525,-0.061253,-0.012739,0.066722,2.1024,10.417,-2.1445,-5.9822,0.70688,-13.893,-1.1499,-16.603,-0.64532,0.051438,0.09526,-0.74797,-0.05532,-0.01638,0.056488,2.2469,12.67,-0.48923,-4.1304,-0.5917,-11.431,-0.90666,-14.225
4.3,-0.65555,0.053995,0.087097,-0.76074,-0.056963,-0.019598,0.063068,1.3741,12.395,-0.73889,-4.9238,0.48978,-13.789,0.37732,-14.76,-0.64456,0.057638,0.084046,-0.75527,-0.067264,-0.013651,0.057638,1.9439,9.7007,0.11303,-5.0599,-0.41086,-13.523,-1.426,-15.634
4.4,-0.6645,0.055138,0.09052,-0.74353,-0.064604,-0.014888,0.056452,0.61956,12.414,-1.1443,-4.5519,0.60599,-12.652,-1.1752,-14.692,-0.66318,0.071515,0.084377,-0.7435,-0.062753,-0.011449,0.060629,1.486,11.332,-0.70212,-5.1734,-1.4362,-11.9,-3.3287,-15.041
4.5,-0.65273,0.043383,0.073896,-0.7607,-0.064967,-0.0046192,0.066035,1.068,10.79,-0.58424,-5.9618,-1.6303,-13.096,-0.39064,-17.412,-0.64094,0.06968,0.079595,-0.74989,-0.06236,-0.011014,0.064253,0.52095,11.305,1.0207,-5.536,-0.85698,-12.612,-1.5694,-16.756
4.6,-0.64669,0.060966,0.095128,-0.75942,-0.067269,-0.014604,0.063815,1.0203,10.387,0.1756,-6.3815,-0.7782,-13.064,-0.63162,-18.225,-0.64955,0.056454,0.068867,-0.74471,-0.061132,-0.017257,0.077186,0.33611,11.997,-0.15344,-6.031,-1.4846,-15.329,-0.51124,-16.883
4.7,-0.63979,0.060915,0.10217,-0.74747,-0.065063,-0.021167,0.067028,-0.016369,13.452,-1.0664,-5.9908,-0.34799,-13.302,0.059668,-16.318,-0.63637,0.067064,0.070679,-0.76881,-0.068228,-0.017976,0.067003,0.42443,11.393,-2.0641,-6.6963,-1.5788,-15.461,-1.6354,-17.842
4.8,-0.64148,0.069598,0.073549,-0.76869,-0.072385,-0.007116,0.064962,-0.62511,11.768,0.083841,-5.2084,-0.40582,-12.594,-2.0968,-18.303,-0.62376,0.070914,0.092322,-0.74807,-0.068171,-0.011503,0.059315,0.88682,13.471,0.55389,-7.3911,-1.2628,-13.222,-1.4805,-18.485
4.9,-0.64512,0.055032,0.08323,-0.76196,-0.069002,-0.020297,0.064815,0.33574,12.283,-1.7476,-7.112,-2.4292,-13.299,-1.2618,-16.297,-0.63744,0.085862,0.068383,-0.7507,-0.07174,-0.011849,0.062043,1.9074,13.115,-1.3679,-7.9942,-0.98694,-14.003,-1.3757,-20.825
5,-0.62555,0.062261,0.081897,-0.77792,-0.068615,-0.022274,0.072728,0.37759,14.001,-0.86791,-6.6246,-0.2014,-14.217,-2.5135,-18.769,-0.63629,0.072517,0.10492,-0.78499,-0.068407,-0.015763,0.071451,0.38644,11.162,-2.9715,-4.3193,-0.93126,-15.167,0.062007,-18.323
5.1,-0.65416,0.081238,0.057339,-0.77876,-0.07569,-0.0055963,0.073102,1.3161,14.332,-0.89128,-6.603,-1.3762,-14.319,-0.37921,-16.466,-0.62991,0.071892,0.083391,-0.74459,-0.073626,-0.010083,0.066889,-0.59872,14.128,-3.6122,-6.7433,1.3267,-12.635,-0.048869,-19.248
5.2,-0.60895,0.085473,0.066205,-0.76789,-0.072239,-0.0083001,0.074959,-0.54624,14.269,0.62792,-8.2111,1.2493,-14.184,-0.29058,-18.105,-0.62917,0.063585,0.076525,-0.76678,-0.071792,-0.0062326,0.078359,2.3905,14.471,0.59957,-8.0722,-0.55201,-12.964,-3.2767,-19.228
5.3,-0.6219,0.088129,0.064586,-0.78709,-0.086877,-0.012934,0.076787,-0.37397,14.059,-1.3853,-9.2319,0.90897,-14.54,0.066549,-19.928,-0.61849,0.070099,0.060041,-0.77616,-0.068345,-0.005019,0.079915,0.13703,14.812,1.0866,-7.1425,-0.44598,-15.408,-1.6513,-18.925
5.4,-0.62728,0.081973,0.061121,-0.7689,-0.088179,-0.005627,0.072669,0.21631,12.523,-1.4318,-9.3514,0.37658,-12.991,-1.7368,-19.988,-0.61451,0.081483,0.057087,-0.78244,-0.070852,-0.0085472,0.071047,-0.31116,15.322,-1.001,-9.167,0.31916,-13.927,-1.538,-19.94
5.5,-0.61445,0.09204,0.071423,-0.75746,-0.078917,-0.013783,0.062733,-0.11662,16.559,-0.4164,-9.6233,-0.98437,-14.524,0.23669,-18.075,-0.60842,0.071196,0.062098,-0.78302,-0.079408,-0.016506,0.070506,-0.18967,14.642,-1.0094,-8.4062,0.6107,-13.872,-0.33906,-20.154
5.6,-0.61674,0.10584,0.069077,-0.79014,-0.07403,-0.015584,0.073477,1.1899,15.089,-1.5804,-8.8149,-0.15091,-13.926,-0.51477,-19.88,-0.61918,0.090108,0.082437,-0.78824,-0.076992,-0.0091504,0.074273,1.7247,14.29,-1.4048,-9.7523,0.5914,-13.63,-1.3549,-20.609
5.7,-0.61773,0.085896,0.067408,-0.78205,-0.067887,-0.0080515,0.079291,0.19356,13.593,-1.6223,-8.8325,1.2232,-13.102,-1.5842,-20.899,-0.60901,0.097482,0.071203,-0.78067,-0.080157,-0.014629,0.069917,0.39193,14.667,-0.75735,-10.427,-0.90164,-13.978,-0.25064,-19.892
5.8,-0.60819,0.078897,0.061236,-0.79056,-0.086976,-0.0063885,0.073238,1.2471,16.535,-1.7187,-10.589,0.8225,-14.49,-1.6552,-21.537,-0.59695,0.089706,0.043216,-0.78855,-0.086679,-0.0093129,0.07208,-0.32065,14.419,-0.47032,-9.405,0.024202,-13.887,-0.2893,-19.687
5.9,-0.60247,0.083516,0.062782,-0.79997,-0.082217,-0.0074644,0.073475,1.0551,12.927,-1.317,-11.642,-1.3568,-12.892,-1.6953,-21.073,-0.60888,0.10667,0.058749,-0.79849,-0.088347,-0.0091143,0.077989,0.070247,14.421,-1.0067,-12.577,-0.45127,-14.642,-0.19852,-21.31
6,-0.57217,0.11446,0.069934,-0.79067,-0.096028,-0.019171,0.086591,0.2545,15.341,-0.15365,-11.481,-0.69581,-14.394,0.032872,-19.976,-0.61673,0.089778,0.069138,-0.81654,-0.093553,-0.0047568,0.071508,1.8002,16.825,-1.0914,-12.315,1.1686,-11.959,-0.93793,-24.489
6.1,-0.58417,0.081685,0.076598,-0.80912,-0.093257,-0.015748,0.089938,2.3112,15.518,-1.7918,-11.253,0.19455,-14.166,-1.4492,-24.959,-0.61102,0.076492,0.053763,-0.78992,-0.091491,-0.0054373,0.077104,1.0071,18.637,-0.7768,-11.31,2.8946,-13.19,-1.2295,-22.791
6.2,-0.59099,0.088854,0.04031,-0.80619,-0.084807,-0.0076817,0.077629,2.2304,17.158,-1.6695,-13.064,1.0498,-15.181,-0.60345,-22.864,-0.6014,0.10928,0.040054,-0.80729,-0.09352,-0.010781,0.070273,0.53674,16.983,-1.5143,-11.829,0.49347,-14.316,-2.1135,-23.047
6.3,-0.57906,0.088034,0.041419,-0.78,-0.086955,-0.010978,0.079762,2.5793,16.495,-1.52,-9.7724,0.25595,-12.659,-0.93827,-22.022,-0.58315,0.091738,0.039239,-0.80356,-0.082237,-0.007049,0.082968,0.57603,15.51,-0.65171,-14.202,-2.048,-13.718,-0.57534,-25.447
6.4,-0.59962,0.096252,0.032879,-0.78723,-0.084995,-0.0046577,0.082062,2.8575,16.17,-1.425,-13.264,2.9733,-14.255,0.18212,-21.889,-0.58703,0.089667,0.033847,-0.80616,-0.096704,-0.0073651,0.070283,1.2708,15.912,-0.37098,-11.358,3.0209,-13.511,-0.73865,-24.861
6.5,-0.58016,0.098397,0.04077,-0.80861,-0.097302,-0.013325,0.080257,0.18863,14.08,-0.9127,-13.47,0.62913,-12.975,-0.35555,-25.789,-0.59612,0.1073,0.054189,-0.82382,-0.097447,-0.016583,0.088602,-1.0343,18.575,-1.9658,-12.489,0.15091,-15.745,0.16547,-23.689
6.6,-0.60009,0.10991,0.049451,-0.80394,-0.094739,-0.0016925,0.075014,1.3796,15.451,-0.057425,-13.176,0.50304,-11.801,-0.90416,-25.272,-0.58283,0.1044,0.05202,-0.82584,-0.090673,-0.011229,0.084246,1.0907,16.502,-1.8371,-13.799,0.85507,-12.116,-1.8699,-25.301
6.7,-0.59082,0.1022,0.056352,-0.81514,-0.10228,-0.0080909,0.079695,1.1712,17.011,-1.8573,-14.74,0.7754,-11.731,-2.3067,-23.779,-0.57978,0.11202,0.035207,-0.79818,-0.095791,-0.012529,0.072392,0.36028,17.37,-0.8981,-11.766,1.9407,-13.536,0.6683,-25.669
6.8,-0.56484,0.14052,0.032234,-0.80399,-0.093313,-0.0043818,0.077335,1.5363,16.675,-2.2874,-14.839,-0.83495,-13.032,-0.93749,-24.596,-0.57699,0.12184,0.020114,-0.81544,-0.092365,-0.011178,0.080977,0.86101,15.087,-1.7764,-15,1.271,-14.178,-1.481,-24.075
6.9,-0.56639,0.10713,0.037704,-0.8591,-0.10104,-0.013574,0.077175,0.70403,16.125,0.45522,-15.134,-0.6146,-13.989,-1.2803,-26.457,-0.5613,0.11522,0.0241,-0.81999,-0.094839,0.0062959,0.087607,1.2616,16.277,-1.9523,-15.15,0.22888,-10.52,-0.90403,-25.033
7,-0.54279,0.11575,0.017905,-0.81605,-0.1007,-0.015244,0.08932,1.305,16.942,0.034475,-14.351,0.1131,-12.405,-1.7126,-26.417,-0.5685,0.11593,0.031388,-0.82431,-0.10416,-0.0080239,0.07548,1.8569,17.409,0.45606,-13.925,0.8106,-12.702,-1.0727,-26.246
7.1,-0.5558,0.13566,0.015343,-0.84256,-0.10554,-0.0024538,0.09019,-0.34124,18.976,-1.1185,-14.52,-3.1637,-12.614,-1.9319,-27.283,-0.53089,0.10121,0.036649,-0.81364,-0.099682,-0.012187,0.080515,0.97624,18.473,-1.2518,-13.91,1.6117,-11.614,-1.0442,-24.837
7.2,-0.54646,0.11671,0.014674,-0.82861,-0.1058,-0.0054367,0.071257,1.2867,19.259,-1.9389,-15.318,3.5412,-12.176,-1.7427,-26.144,-0.5565,0.12955,0.02445,-0.80985,-0.10427,-0.0097517,0.078823,0.91209,17.976,-1.8117,-15.456,0.42512,-12.244,-1.2072,-27.063
7.3,-0.54934,0.12852,0.02719,-0.83167,-0.11451,-0.0059666,0.076048,0.63853,19.396,-1.8015,-16.385,0.13404,-13.265,-2.5111,-26.989,-0.55652,0.10702,0.057179,-0.82001,-0.10365,-0.006798,0.074885,-0.21964,18.426,-0.3329,-15.738,-1.6979,-11.755,-0.99428,-27.118
7.4,-0.54347,0.11516,0.0071057,-0.83477,-0.10377,-0.00093772,0.083586,0.44423,21.71,-0.80085,-16.008,-0.039501,-12.38,0.13636,-27.725,-0.52919,0.12131,0.014592,-0.84809,-0.11237,-0.0006603,0.082422,0.96907,19.182,-0.55798,-15.993,1.2295,-12.923,-1.1514,-27.179
7.5,-0.54234,0.11561,0.016863,-0.84223,-0.10945,-0.010748,0.073254,1.616,20.365,0.43446,-15.783,-0.76348,-10.852,-1.2489,-28.834,-0.54934,0.13902,0.028792,-0.82662,-0.10717,-0.011576,0.085845,0.098223,19.47,0.019086,-17.753,-0.57584,-10.76,-1.0306,-26.858
7.6,-0.53267,0.12837,0.008631,-0.85407,-0.10594,-0.0033685,0.078053,2.3041,20.547,-0.75851,-15.722,0.056627,-13.556,-0.76612,-29.423,-0.52385,0.13053,0.00023777,-0.83944,-0.1076,0.0036786,0.074365,1.8702,18.442,-1.2248,-17.277,1.61,-11.013,-1.955,-27.39
7.7,-0.52815,0.12825,0.017048,-0.82791,-0.11298,0.00020337,0.076401,0.089343,20.011,-3.2708,-16.682,0.7613,-11.192,-2.8419,-28.332,-0.53141,0.11686,0.014786,-0.82327,-0.11858,-0.010882,0.077919,0.89035,21.217,-1.9934,-16.488,-0.056084,-11.544,-0.49604,-29.033
7.8,-0.5166,0.13682,0.016695,-0.83843,-0.11651,0.0015636,0.079394,1.9613,21.022,-1.4629,-16.636,1.0621,-10.227,-1.7709,-30.014,-0.49632,0.15726,-0.0014337,-0.83605,-0.11191,-0.0033004,0.0817,0.5139,20.545,-0.012536,-17.118,0.61879,-10.284,-1.242,-30.306
7.9,-0.4952,0.1408,0.017279,-0.85948,-0.11318,-0.0055202,0.080674,-0.42409,20.891,-0.077735,-18.081,0.98129,-10.293,-2.5152,-29.913,-0.4962,0.13548,0.0058553,-0.83872,-0.12575,-0.01164,0.079962,-0.38411,20.869,0.42812,-17.774,0.73177,-9.7367,-0.66031,-29.037
8,-0.50751,0.15185,-0.0022205,-0.8411,-0.1182,-0.0021834,0.083636,0.65215,19.524,0.95137,-18.372,2.5273,-10.664,-1.6125,-29.209,-0.51061,0.15129,0.012579,-0.8611,-0.12062,0.00013868,0.085422,2.7907,20.924,-0.8106,-16.668,2.9502,-11.351,0.4509,-28.907
8.1,-0.49045,0.11756,0.016294,-0.85786,-0.11426,-0.0054864,0.084446,0.72336,22.024,-2.0333,-19.844,0.11905,-9.1809,-0.83929,-30.949,-0.48458,0.14625,0.00027155,-0.85086,-0.11997,-0.0042331,0.068233,2.0828,21.464,-0.90417,-19.316,2.332,-11.469,0.46298,-30.339
8.2,-0.49863,0.14663,0.0017527,-0.8637,-0.12856,-0.011302,0.07389,-0.68898,21.662,-1.2149,-19.685,0.67241,-7.8341,-1.2477,-31.382,-0.48532,0.14805,-0.00064221,-0.8465,-0.11739,-0.0019802,0.083045,-0.95306,21.263,-0.79142,-18.598,0.43418,-8.8843,-1.395,-29.928
8.3,-0.5069,0.15924,-0.017881,-0.8607,-0.11797,0.0032911,0.075377,0.68894,21.938,-1.0015,-18.7,1.8361,-7.3582,-1.1451,-32.127,-0.49712,0.14067,-0.013731,-0.87929,-0.1164,0.0031778,0.078327,1.9307,21.898,-0.95842,-17.652,1.3063,-8.8907,0.31614,-29.068
8.4,-0.48588,0.16174,-0.0056852,-0.8618,-0.1214,-0.0077405,0.080909,0.42425,23.757,-1.4088,-20.92,0.14853,-8.8646,-0.80837,-32.093,-0.47875,0.14886,0.0063591,-0.87147,-0.12847,-0.0086591,0.076627,-0.40962,21.113,-1.5781,-19.175,0.20258,-8.9691,-2.9757,-29.742
8.5,-0.46907,0.15034,0.0057385,-0.85843,-0.12091,0.0075485,0.071692,0.12618,21.9,-1.0691,-20.871,-0.99006,-9.0442,-2.0629,-32.434,-0.50083,0.16561,-0.009422,-0.87156,-0.13174,-0.0017665,0.078005,-0.7152,21.846,-0.067909,-19.67,-0.32329,-9.376,-0.9759,-33.06
8.6,-0.47923,0.14958,-0.018271,-0.87596,-0.12637,-0.00066897,0.084548,0.43386,22.424,-0.77723,-20.353,0.76515,-8.9919,-2.7267,-31.637,-0.47493,0.15583,-0.0027608,-0.86197,-0.13511,0.0030799,0.069984,1.8547,22.478,-1.4965,-20.771,-0.37453,-7.5869,-0.31596,-32.993
8.7,-0.46732,0.16112,-0.014739,-0.88087,-0.11826,0.010585,0.085212,-0.037457,22.241,-0.33006,-22.48,0.064925,-9.0537,-0.12623,-30.554,-0.45388,0.15485,-0.013627,-0.86655,-0.11989,-0.0103,0.067762,2.5794,22.489,-3.6301,-20.946,1.1816,-9.1508,-0.15088,-31.52
8.8,-0.46357,0.14091,-0.011178,-0.86621,-0.12035,-0.0055284,0.07797,1.9066,20.637,0.66857,-23.319,1.0025,-7.7631,1.3776,-31.999,-0.46366,0.15933,-0.004723,-0.87226,-0.12533,0.0048238,0.075689,1.0408,21.657,0.037932,-23.572,2.2625,-7.1304,0.071891,-32.687
8.9,-0.45331,0.1688,-0.013772,-0.88776,-0.12866,-0.003604,0.079178,1.6019,22.498,-1.7909,-22.431,0.16158,-7.2208,-2.3356,-33.295,-0.44515,0.15651,-0.0096216,-0.86815,-0.12762,0.0024557,0.075899,1.9085,25.022,-2.7114,-22.019,0.62722,-7.5839,-0.5927,-34.476
9,-0.46799,0.1622,-0.01202,-0.89379,-0.13313,0.003666,0.07793,0.51547,20.529,1.6929,-21.29,1.4289,-8.6487,-1.2415,-33.108,-0.45249,0.17563,-0.013462,-0.87558,-0.11815,0.0017925,0.086789,-0.30808,22.982,-0.47928,-23.564,0.67745,-4.7665,1.5449,-32.574
9.1,-0.42942,0.17499,-0.01521,-0.8917,-0.12484,-0.0049323,0.079774,2.074,22.817,-2.0487,-23.886,1.3014,-5.9262,1.1427,-34.378,-0.42665,0.17208,-0.031772,-0.86907,-0.13202,0.0062059,0.086513,1.8284,19.22,-2.2958,-22.907,1.4242,-6.3706,-0.13386,-33.728
9.2,-0.44134,0.15288,-0.023236,-0.8889,-0.13115,0.0010606,0.082356,1.0515,23.035,-2.7338,-22.519,2.2125,-6.5001,-1.5397,-33.282,-0.41809,0.13298,-0.0067305,-0.87924,-0.13103,0.0030672,0.07989,-1.565,21.678,-2.141,-25.244,1.9608,-6.1519,-0.96776,-33.291
9.3,-0.45581,0.17277,-0.020321,-0.88156,-0.13163,-0.0057477,0.075299,2.6501,23.569,-2.6203,-23.896,-0.31073,-6.6699,1.5091,-33.832,-0.4304,0.17109,-0.035851,-0.88163,-0.12313,-0.0011114,0.070375,0.31142,24.289,-0.70709,-24.086,0.84781,-7.3066,0.019275,-33.713
9.4,-0.40699,0.18307,-0.0093877,-0.90297,-0.13778,-0.00081688,0.064949,-0.37991,23.022,-0.81105,-24.902,0.42825,-5.3098,-0.83164,-32.984,-0.42654,0.16587,-0.021031,-0.87482,-0.13256,0.0085506,0.074075,0.8376,23.423,-0.37841,-24.187,3.3538,-6.0243,-0.821,-35.243
9.5,-0.41811,0.17252,-0.015312,-0.89096,-0.12155,0.00053445,0.071902,0.50059,23.3,0.10004,-25.029,1.9123,-5.8461,-1.0159,-34.452,-0.41871,0.1489,-0.035772,-0.90931,-0.13014,0.010265,0.077568,3.2201,24.736,-3.5596,-21.876,0.96134,-6.3364,0.74212,-35.082
9.6,-0.4194,0.17453,-0.022816,-0.88817,-0.14378,0.0021346,0.084148,1.238,24.065,-0.69659,-24.478,1.3553,-6.027,-1.3674,-35.016,-0.42199,0.20483,-0.029108,-0.87967,-0.1366,-0.0014423,0.072466,0.26013,22.225,-2.4528,-24.509,0.90601,-5.1079,1.9008,-34.641
9.7,-0.3986,0.16245,-0.031288,-0.90917,-0.12307,0.0027165,0.073903,-0.039543,25.535,-0.46339,-26.271,-1.255,-4.8008,-0.49266,-32.929,-0.3961,0.16503,-0.049868,-0.90711,-0.13886,-0.0053937,0.069083,1.6401,25.299,-1.4118,-24.168,2.2642,-4.426,1.9477,-33.26
9.8,-0.39632,0.17336,-0.038187,-0.90257,-0.14431,0.010334,0.068186,0.59535,24.967,-1.3234,-24.278,1.5088,-3.7475,-0.66362,-35.763,-0.3791,0.17453,-0.02559,-0.90157,-0.12185,0.0072161,0.07535,-0.2661,22.654,-0.17332,-23.896,0.8444,-4.783,0.00014905,-33.545
9.9,-0.38173,0.17184,-0.046165,-0.91288,-0.13253,0.0070129,0.072979,0.14859,23.541,0.31413,-24.01,0.83026,-4.9003,-0.99251,-33.378,-0.38034,0.18569,-0.039249,-0.92828,-0.14671,0.0052028,0.076589,0.132,24.432,-1.6368,-26.253,1.6331,-3.9711,0.55286,-35.833
10,-0.37898,0.17406,-0.040772,-0.90813,-0.1369,0.0069623,0.064758,-1.1565,25.965,-2.3801,-25.741,-1.2934,-3.4497,0.91369,-33.054,-0.37512,0.18094,-0.044115,-0.90513,-0.1387,0.00090608,0.065009,0.93185,25.515,0.27276,-26.156,0.49537,-2.3881,0.53213,-34.199
10.1,-0.38214,0.19674,-0.041917,-0.91194,-0.1375,0.003546,0.073047,1.8202,26.78,-1.51,-25.973,3.0083,-2.5504,-0.69834,-30.336,-0.37846,0.16953,-0.026915,-0.89717,-0.13722,0.014384,0.07407,-0.52196,26.236,-1.772,-26.24,0.78322,-3.2039,1.3207,-34.489
10.2,-0.3738,0.19066,-0.028578,-0.9086,-0.13908,0.010476,0.069406,-0.40185,25.228,-0.88145,-27.703,-0.45335,-3.6002,2.7335,-31.951,-0.38315,0.17605,-0.027928,-0.90685,-0.13263,0.0099981,0.06149,0.1177,27.11,1.2756,-26.682,0.95741,-4.2995,0.69714,-31.62
10.3,-0.35321,0.18493,-0.039013,-0.92275,-0.14601,0.0092791,0.072145,0.27053,25.161,-1.8398,-27.006,0.43062,-2.6438,0.10333,-33.003,-0.36048,0.17041,-0.034802,-0.92656,-0.13604,0.0064876,0.067066,1.718,27.175,-1.7569,-27.538,-0.88839,-3.1868,-0.43451,-32.823
10.4,-0.35257,0.18124,-0.061632,-0.91849,-0.14798,0.0054103,0.063791,0.12961,28.61,-0.31533,-28.703,0.5533,-3.4107,-1.1452,-31.62,-0.36906,0.17735,-0.059723,-0.91669,-0.14032,0.01668,0.062412,0.94374,25.653,-1.6874,-28.414,-1.6015,-0.090511,1.4411,-31.781
10.5,-0.35452,0.17561,-0.059036,-0.90781,-0.13768,0.019447,0.056359,-0.67065,25.255,0.13454,-28.719,0.49097,-0.78589,1.8887,-31.947,-0.34247,0.18338,-0.049404,-0.92059,-0.13913,0.011239,0.064947,-1.0425,26.826,-1.0424,-27.377,1.7781,-1.1642,1.9817,-30.674
10.6,-0.33337,0.15966,-0.032963,-0.92759,-0.14488,0.013184,0.062573,1.4426,27.302,1.3056,-28.47,-0.80552,-2.1523,0.95736,-33.195,-0.34143,0.1928,-0.038356,-0.9067,-0.13972,0.01799,0.058922,0.034262,26.036,-0.049002,-29.948,1.2723,-1.0388,0.99147,-29.264
10.7,-0.31811,0.17453,-0.05598,-0.91045,-0.13919,0.014515,0.061559,0.81844,27.464,-1.685,-27.719,-1.2603,-0.83361,1.2198,-30.909,-0.34338,0.18178,-0.063529,-0.90944,-0.13793,0.016483,0.063771,1.6054,28.661,-0.97042,-29.207,1.0622,-1.1112,1.0165,-30.126
10.8,-0.31829,0.19016,-0.041434,-0.91346,-0.14376,0.020538,0.063686,-0.63626,25.058,-2.4028,-30.117,1.7247,-2.93,1.5356,-30.467,-0.31226,0.19153,-0.050486,-0.92223,-0.1436,0.01942,0.056835,1.6952,28.083,-2.3249,-31.419,0.18629,-4.2096,0.31692,-31.412
10.9,-0.303,0.19373,-0.068529,-0.94253,-0.14376,0.016695,0.058057,-0.53303,28.399,-1.5977,-31.024,-0.093379,-0.98474,0.73059,-30.335,-0.31161,0.18758,-0.055284,-0.92245,-0.14096,0.019393,0.057016,-0.34247,27.068,0.34896,-28.418,0.787,-0.026692,2.2275,-30.159
11,-0.29989,0.19965,-0.04359,-0.94124,-0.13554,0.02038,0.050488,1.7423,26.044,1.0952,-29.938,-1.096,0.60932,0.27758,-30.315,-0.31171,0.16876,-0.053812,-0.94524,-0.13717,0.019132,0.059005,1.6556,27.165,-0.68761,-32.028,-0.093287,-1.3038,0.49779,-29.499
11.1,-0.32916,0.16845,-0.052546,-0.93782,-0.14964,0.025507,0.058545,1.5944,25.756,-1.7273,-31.981,2.1912,-0.24317,1.107,-30.334,-0.30714,0.18385,-0.058383,-0.92964,-0.1356,0.01162,0.055392,1.2977,28.205,-2.8615,-31.373,0.83113,-0.16046,0.48248,-30.679
11.2,-0.27724,0.19554,-0.052607,-0.91967,-0.14213,0.019504,0.053754,0.009818,27.835,-0.91028,-31.571,0.81551,0.22914,0.45415,-30.667,-0.28687,0.17963,-0.054492,-0.94426,-0.13597,0.014081,0.058818,0.26694,29.095,-0.71644,-29.551,2.4605,1.1954,-0.42641,-29.417
11.3,-0.28366,0.17304,-0.067741,-0.93976,-0.13814,0.017041,0.056774,2.3838,28.292,-1.7644,-30.156,0.39098,-0.59205,-0.28997,-28.478,-0.28021,0.17872,-0.079258,-0.9452,-0.14011,0.021076,0.051855,2.0066,27.805,-1.306,-31.951,-0.97189,-0.24705,-0.12646,-30.168
11.4,-0.28139,0.19993,-0.060613,-0.93289,-0.13901,0.018909,0.054429,1.5806,29.479,-1.7787,-31.636,1.8613,1.2387,-0.11637,-29.033,-0.27542,0.19082,-0.061574,-0.94425,-0.14246,0.027276,0.050386,1.6747,28.304,-0.50577,-32.832,0.4603,1.657,0.43219,-30.344
11.5,-0.28114,0.18171,-0.058148,-0.94228,-0.1394,0.033374,0.050955,-1.3959,29.415,-1.0321,-33.411,0.83929,1.1982,0.51813,-28.313,-0.27625,0.18748,-0.048399,-0.94889,-0.14132,0.028776,0.05292,1.3086,29.309,1.1639,-32.376,0.33193,0.696,-1.2348,-27.184
11.6,-0.27173,0.1936,-0.066064,-0.94168,-0.15154,0.032247,0.037926,-0.52626,28.148,-0.96956,-32.369,0.96921,2.1936,1.6115,-31.146,-0.26517,0.18112,-0.080385,-0.94431,-0.14117,0.020366,0.051326,-0.55886,28.844,-1.4927,-33.024,-0.60147,0.83065,1.4778,-28.353
11.7,-0.23789,0.1826,-0.06809,-0.94077,-0.14091,0.029661,0.045443,-1.0337,27.781,-1.9771,-32.305,0.65933,2.0457,0.059953,-26.261,-0.25896,0.15819,-0.077268,-0.95582,-0.14092,0.02193,0.046469,0.7692,28.962,-1.4269,-32.855,2.8098,1.0907,2.959,-29.122
11.8,-0.2749,0.17274,-0.062396,-0.95781,-0.14725,0.032303,0.032754,0.45778,29.873,-1.7088,-33.579,-0.01258,2.8224,0.78961,-28.626,-0.26587,0.1862,-0.049978,-0.94051,-0.14596,0.027812,0.039069,0.8426,29.753,-1.1189,-34.007,-0.24163,3.5216,1.2482,-29.278
11.9,-0.23214,0.18289,-0.0661,-0.9468,-0.14125,0.028649,0.045794,1.3073,28.884,-1.1927,-34.403,0.20026,0.88797,1.4913,-26.559,-0.26173,0.18893,-0.069214,-0.9638,-0.14545,0.033511,0.042993,0.033105,29.123,0.11033,-34.979,0.44079,1.4854,0.69371,-26.621
12,-0.23167,0.17598,-0.071293,-0.9555,-0.14401,0.041682,0.0408,-0.65076,27.442,-2.0505,-33.765,3.9936,2.4535,1.6686,-26.601,-0.23798,0.15936,-0.071289,-0.93913,-0.14288,0.031409,0.042858,1.6911,29.806,-2.1291,-33.207,0.99915,3.1463,-1.0751,-25.987
12.1,-0.23458,0.18133,-0.076848,-0.93534,-0.14856,0.038115,0.034103,0.2115,31.172,-0.63118,-32.485,1.1164,1.8935,1.9951,-26.407,-0.24328,0.17847,-0.076255,-0.95773,-0.14191,0.039083,0.038968,0.15584,29.715,-1.4837,-36.154,0.89815,2.3655,0.087178,-26.081
12.2,-0.23079,0.18049,-0.061829,-0.96663,-0.14497,0.044963,0.051653,1.6275,30.049,-1.5316,-35.37,0.095189,3.7819,1.8627,-26.577,-0.22112,0.19743,-0.056716,-0.96646,-0.1486,0.039863,0.048048,1.1041,31.216,-1.1821,-33.091,1.8216,2.431,0.077756,-26.273
12.3,-0.22534,0.17876,-0.077157,-0.96286,-0.14761,0.041714,0.035837,1.8648,29.674,-2.0076,-35.432,1.6038,3.72,0.55417,-26.347,-0.22493,0.1862,-0.080393,-0.95265,-0.14499,0.036996,0.034508,0.62587,30.236,-0.70325,-36.713,-0.53254,2.0777,-0.41071,-26.487
12.4,-0.21526,0.18923,-0.076448,-0.96068,-0.14389,0.044593,0.039347,0.24814,29.793,-2.0084,-36.336,-0.50299,4.3053,1.4891,-25.429,-0.2148,0.17635,-0.074537,-0.95479,-0.14117,0.039016,0.040667,0.0074197,29.273,-1.6065,-36.608,1.9261,4.2906,1.3752,-27.128
12.5,-0.19539,0.1767,-0.081388,-0.96085,-0.13751,0.03794,0.041288,1.5391,29.974,-2.0902,-36.578,2.1899,5.5382,2.1213,-24.496,-0.20668,0.18676,-0.074283,-0.96009,-0.14057,0.042202,0.028482,1.4264,31.209,-0.65755,-36.34,0.83829,3.4385,1.2298,-24.598
12.6,-0.18763,0.18994,-0.057409,-0.96794,-0.15211,0.041782,0.033257,-0.57991,31.051,-1.7128,-35.264,1.4424,5.1988,1.1623,-23.965,-0.19464,0.16826,-0.083868,-0.97942,-0.14935,0.036258,0.042865,-0.73556,32.022,0.022407,-36.756,2.1078,4.8199,0.62834,-25.553
12.7,-0.19354,0.17774,-0.076651,-0.93965,-0.14262,0.039844,0.035184,0.9413,30.802,-0.69021,-36.944,-0.27099,5.0451,1.3036,-26.695,-0.19404,0.19493,-0.092159,-0.96312,-0.14461,0.041974,0.033363,0.51734,31.914,-0.93858,-37.88,1.9571,3.8484,1.2363,-23.989
12.8,-0.18735,0.17361,-0.071986,-0.95655,-0.13516,0.047885,0.029768,0.00053662,33.254,-0.69196,-37.518,2.1758,5.3525,1.84,-24.67,-0.19694,0.1503,-0.081135,-0.96203,-0.14672,0.038248,0.031746,0.10445,31.145,-2.4041,-35.652,-0.87422,5.1496,1.4222,-24.722
12.9,-0.18623,0.18056,-0.084185,-0.94247,-0.1443,0.046001,0.027478,1.8192,32.224,-0.89071,-39.189,1.929,4.4149,0.40246,-24.985,-0.18014,0.19896,-0.090661,-0.96718,-0.15109,0.041299,0.026233,1.1142,30.551,-2.2159,-37.55,-1.0918,4.6884,0.85557,-23.648
13,-0.16301,0.17672,-0.080576,-0.9631,-0.13738,0.04725,0.033826,1.5256,31.982,-2.2874,-36.353,2.4872,5.0294,-1.0418,-24.424,-0.15687,0.19333,-0.079377,-0.95465,-0.14496,0.042372,0.028022,0.97637,30.393,-0.89616,-38.894,0.23981,6.0753,1.407,-24.295
13.1,-0.14513,0.17825,-0.097809,-0.98526,-0.14715,0.04598,0.022914,0.93408,33.034,-1.8701,-37.992,0.8571,6.6609,1.3253,-23.015,-0.14993,0.16535,-0.067547,-0.95435,-0.1408,0.047416,0.038421,2.6127,31.924,-0.54638,-40.007,1.0788,5.3305,0.9715,-24.099
13.2,-0.14157,0.17024,-0.077833,-0.957,-0.13309,0.05451,0.034891,0.28694,32.525,-1.608,-40.009,1.3942,4.6081,0.16749,-22.982,-0.14872,0.16034,-0.088861,-0.98714,-0.14049,0.047181,0.038246,-0.011738,31.219,-0.45589,-39.242,0.99722,7.0094,-1.0116,-24.999
13.3,-0.14046,0.17188,-0.070181,-0.96648,-0.14411,0.055154,0.036063,1.0922,32.758,-3.3054,-40.663,-0.052062,6.0735,0.23753,-21.817,-0.15417,0.16704,-0.072332,-0.97546,-0.14019,0.048619,0.033441,-0.11879,31.543,-1.1592,-40.919,2.5668,7.1557,-1.5766,-22.572
13.4,-0.13563,0.15317,-0.076954,-0.97437,-0.14753,0.043077,0.029089,0.16825,33.037,0.33915,-39.114,3.0436,6.5221,-0.1801,-24.238,-0.12415,0.16562,-0.088368,-0.96853,-0.15194,0.043276,0.022968,0.71106,33.967,-1.7119,-40.869,-1.18,4.5233,1.738,-21.449
13.5,-0.132,0.15524,-0.086395,-0.98783,-0.14762,0.056744,0.025705,1.0614,32.952,-1.6266,-41.467,-0.43198,5.4414,0.82363,-22.755,-0.13346,0.17715,-0.080101,-0.95746,-0.14963,0.051413,0.028616,0.28059,33.283,-1.1195,-40.151,1.6053,5.1615,0.97922,-22.419
13.6,-0.13462,0.15007,-0.094476,-0.96566,-0.14848,0.044025,0.018643,-2.3473,32.481,-0.27651,-41.443,-0.64211,7.0813,0.21932,-22.576,-0.12017,0.1763,-0.087816,-0.98168,-0.13342,0.058962,0.027322,-0.94222,32.581,-0.86967,-42.296,-1.4404,6.816,0.1485,-23.461
13.7,-0.12075,0.14246,-0.089427,-0.98859,-0.13644,0.056582,0.014652,-3.3645,30.849,-2.015,-41.253,0.018082,6.8031,-0.26252,-21.424,-0.10982,0.15456,-0.075038,-0.95883,-0.13858,0.051381,0.024488,-0.47138,31.039,-0.21399,-40.931,0.89392,7.0762,0.43348,-21.418
13.8,-0.10323,0.17372,-0.084882,-0.98011,-0.14852,0.059088,0.01744,-1.0896,32.651,-1.2059,-41.485,2.8317,7.8879,-0.13282,-22.294,-0.11229,0.16725,-0.095095,-0.97442,-0.13365,0.06612,0.02291,0.71482,32.51,-1.8666,-43.316,0.90761,8.7238,-0.43805,-22.409
13.9,-0.11451,0.1752,-0.078658,-0.97431,-0.14228,0.052379,0.014573,-1.3127,28.962,-0.27185,-42.471,1.7026,7.3173,-0.51724,-20.148,-0.084632,0.15996,-0.095178,-0.98011,-0.13788,0.061822,0.015801,-0.48967,30.358,-1.5265,-42.426,1.8607,4.8789,2.8413,-22.269
14,-0.091428,0.14054,-0.089056,-0.97772,-0.13206,0.055075,0.017124,-1.1007,30.997,-1.7741,-42.504,2.1668,7.6066,0.40699,-21.073,-0.092415,0.13667,-0.079725,-0.99606,-0.14277,0.070327,0.026423,-0.16699,31.235,-3.1081,-41.501,-0.36651,9.1908,0.13468,-22.685
14.1,-0.086354,0.15466,-0.093115,-0.9745,-0.13321,0.065552,0.025175,-1.8309,30.471,-2.2666,-42.618,0.44231,7.5815,0.40117,-19.894,-0.084735,0.15367,-0.072554,-0.96668,-0.1266,0.070178,0.014885,-0.9509,30.132,-1.4188,-43.428,0.48224,7.0554,0.51671,-21.445
14.2,-0.091624,0.14,-0.06958,-0.9983,-0.13566,0.059516,0.015439,-0.057864,29.011,-1.5822,-42.202,0.10294,10.118,0.95,-18.919,-0.072662,0.14146,-0.089674,-0.97015,-0.1322,0.067588,0.013611,-1.0909,29.007,-1.9364,-41.876,0.71277,7.5956,0.52279,-21.333
14.3,-0.071922,0.1574,-0.060251,-0.96729,-0.12148,0.071589,0.009236,-1.479,28.49,-1.6941,-44.398,0.85149,9.1486,3.0556,-21.117,-0.07896,0.15079,-0.081657,-0.98973,-0.12552,0.06168,0.012022,-1.6907,26.766,-2.9246,-43.155,1.604,9.5491,1.364,-19.243
14.4,-0.062766,0.14966,-0.086717,-0.96514,-0.12106,0.068349,0.015069,-0.24235,28.022,-2.0536,-43.709,-0.78014,9.7657,0.24137,-18.647,-0.066449,0.14669,-0.097084,-0.9874,-0.12414,0.064458,0.014739,-0.41635,26.558,-0.95755,-43.685,0.71941,8.0638,0.14496,-20.245
14.5,-0.061538,0.15836,-0.081057,-0.99639,-0.12238,0.063221,0.0090641,0.24853,27.399,-1.5883,-44.279,1.9123,8.6177,0.92926,-17.667,-0.054646,0.14407,-0.071736,-0.978,-0.12464,0.071408,0.011437,-0.2774,27.586,-2.4599,-43.323,1.2336,9.8711,0.89854,-19.057
14.6,-0.053109,0.12061,-0.081272,-0.98272,-0.12064,0.065718,0.0084173,-0.23863,28.238,-1.9083,-44.007,0.092952,7.8343,2.4024,-18.664,-0.040777,0.14219,-0.081091,-0.98651,-0.12795,0.072754,0.019643,-1.1292,28.042,-0.46729,-43.197,0.49528,9.7847,0.014278,-19.547
14.7,-0.037664,0.1426,-0.081068,-0.98615,-0.11884,0.069662,0.016789,-1.5005,28.37,-2.3838,-43.148,1.2337,9.2479,2.0727,-18.534,-0.042346,0.14441,-0.078092,-0.97774,-0.12252,0.068156,0.013164,-1.4771,27.466,-1.7354,-43.808,-0.33666,9.8083,-1.0776,-20.75
14.8,-0.045298,0.12434,-0.074535,-0.98774,-0.12275,0.076346,0.013816,-1.3829,27.386,-1.6063,-46.506,1.7267,10.812,-0.13464,-17.367,-0.034272,0.1256,-0.08203,-0.98309,-0.11408,0.072858,0.01411,-0.33879,28.344,-0.63723,-47.37,-0.43303,9.8084,3.0522,-18.171
14.9,-0.040275,0.13613,-0.081378,-0.98971,-0.12166,0.075248,0.016939,0.062872,25.954,-2.0579,-45.005,-0.08595,12.026,-0.38586,-18.229,-0.042825,0.12944,-0.080315,-0.98484,-0.11895,0.079334,0.0075914,-1.079,25.624,-1.0769,-45.573,0.17914,9.0172,0.95713,-19.692
15,-0.027942,0.13332,-0.077054,-0.98034,-0.10925,0.082814,0.0076305,-1.4608,25.734,-1.9733,-46.515,2.4439,9.3486,0.86378,-17.619,-0.03078,0.12799,-0.073613,-0.99769,-0.11794,0.072979,0.0080676,-3.2245,25.688,-1.7042,-49.019,0.18056,9.9232,-0.038381,-17.685
15.1,-0.020324,0.11462,-0.083857,-1.0097,-0.10604,0.072646,0.00208,-1.1265,24.164,-1.2406,-46.513,-0.71426,9.6317,1.0847,-15.68,-0.026385,0.11174,-0.067614,-0.98269,-0.11024,0.0773,0.0046113,-0.69265,25.931,-1.6418,-45.862,0.73058,9.8168,-0.48339,-19.708
15.2,-0.017297,0.13212,-0.074454,-0.99928,-0.10192,0.085738,0.0047638,-0.28677,24.078,-0.7901,-48.755,-0.012926,8.8616,1.9293,-17.111,-0.032647,0.11655,-0.087631,-0.97745,-0.11994,0.073092,0.0019636,-2.7165,26.479,-0.0091328,-47.233,1.5482,10.593,-1.8212,-18.864
15.3,0.0066908,0.11038,-0.093419,-0.98739,-0.094796,0.085267,0.0082426,-1.5004,25.126,0.13034,-47.423,0.12656,12.215,0.76629,-18.708,0.0016206,0.11349,-0.078143,-0.99102,-0.10331,0.077061,-0.00034216,-1.3739,23.111,-2.3194,-49.046,1.1904,10.459,0.51073,-15.834
15.4,-0.0042238,0.10712,-0.080987,-0.99634,-0.098938,0.079178,0.00089723,-0.6616,25.515,-1.3069,-49.05,-0.29396,10.34,2.2097,-16.369,-0.029303,0.11263,-0.073571,-0.98262,-0.10206,0.079458,0.014494,-2.0763,22.688,-2.983,-47.392,2.0845,12.791,2.4105,-16.437
15.5,-0.0051975,0.11594,-0.085537,-0.98142,-0.098412,0.085935,0.0035949,-2.6628,21.813,-2.3522,-48.9,0.87995,9.8681,2.0963,-16.368,0.0031158,0.10972,-0.088606,-1.0012,-0.10724,0.082056,-0.00050577,-2.3274,22.889,-1.1476,-48.577,1.2301,11.085,0.54287,-14.671
15.6,0.022357,0.10683,-0.082233,-1.001,-0.10335,0.094058,-0.0043713,-0.7266,23.479,-0.57523,-48.344,0.63768,10.338,0.57596,-15.936,0.022499,0.11909,-0.074526,-0.98438,-0.095089,0.082907,0.0070078,-2.9785,24.645,-0.018328,-48.687,-0.74643,11.801,0.024577,-16.314
15.7,0.010574,0.10696,-0.080459,-0.97946,-0.094032,0.092452,-0.0011187,-1.4487,21.752,-0.025945,-47.41,1.8815,12.179,1.4793,-13.983,0.0064457,0.1065,-0.073672,-1.0064,-0.10156,0.083439,-0.001025,-0.84845,23.684,-0.46085,-49.576,1.6139,13.286,0.79714,-18.318
15.8,0.02466,0.10043,-0.080861,-0.99903,-0.096268,0.085648,0.0034456,-3.2385,21.456,-0.08119,-49.524,-1.7248,12.88,-0.35589,-14.541,0.006704,0.12317,-0.077883,-0.98414,-0.094368,0.088664,-0.0021002,-1.3617,21.007,-0.12338,-48.085,-1.1516,12.231,2.0424,-15.936
15.9,0.017032,0.084909,-0.067517,-0.98291,-0.09554,0.086118,-0.013228,-0.13752,20.54,-0.029966,-50.243,-0.16914,13.698,1.4087,-13.885,0.010667,0.094861,-0.068762,-0.97513,-0.096172,0.088902,-0.0059148,-0.9235,22.24,-2.2194,-49.754,0.92832,12.57,0.48086,-14.618
16,0.0089248,0.10692,-0.083785,-0.99397,-0.091713,0.088919,-0.0065788,-3.3848,21.73,0.28861,-49.312,1.9662,13.254,0.5119,-11.737,0.023565,0.077698,-0.063621,-0.99648,-0.086631,0.099587,0.0029745,-1.2119,20.441,0.31721,-49.572,-0.62986,10.83,1.7429,-14.983
16.1,0.041128,0.095023,-0.087615,-1.0115,-0.096304,0.093336,0.010568,0.48093,20.618,0.82483,-50.727,-0.82013,13.751,1.1672,-14.46,0.040655,0.079988,-0.065308,-0.99,-0.10373,0.097638,-0.00046899,0.59935,23.988,-2.2459,-50,-0.58385,13.766,1.7984,-14.859
16.2,0.012441,0.10483,-0.065663,-0.98851,-0.080858,0.089928,0.0013893,-0.64229,20.689,-0.37948,-50.395,0.15114,15.564,-0.08685,-12.075,0.051509,0.086895,-0.089729,-0.99091,-0.087643,0.085505,-0.0037853,0.1408,20.774,-1.3544,-49.6,1.1375,14.002,1.6734,-12.15
16.3,0.041985,0.080467,-0.053675,-0.99393,-0.09083,0.091544,-0.013693,-0.29813,19.353,1.171,-51.75,0.85767,14.41,-0.6242,-12.966,0.060705,0.079938,-0.068576,-0.96446,-0.091703,0.0997,-0.011136,-0.53136,18.104,-0.36462,-49.938,-0.14317,13.712,1.6271,-15.922
16.4,0.045393,0.075057,-0.059613,-0.99738,-0.082368,0.090288,-0.013404,-1.1738,18.528,-1.0738,-50.65,0.65354,12.858,-0.011268,-12.19,0.054209,0.09565,-0.081315,-0.97962,-0.080383,0.09539,-0.0092922,-1.1635,19.37,1.0113,-49.216,1.1066,13.331,0.12558,-11.971
16.5,0.049939,0.087255,-0.085103,-0.9977,-0.090586,0.094385,-0.0026197,-3.7487,18.556,-0.67486,-50.049,1.128,14.447,1.72,-13.426,0.046635,0.056813,-0.058522,-0.99785,-0.084815,0.094661,-0.014442,0.37819,18.764,0.57823,-48.989,1.8464,14.238,0.9506,-13.204
16.6,0.063667,0.069211,-0.073305,-0.96773,-0.077331,0.09912,-0.017323,-2.8807,18.313,1.0454,-50.235,1.6356,15.706,0.97813,-12.921,0.047238,0.062062,-0.084297,-1.0209,-0.086675,0.09346,-0.010003,0.24861,16.544,1.829,-49.286,0.046027,14.551,0.7134,-11.828
16.7,0.063992,0.045629,-0.073216,-0.99482,-0.067527,0.097239,-0.0072147,0.20136,17.746,0.092932,-50.707,0.93702,13.895,1.0471,-11.955,0.067186,0.078137,-0.057211,-0.99587,-0.078931,0.091793,-0.0084869,-2.4479,18.534,-0.54011,-50.509,-0.50248,13.266,0.82696,-12.44
16.8,0.070982,0.047853,-0.07567,-1.0072,-0.07067,0.090338,-0.01418,-1.6931,17.295,-1.3537,-48.701,0.14019,14.966,0.63499,-11.716,0.071184,0.057994,-0.081765,-0.98008,-0.074766,0.091473,-0.017663,-1.3511,17.643,0.17184,-49.914,2.4596,15.971,0.88691,-12.185
16.9,0.051929,0.047548,-0.083789,-0.99851,-0.080064,0.094324,-0.017558,-0.50181,16.619,0.56978,-48.359,2.6038,13.349,2.4421,-10.892,0.060963,0.063151,-0.065586,-0.98391,-0.075689,0.092457,-0.014154,0.30157,17.411,2.1169,-49.748,1.6711,17.134,1.222,-11.806
17,0.063394,0.032498,-0.055047,-1.0021,-0.069692,0.088537,-0.0021423,1.0069,15.536,-0.33112,-47.146,0.3648,15.048,-0.65502,-13.455,0.053097,0.035057,-0.070219,-0.99632,-0.068492,0.087129,-0.015432,-1.024,15.677,0.43037,-50.348,1.6499,16.275,-0.07028,-12.303
17.1,0.084779,0.044347,-0.059369,-0.97747,-0.070062,0.090466,-0.0092373,-2.2843,16.564,1.1712,-51.662,-0.13817,15.965,-0.087295,-10.456,0.067158,0.035616,-0.06181,-0.99034,-0.068445,0.086463,-0.016947,0.27774,17.439,2.5247,-48.093,-0.49282,16.201,0.3376,-10.729
17.2,0.072796,0.04111,-0.071534,-0.99027,-0.076805,0.095267,-0.012956,-1.4292,15.02,-1.5031,-50.017,0.17464,14.867,-0.19011,-11.022,0.079904,0.042571,-0.079587,-1.0021,-0.065525,0.091048,-0.019803,0.15514,15.791,1.3871,-47.956,0.21003,14.366,0.36499,-9.9095
17.3,0.076759,0.023437,-0.055254,-0.98905,-0.072971,0.093783,-0.01847,-0.91541,16.576,-0.41516,-47.92,0.92539,15.717,1.5127,-11.428,0.083761,0.047224,-0.041967,-1.0022,-0.071384,0.084153,-0.013604,-1.4191,15.595,-0.85922,-48.532,1.4705,15.668,0.29504,-8.2641
17.4,0.1036,0.037636,-0.069281,-1.0083,-0.077292,0.092734,-0.022576,0.44408,15.759,-1.333,-49.327,0.16421,17.049,0.34614,-9.2017,0.087525,0.043796,-0.070072,-0.99932,-0.069351,0.092347,-0.0076996,-0.52301,15.846,0.038444,-47.658,1.3201,15.448,2.24,-10.666
17.5,0.094065,0.031145,-0.062506,-0.99015,-0.059227,0.088449,-0.022974,-2.0851,13.333,1.0311,-46.606,0.016307,16.829,0.30377,-11.269,0.097302,0.036377,-0.049397,-0.99587,-0.062824,0.088739,-0.022038,-2.4998,14.463,1.727,-47.334,-0.11531,15.842,-0.52361,-10.002
17.6,0.083868,0.023344,-0.057403,-1.0055,-0.049767,0.086818,-0.015252,-1.5575,12.429,1.1131,-47.154,0.25443,16.56,-0.80248,-7.2522,0.098518,0.040619,-0.066897,-0.99368,-0.063012,0.086887,-0.01841,-0.3653,17.176,0.43301,-46.489,2.9469,15.72,0.055421,-8.4608
17.7,0.094517,0.0096923,-0.058719,-1.0008,-0.062944,0.077693,-0.025842,-0.7737,12.578,1.5424,-47.311,0.36974,16.134,0.70258,-8.3807,0.097137,0.013302,-0.049112,-0.98393,-0.055609,0.086559,-0.015464,0.63825,13.054,1.6131,-47.82,1.7073,16.292,2.9093,-11.313
17.8,0.099754,0.013791,-0.051426,-0.99211,-0.059539,0.085188,-0.022231,-1.2688,13.344,-1.0431,-46.864,0.87162,18.345,-0.32316,-10.078,0.086522,0.019444,-0.054899,-1.0111,-0.051369,0.094491,-0.020575,-0.89402,12.245,1.183,-46.369,0.6976,18.29,0.28815,-7.4624
17.9,0.121,0.011827,-0.060154,-0.99787,-0.053828,0.083191,-0.021621,-1.4548,12.827,-0.32506,-46.161,1.2549,17.531,-0.87882,-8.3192,0.11056,0.016785,-0.054818,-1.004,-0.054161,0.080104,-0.019122,-1.6563,12.714,1.78,-47.407,1.9102,18.583,0.65231,-9.673
18,0.10339,0.026375,-0.044996,-1.0004,-0.052503,0.080826,-0.028198,-0.6123,11.169,0.19023,-46.12,1.689,18.367,0.59519,-7.6864,0.10966,0.028104,-0.066941,-0.98847,-0.051363,0.090459,-0.027819,0.16054,12.304,1.1219,-47.438,0.77071,17.709,0.62547,-6.3321
18.1,0.10152,-0.0078926,-0.048176,-0.99339,-0.054293,0.083715,-0.025025,-0.61661,9.5382,-1.1701,-45.993,0.30984,16.113,0.58263,-7.1637,0.1191,0.013283,-0.066535,-0.96951,-0.045782,0.093703,-0.027867,-1.4595,10.07,-0.5791,-45.665,-0.56617,19.096,1.9892,-7.3922
18.2,0.10667,0.0081883,-0.057629,-0.98977,-0.054177,0.082422,-0.025995,-3.1254,10.911,1.3865,-45.366,-0.65297,18.102,1.7142,-7.0271,0.10502,0.0037576,-0.033878,-0.99094,-0.040521,0.081055,-0.035105,-0.95033,11.97,2.7323,-45.766,0.85633,18.382,2.0827,-7.5428
18.3,0.11221,0.0064597,-0.032796,-0.98365,-0.046323,0.081572,-0.031388,-2.672,11.271,2.0011,-46.219,0.12566,19.989,0.67055,-6.5062,0.11172,-0.011883,-0.045261,-1.0031,-0.044718,0.085308,-0.026137,-0.34799,11.246,0.42802,-46.394,-0.26205,18.971,1.7503,-9.117
18.4,0.12113,-0.031675,-0.042923,-1.0107,-0.038849,0.094079,-0.033255,-0.67494,9.8959,1.2452,-44.702,-0.086506,18.73,1.156,-6.6643,0.10476,-0.01913,-0.052783,-0.98519,-0.048307,0.082844,-0.035066,-0.7533,11.021,-0.044311,-43.151,1.6552,18.651,2.5264,-5.0181
18.5,0.12338,-0.0039534,-0.044776,-0.97375,-0.042971,0.078535,-0.032608,1.0691,10.223,1.8127,-44.56,-0.2947,18.407,0.61892,-6.6829,0.12712,-0.0048081,-0.02746,-0.977,-0.04539,0.086891,-0.029042,-1.2725,9.9463,1.3416,-45.453,-1.2582,17.401,0.084134,-7.8564
18.6,0.10814,-0.027138,-0.026766,-1.0028,-0.034032,0.086004,-0.022205,-0.6796,8.4645,0.65502,-43.49,-1.3477,17.179,0.89217,-5.6772,0.13076,-0.010956,-0.035919,-0.98196,-0.0435,0.078117,-0.035677,-1.7019,10.224,-0.4006,-44.019,-1.7139,16.948,1.093,-5.3306
18.7,0.11828,-0.015152,-0.052337,-0.98442,-0.042802,0.074563,-0.03955,0.39303,9.0549,0.95955,-44.435,-0.71136,17.754,1.0921,-5.1287,0.14094,-0.022986,-0.043785,-0.98984,-0.044784,0.075543,-0.02405,-1.8228,8.7884,0.26216,-45.403,0.27234,16.992,1.1318,-7.2233
18.8,0.12488,-0.012874,-0.048328,-0.99112,-0.036286,0.068836,-0.032502,-2.3465,8.5633,0.45138,-44.057,-0.27715,18.393,1.3103,-6.4236,0.14228,-0.016003,-0.040973,-0.97964,-0.037341,0.083821,-0.038566,-0.42611,9.6845,-0.28981,-43.136,1.2682,17.901,0.89746,-5.5474
18.9,0.13317,-0.021831,-0.037328,-1.0006,-0.032713,0.084292,-0.032434,-0.14017,9.038,1.6548,-43.243,-2.5875,17.41,0.2864,-5.0768,0.12257,-0.020884,-0.033536,-0.97852,-0.030946,0.084151,-0.02714,-0.51962,9.1459,1.0359,-42.789,1.5154,17.081,0.73792,-5.4539
19,0.14095,-0.037442,-0.036156,-0.97427,-0.034566,0.073809,-0.030277,-0.32324,7.5273,1.2204,-43.341,-1.1441,19.38,0.1902,-4.0364,0.10233,-0.046604,-0.040937,-1.0004,-0.024271,0.08721,-0.034864,-2.3835,7.8273,0.93773,-42.881,-0.36378,17.797,-0.46645,-5.5886
19.1,0.13875,-0.02914,-0.041471,-1.0026,-0.025061,0.087644,-0.031899,-0.3788,7.2007,1.469,-41.69,0.33759,18.927,1.4857,-4.7739,0.13389,-0.026372,-0.032803,-1.0007,-0.027868,0.075512,-0.036961,-1.6035,10.42,0.71026,-42.103,-1.7039,18.082,0.69694,-4.9878
19.2,0.12003,-0.040276,-0.038309,-0.978,-0.033069,0.083563,-0.0365,-1.2127,6.0513,-0.20084,-42.421,0.30252,19.11,1.8084,-5.8394,0.13011,-0.051866,-0.049546,-0.97879,-0.030279,0.087395,-0.034769,-0.87828,7.2628,2.0579,-41.63,0.33257,18.398,1.2015,-3.8801
19.3,0.14235,-0.031729,-0.031493,-0.99606,-0.022436,0.082485,-0.033668,-1.3672,5.5694,0.67471,-41.976,-1.1365,17.909,-0.90215,-4.4032,0.13255,-0.041958,-0.026669,-0.9827,-0.026961,0.078401,-0.031812,-0.80562,7.917,1.1439,-42.031,0.1321,19.742,1.5773,-3.3989
19.4,0.14357,-0.037942,-0.01759,-0.9767,-0.013002,0.078571,-0.029153,-1.3973,5.8453,1.1304,-42.193,-0.79738,16.885,2.0039,-5.5162,0.12361,-0.073019,-0.014325,-0.99155,-0.028736,0.081297,-0.030756,-1.3223,5.301,-0.09093,-42.402,-1.4526,18.252,1.8846,-3.0559
19.5,0.1504,-0.044899,-0.036533,-0.99475,-0.017639,0.080282,-0.030549,-0.80169,5.4444,-0.40548,-40.36,-0.79252,18.817,0.8799,-3.582,0.14967,-0.057022,-0.031832,-1.0043,-0.01174,0.076926,-0.040572,-0.68542,6.8776,0.57808,-41.621,-0.1979,19.645,-0.36297,-2.3265
19.6,0.15204,-0.050881,-0.027851,-0.99256,-0.015556,0.078797,-0.03373,-0.51746,5.0034,-1.197,-40.421,2.254,19.761,-0.10334,-2.5925,0.13336,-0.054322,-0.028927,-1.0038,-0.016144,0.071898,-0.034134,0.46664,4.5522,1.004,-41.625,0.56583,18.615,0.79168,-4.1259
19.7,0.12723,-0.038343,-0.02201,-0.98613,-0.021706,0.069579,-0.037347,-0.78535,4.5592,1.1465,-41.374,1.3852,17.143,-2.0948,-3.538,0.14714,-0.054271,-0.0054867,-0.98025,-0.014643,0.079548,-0.036543,-0.52291,5.2675,0.69191,-39.955,-1.1674,16.645,0.34166,-2.89
19.8,0.14306,-0.058344,-0.0048855,-0.96913,-0.010077,0.07122,-0.030311,-0.77665,4.783,2.3229,-41.488,0.49623,17.999,-0.22434,-3.2689,0.13943,-0.048517,-0.015006,-0.99114,-0.013661,0.06654,-0.045363,-0.15591,6.0476,0.48037,-40.03,-1.4643,17.231,-0.69664,-4.8372
19.9,0.13076,-0.048408,-0.023005,-0.9695,-0.013569,0.062672,-0.033685,-1.1886,3.2477,1.0022,-40.002,-0.38946,16.011,-0.034883,-4.71,0.14865,-0.067155,-0.030565,-0.98539,-0.012151,0.075996,-0.034842,-1.6203,4.7669,1.1278,-39.851,-1.7062,16.217,0.79277,-2.1466
20,0.14054,-0.076863,-0.017601,-0.98087,-0.018864,0.07295,-0.029955,-1.011,5.0557,1.2111,-39.657,-1.3518,15.796,-0.26724,-4.6545,0.14053,-0.049764,0.0031038,-0.98825,-0.01563,0.071239,-0.021348,-0.59614,3.3123,-0.84357,-39.492,-1.0527,17.313,-1.2236,-3.2117
20.1,0.12606,-0.066244,-0.0092548,-1.0033,-0.013195,0.068761,-0.029059,-2.2384,2.9796,0.93773,-38.534,-1.4005,17.292,0.032951,-5.0114,0.13809,-0.091538,0.0076097,-0.97884,-0.017706,0.072612,-0.019698,-0.44085,1.6774,-0.17956,-40.347,-2.0318,14.964,1.7083,-3.6427
20.2,0.1488,-0.056291,-0.0097086,-0.98559,-0.010943,0.069772,-0.027271,-2.5276,3.2648,0.92387,-38.217,-1.8891,16.821,-0.27534,-4.9713,0.14131,-0.064587,-0.006146,-0.99161,-0.013606,0.068446,-0.024932,-2.7134,3.467,-0.78248,-40.738,-0.39943,15.07,1.9339,-5.2529
20.3,0.13784,-0.070215,-0.015505,-0.97612,-0.0058252,0.073629,-0.032852,-2.2752,5.1569,-0.65967,-38.948,-1.5507,15.381,-0.19364,-4.0862,0.15385,-0.061684,-0.0031321,-0.98769,-0.015899,0.066715,-0.025089,0.56128,2.7232,1.8905,-39.377,-0.1326,17.123,-0.68977,-6.7589
20.4,0.11937,-0.074074,0.00061041,-0.97996,-0.010818,0.066069,-0.028459,-1.815,2.2646,0.81278,-36.795,-0.74334,16.063,-0.069847,-5.2128,0.14156,-0.068726,0.0038343,-0.99028,-0.0094531,0.068932,-0.021105,0.020081,3.8923,1.3426,-36.573,-0.13899,15.809,-2.4684,-4.5612
20.5,0.16219,-0.085193,-0.016008,-0.97595,-0.013624,0.067468,-0.028798,-1.1079,2.522,0.14746,-37.231,-0.18111,16.861,-0.96125,-3.1426,0.13012,-0.07684,-0.0049979,-0.98789,-0.0026249,0.062161,-0.027142,-1.4435,0.87856,1.4094,-36.675,-2.4875,15.044,-0.42995,-5.3228
20.6,0.13615,-0.088452,0.0056553,-0.99366,-0.011308,0.059178,-0.023064,-0.84092,-1.7454,-0.49674,-38.762,1.1903,14.281,-1.1514,-4.8096,0.13424,-0.088631,0.016813,-0.97467,-0.0022663,0.06334,-0.016568,0.017546,1.6771,0.92347,-38.353,-1.564,14.918,0.73355,-5.445
20.7,0.15033,-0.073062,-0.0032415,-0.98243,0.0002487,0.058231,-0.021773,-0.91197,-0.44896,0.2697,-36.982,-0.10754,16.584,-0.43676,-4.3144,0.14807,-0.093094,-0.020725,-0.98783,-0.0057167,0.062313,-0.024382,-1.3805,1.8316,0.44005,-38.012,-0.45651,14.447,-1.254,-4.593
20.8,0.1493,-0.091004,0.010916,-0.9975,-0.0019662,0.064879,-0.024189,-0.85554,0.23732,2.8534,-36.086,-0.51569,13.262,-0.3107,-4.5055,0.12266,-0.09051,0.0023846,-0.98453,-0.0032314,0.061635,-0.031007,-0.057735,1.6237,-2.4007,-37.811,-0.72732,15.521,0.25368,-4.7035
20.9,0.14491,-0.096411,-0.0089542,-0.98558,-0.0018734,0.063771,-0.020295,-2.3404,-0.53776,-0.32431,-35.648,-1.4408,14.416,-0.9774,-3.5806,0.1437,-0.09316,0.0046856,-0.97191,-0.0083004,0.068188,-0.02195,0.021437,1.1042,1.0931,-36.818,-1.1393,16.325,-0.15813,-5.1977
21,0.14271,-0.10066,-0.0060025,-0.99883,-0.0062981,0.061213,-0.019839,1.3042,-1.6379,0.82019,-36.245,-1.1629,17.049,-0.74851,-5.32,0.15104,-0.10635,0.014955,-0.97335,-0.0080316,0.068717,-0.0267,0.21692,-2.1949,1.5575,-36.62,-0.47693,14.607,-0.014292,-5.4952
21.1,0.13706,-0.095269,0.014029,-0.97712,-0.0012222,0.058757,-0.013179,0.55011,-1.2162,-0.60199,-35.923,0.26657,14.737,-0.56916,-5.8583,0.14222,-0.10506,-0.010369,-1.0122,0.0023777,0.051319,-0.029224,-2.2639,-1.3367,0.80044,-35.781,0.2184,13.837,-1.2553,-4.9136
21.2,0.14139,-0.09376,0.0039197,-0.97953,0.00017535,0.058975,-0.022633,-0.51026,-2.0804,-0.28307,-34.965,-0.94349,14.781,-1.6829,-6.3667,0.1552,-0.10358,0.011203,-0.995,-0.0029348,0.060727,-0.018732,-1.201,-0.78164,0.56746,-34.652,-1.3547,12.127,-0.0049274,-3.6271
21.3,0.15393,-0.11116,-0.0028443,-0.98272,-0.0038015,0.048311,-0.020888,-1.9184,-0.083,0.75362,-35.695,-0.21433,13.463,-2.7775,-6.8931,0.14088,-0.11342,0.012345,-0.99005,0.00062523,0.048843,-0.016725,-2.2417,-1.4329,2.5549,-36.411,-0.69592,12.925,0.71463,-6.2854
21.4,0.1303,-0.11278,0.013319,-0.99547,0.00012466,0.05175,-0.018222,-2.4893,-0.67089,1.161,-37.867,-1.8404,12.1,-1.0925,-7.7568,0.12937,-0.12242,0.024726,-0.98635,0.0053284,0.053557,-0.019339,0.38959,-0.95369,0.79702,-35.037,-2.0686,14.152,-1.01,-5.8006
21.5,0.15425,-0.10182,0.013075,-0.98748,-0.0074191,0.048942,-0.014223,0.5447,-1.3732,-1.0979,-33.459,-2.0147,12.685,-1.1431,-6.5362,0.15516,-0.10291,0.024269,-0.98337,0.0062132,0.05431,-0.014351,-2.0322,-2.5507,1.0004,-34.165,-1.0856,12.634,-0.68155,-7.1813
21.6,0.1472,-0.11902,0.0014283,-1.0018,0.0051248,0.052045,-0.015443,-1.4067,-4.2162,-0.060858,-35.517,0.24385,11.308,-0.50186,-6.2265,0.14596,-0.10889,0.0099793,-0.99693,-0.0034455,0.053805,-0.014784,-2.3876,-1.2294,0.19328,-35.172,-1.6844,11.682,-2.7614,-5.6412
21.7,0.14672,-0.10702,0.010889,-0.98003,0.012743,0.053591,-0.014008,-0.44443,-2.4542,2.34,-36.203,-2.2366,9.4459,-0.86243,-7.1198,0.1643,-0.11707,0.015331,-0.97668,-0.00042163,0.054564,-0.0066943,-0.98961,-1.9581,0.037467,-35.602,-1.2405,13.229,0.62274,-6.3872
21.8,0.15246,-0.13072,0.017736,-0.97891,0.011796,0.051718,-0.0066605,-1.2705,-4.1504,-0.023697,-34.354,-0.3549,11.463,-1.072,-8.3591,0.14293,-0.1204,0.019367,-0.97239,0.0096731,0.048661,-0.015483,-1.6967,-3.0641,0.56042,-34.495,-0.81136,13.144,-1.937,-6.7085
21.9,0.148,-0.1166,0.013688,-0.96776,-0.0064231,0.046431,-0.006556,-0.75412,-4.8313,2.3416,-34.133,-1.6202,11.594,-0.87505,-7.4251,0.15507,-0.12283,0.019039,-0.96792,8.4768e-05,0.047055,-0.008824,-0.7496,-4.1518,-0.31523,-33.356,-1.9272,11.049,-1.2696,-7.8505
22,0.12674,-0.14284,0.0089645,-0.98784,0.0060917,0.047257,-0.0072473,-4.1058,-4.6306,-0.5259,-35.137,0.18725,10.749,-0.38694,-10.971,0.14456,-0.1255,0.0015864,-0.99567,0.0022087,0.046045,-0.011148,1.0915,-5.0027,2.1626,-33.707,0.50036,10.318,-0.2886,-9.2304
22.1,0.13591,-0.11885,0.012467,-0.99128,0.014256,0.034404,-0.0059583,0.4508,-3.5667,0.37466,-32.807,-1.2882,10.956,0.077812,-8.653,0.14631,-0.14331,0.0013524,-0.98577,0.0069195,0.045991,-0.013441,-0.44005,-4.0093,-0.8584,-33.516,-1.0728,11.795,-0.92364,-5.7871
22.2,0.14707,-0.11531,0.014252,-0.98835,0.0084744,0.041686,0.0006442,-1.5383,-5.4827,1.5343,-32.698,-0.74959,10.331,-2.3688,-9.0477,0.14066,-0.10731,0.043845,-0.98634,-0.0011778,0.043729,-0.0023702,0.78232,-5.4801,2.1923,-33.953,-0.15929,9.6577,0.17199,-8.2629
22.3,0.12804,-0.1238,0.0028843,-0.96654,0.016398,0.047522,-0.0050426,-1.8544,-5.3268,0.11664,-32.898,-0.95946,10.7,-1.8439,-8.6603,0.15646,-0.10613,0.028433,-0.98613,0.0048647,0.042593,-0.0021991,0.8985,-5.4132,-0.16726,-33.127,-0.66561,11.783,-0.43957,-6.9846
22.4,0.15338,-0.13673,0.029059,-0.97431,0.007533,0.04473,-0.0040641,-1.3627,-7.1125,1.9664,-31.548,-1.123,9.0767,-0.25722,-8.4577,0.13957,-0.12132,0.029734,-0.96475,0.0099093,0.04245,-0.003995,-2.4805,-6.2514,0.56816,-31.664,-0.034452,11.367,-1.9994,-8.7455
22.5,0.1499,-0.12043,0.017438,-1.0015,0.016516,0.036235,-0.0026338,-1.6285,-7.5209,-0.20724,-32.981,0.52294,9.5876,-1.0654,-9.4221,0.1385,-0.12416,0.014393,-0.97896,0.014139,0.036637,-0.00032851,-1.7777,-6.9271,1.3919,-30.621,-1.4758,8.4159,-0.52873,-8.437
22.6,0.13995,-0.1205,0.018096,-0.96523,0.010879,0.037271,0.0028386,-1.0585,-7.2618,1.72,-31.71,-0.66257,8.4983,-0.94769,-9.78,0.15166,-0.12133,0.018867,-0.9765,0.0063018,0.036386,0.0024531,0.32774,-3.2333,1.31,-29.576,-0.39768,9.8374,-0.70481,-9.7002
22.7,0.14335,-0.12728,0.0016279,-0.98362,0.022531,0.0376,0.0046574,-1.8102,-6.2046,0.29203,-31.38,0.21077,9.4828,-1.0984,-8.8485,0.13003,-0.13164,0.015385,-0.98832,0.015763,0.034803,-0.0020252,-0.048892,-7.2622,0.66635,-31.56,0.12089,9.2208,-2.6141,-8.57
22.8,0.12838,-0.11328,0.01766,-0.99122,0.0092925,0.03571,0.0033304,-1.5017,-7.3969,0.62986,-30.306,-1.0474,10.089,-1.0468,-10.899,0.15547,-0.13981,0.019492,-0.97593,0.011338,0.03674,-0.0047195,-0.42521,-6.6816,1.1316,-31.475,-0.60834,8.2861,0.26148,-9.6145
22.9,0.13021,-0.15709,0.01972,-0.97007,0.00057814,0.035453,0.0060476,-0.79418,-7.4582,2.5007,-31.951,-0.83549,7.1969,-3.1193,-10.385,0.15044,-0.1445,0.027426,-0.98341,0.008206,0.028306,-0.0003054,-1.3056,-6.7871,1.1462,-28.938,-0.99775,9.5834,-1.3322,-9.8232
23,0.14469,-0.14872,0.012096,-0.9858,0.01125,0.033966,0.0030215,0.13539,-9.2845,-1.5273,-29.641,0.1781,8.2598,-1.4391,-10.9,0.1608,-0.14497,0.01682,-0.98791,0.0091851,0.032143,0.0050263,-1.2593,-7.7206,1.3351,-29.347,0.81989,7.1847,0.37635,-11.343
23.1,0.13492,-0.13262,0.021966,-0.9754,0.0099789,0.032106,0.00039861,-1.636,-9.4464,0.36584,-27.856,-0.7059,7.2722,0.28188,-12.998,0.13237,-0.1314,0.021267,-0.97676,0.016132,0.021454,0.0083444,-1.008,-8.09,1.0695,-30.237,0.28557,7.5737,-1.7436,-10.127
23.2,0.14281,-0.14748,0.01993,-0.98254,0.011372,0.031619,0.0031035,-0.30052,-8.0314,2.1852,-29.962,-0.3448,8.9328,-2.376,-12.231,0.16343,-0.15424,0.029185,-0.98573,0.0016618,0.023006,0.003573,-1.1808,-8.7596,1.6456,-30.164,-0.53486,8.7218,-1.6071,-12.122
23.3,0.13737,-0.13265,0.030418,-0.97814,0.027107,0.034987,0.0033531,-0.59584,-10.277,0.51419,-28.995,-0.044776,6.1656,-2.3665,-13.965,0.12449,-0.13782,0.019347,-0.98113,0.0092613,0.028861,0.018254,0.29154,-7.2987,-0.19637,-30.115,0.54495,7.114,-1.8508,-11.641
23.4,0.12611,-0.13943,0.012579,-0.9827,0.010413,0.030617,0.0025092,-1.7531,-8.3616,0.10904,-29.006,-0.89707,6.6651,-1.4405,-13.25,0.15275,-0.13299,0.005662,-0.98013,0.0077365,0.030762,0.011855,-1.8185,-10.071,1.3677,-28.452,-0.12767,5.8337,-0.81491,-11.212
23.5,0.13308,-0.1618,0.050493,-0.965,0.017808,0.024383,0.0084352,-2.3658,-10.672,1.9443,-28.403,1.622,7.8292,-0.26099,-13.208,0.11429,-0.12652,0.021538,-0.98385,0.015917,0.03067,0.017884,-2.7158,-8.7903,0.99803,-29.212,-1.6276,6.093,0.07929,-11.979
23.6,0.13199,-0.13644,0.023236,-0.96736,0.028751,0.027057,0.0016956,0.1185,-10.988,1.7241,-27.84,-0.21665,6.9449,-0.2868,-12.999,0.13037,-0.17291,0.019085,-0.97669,0.016705,0.027913,0.015801,-0.32533,-10.023,0.23869,-28.834,-1.9141,6.6458,-1.6584,-11.843
23.7,0.11663,-0.12958,0.015293,-0.98379,0.021181,0.024878,0.013288,-2.4302,-11.604,1.5254,-27.055,-0.53942,6.3594,1.1041,-14.853,0.14082,-0.14704,0.017395,-0.9722,0.015671,0.025156,0.014858,-0.87209,-9.6638,0.90987,-27.963,-0.8549,5.1264,-1.028,-12.175
23.8,0.13016,-0.13647,-0.004934,-0.98087,0.026341,0.024918,0.015351,-0.8748,-11.86,3.6397,-27.441,-0.24128,5.0586,-1.8646,-13.367,0.14107,-0.1616,0.01984,-0.98154,0.018885,0.022045,0.0097685,0.69101,-10.284,2.9495,-28.276,-0.41641,7.1118,1.3325,-11.823
23.9,0.12607,-0.16263,0.027453,-0.97215,0.028569,0.012485,0.011733,-1.0935,-12.504,0.6822,-26.493,0.23518,6.5171,-2.7624,-11.895,0.13474,-0.14949,0.028118,-0.96723,0.026772,0.021892,0.014807,-0.12315,-9.9843,0.64633,-26.487,-0.88976,5.8418,-0.88536,-12.326
24,0.132,-0.15146,0.027721,-0.97649,0.019943,0.021907,0.018316,-1.5432,-11.783,0.427,-26.645,0.018652,6.632,-0.48737,-14.554,0.11066,-0.15394,0.032012,-1.0021,0.024391,0.010875,0.018381,-1.1673,-11.119,-0.56737,-28.58,0.79847,6.2702,-0.48264,-14.382
24.1,0.12114,-0.15854,-0.004486,-0.96273,0.020519,0.016564,0.025081,-1.1319,-11.235,-1.2143,-26.794,-1.717,5.4787,-2.2165,-14.104,0.11914,-0.15092,0.018839,-0.9675,0.018373,0.003163,0.02252,-0.37557,-9.6992,0.40947,-28.385,-0.80001,6.9581,1.5042,-13.728
24.2,0.13065,-0.14953,0.0090493,-0.97971,0.025151,0.012222,0.018692,-2.6434,-12.079,0.0016138,-25.62,-1.3414,5.2582,0.40575,-14.477,0.12826,-0.15173,0.028314,-0.98609,0.017003,0.00545,0.017444,-1.1983,-12.135,0.49728,-25.852,0.87418,4.6187,-0.37003,-14.323
24.3,0.13051,-0.15132,0.015041,-0.95445,0.029511,0.012938,0.020921,-0.9037,-13.068,0.85268,-26.155,-2.177,4.3496,-0.13331,-15.742,0.12443,-0.14797,0.01065,-0.9805,0.026085,0.0049536,0.010955,-0.35138,-14.054,-0.03714,-27.921,-1.8769,6.1036,-0.80706,-15.302
24.4,0.12759,-0.14798,0.0050124,-0.99035,0.020276,0.00529,0.0080947,1.3646,-14.119,1.1013,-23.577,0.050035,7.3892,-2.5609,-16.754,0.13011,-0.14621,0.006147,-1.0134,0.027176,0.012615,0.023454,-1.9565,-12.202,0.50428,-26.277,0.12071,5.5153,-2.9222,-15.342
24.5,0.10771,-0.1682,0.0055441,-0.98411,0.018669,0.0067708,0.013749,-3.3948,-13.442,1.6153,-26.478,-1.0525,7.4649,1.2248,-15.221,0.13195,-0.14056,0.020228,-0.99634,0.030781,0.010448,0.025271,-1.9057,-14.417,-1.1677,-26.84,0.44777,4.4014,-0.6882,-14.671
24.6,0.096432,-0.15717,0.01717,-1.0002,0.027724,0.0042087,0.01262,-0.73755,-12.574,1.545,-26.148,-0.82291,3.9871,-1.2633,-16.489,0.12226,-0.14095,0.012327,-0.99824,0.02628,0.012076,0.017662,-0.89516,-13.079,1.5724,-25.848,0.3425,6.0042,0.050881,-14.97
24.7,0.10455,-0.16877,0.019342,-0.98286,0.033022,0.002811,0.027846,-1.3934,-16.521,0.70182,-25.532,-0.030086,6.2887,-2.5643,-17.185,0.12792,-0.14795,0.0026196,-0.96834,0.018784,0.00046315,0.02823,-2.003,-14.772,0.93576,-24.794,-1.5676,6.6567,-0.98485,-16.484
24.8,0.1116,-0.15474,0.0229,-0.97754,0.02116,4.058e-05,0.021557,-1.2008,-14.727,1.8492,-24.763,0.88785,5.9897,-0.49168,-18.532,0.13301,-0.16706,0.015937,-0.96618,0.024709,0.0034869,0.019746,-1.8058,-14.44,2.3766,-22.989,-1.0158,4.6483,-0.46212,-16.495
24.9,0.11272,-0.16953,0.0044288,-0.9838,0.030129,0.0062009,0.017799,-2.424,-14.681,1.1342,-22.568,0.64501,3.5065,-1.2544,-17.413,0.13545,-0.16421,0.032064,-0.97703,0.026732,0.00067023,0.022178,-3.5403,-15.125,0.3513,-24.151,0.078502,7.4831,-0.36045,-16.566
25,0.088089,-0.14933,0.014149,-0.98067,0.031125,-0.00082701,0.021599,-0.97401,-15.396,0.55305,-25.294,1.6252,5.4109,0.87751,-17.325,0.12134,-0.16439,0.0010489,-0.97482,0.037831,0.0050164,0.019297,-1.745,-13.539,0.1052,-22.856,0.48759,4.6647,-1.6711,-16.913
25.1,0.10138,-0.15644,0.030526,-0.99659,0.021526,-0.0037985,0.024581,-2.2595,-14.7,2.1511,-22.779,-0.52546,5.8153,-1.509,-17.944,0.11571,-0.16176,0.0085382,-0.97474,0.025036,0.0081409,0.013587,-1.201,-15.709,-0.17268,-25.491,-0.88676,4.5545,0.65675,-16.499
25.2,0.10302,-0.15339,0.0027899,-0.97686,0.021984,-0.0048885,0.018025,0.72518,-17.015,0.75271,-22.317,0.82588,6.1165,-0.38213,-18.015,0.11672,-0.16224,0.018468,-0.96266,0.033221,0.0039239,0.029815,-2.1581,-16.393,-1.3977,-21.739,1.043,4.01,-0.20824,-18.083
25.3,0.11305,-0.16368,0.0046664,-0.98256,0.031345,-0.0032574,0.025796,-2.0041,-17.432,2.9977,-22.742,0.76069,5.9021,-0.85503,-20.04,0.098424,-0.16029,0.0095833,-0.97335,0.033048,-0.0023696,0.01853,-0.37495,-15.743,-1.5683,-24.425,0.13831,5.7937,0.34133,-19.035
25.4,0.11022,-0.15343,-0.0077299,-0.98755,0.037624,0.0042151,0.028001,-0.48436,-16.731,1.4647,-22.6,0.69657,5.0654,-3.0785,-17.874,0.11142,-0.15938,0.0091443,-0.98865,0.029096,-0.0033742,0.016829,-1.5732,-15.795,-0.63877,-21.288,0.52943,5.0915,-1.8568,-18.548
25.5,0.11839,-0.15452,0.018845,-0.98148,0.035763,-0.0062273,0.029342,-1.809,-18.119,0.04928,-24.372,1.311,6.9071,0.12675,-19.49,0.095367,-0.15927,-0.0010397,-0.98225,0.038537,-0.0083272,0.024965,-1.1119,-16.369,-0.47645,-22.997,0.46953,4.5802,0.78378,-17.947
25.6,0.099037,-0.15109,0.00095488,-0.98507,0.034999,-0.011637,0.029808,-1.809,-15.919,0.44022,-21.505,1.0078,6.4896,-3.297,-20.586,0.10857,-0.1679,-0.0098378,-0.97906,0.031277,-0.0078306,0.027866,-1.3038,-18.534,0.36212,-23.203,0.40659,6.5972,-2.2312,-17.849
25.7,0.10081,-0.16131,0.016219,-0.98118,0.036231,-0.0047061,0.022011,0.035752,-18.831,1.593,-21.646,-0.44005,6.4482,-0.5818,-19.526,0.1088,-0.17315,0.0071068,-0.97739,0.033564,-0.0014536,0.025322,0.44787,-17.377,1.6124,-23.231,-0.83501,5.0791,0.13326,-18.677
25.8,0.11386,-0.16114,-0.0064585,-0.99512,0.029055,-0.011418,0.029351,-1.4433,-18.901,1.6161,-20.251,1.8892,4.9782,-2.2778,-20.474,0.11767,-0.15233,0.013332,-0.9765,0.044901,-0.0076769,0.027376,-0.78564,-18.268,1.1164,-22.78,0.49099,5.4806,0.97215,-19.22
25.9,0.09719,-0.16271,-0.020225,-0.98242,0.039014,-0.014938,0.021878,-1.282,-19.071,1.955,-22.347,1.2499,5.9923,-2.1192,-19.849,0.11167,-0.16435,-0.0024789,-0.983,0.036062,-0.012981,0.023557,-0.59976,-17.801,-0.40215,-20.946,-0.47558,7.5704,-0.64421,-17.811
26,0.096217,-0.14123,-0.0086007,-0.98706,0.043663,-0.01665,0.033531,-2.1183,-19.694,0.98035,-20.034,-0.91433,7.345,-0.60653,-18.941,0.098779,-0.14385,-0.0013829,-0.98288,0.052443,-0.0094305,0.030582,-1.2384,-19.577,1.4584,-18.397,-0.55243,7.186,-0.70088,-20.147
26.1,0.097009,-0.14671,0.0053191,-0.97938,0.027363,-0.017308,0.031213,-2.0351,-18.751,-0.11896,-21.233,-0.1948,4.7056,-2.264,-20.996,0.092569,-0.16505,-0.0013796,-0.98043,0.039008,-0.0084514,0.038047,-0.92908,-16.747,-0.31771,-21.002,-0.022997,6.7056,-0.48516,-20.055
26.2,0.095511,-0.15103,0.012935,-0.97195,0.049317,-0.015511,0.030091,-2.0337,-19.836,0.29832,-20.883,-0.92306,6.7174,-0.084375,-19.984,0.1024,-0.15242,-0.0036578,-0.98403,0.03337,-0.021803,0.031631,-1.2018,-18.853,2.1652,-19.489,0.27901,4.8442,0.036058,-20.583
26.3,0.080637,-0.17422,-0.0082385,-0.98219,0.044305,-0.019362,0.025368,-1.5071,-20.044,0.57809,-19.525,-0.36507,7.8752,-1.2427,-20.841,0.11086,-0.15431,0.0059455,-0.98555,0.040575,-0.01686,0.030489,-1.1303,-19.935,-1.0409,-20.287,1.5193,6.5383,-0.83715,-20.614
26.4,0.091585,-0.1458,-0.018947,-1.0009,0.0422,-0.023656,0.030727,-0.22756,-21.512,-0.79387,-19.189,0.29001,7.5223,-1.0533,-20.385,0.10446,-0.13669,-0.0036614,-0.98127,0.036526,-0.019515,0.026488,-0.95929,-21.15,1.6642,-18.839,-1.2886,5.5099,-0.26322,-20.718
26.5,0.066657,-0.15009,0.0030807,-0.9866,0.038244,-0.026033,0.020153,-1.2083,-20.797,-0.27246,-16.469,0.18956,8.1301,-0.092751,-21.34,0.085422,-0.15379,-0.010331,-0.97939,0.032607,-0.023367,0.026508,-0.83867,-20.165,0.064246,-18.495,0.20911,7.0933,-1.297,-20.067
26.6,0.09652,-0.14595,-0.006879,-0.98293,0.041663,-0.021289,0.019771,-2.6252,-22.952,0.30823,-18.691,-0.017327,7.8011,-0.81992,-22.13,0.073114,-0.15875,-0.015127,-0.99014,0.035205,-0.01104,0.023337,-3.1524,-22.493,1.288,-19.746,-0.40535,6.0713,-0.38779,-20.124
26.7,0.076529,-0.139,0.0088205,-0.96747,0.040723,-0.032091,0.029265,-1.6215,-22.316,0.4472,-17.683,0.32669,8.0837,-1.1058,-24.652,0.08309,-0.16,0.0046009,-1.0113,0.039701,-0.028323,0.025261,-1.0964,-20.262,2.3527,-18.556,1.8421,6.7689,-0.50024,-20.976
26.8,0.065011,-0.12918,-0.0084328,-0.98954,0.040858,-0.019681,0.017353,-1.974,-22.662,1.7912,-17.497,2.4376,10.51,-2.546,-25.069,0.072701,-0.15094,0.0021397,-0.98499,0.037448,-0.027755,0.022921,-0.51744,-22.2,0.43831,-19.2,1.2932,11.043,0.27459,-22.971
26.9,0.086699,-0.14957,0.014197,-0.97738,0.050331,-0.021609,0.030506,-0.063521,-22.91,-0.065396,-18.196,1.4514,9.0352,-1.8212,-23.533,0.073491,-0.16839,0.0031476,-1.0062,0.043774,-0.028397,0.01054,-0.27422,-20.952,1.7772,-18.806,0.951,8.0849,-0.62889,-21.017
27,0.078998,-0.12472,-0.026902,-0.99137,0.042608,-0.025449,0.020564,-1.9854,-24.116,-0.75771,-18.388,1.5485,8.7187,-3.2234,-24.994,0.096253,-0.15646,-0.014337,-0.98174,0.046132,-0.027829,0.015126,-0.23461,-21.666,1.2156,-18.333,0.57278,8.7732,-1.5696,-24.248
27.1,0.077999,-0.12951,0.0089032,-0.97989,0.052541,-0.028864,0.02547,-1.2709,-24.07,0.21531,-16.683,0.8571,9.2124,-0.16575,-25.603,0.067627,-0.1454,-0.014469,-0.98048,0.044529,-0.033554,0.019821,2.2269,-22.816,2.3532,-18.79,1.0384,8.1136,-1.0678,-23.354
27.2,0.052798,-0.13653,-0.021334,-0.98507,0.055838,-0.025895,0.024186,-1.8155,-23.284,2.123,-18.152,-0.52628,9.8163,-1.0707,-24.03,0.064135,-0.11926,0.00037645,-0.9991,0.042858,-0.031498,0.019149,0.1062,-23.125,0.89193,-18.667,0.48451,11.309,-1.4395,-21.888
27.3,0.06953,-0.15506,-0.016126,-0.97683,0.043154,-0.03922,0.021476,-0.28464,-26.157,2.8354,-15.411,1.7348,11.182,-0.35818,-24.322,0.065743,-0.14891,-0.018074,-0.98053,0.042832,-0.039139,0.02962,-1.6951,-23.802,1.0431,-17.265,0.76935,9.7607,-0.44897,-24.125
27.4,0.049512,-0.16179,-0.026698,-0.98079,0.043297,-0.027535,0.026886,-0.36456,-25.173,1.2386,-18.158,0.77256,9.9366,-0.18598,-24.424,0.069972,-0.1363,-0.028769,-0.98435,0.042082,-0.031809,0.026836,-0.42112,-24.43,1.2904,-17.252,0.40661,9.5577,-0.36183,-25.773
27.5,0.05962,-0.14572,-0.015483,-0.99333,0.054925,-0.037459,0.024973,-0.5121,-25.19,0.03616,-16.425,0.36588,8.6906,-1.6619,-25.078,0.065219,-0.12885,0.00061892,-0.99531,0.048303,-0.022398,0.016875,-0.68535,-23.013,-0.079608,-15.157,1.0122,12.046,-0.51604,-24.198
27.6,0.057685,-0.14646,-0.023059,-0.98301,0.058398,-0.038222,0.033033,-0.99531,-25.85,0.48943,-16.064,1.0978,10.613,-1.6359,-24.63,0.05674,-0.14215,-0.01062,-0.9697,0.044846,-0.028786,0.026553,-0.64403,-24.589,2.1168,-13.685,1.9386,10.196,-0.1579,-25.032
27.7,0.049982,-0.14712,0.00020701,-0.99952,0.044662,-0.038814,0.019258,-1.6842,-25.616,2.0807,-16.623,1.1325,9.6543,0.6091,-25.218,0.060297,-0.14709,-0.0040859,-0.97893,0.046946,-0.035169,0.031051,-1.1961,-25.676,0.43092,-13.52,1.511,11.311,-0.96034,-24.492
27.8,0.043744,-0.11812,-0.020917,-0.98472,0.049918,-0.039103,0.032406,1.161,-26.195,0.27562,-14.883,2.8387,13.696,-1.8768,-24.779,0.050558,-0.15175,-0.02906,-0.97,0.052468,-0.032776,0.02926,-1.7879,-24.197,1.1415,-14.772,0.36405,11.648,0.9698,-24.91
27.9,0.051937,-0.13357,-0.016479,-0.99932,0.044648,-0.040113,0.026236,-0.67542,-23.378,1.4783,-16.167,0.55554,11.259,-0.9947,-27.835,0.056048,-0.14684,-0.038642,-0.97776,0.04438,-0.046775,0.017249,0.65095,-26.238,1.1613,-15.963,0.33658,12.001,-1.7875,-23.713
28,0.044482,-0.12733,-0.032837,-0.99891,0.041967,-0.04232,0.030705,-0.26497,-27.46,-1.7231,-15.6,-0.2227,10.899,-2.1288,-26.769,0.049969,-0.14672,-0.020484,-0.98505,0.05346,-0.043891,0.025855,-0.02263,-26.392,-0.16565,-13.83,0.73515,9.9635,-0.91004,-25.449
28.1,0.046701,-0.12398,-0.013432,-0.9955,0.049175,-0.045779,0.029972,-0.14352,-27.53,-0.99201,-14.569,0.93818,11.589,-1.6075,-25.524,0.070623,-0.13567,-0.025866,-0.97997,0.055586,-0.046216,0.03018,-0.95157,-26.562,0.31814,-14.329,0.058774,10.266,-1.2131,-24.884
28.2,0.052713,-0.11034,-0.0034092,-0.99672,0.047923,-0.043789,0.027239,-0.49996,-25.982,-0.08654,-14.12,0.972,10.581,2.2037,-27.109,0.034516,-0.11864,-0.0081935,-0.97757,0.050738,-0.041756,0.022188,-1.3166,-26.443,0.61556,-12.766,0.93278,12.941,-0.13553,-23.924
28.3,0.022567,-0.13953,-0.033707,-1.0031,0.050159,-0.048102,0.029081,0.4952,-25.696,1.2652,-12.063,0.21938,11.83,-1.1461,-27.238,0.054574,-0.13171,-0.017441,-1.0007,0.050547,-0.047518,0.025637,-0.44516,-25.546,0.26161,-12.455,-0.87065,12.877,-1.1126,-24.282
28.4,0.035605,-0.1077,-0.029195,-0.98636,0.038551,-0.057454,0.028839,0.10111,-25.965,1.0921,-14.462,0.58246,11.55,-2.9013,-25.867,0.045051,-0.13482,-0.022627,-0.99328,0.059496,-0.038233,0.028315,-1.1143,-25.889,2.3045,-12.97,0.4917,12.856,-1.2936,-27.517
28.5,0.042331,-0.1207,-0.03356,-0.99742,0.04409,-0.051393,0.022751,1.9534,-26.706,-0.012951,-10.781,-0.79823,11.525,1.4431,-26.27,0.042367,-0.12539,-0.033946,-1.0123,0.046163,-0.053531,0.029926,-1.6171,-26.356,0.8636,-14.164,0.61116,12.571,-0.37357,-27.996
28.6,0.050856,-0.1297,-0.02385,-0.99406,0.04724,-0.048918,0.024595,-0.96309,-25.991,-1.681,-13.715,0.77306,15.563,-2.065,-27.044,0.016707,-0.12032,-0.010042,-1.0118,0.051564,-0.047026,0.019911,1.307,-26.421,1.2812,-12.514,0.29216,11.074,-1.1847,-26.409
28.7,0.019034,-0.11345,-0.030105,-0.9911,0.052809,-0.048936,0.017942,0.44529,-27.583,0.80605,-12.689,0.3336,12.511,-0.10606,-28.451,0.041483,-0.1294,-0.01158,-0.97867,0.05191,-0.05075,0.025194,1.2016,-25.605,1.9497,-12.094,0.79149,15.106,-0.61473,-28.269
28.8,0.031207,-0.12882,-0.037416,-1.0041,0.040233,-0.053332,0.018617,1.939,-25.077,0.92146,-12.789,0.69216,14.385,-0.18945,-28.661,0.044296,-0.11678,-0.040841,-0.99339,0.051573,-0.054821,0.024858,-0.79359,-25.956,2.1047,-12.659,-0.70784,11.33,-2.0754,-26.14
28.9,0.024692,-0.11481,-0.029615,-1.0112,0.051537,-0.048125,0.021403,1.3929,-22.447,0.88011,-10.207,1.7376,13.971,-0.11399,-29.514,0.038273,-0.11876,-0.052369,-0.97878,0.051132,-0.054364,0.0323,-0.15399,-25.029,0.41363,-11.764,1.8114,13.54,-0.10388,-27.819
29,0.0076617,-0.090059,-0.026044,-0.99329,0.055873,-0.058399,0.017023,0.17502,-24.179,2.0496,-10.574,2.5103,15.524,1.6439,-30.446,0.031428,-0.11589,-0.024442,-0.98379,0.044758,-0.052401,0.020004,-0.038287,-26.285,2.5405,-11.277,0.16877,13.984,-0.74743,-27.973
29.1,0.026525,-0.10457,-0.030119,-0.99007,0.038729,-0.05419,0.018634,0.083791,-25.16,0.86904,-9.9464,0.51458,14.991,-0.50676,-27.742,0.043044,-0.11372,-0.043215,-0.99341,0.045377,-0.066977,0.026024,1.6972,-25.465,1.6139,-11.604,0.39327,12.711,-0.9558,-25.722
29.2,0.029064,-0.11953,-0.033562,-0.99555,0.046671,-0.052416,0.01123,-0.30142,-24.69,1.1444,-10.677,0.73712,13.654,-0.87736,-27.811,0.0091483,-0.10397,-0.040543,-0.99844,0.044338,-0.046631,0.015533,0.27838,-24.926,0.87602,-9.8734,0.57393,13.663,0.26028,-27.565
29.3,0.0079552,-0.076507,-0.023914,-0.99846,0.041517,-0.066802,0.01519,1.2216,-24.203,-0.55679,-10.402,2.3019,16.774,-0.042925,-28.479,0.021936,-0.10213,-0.021177,-0.98219,0.045141,-0.049615,0.024525,1.9525,-23.416,0.66078,-10.496,0.77906,14.866,-0.37483,-26.064
29.4,0.0077776,-0.088071,-0.036805,-1.0066,0.048934,-0.055935,0.016623,-0.26842,-22.348,0.17167,-9.3069,-1.0774,18.496,-0.85496,-28.751,0.024867,-0.097847,-0.011776,-0.99443,0.041027,-0.061121,0.023046,1.226,-24.544,1.758,-10.972,-1.4821,14.59,-0.61603,-28.528
29.5,0.017266,-0.089952,-0.037125,-1.0118,0.034108,-0.066163,0.028415,-0.63828,-24.031,2.2171,-8.9576,0.52976,15.103,0.5274,-28.373,0.0086823,-0.10414,-0.037602,-0.99059,0.033544,-0.060915,0.028207,2.6319,-22.229,1.1813,-10.257,0.69564,13.916,0.56015,-26.865
29.6,8.722e-05,-0.099241,-0.043209,-0.99476,0.042586,-0.055617,0.022717,-0.064949,-22.042,0.3715,-8.2248,1.1316,14.087,1.1058,-28.038,0.013435,-0.088405,-0.025827,-0.99887,0.043864,-0.059675,0.026957,-1.4827,-24.925,2.3426,-8.2432,0.15938,15.722,-1.2664,-26.941
29.7,0.011648,-0.088673,-0.01069,-1.0104,0.045335,-0.059847,0.023063,-0.049326,-21.701,0.41541,-8.7399,1.3475,16.603,3.9002,-28.546,0.0061167,-0.097207,-0.018829,-0.98058,0.039574,-0.064438,0.021859,0.41455,-23.74,1.308,-9.4842,1.3895,14.3,-0.17867,-26.03
29.8,-0.011042,-0.091216,-0.038999,-1.0147,0.03914,-0.062688,0.028905,1.2273,-23.916,-0.28155,-7.5767,0.87921,15.141,0.26385,-26.125,0.033559,-0.073873,-0.037759,-0.97891,0.035451,-0.064284,0.017348,1.8128,-23.698,1.2455,-8.1531,1.0373,15.408,0.08486,-27.997
29.9,-0.0077538,-0.088224,-0.046076,-0.97746,0.04078,-0.068635,0.0082507,1.3314,-22.963,-0.092446,-10.198,0.38619,17.524,0.46783,-27.209,0.0096324,-0.093422,-0.045124,-0.99135,0.035787,-0.064612,0.016942,1.6349,-23.79,1.4991,-7.9789,0.56135,15.834,-0.47639,-26.992
30,0.0052497,-0.086522,-0.047382,-0.99135,0.037827,-0.061769,0.01604,1.7533,-22.358,-0.35046,-6.9455,-1.1544,17.193,-0.1552,-26.536,0.020354,-0.084781,-0.029003,-0.9747,0.041583,-0.072095,0.011336,-1.0958,-22.322,0.32654,-5.9423,0.77485,15.227,1.1841,-27.691
30.1,0.0020399,-0.07094,-0.027996,-0.98743,0.026263,-0.068736,0.0066745,1.8789,-22.29,0.6255,-6.1394,0.30219,18.057,-0.038823,-27.588,0.0040812,-0.070632,-0.03971,-0.98591,0.036697,-0.064778,0.0014555,0.85335,-22.117,0.0011908,-7.2007,2.4571,17.268,1.0361,-26.907
30.2,-0.0033151,-0.068766,-0.045826,-0.99572,0.034204,-0.072411,0.018887,-0.66171,-21.592,-0.19632,-8.1571,0.87743,18.715,1.0497,-23.827,0.0033022,-0.070088,-0.035224,-0.99735,0.033501,-0.060186,0.0078336,1.6094,-23.434,0.80456,-7.505,0.66755,16.322,0.79416,-25.527
30.3,0.0088941,-0.051177,-0.041393,-0.99941,0.031865,-0.061519,0.0064295,1.423,-20.954,1.7153,-8.4816,-0.35583,17.139,0.84605,-26.318,-0.0030905,-0.071011,-0.054407,-0.99331,0.037802,-0.059114,0.012266,1.4349,-21.262,0.79411,-6.2633,1.099,18.219,-0.52611,-25.926
30.4,0.004084,-0.056416,-0.032521,-0.99648,0.027022,-0.074841,0.0074957,1.8105,-21.124,-1.4241,-8.668,0.40245,18.308,0.98872,-25.444,-0.00023895,-0.058136,-0.027415,-0.99426,0.038537,-0.067738,0.012258,0.71756,-20.384,1.5609,-5.8996,1.4691,17.32,0.88212,-25.42
30.5,-0.00056997,-0.05599,-0.051914,-1.0098,0.031714,-0.069025,0.010294,0.81658,-20.969,0.27733,-8.2013,-1.0473,18.545,2.0842,-24.687,-0.010223,-0.05315,-0.057089,-0.97687,0.034833,-0.061938,0.015816,0.14216,-18.89,0.5902,-5.7305,0.0037591,16.962,0.52969,-25.602
30.6,-0.016885,-0.066072,-0.050125,-0.99912,0.029814,-0.057059,0.012329,1.6982,-18.127,-1.1381,-7.9284,0.20355,16.246,0.1681,-24.186,0.0021152,-0.076051,-0.045874,-1.0035,0.032076,-0.06612,0.0090444,-0.63125,-20.192,-0.41817,-6.3637,0.21137,17.643,0.13064,-25.616
30.7,-0.011076,-0.05744,-0.046624,-0.99288,0.032002,-0.070786,0.0097275,0.11156,-19.556,-0.060187,-9.1287,-0.34707,18.677,-1.5679,-25.317,-0.0031321,-0.071499,-0.040323,-0.99748,0.025937,-0.064484,0.016517,1.9659,-20.132,1.2587,-8.4126,1.0237,16.556,-0.43611,-26.044
30.8,-0.0041053,-0.048036,-0.0464,-1.0035,0.029512,-0.061788,0.0063912,0.054475,-21.171,-0.14601,-6.3305,1.2339,19.774,0.15532,-25.457,0.0066616,-0.026419,-0.036077,-1.0076,0.033046,-0.064447,0.013032,-0.52954,-20.022,-0.12554,-8.0822,1.4199,17.883,0.32521,-25.153
30.9,-0.0071479,-0.06008,-0.055593,-1.0108,0.032335,-0.056754,0.003645,0.2175,-19.077,-1.2619,-7.9245,1.6017,18.119,1.0773,-24.459,-0.011309,-0.039895,-0.038661,-0.98602,0.029739,-0.071885,0.011134,1.4998,-20.148,0.60427,-6.7329,1.4699,17.426,1.1933,-23.68
31,-0.01498,-0.031917,-0.028542,-1.0091,0.037201,-0.064242,0.0047814,1.554,-17.266,-0.76412,-7.2846,2.3735,19.632,1.7808,-22.284,-0.0050664,-0.051061,-0.053751,-0.99928,0.035432,-0.062201,0.0051692,2.5619,-17.754,-0.42627,-7.7985,0.28487,17.878,-0.011629,-22.681
31.1,-0.031423,-0.035661,-0.032187,-1.0019,0.025257,-0.05409,0.0026781,1.136,-18.338,-0.71597,-7.7945,-0.62734,20.518,0.016969,-20.586,-0.0095431,-0.055149,-0.044387,-0.99073,0.026082,-0.064815,0.0032152,0.081179,-17.05,-0.014676,-6.1473,0.099633,17.693,0.56665,-22.087
31.2,-0.020586,-0.051504,-0.039587,-1.006,0.016535,-0.05335,-0.0036237,0.83557,-16.798,0.36805,-7.9874,1.2162,21.242,0.49409,-22.505,-0.0021785,-0.056547,-0.039795,-0.99227,0.030804,-0.057581,-0.0025487,-0.17114,-18.884,0.43266,-6.4992,1.0144,18.876,1.5521,-23.428
31.3,-0.021335,-0.047426,-0.054039,-0.97069,0.03065,-0.045254,-0.0059308,1.5785,-17.72,-0.9243,-9.6559,0.23669,18.843,-0.41852,-23.109,-0.017012,-0.048457,-0.036216,-1.0156,0.024429,-0.057453,0.0024345,0.2809,-16.966,0.77231,-8.081,-1.0196,18.991,1.5485,-22.128
31.4,-0.043347,-0.028345,-0.037234,-0.98085,0.030754,-0.045031,0.0019587,0.28784,-15.753,0.25548,-8.8531,0.75204,19.487,-0.060429,-23.574,-0.025661,-0.048474,-0.042287,-0.98917,0.030846,-0.054913,0.0013381,1.0594,-18.377,-1.1135,-6.9171,0.79744,20.096,1.8423,-24.82
31.5,-0.034483,-0.0072495,-0.032608,-1.0001,0.032997,-0.064773,-0.00012442,1.1198,-17.163,-1.9222,-10.23,1.4966,20.176,0.80043,-22.672,-0.012479,-0.032965,-0.046978,-0.98936,0.035239,-0.061192,0.0037223,0.84041,-17.837,-2.327,-7.0745,0.84706,20.646,0.066094,-21.731
31.6,-0.032835,-0.011279,-0.050006,-0.97809,0.029795,-0.050044,8.7377e-05,0.28337,-16.835,0.33989,-10.385,-0.48164,21.063,-1.0634,-22.761,-0.024407,-0.023857,-0.028787,-0.99336,0.03361,-0.048004,0.00027923,1.0439,-18.529,-1.0778,-10.044,0.12898,19.591,-0.43272,-21.141
31.7,-0.030518,-0.014441,-0.04901,-0.99746,0.030366,-0.051164,-0.0010532,2.3985,-14.46,-0.79345,-11.453,2.2101,19.716,0.24824,-20.252,-0.015533,-0.033131,-0.045887,-1.0095,0.02363,-0.047707,0.00012208,0.23092,-17.768,-1.021,-8.2934,1.3071,20.224,-0.30425,-22.057
31.8,-0.01822,-0.026115,-0.038604,-0.98139,0.026189,-0.04245,-0.0030447,1.0324,-15.629,1.0041,-10.024,1.0662,20.405,-0.6491,-19.577,-0.047688,-0.037028,-0.048282,-0.98868,0.028031,-0.043523,-0.0090341,1.387,-17.423,-2.3378,-8.8288,0.23795,20.975,1.1073,-20.136
31.9,-0.027668,-0.014121,-0.058656,-0.99737,0.027319,-0.038445,-0.00068722,2.3786,-14.558,0.46687,-11.653,0.72017,22.416,-0.46991,-23.21,-0.037814,-0.035448,-0.029973,-1.0107,0.027494,-0.046551,-0.010187,-0.28904,-13.759,-0.044694,-11.109,1.6083,21.608,-0.85862,-20.616
32,-0.035622,-0.019166,-0.054917,-0.99517,0.024118,-0.045962,-0.0061296,1.7521,-15.147,-0.75541,-12.13,0.77151,20.697,0.86151,-21.098,-0.02643,-0.023269,-0.037037,-1.0018,0.030873,-0.042612,-0.0079291,2.5565,-15.579,-0.53843,-10.928,1.07,20.421,-0.040883,-22.296
32.1,-0.036962,-0.015193,-0.044926,-0.98828,0.023422,-0.048977,-0.008706,0.70479,-13.499,-1.9386,-13.319,1.3574,20.775,1.1613,-23.179,-0.041949,-0.013721,-0.049053,-1.0033,0.028276,-0.047106,-0.016005,0.015194,-13.75,-1.3109,-10.842,-0.303,21.148,0.013122,-22.59
32.2,-0.019425,-0.0018356,-0.047282,-0.99206,0.022646,-0.038395,-0.0059153,0.84507,-14.583,0.77872,-11.88,1.8002,20.2,0.070634,-20.673,-0.018754,-0.0092909,-0.041552,-1.0155,0.02638,-0.038677,-0.0087817,1.7637,-14.502,-0.23493,-11.939,1.7377,21.765,0.39601,-19.571
32.3,-0.02893,-0.0086273,-0.045324,-1.0188,0.028404,-0.035655,-0.0015782,1.3128,-13.58,-2.1159,-13.591,-0.75997,22.201,-1.0338,-20.022,-0.047586,-0.031314,-0.047999,-0.98913,0.026214,-0.043362,-0.0035538,-0.22445,-13.481,0.3209,-12.575,-0.82002,22.466,-0.93978,-19.671
32.4,-0.023074,-9.8967e-05,-0.026476,-1.0024,0.019353,-0.046854,-0.010089,-1.4065,-12.044,-1.0287,-14.162,1.2516,22.033,-0.036917,-20.603,-0.029238,-0.013789,-0.033128,-0.99356,0.022653,-0.042283,-0.00080507,0.67869,-12.988,-2.6222,-12.677,1.143,21.642,-0.022715,-21.575
32.5,-0.032314,0.0039686,-0.035331,-0.99074,0.024626,-0.052862,-0.020771,-0.0079437,-13.634,-2.1956,-13.294,0.36729,22.002,-0.45413,-18.99,-0.024399,-0.0086361,-0.055882,-0.99205,0.018086,-0.037049,-0.0075591,-0.95612,-13.59,0.52307,-12.822,-0.061945,22.015,-0.73459,-18.952
32.6,-0.041965,-0.0097994,-0.045646,-0.98165,0.022387,-0.047665,-0.011704,2.3441,-13.219,-0.48535,-14.378,1.1679,21.804,0.75418,-19.635,-0.032825,-0.022524,-0.040664,-0.99301,0.015887,-0.049015,-0.0091146,-0.86005,-13.259,-1.7655,-13.866,2.9707,21.863,-0.5592,-19.24
32.7,-0.039048,-0.0031143,-0.035222,-1.0023,0.016972,-0.043919,-0.014509,-0.50426,-12.914,-1.0116,-15.89,1.3293,20.582,1.254,-19.628,-0.045191,-0.006287,-0.049778,-0.99646,0.018845,-0.042868,-0.0091986,0.35335,-13.115,-0.064777,-14.412,0.32261,22.853,-0.90724,-19.931
32.8,-0.051517,-0.0010694,-0.027696,-0.99448,0.028318,-0.043859,-0.014524,0.81535,-13.228,-0.87794,-15.607,-0.47542,23.989,0.048931,-18.942,-0.034682,-0.0054554,-0.031773,-1.0126,0.0221,-0.046769,-0.0033134,1.6778,-14.828,2.3916,-13.922,0.4468,23.199,0.0738,-19.401
32.9,-0.061225,-0.0035694,-0.0255,-0.98104,0.022233,-0.042472,-0.008787,1.722,-13.879,-0.62167,-16.434,0.43286,24.594,-0.74739,-19.791,-0.057357,-0.026605,-0.044883,-0.99087,0.022903,-0.04196,-0.020194,0.8242,-13.814,-0.15917,-14.625,-0.82989,23.594,0.75059,-17.356
33,-0.054385,-0.0076001,-0.022301,-0.99442,0.016277,-0.041242,-0.010569,0.79096,-10.04,-0.24665,-15.767,1.0099,23.513,1.458,-21.098,-0.032399,-0.0043995,-0.033388,-1.0108,0.02228,-0.028739,-0.015127,0.18462,-13.39,-1.7534,-13.315,1.3499,22.826,-0.29494,-16.987
33.1,-0.046057,-0.013816,-0.035109,-0.99765,0.015558,-0.031132,-0.016089,0.063881,-9.6905,-0.39344,-15.921,1.2365,23.779,-0.89872,-21.031,-0.049452,-0.01645,-0.027825,-1.0224,0.015684,-0.036363,-0.014722,1.5713,-11.91,-1.4645,-14.669,1.4891,22.382,1.1494,-19.221
33.2,-0.037146,-0.0060909,-0.053599,-0.98528,0.012455,-0.029085,-0.016799,2.4355,-10.995,-1.9056,-17.826,1.3814,26.266,-0.72773,-18.048,-0.051299,0.019838,-0.035665,-0.99886,0.015626,-0.031469,-0.01465,-0.3192,-10.581,-0.97059,-14.517,1.454,23.526,-1.8635,-18.96
33.3,-0.036616,0.00055526,-0.032028,-1.0093,0.020514,-0.034546,-0.016424,-0.76805,-10.203,-1.6083,-14.827,0.69339,24.924,1.3527,-18.147,-0.041523,0.014523,-0.023748,-1.0054,0.016014,-0.035576,-0.017178,1.9656,-11.954,-2.2625,-15.504,-0.85403,22.699,0.025522,-18.58
33.4,-0.059928,0.0062025,-0.045307,-1.0132,0.012041,-0.031791,-0.017061,-0.56456,-9.1964,-2.2502,-17.254,-0.51827,24.022,2.633,-19.589,-0.043324,-0.0020338,-0.042879,-1.0047,0.0087767,-0.029086,-0.018782,1.5714,-11.803,-1.5785,-17.028,1.5501,24.044,0.94358,-18.55
33.5,-0.043675,0.010883,-0.04803,-0.99814,0.013846,-0.035202,-0.013007,0.39825,-9.4028,-1.4289,-16.447,-0.13087,26.535,0.023079,-19.741,-0.035716,-0.0038088,-0.023115,-0.99043,0.01754,-0.023651,-0.020037,0.019203,-10.222,-3.1513,-16.657,-0.51796,25.097,-2.1491,-16.281
33.6,-0.059377,0.0026289,-0.027718,-0.9964,0.018629,-0.029058,-0.017938,1.171,-9.4964,-1.3669,-18.288,1.4394,25.757,0.27437,-18.318,-0.046914,-0.0032988,-0.04913,-1.0288,0.0093664,-0.033646,-0.015854,0.94066,-9.2178,-2.2108,-17.454,0.32521,24.644,-1.8075,-19.832
33.7,-0.047891,0.0060136,-0.019478,-0.98181,0.0038957,-0.024802,-0.0091093,1.1337,-10.173,-1.3074,-18.055,-0.36375,27.366,-1.0052,-21.958,-0.030406,-0.0054026,-0.028668,-1.0076,0.012327,-0.038048,-0.020023,-0.40874,-9.8031,-2.527,-17.132,0.37834,25.337,0.37256,-19.731
33.8,-0.041656,0.0023503,-0.021099,-0.99025,0.0045494,-0.020936,-0.022254,1.46,-9.6125,-1.3851,-19.039,-0.36927,24.114,-0.54709,-18.395,-0.033248,0.0073037,-0.036315,-0.99913,0.012068,-0.032524,-0.026305,2.3018,-9.2814,-0.32346,-19.791,2.4529,24.26,0.024378,-19.181
33.9,-0.050846,0.0083195,-0.02127,-0.98762,0.0013679,-0.016643,-0.013581,1.3501,-10.171,-0.70556,-19.517,0.73451,25.115,-1.4433,-19.039,-0.035249,0.026706,-0.015247,-1.0006,0.0069488,-0.031615,-0.0085968,0.41726,-10.628,-2.1178,-18.024,0.2633,24.897,-0.14396,-18.192
34,-0.044241,-0.012557,-0.020793,-0.9936,0.0014738,-0.023214,-0.014031,1.7432,-8.1693,-0.74217,-19.994,0.9167,27.767,-1.0007,-19.657,-0.038649,0.0004164,-0.024704,-1.0011,0.0066587,-0.026609,-0.02111,0.55951,-9.3191,-1.631,-17.606,0.1662,25.48,-0.73816,-21.14
34.1,-0.068282,-0.0011474,-0.01229,-1.0133,0.0027236,-0.030266,-0.021268,0.80131,-8.7366,-1.4955,-20.083,1.5659,27.242,-1.1334,-20.08,-0.054315,0.020821,-0.023648,-1.0021,0.010673,-0.027168,-0.016624,0.31428,-10.432,-0.043145,-18.998,0.28518,25.356,0.67581,-18.527
34.2,-0.053542,0.025071,-0.030225,-0.98863,0.010828,-0.02168,-0.016646,2.8695,-8.3819,-2.0332,-20.223,-0.21549,26.103,1.3542,-20.055,-0.053101,-0.012642,-0.018494,-0.98793,0.00069858,-0.028168,-0.017371,0.80792,-6.4607,-1.5786,-20.785,0.28079,24.84,-1.6244,-16.655
34.3,-0.076287,0.019791,-0.04127,-0.98663,0.0056155,-0.023901,-0.020726,0.15419,-6.389,-2.7985,-20.785,-1.3107,26.139,0.79665,-20.102,-0.058811,0.018253,-0.001417,-0.97532,0.0050445,-0.016176,-0.018757,1.2574,-8.3881,-2.6615,-19.793,-0.76105,26.68,0.9528,-19.589
34.4,-0.048416,0.0073609,-0.018099,-1.0036,0.002275,-0.024233,-0.026841,0.9422,-7.1243,-0.05811,-20.275,-0.27982,26.543,0.16278,-19.916,-0.05625,0.0058321,-0.033607,-1.0067,0.0069047,-0.016454,-0.015859,2.3064,-8.8586,-1.5013,-20.196,-0.53418,27.67,-1.2335,-18.42
34.5,-0.051964,0.0083786,-0.031084,-1.0013,0.005,-0.020832,-0.014645,0.35167,-7.1427,-1.8416,-21.444,-1.0645,24.702,0.35292,-21.489,-0.045458,0.024152,-0.011667,-0.98601,0.0064536,-0.014423,-0.020416,2.8536,-9.0636,-0.99644,-19.333,0.46108,24.977,0.043746,-19.207
34.6,-0.046352,0.0056348,-0.025852,-1.0036,-0.0011468,-0.01599,-0.01752,-0.43912,-6.09,-0.13833,-21.876,1.7355,26.022,-0.38967,-19.544,-0.024233,0.044779,-0.013135,-1.0001,0.0065093,-0.02563,-0.022217,1.4333,-7.7242,-1.4194,-21.905,-0.65804,25.556,-1.0957,-19.456
34.7,-0.056208,0.010314,-0.014729,-1.0046,0.0038981,-0.017529,-0.013112,0.57625,-6.9911,-1.4196,-22.972,0.21687,26.528,1.0304,-19.824,-0.052903,0.011445,-0.013561,-0.99435,-0.0025095,-0.019299,-0.011691,0.86735,-7.7766,-0.1896,-20.734,-0.24578,25.454,0.34434,-20.357
34.8,-0.034171,0.028772,-0.02889,-0.99665,-0.0039446,-0.0065556,-0.01626,0.69144,-6.0486,-1.8087,-23.509,0.34607,27.379,0.80117,-18.333,-0.040308,0.039258,-0.022174,-0.99078,-0.0051604,-0.01142,-0.014635,0.85234,-7.238,-1.1624,-19.624,-1.6207,25.86,1.1432,-19.866
34.9,-0.041232,0.011418,-0.01776,-0.9899,-0.010823,-0.020668,-0.02017,0.62219,-6.9387,-0.83397,-21.818,-0.94529,27.272,-1.0188,-21.326,-0.058143,0.025325,-0.018737,-1.005,0.0019365,-0.025269,-0.015229,-0.56856,-6.8063,-1.4656,-22.14,-0.31362,27.918,-2.0161,-19.805
35,-0.059231,0.037223,-0.010628,-1.0121,-0.0082937,-0.013294,-0.013584,0.027301,-6.803,-0.70405,-23.57,0.11577,23.706,1.229,-19.245,-0.061578,0.026689,-0.0095872,-0.99193,-0.0011272,-0.011941,-0.017313,1.2347,-4.9216,-1.8661,-22.233,-0.096111,24.409,-1.1264,-19.264
35.1,-0.055501,0.030995,-0.025304,-1.0119,-0.012479,-0.019098,-0.019278,0.36257,-5.4792,-1.6079,-23.313,0.056212,25.116,-1.043,-19.03,-0.039995,0.015377,-0.025381,-0.99412,-0.0068817,-0.0080417,-0.014538,1.2612,-6.9335,0.38804,-21.655,-0.74062,24.713,0.98575,-20.365
35.2,-0.044846,0.024682,-0.014202,-0.99174,-0.010258,-0.015166,-0.022422,-0.32021,-4.2564,-0.37602,-23.883,-0.38026,24.672,-3.1306,-21.476,-0.063077,0.014482,-0.028177,-0.99317,-0.0061392,-0.022539,-0.015249,1.127,-5.732,-1.2926,-22.425,2.1044,26.691,0.90908,-20.169
35.3,-0.036887,-0.0025725,-0.02059,-1.0019,-0.0064413,-0.013578,-0.010824,0.32944,-3.7595,-1.5727,-25.635,-0.68291,25.868,-1.2316,-20.31,-0.059639,0.038298,-0.008335,-0.98706,-0.0017782,-0.011798,-0.015135,1.829,-5.6334,-1.1515,-22.852,-1.1492,23.236,-1.1536,-19.72
35.4,-0.048297,0.031971,-0.0084171,-1.0065,-0.0092191,-0.01354,-0.0060307,1.7146,-4.6247,-2.2272,-23.136,1.6604,23.708,-1.6315,-20.838,-0.037992,0.0081646,-0.026012,-0.99698,-0.0016469,-0.017598,-0.011825,1.6682,-3.9765,-1.3572,-23.907,-1.6913,25.622,-0.077796,-21.528
35.5,-0.038757,0.016486,-0.01264,-1.0247,-0.014024,-0.0082526,-0.012884,2.3759,-2.9502,-1.2877,-25.53,-0.52226,24.304,0.40967,-23.654,-0.056734,0.015648,-0.012556,-1.0034,-0.017876,-0.0050244,-0.021941,0.45627,-3.002,-2.5405,-26.28,0.68461,23.809,-1.8053,-21.706
35.6,-0.044986,0.0094723,-0.0075625,-1.0138,-0.021886,-0.0061463,-0.01173,0.99508,-3.927,0.1632,-25.886,0.14662,25.554,1.0206,-21.432,-0.044758,0.052205,-0.008062,-1.0038,-0.01366,-0.017009,-0.0062365,0.23744,-4.7808,-1.2091,-23.205,0.11441,24.73,0.81061,-20.736
35.7,-0.028506,0.011898,-0.020118,-0.99467,-0.013465,0.0011315,-0.0084789,2.2399,-2.1897,-0.87104,-26.226,-1.0275,24.693,1.3235,-21.449,-0.05477,0.027017,-0.026566,-0.99973,-0.01382,-0.0022442,-0.015031,0.4725,-3.2106,-0.14626,-25.116,-0.63134,26.061,0.13149,-21.668
35.8,-0.033488,0.0297,-0.006149,-0.99077,-0.01579,-0.0027138,-0.010712,1.3096,-1.8235,-0.84651,-28.614,-0.68395,25.554,-0.75257,-22.118,-0.051561,0.018221,0.002319,-1.0004,-0.011009,-0.014734,-0.0087242,0.034143,-4.3975,-1.9659,-24.487,-1.3163,23.947,-0.45099,-20.738
35.9,-0.046229,0.033297,-0.0079219,-1.003,-0.021544,-0.014238,-0.0061636,-0.69697,-2.3909,-0.3458,-26.791,-0.94142,23.535,-0.10996,-21.712,-0.056479,0.029213,-0.015117,-0.98529,-0.014783,-0.0054067,-0.015455,-0.84131,-3.9661,-1.0863,-27.363,-1.8516,25.249,-0.28412,-20.164
36,-0.047981,0.013338,-0.0010304,-1.0097,-0.017217,-0.0029838,-0.01671,0.62259,-0.93892,-1.0777,-27.19,-1.8648,23.848,-1.1616,-19.986,-0.060895,0.031219,-0.015031,-0.99746,-0.01039,-0.0086407,-0.015932,0.57831,-3.6383,-0.83457,-23.712,-0.98734,24.686,1.1358,-21.617
36.1,-0.025951,0.020717,-0.031811,-1.003,-0.02142,0.001801,-0.0098478,-0.24629,-1.605,-0.89185,-28.374,0.35588,23.625,-0.80457,-22.121,-0.026778,0.024236,-0.026433,-1.0038,-0.020025,-0.016732,-0.013335,1.4351,-1.9729,-0.99271,-26.407,-0.11854,23.309,-0.53773,-20.624
36.2,-0.051698,0.017071,-0.020519,-1.0087,-0.016859,0.0020647,-0.01441,0.88229,-2.6695,0.62699,-28.204,-1.3593,23.856,-0.19431,-19.555,-0.038512,0.014438,-0.030307,-0.99592,-0.019325,0.0012552,-0.010485,1.4002,-1.635,0.44939,-26.558,-0.42798,24.429,-1.6692,-20.621
36.3,-0.02404,0.04648,-0.012388,-1,-0.026205,-0.010792,-0.005664,-0.21099,-0.90466,-1.5979,-28.309,-0.93852,26.008,1.2753,-22.662,-0.042381,0.044705,-0.010616,-0.99974,-0.016412,-0.0020889,-0.008217,-1.0702,-3.8503,-1.4085,-26.682,-1.3914,24.879,0.23975,-20.409
36.4,-0.06921,0.029333,-0.013464,-0.98872,-0.033734,0.0039948,-0.010585,2.7448,-1.4218,-0.32561,-28.821,-0.22937,21.895,0.5301,-21.106,-0.021035,0.030467,-0.003751,-0.9929,-0.0098595,0.0001384,-0.0079852,-0.55797,-2.4431,0.14027,-30.257,0.70613,23.827,-0.11922,-19.157
36.5,-0.03873,0.041956,-0.0047992,-0.9845,-0.021212,0.0063034,-0.010641,-0.30699,-0.99656,-2.2934,-31.667,-0.80779,23.242,0.23952,-20.703,-0.04242,0.020153,0.0058744,-0.97599,-0.014784,0.0030645,-0.0058788,0.79495,-0.22579,-2.385,-29.942,-0.047047,22.095,-0.9354,-20.124
36.6,-0.038307,0.033611,-0.0060528,-0.99358,-0.0265,0.0031954,-0.011952,-0.91491,0.072462,-0.54652,-30.009,-0.11124,22.43,0.90606,-19.756,-0.039969,0.032307,-0.0073974,-0.99593,-0.023934,-0.0011301,-0.0095189,3.2785,-1.3753,0.26613,-28.062,-2.823,24.524,-0.1677,-18.898
36.7,-0.041361,0.022453,-0.0040937,-1.0095,-0.030559,0.0022464,-0.011451,-1.2929,1.4502,-0.85638,-30.577,-1.4605,21.577,0.97678,-22.232,-0.058799,0.020046,-0.00015136,-1.0104,-0.015745,6.1166e-05,-0.0059455,1.3733,0.054552,-1.131,-27.513,0.20673,24.584,1.0349,-19.849
36.8,-0.033382,0.030044,0.0084868,-1.0083,-0.030974,-0.0029231,-0.022419,1.8081,1.2075,0.19412,-31.928,0.42915,24.03,-0.14624,-21.24,-0.0089461,0.034358,-0.011562,-1.007,-0.030488,0.00323,-0.0086781,1.5115,-0.70206,-1.3169,-28.13,-1.0521,22.684,-0.17923,-19.773
36.9,-0.023807,0.033701,0.0033166,-1.0026,-0.020995,0.0026495,-0.0072867,0.63018,0.64366,-1.6234,-30.146,0.20807,22.272,1.4172,-19.887,-0.042455,0.040406,-0.012152,-0.97947,-0.023797,7.6976e-05,-0.0030296,1.1014,0.62376,-1.3507,-29.207,-0.48511,20.078,-1.3944,-20.898
37,-0.026329,0.027376,0.0075843,-1.0017,-0.023342,0.010251,-0.0074102,1.4043,1.2265,-2.3408,-29.991,0.22686,21.984,-0.52056,-19.605,-0.026558,0.02229,-0.011018,-0.996,-0.0298,-0.0022414,-0.01442,1.9159,-0.41937,-0.65254,-29.791,0.13394,21.068,0.19109,-19.262
37.1,-0.033496,0.03577,-0.011035,-0.99257,-0.02099,0.0041202,-0.0035408,2.3927,-0.1117,-0.60589,-33.313,-0.42411,22.593,0.91946,-18.178,-0.032765,0.031287,-0.0093096,-0.99459,-0.01842,0.00031841,-0.0066162,0.0043635,-0.38841,-2.7559,-29.3,-0.53162,21.101,0.33076,-21.572
37.2,-0.039446,0.034732,-0.007852,-1.0033,-0.026953,0.01974,-0.0052036,-0.73378,3.0355,-0.95065,-31.055,-1.738,20.743,0.39967,-18.825,-0.036355,0.050093,0.00045204,-0.98788,-0.026369,0.0045232,-0.013268,-0.043689,2.2567,-2.1273,-29.703,-1.1016,22.024,1.4115,-19.327
37.3,-0.029293,0.034574,-0.01397,-1.0155,-0.027995,0.01462,-0.0075518,0.4227,1.7364,-1.0696,-32.233,-1.5024,22.015,0.95043,-18.642,-0.03535,0.03435,-0.017536,-1.0125,-0.033156,0.0019209,0.0064309,2.029,1.4748,-0.75034,-30.321,-0.092583,21.208,0.065895,-19.151
37.4,-0.024737,0.02461,0.00309,-1.0091,-0.030935,0.017341,-0.0078477,0.91217,1.0491,-0.46743,-33.234,-1.6509,20.01,1.0707,-20.221,-0.035011,0.053308,0.01712,-0.97911,-0.040673,0.016306,-0.0056922,0.65029,2.1723,-0.99674,-31.413,-2.3773,20.708,1.0753,-19.474
37.5,-0.012273,0.017273,0.0016332,-0.96805,-0.028018,0.017058,-0.0072754,0.62555,3.6134,-3.084,-32.928,-1.2136,20.275,1.9576,-18.524,-0.025646,0.019166,-0.010143,-0.9935,-0.025947,0.016206,0.004163,0.49505,1.5748,-0.49557,-32.104,-1.763,21.906,1.2703,-18.44
37.6,-0.017743,0.022918,-0.0076617,-1.003,-0.019497,0.012978,-0.0022695,-0.67115,2.9973,0.0071602,-32.518,-0.49689,19.379,1.6842,-18.75,-0.033988,0.029837,0.0079594,-1.0163,-0.021396,0.017113,-0.0075866,-0.079442,2.0132,-2.3676,-31.509,-1.0564,20.259,1.403,-17.445
37.7,-0.036749,0.01977,-0.0090696,-0.99878,-0.0199,0.013666,-0.0010949,-1.9833,2.6686,-3.3252,-33.985,-2.9707,17.939,-0.59908,-19.006,-0.024103,0.034392,-0.017023,-0.99231,-0.024056,0.016324,-0.012633,0.96842,3.235,-0.39713,-32.114,-2.1395,20.407,0.60822,-18.556
37.8,-0.025018,0.028439,-0.011674,-0.99669,-0.021062,0.02068,-0.0027451,-0.87059,-0.7551,-2.0649,-35.407,-2.1728,17.112,1.5214,-18.503,-0.039328,0.040271,-0.0038706,-0.97221,-0.028586,0.017764,0.0058429,-1.0728,1.2433,-3.3083,-33.042,-2.0279,18.806,-0.43646,-19.225
37.9,-0.034877,0.019086,0.0074267,-0.99571,-0.013867,0.018549,-0.0035403,0.077357,0.59188,-0.43145,-35.738,-1.2956,18.508,0.3008,-16.972,-0.029527,0.029426,0.0008013,-1.0102,-0.026331,0.01619,-0.0035316,1.1098,1.0723,-1.8935,-33.019,-1.9282,18.456,1.3636,-17.548
38,-0.014107,0.024831,-0.0057498,-1.0111,-0.017616,0.025079,-0.0019874,-0.070941,-0.084441,-0.96058,-33.941,0.18375,16.487,0.71456,-16.085,-0.034002,0.032793,-0.0087646,-0.99367,-0.033289,0.012738,-0.0028334,-2.1061,1.7516,-0.083605,-33.067,-2.9284,18.754,1.2504,-18.496
38.1,-0.01705,0.017941,0.021095,-0.9904,-0.0061489,0.020536,-0.0045336,0.49563,-0.042874,0.13951,-36.277,-0.72052,17.011,-0.62226,-16.895,-0.018745,0.033828,-0.010805,-0.99632,-0.028422,0.021226,-0.0011671,-0.69794,2.5361,-1.1395,-35.689,-0.61197,18.307,0.1202,-16.752
38.2,-0.0005881,0.037481,-0.0060238,-0.99254,-0.019585,0.01127,0.00056005,-0.31001,-0.28038,1.3686,-36.495,1.0067,15.843,-0.31851,-16.114,-0.010549,0.021659,0.0014075,-1.0142,-0.020205,0.026153,0.0026865,-0.07131,-0.21742,-1.9092,-34.763,-2.4607,17.212,2.2111,-18.634
38.3,-0.025148,0.019278,0.0025335,-0.97264,-0.025394,0.023424,0.0027416,-2.9212,0.42554,1.2773,-34.683,-0.84102,17.642,0.6091,-17.897,-0.011267,0.031353,-0.021241,-1.0072,-0.016384,0.017049,0.0022036,-0.35304,-1.4781,-0.17536,-35.475,-1.5153,17.879,-1.3285,-16.487
38.4,-0.015797,-0.0066483,-0.0016324,-1.0014,-0.014674,0.021971,0.0049576,-2.1294,-0.12897,-0.18651,-33.283,0.63675,18.425,0.017239,-15.898,-0.020791,0.025495,0.014244,-0.98435,-0.026832,0.013675,0.0012477,-0.84783,1.6989,2.3505,-34.86,-1.4858,16.015,-0.54255,-16.67
38.5,0.010415,0.027431,-0.0051946,-0.99609,-0.0069109,0.015638,-0.0014902,-2.3063,0.38152,-0.78734,-33.363,0.078304,17.886,0.12451,-17.667,-0.0061645,0.02261,-0.0037548,-0.98772,-0.020768,0.021098,0.00035562,1.4909,-1.21,-0.52284,-35.841,-0.38092,16.383,1.5449,-18.367
38.6,-0.011245,0.024894,-0.0037061,-0.97707,-0.013164,0.017628,-7.2487e-06,-1.6502,-2.2054,1.4725,-32.057,-0.59858,17.874,-0.89881,-18.688,-0.022738,0.021038,-0.010023,-0.9905,-0.020636,0.017149,-0.0041463,1.3994,0.75903,2.8889,-35.944,-0.59042,15.847,0.34646,-15.949
38.7,0.0022342,0.026538,0.0046685,-0.99688,-0.012005,0.010586,-0.0013765,-0.96426,-0.54386,0.51973,-33.406,-1.2905,17.032,1.4013,-17.792,-0.0072226,0.024959,-0.016167,-1.0005,-0.018775,0.027447,0.00799,-0.54868,-2.1349,1.9314,-34.904,1.5591,15.826,1.3356,-16.332
38.8,-0.0035044,-0.00030187,0.015753,-1.0059,-0.018378,0.016976,0.0022453,-0.51392,-1.1758,1.1901,-33.726,-0.47463,18.532,-0.11453,-17.268,-0.011029,0.018964,-0.0093275,-1.0059,-0.020003,0.019687,-0.0015343,-0.71027,1.2485,-0.54798,-34.408,0.20375,16.315,-0.053402,-16.497
38.9,-0.011009,0.014269,0.0045853,-1.0193,-0.011144,0.012267,-0.0067675,-2.1323,-1.6423,2.0522,-32.673,1.5939,18.966,1.8094,-18.012,-0.011957,0.015325,-0.0042417,-0.99736,-0.012363,0.0151,0.00083824,0.84275,-0.53941,-0.0086626,-34.044,0.0095579,16.174,-0.06716,-15.191
39,-0.033034,0.0057595,0.0039472,-0.98676,-0.011039,0.015523,-0.0017168,-0.16515,-2.9451,1.171,-33.561,0.56068,18.426,-0.88833,-16.912,-0.017789,0.0053137,0.021729,-1.0037,-0.018639,0.021296,0.0012286,-0.96406,-1.1502,1.4171,-35.16,0.18988,17.493,-0.50183,-16.651
39.1,-0.0013963,0.016529,-0.00095694,-0.99509,-0.0089814,0.0075481,-0.0027293,-1.1842,-1.4659,-0.1262,-32.474,-1.6261,17.22,-1.3876,-17.939,0.010166,0.013697,0.0074662,-1.0112,-0.022605,0.015347,-0.00050922,-2.1173,-2.1282,1.2201,-35.213,0.94894,17.01,-0.078729,-16.239
39.2,-0.014394,0.016599,0.00011828,-1.0234,-0.0091889,0.014495,-0.0003066,-0.12142,-2.6624,1.2627,-32.692,-0.51057,19.182,-0.42188,-17.562,0.0019948,0.012805,0.016707,-1.0065,-0.0098438,0.013269,-0.0023604,-1.3355,-1.7073,2.3838,-32.408,0.53664,18.438,1.3656,-17.517
39.3,-0.0047032,-0.0035584,0.010073,-0.98095,-0.010084,0.010858,0.0018824,2.2038,-2.1751,1.4993,-32.518,0.53094,18.385,0.78116,-18.246,-0.020983,0.0076889,-0.017865,-1.0038,-0.0073647,0.020993,0.0049158,-1.7767,-2.1043,2.5522,-32.05,0.089012,16.744,-0.53315,-16.265
39.4,-0.0028156,-0.0019897,0.013063,-1.0032,-0.014248,0.0055996,0.0045172,-0.63638,-3.7081,0.60264,-32.979,-0.9696,18.296,-0.43681,-18.737,-0.01998,0.013073,-0.010283,-1.0081,-0.015311,0.0096443,-0.002242,-0.978,-3.3293,1.5654,-32.681,1.0888,16.299,-1.407,-18.337
39.5,-0.0066718,-0.018432,-0.0092393,-0.99024,-0.01483,0.0027548,-0.0066139,-0.059812,-2.4544,0.2055,-32.81,0.52906,17.922,0.12727,-16.84,-0.018779,0.0062917,-0.001284,-0.9894,-0.011397,0.015379,-0.01003,-1.2109,-1.7923,1.5024,-32.869,-0.53839,17.176,-1.1684,-16.968
39.6,-0.0079165,-0.0053044,0.0015016,-0.99936,-0.0085189,0.012697,0.001776,1.2523,-5.6265,1.2373,-31.916,-0.38112,18.531,0.46628,-18.174,0.0048648,0.00123,-0.017119,-1.0015,-0.016055,0.0086557,-0.0016568,0.15007,-1.7919,-1.1027,-32.548,-0.29787,17.602,-0.44481,-18.71
39.7,-0.026797,0.006307,-0.027177,-1.0032,0.00034933,0.0087186,-0.0034077,-0.49152,-2.8073,-0.70734,-30.356,0.77692,21.284,0.0805,-18.471,-0.0017734,0.027316,-0.011054,-1.0151,0.0018352,0.01407,0.0035853,-2.7934,-0.47823,-1.5567,-30.348,-0.23928,16.355,0.40217,-17.692
39.8,-0.021521,0.0005004,-0.0021217,-1.006,-0.011926,0.0044489,-0.0015185,-1.208,-2.6295,0.28987,-32.41,0.81398,18.003,-0.53412,-18.147,-0.011852,0.017062,-0.00024155,-0.99703,-0.017162,0.023797,0.0047113,0.3742,-1.7043,1.2254,-32.612,-1.7381,17.521,-0.33861,-18.015
39.9,-0.013666,-0.0023272,0.022164,-0.99846,-0.00021266,0.0031753,-0.010301,-0.64821,-3.0493,1.3874,-31.504,0.56639,17.178,-1.0341,-18.261,-0.0055701,0.013074,0.0054747,-1.0009,-0.0052924,0.01114,-0.0015487,0.77818,-2.7105,-1.0138,-30.473,-0.47186,17.473,-0.94088,-17.702
40,-0.0091554,0.026984,0.0018468,-0.99757,-0.011396,0.0072757,-0.0063568,2.9147,-5.4002,0.78633,-31.373,-1.0597,18.587,-0.73265,-16.351,-0.0096423,0.00053552,0.0079389,-0.97565,-0.013784,0.0083119,0.0041063,1.391,-3.8169,0.31744,-30.757,0.48476,16.967,-0.97632,-17.031
40.1,-0.0021808,0.0017408,-0.011286,-0.99385,-0.0080387,0.01462,0.0047455,-0.29158,-3.2005,-0.76215,-31.335,0.37021,17.705,1.1152,-17.303,-0.0025311,0.0075107,-0.0027689,-0.99024,-0.0039893,0.0088557,-0.00013772,-0.79874,-1.9834,1.2807,-31.943,1.9121,17.915,-1.8636,-17.896
40.2,-0.0013952,0.0025945,0.01236,-1.0158,-0.0027022,0.0010467,-0.0092412,-0.79662,-4.6253,-1.037,-32.518,1.0303,17.808,1.6009,-18.33,-0.013834,0.0029654,-0.0063474,-0.98354,-0.0046054,0.00052753,0.0034565,-1.4565,-2.7005,0.77577,-32.196,0.2524,19.523,1.0785,-18.638
40.3,-0.01748,0.0041867,0.0090215,-0.99707,-0.006522,0.0013967,-0.0013148,-0.94771,-2.9709,-0.095301,-30.807,0.74544,19.021,-1.0727,-17.438,-0.0078483,0.0066589,-0.0086337,-1.0099,-0.00013612,0.021928,0.0060621,2.8942,-5.249,-0.13425,-32.376,-0.97474,18.466,-0.4291,-17.465
40.4,0.0059527,-0.0077644,0.0071947,-0.99388,0.00071364,-0.00099096,-0.001626,-0.47179,-4.0838,2.0522,-31.535,0.47047,18.691,-2.2202,-17.986,-0.017735,0.019378,0.0033941,-0.99231,-0.0055929,0.0088488,-0.003931,0.56041,-2.8944,0.903,-31.635,-0.40804,17.582,-0.27401,-16.47
40.5,-0.00015526,0.016986,0.02353,-0.98496,-0.0027452,0.0052661,0.0021061,0.029968,-3.2383,1.3423,-30.377,0.57727,18.429,-1.228,-17.237,0.0034889,-0.0002522,0.0042094,-1.0039,-0.0076757,0.0051495,-0.0072909,0.70065,-2.9721,-0.1108,-32.86,-1.1142,15.722,1.0375,-18.431
40.6,0.00089562,0.007441,0.015892,-0.99841,-0.0074262,0.006132,0.0021092,-2.9433,-4.1578,0.54212,-29.525,0.27805,18.125,1.1455,-17.746,-0.0096725,0.0077397,-0.00033546,-0.99563,-0.0089658,0.0074302,-0.0026374,-2.593,-4.6597,-1.0414,-29.432,0.23818,17.127,0.39696,-16.783
40.7,0.0052033,0.0025474,-0.0036025,-1.0166,-0.0078025,0.0072615,-0.00052438,-1.6409,-3.0119,0.93688,-30.745,0.14593,19.568,0.086611,-16.762,-0.012271,0.0036591,0.0052899,-0.99578,-0.0026373,-0.0024138,-0.0071719,-0.30824,-1.8484,-0.23015,-31.312,2.2692,18.06,0.70651,-17.641
40.8,0.011783,0.012269,-0.013571,-1.0046,-0.0048761,0.0044997,0.0030679,-1.0612,-3.8714,3.0799,-31.465,0.75971,17.84,1.8876,-15.699,0.0022638,0.0086912,-0.007681,-0.99591,-0.00017392,0.0026247,0.0022648,0.013762,-3.5708,0.40452,-30.251,-0.20145,16.791,-0.76302,-15.875
40.9,-0.00011494,0.010977,-0.0034964,-0.98318,0.0021067,0.0044229,-0.00057493,-1.0027,-5.0633,2.1422,-31.237,0.66034,17.461,2.4,-16.477,-0.017872,0.012162,0.01294,-0.9929,-0.0055149,0.0024462,0.0008686,1.0066,-2.6981,1.5122,-30.031,-1.361,17.585,-0.19209,-17.156
41,-0.015797,0.00051368,-0.0037031,-0.9811,-0.0029038,0.011185,0.00011007,-0.13783,-3.6478,0.81055,-29.827,-2.5872,17.813,-1.526,-18.932,-0.0048148,-0.0018665,-0.0092303,-0.99779,-0.014157,-0.0038417,0.0055585,0.51983,-3.998,0.4992,-30.228,0.20311,16.482,1.3206,-19.038
41.1,-0.0057155,-0.0019522,-0.011583,-0.9945,-0.0072434,-0.001134,0.0070391,0.55266,-4.4181,2.3643,-30.191,0.94846,17.261,1.1531,-17.389,-0.010493,0.00547,0.0060264,-1.0075,-0.0063374,-0.0025625,0.0050224,-1.315,-4.5702,-0.97928,-31.11,-0.30416,17.736,0.54212,-17.133
41.2,0.010499,0.0024999,0.0020567,-1.0129,8.4812e-06,0.0042066,0.0067807,-1.644,-4.1058,1.5856,-31.246,0.41324,19.134,0.63838,-18.738,0.0032264,0.0059587,-0.008332,-0.99546,-0.01303,0.0083711,0.00040075,1.0484,-2.414,-0.45326,-30.444,0.36158,17.15,-0.91207,-15.811
41.3,-0.025491,-0.010686,-0.017439,-0.99808,-0.0024223,0.0038237,0.0018847,0.77895,-6.24,-0.82376,-31.883,0.41588,15.982,1.0538,-19.946,0.015268,0.0074265,0.0035605,-0.99004,-0.0031335,0.0052844,-0.0058531,-0.035411,-1.9899,1.5769,-30.708,-2.2487,16.335,-0.30056,-16.092
41.4,-0.016549,0.00045539,-0.012502,-1.0106,0.008338,0.0045541,0.0022736,2.2461,-5.6293,0.19576,-30.406,-1.1094,18.361,0.91512,-16.681,0.002196,-0.011122,0.0063279,-1.0128,-0.0030223,-0.002525,-0.0067493,0.2564,-3.9585,1.2332,-30.343,-1.6192,16.9,-0.93869,-16.337
41.5,-0.0024416,0.0070041,-0.0024576,-1.0027,-0.0060603,-0.0048753,-0.0063882,1.069,-4.4907,-0.36912,-32.272,0.040017,18.76,1.0438,-18.09,0.0010113,0.011437,-0.0058378,-1.0059,-0.011164,-0.00053359,-0.0031509,-0.79371,-3.2993,-1.197,-29.083,0.076111,16.937,-0.84619,-16.779
41.6,-0.00058539,-0.00030397,-0.0018909,-1.0087,-0.011202,-0.0035604,0.00040759,-0.060003,-6.0648,0.71468,-32.523,0.92059,18.073,-0.81927,-15.907,-0.010383,0.00075972,-0.019105,-0.97716,0.0021151,0.0029303,0.0057148,-0.26075,-3.9622,-0.70027,-31.366,0.31097,17.393,0.15285,-16.925
41.7,-0.010089,0.015341,-0.0011306,-1.0106,-0.0073322,0.0055345,0.0075246,-0.4791,-5.9438,-2.1918,-31.142,-0.46382,18.262,0.88688,-19,0.0066161,-0.0089545,-0.012034,-0.99605,-0.005896,0.0079304,-0.0042237,-2.6043,-4.4428,1.5936,-29.595,-0.51668,19.439,0.0039471,-16.99
41.8,0.010854,0.02283,0.009358,-1.0081,0.0047137,-0.0059337,-0.0002516,-1.9842,-3.7499,-0.035201,-31.882,-0.92514,17.91,1.0737,-17.489,0.013945,0.0093779,0.01667,-0.98742,0.0075009,0.0072034,-0.0008754,-2.059,-5.1303,0.10324,-27.813,-0.10112,16.719,-1.5984,-17.759
41.9,-0.0055441,0.022245,0.0048934,-1.0028,-0.0016552,0.0067119,-0.0070698,0.058155,-4.219,-0.67617,-29.331,0.2012,18.67,-0.73616,-17.886,-0.0015304,0.011229,0.0084414,-1.0053,0.0060117,-0.0035068,-0.0067824,1.4332,-3.0795,-1.2569,-30.045,-1.0511,18.814,0.032576,-15.534
42,-0.0072353,0.0035248,-0.0097649,-0.98865,-0.00022964,0.0062871,-0.0054854,-0.10316,-4.6562,-0.24691,-30.389,-1.5146,18.461,-0.43286,-16.951,0.0029792,-0.0018793,-0.012444,-1.0065,-0.01891,0.00053637,0.0026845,0.84139,-4.8304,-0.47051,-28.523,0.34993,17.905,0.63583,-16.554
42.1,0.0072697,0.014106,0.012449,-0.9869,-0.0082815,-0.0028761,-0.0024113,1.3324,-4.1759,1.6963,-29.858,-1.0221,18.034,-0.7991,-18.004,0.00059336,0.007974,-0.0022178,-1.0053,-0.0049793,0.0076256,-0.0055159,-1.4723,-2.3673,-1.6566,-31.52,0.28584,19.089,0.70601,-18.51
42.2,-0.0022881,0.0070736,0.010529,-0.988,-0.013043,0.0028735,-0.0015647,-1.0131,-3.7327,-0.67757,-30.64,0.57598,18.303,0.90359,-16.451,0.0012404,0.01413,-0.012022,-1.0182,0.0042108,-0.0058745,0.0015103,-0.76984,-6.4633,-0.77937,-30.086,0.20459,18.706,0.46759,-15.858
42.3,-0.020205,0.0063537,-0.0021668,-1.0013,0.0048656,-0.0033337,0.0037972,0.92912,-3.4368,-0.33698,-30.377,0.31868,16.651,0.092,-17.289,-0.015042,0.0073687,0.00062703,-1.0059,-0.00065793,-0.0013092,0.0027983,0.84979,-4.0806,1.055,-32.351,1.0464,18.665,-0.15987,-17.676
42.4,-0.0048968,0.0057495,-0.010623,-0.97731,-4.3533e-05,0.011926,0.0029155,-0.30861,-5.4157,1.5184,-31.152,-0.86836,18.779,-0.98123,-18.096,0.0046992,-0.0091109,0.01353,-0.98701,-0.004067,0.0098922,-0.002968,-0.019322,-5.9247,0.44213,-31.338,0.55658,19.119,1.0255,-15.45
42.5,0.016318,0.0056173,0.0053247,-0.99979,-0.010492,-0.0044919,0.005423,0.53116,-4.9099,-0.97613,-29.858,-1.6091,14.938,-0.56493,-18.313,-0.0094363,-0.0090529,-0.0015653,-0.99871,-0.0061342,0.0043016,0.0039564,-0.67715,-3.4679,0.74414,-29.851,1.4449,17.955,0.055616,-16.661
42.6,0.012927,-0.0091749,0.016635,-0.97895,-0.011808,0.0063838,0.0051291,-2.1726,-7.1678,0.62295,-29.564,-1.3305,18.695,0.24786,-18.581,-0.0040903,-0.014427,-0.0097919,-0.99218,0.0002824,0.0023501,0.0035072,-0.062494,-2.3338,-0.19137,-29.746,-0.26559,16.724,0.072941,-17.819
42.7,0.001963,-0.01847,-0.0071107,-0.99005,0.00051941,0.0023713,-0.0058147,-2.0451,-5.251,-0.92602,-30.199,0.66692,16.563,0.51407,-16.778,-0.013347,0.00035203,-0.0003921,-0.9926,-0.0017688,0.0052839,-0.0025772,-0.33933,-4.0819,-0.75207,-31.533,-0.48539,18.874,-0.73206,-15.801
42.8,0.0027183,-0.0094906,0.0027326,-0.99109,-0.00027051,-0.0059148,-0.0047612,1.4082,-5.9049,-1.6477,-28.963,1.4711,16.986,-0.67122,-18.003,0.0049559,-0.00061902,0.0035858,-1.0039,-0.001811,-0.0058594,-0.010456,-0.0044745,-3.3607,0.9778,-30.172,-0.74884,17.433,1.1767,-17.537
42.9,0.005027,0.020362,-0.0042041,-0.9963,-0.0015742,-0.0047236,0.0036186,0.42027,-1.7933,1.3302,-31.052,0.91983,19.306,1.7696,-16.06,0.0026376,-0.011291,0.0070262,-1.0005,-0.0026012,0.0020474,-0.0085153,-0.24844,-4.7031,1.5318,-30.037,-0.9593,16.162,-2.4987,-16.681
43,0.00088317,0.0078412,0.023538,-0.9833,-0.010679,-0.0052425,0.0034393,1.3943,-4.2317,-0.77921,-30.676,-0.13091,17.719,-1.5916,-16.871,0.0015761,-0.0063221,0.0039945,-0.97576,0.0006065,-0.0036467,-0.0037865,-1.4997,-2.6433,0.46451,-30.982,0.95049,19.658,-0.95446,-16.457
43.1,0.01113,-0.003748,-0.0027684,-1.0067,-0.0057139,-0.0011917,-0.0032459,0.46656,-5.373,2.7264,-32.793,-0.33536,17.628,1.4398,-18.335,-0.000933,-0.0067198,-0.0052724,-1.0026,-0.00096362,0.0067686,-0.0077781,-2.1867,-4.7214,0.17808,-31.105,2.2909,17.51,0.26669,-18.016
43.2,-0.024153,0.01491,0.004359,-0.99067,-0.0050905,0.00068447,0.0025241,-1.0678,-5.8931,-1.2743,-30.702,1.0733,16.007,0.0059986,-17.59,0.0011501,-0.017455,-0.0050551,-0.98355,-0.0034597,6.6217e-05,-0.0054707,-0.96192,-3.9534,-2.4828,-29.036,2.7998,17.095,-0.59378,-17.012
43.3,0.018656,0.018984,-0.0027234,-1.0066,0.0028989,0.0033893,0.0045052,0.0086835,-5.1483,-0.53541,-30.865,0.38906,17.245,0.8933,-16.695,-0.0011776,-0.0030833,0.0041375,-0.99942,-0.0066995,-0.0025113,-0.0033138,1.0817,-3.8299,0.48334,-29.917,-0.9758,16.281,-0.32679,-16.739
43.4,-0.00034701,0.012105,-0.0015119,-1.0186,0.0031965,-0.0030399,0.0070689,-0.29356,-3.8349,-0.92828,-30.892,0.25684,17.887,0.39416,-17.215,-6.6094e-05,0.0025712,-0.0081594,-1.0054,-0.0095709,-0.004311,-0.0036138,-0.048312,-3.4938,0.056285,-30.598,-0.43691,18.91,-0.74027,-14.492
43.5,-0.016346,-0.0028133,-0.0030159,-1.0178,-0.0027143,-0.0031672,-0.0027985,0.43013,-3.8687,1.6247,-29.573,-2.1006,18.74,-2.2041,-15.378,-0.015702,-0.0092455,-0.016979,-1.0026,-0.0054092,0.00047156,-0.0022209,-0.36277,-4.9698,0.99651,-29.181,0.45098,15.733,-1.4652,-16.646
43.6,-0.0069094,-0.0058042,-0.0085131,-1.0151,0.0035465,0.0052791,0.0012713,0.89482,-2.205,-1.3068,-29.522,0.094561,17.941,-1.7318,-17.191,-0.0041358,0.015494,0.00084424,-0.99592,0.0013107,0.0072326,-0.0046477,-1.0293,-2.4982,0.26984,-29.839,1.0123,17.766,1.8402,-15.687
43.7,-0.0021912,-0.0071333,-0.0018643,-1.0025,-0.01113,-0.001622,0.0033469,-0.34818,-3.8834,0.49062,-30.672,1.1373,16.914,0.29202,-17.367,-0.0028715,-0.0048594,-0.0020806,-0.99068,0.0016465,0.00026891,0.0024108,-0.76606,-3.4609,-0.08779,-30.899,1.101,17.336,0.85057,-14.647
43.8,0.00024982,0.014038,-0.0202,-0.99395,0.0013004,0.0052479,-0.0010649,-0.098115,-6.0799,0.046988,-30.649,0.19506,19.061,1.4591,-15.904,0.012485,-0.017851,0.0093768,-1.0076,0.0013876,0.0016634,-0.0043157,-0.54782,-5.8447,0.30655,-31.23,-1.87,15.782,0.62179,-17.367
43.9,-0.010239,-0.0045698,-0.0073703,-1.0035,0.0029661,-0.00131,-0.0034456,-0.13413,-6.8973,-0.023432,-30.745,1.5812,17.518,-0.20939,-18.404,0.0023897,-0.020559,-0.00037438,-1.0001,0.0013945,0.0012164,0.0056453,1.7695,-3.0957,1.2179,-29.526,-0.79136,16.995,0.10363,-14.949
44,-0.0065057,0.0024754,-0.015706,-0.99468,0.0052511,-0.0060546,-0.0098601,-0.69785,-3.7761,0.89177,-31.005,-0.72791,17.602,0.79567,-16.173,-0.0052678,-0.0063087,0.0019728,-1.0014,-0.0057661,0.0059735,-0.0046725,-0.035601,-3.2375,1.7373,-30.322,-0.63037,16.755,-2.5427,-18.224
44.1,0.0024411,-0.00078336,-0.0025802,-1.006,0.000213,-0.0029359,0.0037979,1.7839,-4.1432,2.4586,-31.28,-3.0207,17.327,0.044515,-19.498,-0.0027956,0.012811,0.0038593,-1.0244,-0.0082212,-0.0015504,0.012226,-1.341,-3.0945,-2.9363,-30.291,-0.77363,16.791,0.59284,-16.387
44.2,-0.0048919,-0.011993,-0.0034753,-0.99623,0.00035536,0.006601,0.0044541,-1.804,-4.6503,2.0254,-30.998,0.76087,17.119,-1.1619,-16.386,-0.012883,-0.008305,0.0020962,-1.0001,0.0015021,-0.0054111,-0.0024235,1.6194,-2.9885,-0.021562,-29.861,0.53299,17.45,0.1719,-16.806
44.3,-0.005773,-0.007485,-0.0069244,-1.0071,0.0013415,-0.0038048,-0.00080609,-1.7705,-3.1578,-1.5238,-29.67,0.45369,16.63,1.3223,-18.186,-0.014117,0.0082263,-0.0062627,-1.0197,-0.0023609,0.0021569,-0.00052153,-0.97492,-6.258,-0.65157,-30.467,3.2805,17.248,0.72758,-16.909
44.4,0.0018413,0.0056455,-0.010545,-1.0068,-0.0061073,-0.0026534,0.0025679,-2.1278,-3.8167,-0.53703,-30.212,-0.74393,17.712,0.63381,-17.199,-0.0086688,-0.011239,-0.0055148,-1.0058,-0.01196,0.0009536,0.0004002,2.7881,-3.3518,-0.6619,-29.558,0.29115,18.29,-0.74562,-17.087
44.5,-0.016337,0.014739,0.0078162,-1.0016,0.0064316,0.0082083,0.0081605,-1.2437,-4.6874,1.2034,-28.847,-1.0045,16.717,-0.71662,-17.038,0.0092933,0.017149,0.014152,-1.008,0.0028223,0.0026953,-0.0024782,-0.95258,-4.7592,0.30506,-30.169,-0.28041,16.521,-0.44028,-16.443
44.6,0.0030275,-0.0028477,-0.0012056,-1.0059,-0.0029676,-0.0010889,-0.002012,-0.91999,-5.2659,-1.5111,-29.32,-1.2365,17.102,-0.54438,-16.475,0.0070952,0.010166,-0.0023992,-0.9999,0.0057246,-0.00039379,0.0011022,-0.34462,-4.6045,0.93759,-30.887,0.43537,17.145,-0.90104,-16.861
44.7,-0.023374,-0.012444,-0.0045527,-0.99393,-0.0056196,-0.0058654,0.0069128,2.5118,-6.4603,-0.81656,-29.819,-2.9116,17.251,0.080818,-15.799,-0.0078628,-0.00215,-0.0006433,-0.97979,0.00062335,0.0011977,-0.0052472,-2.2953,-3.3606,-1.7766,-32.149,0.71353,14.518,0.34556,-15.795
44.8,0.0087125,-0.021525,0.0078625,-1.0024,0.0078238,0.0068877,0.00093597,0.28818,-3.6351,-1.0009,-31.056,1.2235,16.96,-0.89687,-17.366,-0.013041,-0.0005656,-0.0072873,-1.0069,0.002778,-0.0047039,0.0068906,-1.4576,-4.8071,1.0794,-29.999,1.2412,18.371,0.55091,-17.424
44.9,-0.0040053,0.0030188,0.0035161,-1.0077,0.0039007,-0.0030632,0.0028827,-0.97307,-4.5497,-2.0198,-30.95,-0.39885,17.098,-1.204,-18.5,0.00077453,0.023302,-0.00072936,-1.0105,0.0043372,-0.0064669,0.001779,0.74413,-4.4842,-0.34613,-28.017,-1.0167,17.551,1.2321,-15.207
45,0.0055369,0.0017994,0.0088126,-1.0062,0.0042707,-0.0047151,-0.00091047,0.11324,-5.4569,-1.3552,-31.096,0.80449,16.748,0.23012,-16.99,0.019325,0.0087867,-0.0081288,-1.0094,-0.0047794,-0.0067485,-0.011727,1.4436,-3.4722,0.89544,-30.647,-0.58605,15.028,-1.7688,-16.305
45.1,0.014733,0.01078,-0.011598,-0.99581,0.0015289,-0.0027878,0.0005558,1.985,-4.6761,0.60564,-30.342,-0.7031,16.11,0.63907,-17.699,0.0042403,0.00036422,0.017274,-1.0025,7.3193e-05,-0.002226,0.0094839,1.68,-3.7348,-1.1423,-30.484,-0.060452,16.866,-0.30964,-16.871
45.2,-0.0026922,0.0080012,-0.010747,-1.0016,0.0021162,-0.0012816,-0.0043642,0.85887,-4.9308,-0.79617,-31.826,0.074319,20.881,2.2537,-16.733,-0.0094387,-0.00065545,0.0032315,-1.0046,0.0020071,-0.0061365,0.0010078,0.59818,-2.6152,0.47776,-29.004,0.13621,16.494,-1.6469,-16.837
45.3,0.0085587,-0.0035951,-0.022186,-0.99742,-0.0084577,0.0048104,-0.0029077,-0.70426,-5.2601,1.1361,-31.647,1.6967,18.612,1.1326,-17.69,-0.00082592,0.0014664,-0.0077589,-0.99295,0.0095702,0.00021821,0.0072362,0.49619,-4.409,-0.47451,-29.769,2.8708,16.605,2.1031,-14.448
45.4,-0.0093444,0.015827,0.022104,-0.99319,-0.0060484,0.0050837,-0.0044337,0.28531,-4.5178,-0.81085,-30.739,-0.1886,16.908,2.6035,-16.007,-0.00056682,0.0083849,-0.01165,-1.0013,0.0019192,0.0012245,-0.0041442,-1.4201,-3.9567,-0.04821,-30.333,-0.051623,17.004,0.83337,-16.532
45.5,-0.0046944,-0.015058,0.0062672,-0.99613,0.00098615,0.010039,0.0039598,1.3722,-4.3361,-1.6878,-30.638,-0.80061,17.631,-1.9478,-16.357,-0.0040379,0.0020076,0.00075168,-1.001,-0.00064966,0.010224,-0.0082389,1.3902,-4.0282,0.63647,-31.17,-1.0763,16.396,-1.051,-13.876
45.6,0.0099208,0.004511,0.0019664,-1.0033,-0.0049454,0.0051168,-0.003197,1.4412,-5.3447,0.78653,-32.596,2.2673,17.399,0.66842,-17.345,-0.018168,0.0071278,-0.0043771,-1.0057,0.0022265,0.0032992,-0.0024485,1.2125,-4.1009,0.27348,-30.022,-1.4052,16.874,-2.0228,-15
45.7,0.010309,-0.014193,0.0048519,-0.97914,-0.0025506,-0.0052182,0.0066197,0.56376,-5.1427,0.019504,-30.734,-1.4351,16.405,-0.94068,-17.891,-0.0085956,0.0029632,0.0092649,-1.0015,0.00083779,-0.00080164,-0.006092,-1.5917,-4.1869,-0.42405,-31.459,1.046,17.543,-0.77871,-16.775
45.8,-0.011638,-0.0020659,-0.008752,-1.0148,-0.0097227,0.0067636,8.9962e-05,-1.5274,-4.2016,-0.21574,-29.706,-0.15137,17.766,0.38877,-15.809,-0.0030196,0.0094444,0.0066407,-1.0051,0.0012207,0.0012001,0.0053961,-2.7511,-3.927,-0.28944,-30.037,0.94377,16.435,-0.45216,-15.488
45.9,-0.0055856,0.0025737,0.0054955,-0.99319,-0.0015411,0.0051504,-0.00085118,0.70457,-6.8047,-0.4623,-29.788,-0.02093,17.616,-1.8678,-15.556,-0.016879,-0.0087394,0.0034589,-0.98471,-0.0013491,0.013741,-0.0041946,-1.9607,-6.7737,-0.57702,-30.703,1.3962,17.644,0.93339,-18.023
46,0.005302,0.0057584,-0.0014085,-1.0119,-0.0039641,-0.0049866,0.0083055,0.37302,-5.7163,-0.28408,-29.646,-0.39543,17.324,-1.0102,-16.995,0.0022133,0.0095049,-0.013871,-1.0027,0.001743,0.0018822,0.00822,1.1155,-3.7479,-1.1633,-30.646,0.47733,18.487,-0.64128,-16.698
46.1,-0.019158,0.0073433,0.00022374,-1.0115,0.00042467,-0.0083633,-0.0017594,2.3503,-3.9423,-1.993,-29.602,-0.079456,19.997,-0.036735,-17.817,0.001204,-0.026251,-0.0039906,-0.98779,0.0057411,-0.00081317,0.0017071,0.3535,-5.811,0.88106,-30.902,-1.262,16.83,-0.29497,-15.143
46.2,-0.012539,-0.0056445,0.0076882,-0.99222,0.011039,-0.005317,-0.0041061,0.51101,-5.2364,-2.5297,-29.33,1.5871,18.299,0.78416,-17.972,0.0017289,0.011975,0.0056645,-0.98185,0.0050858,-0.0084484,0.00065116,1.3272,-4.7107,-0.97481,-29.859,1.2466,18.036,-2.779,-15.393
46.3,-0.0086572,0.0049739,-0.0063177,-1.0046,-0.0036765,0.0035691,-0.0014996,1.5756,-4.3923,-1.8281,-31.427,-1.4939,17.842,0.46036,-16.533,-0.011295,-0.0080204,0.0083538,-0.98462,-0.0040384,0.0010803,0.0030206,-2.0545,-4.1867,-0.54852,-32.318,1.1209,16.677,0.86601,-17.827
46.4,0.013569,-0.0024959,0.012137,-1.0028,-0.0057817,0.0073252,-0.0030643,0.97936,-3.1331,1.1068,-30.32,-0.33654,19.173,-2.1112,-16.156,0.0053536,0.0036201,0.0033646,-0.99117,0.0035871,0.00075891,-0.0013527,0.49036,-5.5044,0.82011,-29.771,-0.37166,17.429,-1.508,-16.746
46.5,0.0089371,0.0039717,-0.0014524,-1.0107,-0.0051577,0.00049665,0.0059176,1.4518,-6.1869,2.4602,-30.578,-1.6046,16.55,-1.1589,-18.016,0.010911,0.01172,0.012597,-1.0148,-0.0033775,-0.00070362,-0.0038387,-2.3305,-4.3897,-0.64126,-30.716,0.43577,18.86,1.2464,-17.634
46.6,-0.0068985,-0.0082324,0.00091016,-0.99107,-0.0025192,0.0047092,0.012803,-2.118,-4.0279,-0.16374,-30.809,0.15542,17.209,-1.4545,-17.69,-0.012209,-0.018021,0.0017972,-1.0044,0.0022477,-0.00011203,0.0030539,-0.16378,-5.5424,0.22541,-31.053,-1.5366,16.096,-0.10121,-16.414
46.7,-0.019871,0.017972,0.0025209,-0.99347,-0.0065529,-0.00030319,0.0081379,-1.4699,-2.3495,-0.65278,-30.774,-0.86959,18.15,1.5402,-16.158,-0.013169,0.008914,-0.010157,-0.99796,0.00091898,-0.013342,-0.00066357,-0.43996,-5.6538,1.8316,-31.843,-2.9303,15.981,-1.16,-17.386
46.8,0.0092752,-0.0075698,0.0075134,-0.98826,-0.008622,0.0038018,-0.0062752,-2.1658,-5.861,-2.3936,-33.278,0.23532,18.34,2.6323,-15.79,0.011165,0.010356,0.0087271,-1.0012,0.0095911,-0.001938,-0.0044085,0.91089,-3.2832,-1.3165,-31.515,-0.73896,17.85,-2.8704,-15.981
46.9,-0.0020363,-0.0052152,-0.0064735,-1.0009,0.004135,-0.0015405,-0.00011175,-0.42433,-3.7927,-0.36739,-28.895,-1.668,18.375,-0.71567,-15.556,-0.00093009,0.010226,0.028583,-1.0008,0.0040821,0.010629,0.0091048,-1.2288,-4.6854,-1.9353,-32.361,-0.051552,16.547,1.1248,-17.184
47,-0.0025405,-0.017407,-0.005367,-1.0036,-0.0081705,-0.0089857,-0.0070865,1.2041,-5.8513,1.2494,-29.576,-1.9759,17.433,0.4087,-16.03,-0.00081311,-0.0021575,-0.0071657,-0.99843,0.0026484,0.0037168,-0.0014374,-0.86154,-4.5177,-0.87877,-30.916,1.1984,18.029,0.10255,-16.47
47.1,0.0080755,-0.001035,-0.012377,-1.0122,0.0032958,0.0037244,0.0056933,0.76556,-3.6394,0.74039,-30.625,0.66986,18.454,-0.33026,-17.326,0.0064998,0.0054394,-0.021973,-1.0012,-0.0024751,0.0039952,0.00076271,1.1191,-4.4571,-0.73912,-31.764,0.56238,17.396,-2.0428,-17.693
47.2,0.010195,0.0023596,0.0051166,-0.99898,-0.0056004,-0.0035919,0.009184,-2.5667,-5.0331,-1.1747,-30.766,0.69521,15.576,-0.51386,-17.255,0.0064638,0.0017801,-0.0053274,-0.9809,-0.0059865,0.0083941,0.00028241,0.25596,-5.5842,-1.0282,-31.674,0.69053,17.402,-0.95202,-16.479
47.3,-0.00021208,-0.0015932,0.0058093,-1.0022,0.00018457,-0.0066179,-0.0039712,-1.6763,-5.7611,-2.3512,-30.575,0.24809,16.612,-0.18555,-17.119,-0.015051,0.014163,-0.012316,-1.0052,-0.0078818,-0.0027544,0.0080125,0.58405,-5.2341,0.35298,-30.287,0.16002,17.005,0.23237,-16.827
47.4,0.0097823,-0.0065491,-0.008573,-1.01,0.0031786,0.0027684,0.0050052,-1.8156,-4.3985,-1.2778,-31.245,-0.32828,18.847,1.398,-18.704,-0.00012611,-0.006801,-0.00055726,-0.9893,0.0042674,0.0021412,-4.294e-05,-2.0869,-3.7201,-2.5014,-31.758,0.55398,19.816,2.3819,-15.472
47.5,-0.012755,-0.0024646,0.0028055,-1.0041,-0.0034781,-0.00078766,-0.0024163,-0.01209,-4.7759,-1.3669,-29.707,2.6192,18.22,-1.8789,-15.634,-0.0079842,-0.0071506,-0.016144,-0.99192,0.00027242,-0.0045411,-0.0022206,-1.0973,-2.9034,-0.27042,-31.888,-0.44366,17.671,0.72633,-15.88
47.6,-0.00049941,-0.010594,-0.00036163,-0.98943,0.00217,-0.00060479,0.0015537,0.38388,-3.3278,1.0318,-31.396,0.61755,19.659,0.44797,-15.145,0.011563,0.0018147,-0.0058578,-0.98926,-0.00052883,-0.013005,0.001877,1.3532,-3.6272,1.1504,-30.692,0.55163,18.086,-2.7556,-17.633
47.7,0.006119,-0.0030113,0.0010466,-0.99813,-0.0067603,0.00086528,0.00046445,0.9454,-3.9832,-1.4375,-31.716,0.22094,18.056,-1.6942,-18.145,-0.0019895,0.0099036,-0.0052976,-0.99277,0.0010223,-0.0019409,-0.0012033,1.6608,-4.0062,0.08929,-30.266,-0.4459,15.259,0.62135,-16.015
47.8,0.0054539,0.00089723,-0.011779,-1.0183,0.00082735,0.0053806,0.0014317,-0.24014,-2.6806,0.83296,-32.889,-0.68474,18.078,0.89207,-13.624,0.0075123,0.013905,0.0068087,-0.99945,0.0018126,-0.0049917,0.0021205,1.1528,-3.155,-0.49881,-29.834,-1.0245,17.965,1.4652,-17.647
47.9,-0.0042166,-0.0034392,0.0037974,-0.98467,-0.0039783,-0.0030443,-0.0022913,-0.42364,-3.9292,2.1881,-32.985,-0.11299,17.616,-0.85047,-17.473,-0.013475,-0.0015205,-0.0051164,-1.0072,0.0082347,-0.0057976,0.00029529,-2.1257,-5.2252,-1.2349,-32.413,1.7474,19.341,0.0074401,-15.587
48,0.016913,0.0084286,-0.0012527,-1.0082,0.0033119,0.0067228,-0.00012117,-1.223,-4.7566,0.13086,-30.234,-0.79212,17.616,0.043906,-16.228,-0.0021437,0.010064,0.01509,-0.99678,-0.00033647,0.0085886,0.001818,1.2331,-4.054,0.98501,-31.157,0.69053,17.656,0.89304,-15.342
48.1,-0.0027208,0.0085489,0.013197,-1.0061,0.00041631,-0.0049628,-0.007111,-0.1928,-4.0694,-1.0685,-29.654,-1.0063,16.887,3.1469,-16.381,0.0012497,0.0071978,0.0069768,-0.99922,0.0022528,-0.0064116,0.0019801,0.020822,-3.9238,0.79349,-31.805,-0.86333,18.339,-1.088,-18.331
48.2,0.010741,0.0028833,0.0048666,-0.9995,-0.0046214,0.0094015,0.0016823,0.42678,-3.8019,-0.70056,-31.013,2.0999,17.167,2.1781,-16.28,-0.012395,-0.0099705,-0.014961,-1.009,-0.0048509,-0.0076087,0.0025744,0.11038,-3.6801,-0.053237,-31.608,1.8223,18.086,-0.95819,-17.553
48.3,-0.00023544,-0.0075963,-0.017035,-0.99865,-0.0033708,-0.0030441,0.0023871,-0.68549,-4.3935,-0.29429,-33.147,-2.7227,18.368,-1.054,-16.358,-0.010553,-0.0098263,-0.0057965,-0.99616,-0.010691,-0.002191,-0.0049586,0.51434,-3.7222,-1.1213,-31.301,-0.8408,18.834,-1.2239,-18.128
48.4,0.0027011,0.0026265,-0.0085656,-1.0076,0.0036742,-0.008863,-0.0032332,1.1422,-5.0829,0.09665,-31.15,-1.049,18.546,-0.24707,-16.516,-0.013697,-0.00037847,0.0053446,-0.99772,-0.0078094,0.006445,-0.0012858,-0.056398,-4.6308,-0.82308,-32.939,-0.10661,17.557,0.63782,-15.447
48.5,-0.010689,-0.017394,-0.014691,-1.008,0.0065855,0.0061687,0.0041674,-0.37445,-6.2931,0.18413,-32.222,1.2962,18.649,1.4423,-18.684,-0.010821,0.0076922,0.013425,-0.99086,-0.0014513,-0.0012208,0.00085345,1.5306,-4.7583,1.1488,-33.756,-0.34534,17.101,-0.87924,-17.21
48.6,0.0026213,-0.0066019,-0.01098,-1.0024,-0.0019771,-0.0042498,0.0068854,-0.1946,-4.5506,-0.29448,-32.543,0.85579,20.329,0.6308,-14.969,-0.0092624,-0.0025101,-0.012089,-0.99282,0.00011461,0.0052538,-0.0029447,-0.26327,-3.4385,-1.4463,-31.005,-0.32188,17.144,-1.7069,-17.222
48.7,0.029222,-0.012661,0.013248,-0.97505,0.00083232,-0.0027266,-0.0088759,0.65958,-6.0101,0.57192,-31.095,-0.93136,16.739,0.5014,-15.492,-0.0026904,0.012133,0.01016,-0.9987,0.00072365,-0.0075355,0.01213,-0.76819,-4.1648,0.55369,-31.866,-0.084869,17.096,0.99407,-17.083
48.8,-0.0039632,-0.0092598,-0.0070468,-1.0046,0.002109,-0.0092229,-0.0013198,-0.31478,-4.3864,-0.48595,-32.727,1.5692,18.434,-1.4538,-18.541,-0.0074989,0.0060542,0.0075318,-0.98164,0.0026978,0.0055163,0.011883,-2.0085,-3.6378,1.0069,-31.489,2.5881,18.797,-0.11267,-16.656
48.9,0.0076273,0.0082102,-0.00077552,-1.0077,0.0014644,0.0057281,-0.00025692,2.512,-3.237,0.79906,-31.174,-0.61011,18.24,1.3888,-17.569,-0.017123,0.011121,-0.010778,-1.005,0.0091157,0.0039348,-0.0065679,-0.15041,-5.1884,-1.3013,-33.016,-0.099407,16.996,0.50833,-13.22
49,0.0072609,0.015163,0.0071382,-0.99977,0.0034335,-0.00427,-0.0028485,0.59406,-3.1964,-2.2027,-31.944,-0.76741,17.443,1.7901,-18.129,0.0071798,-0.0029498,-0.021396,-0.99114,-0.0041355,0.0023851,-0.0058534,1.5501,-3.3667,-2.1068,-31.224,1.357,17.276,-0.79085,-15.461
49.1,-0.0076979,-0.0011755,0.0026249,-0.99905,0.0018917,-0.0028184,0.0014315,-1.5324,-4.7625,0.24105,-32.161,-0.079377,17.78,0.25464,-17.842,0.02136,0.0066951,-0.0051089,-0.99517,-0.0059356,-0.0033376,-0.0046266,0.73485,-2.4003,0.57648,-30.567,-0.59612,17.037,-0.23553,-15.629
49.2,-0.0068985,-0.014799,-0.0070545,-1.0034,0.0073167,0.0096213,-0.0015649,0.11708,-4.7128,-0.65726,-32.682,1.3162,17.859,1.6611,-17.343,-0.00464,0.019419,0.0034643,-1.0076,-0.0055483,0.0046622,0.0089804,-1.7576,-4.9943,1.436,-31.306,-1.1847,19.528,0.48434,-18.111
49.3,0.0031125,0.0068189,-0.0079752,-0.99586,0.00087152,0.0020073,-0.0062519,0.29624,-3.1488,-0.016515,-32.62,-0.59413,18.786,-0.4809,-17.198,-0.011117,0.0072319,-0.010088,-0.99299,0.0017938,-0.0069363,0.0010255,-0.054443,-1.9076,-2.1615,-30.813,-0.75539,17.868,-0.45752,-16.624
49.4,-0.011966,0.0082727,-0.0033999,-0.99217,0.0021438,-0.00016959,-0.0029703,-0.95623,-5.186,0.53583,-33.688,-0.70721,18.377,-0.77283,-17.752,-0.0088342,0.01622,-0.0076151,-1.0006,0.0040428,0.0019875,-0.0043323,1.4777,-5.7561,0.43566,-31.18,0.09535,16.193,2.5118,-16.391
49.5,-0.013934,-0.0066818,0.001908,-0.99671,-0.0049523,0.0049676,0.0093039,0.76978,-2.1529,-0.94607,-31.537,-0.093413,19.138,-0.51111,-17.566,-0.0011113,-0.0074661,0.001997,-0.99133,-0.0026677,-0.0077148,0.0081972,1.7456,-4.6904,1.9472,-34.081,-0.54344,17.286,-0.71069,-16.567
49.6,-0.018346,0.00052158,-0.0018537,-1.004,-0.00096225,0.0027102,-0.0024187,-0.63207,-5.0379,2.0206,-31.55,-1.1101,18.644,-0.019917,-17.483,0.013746,-0.015567,0.0013891,-0.99608,0.008529,0.00048893,0.0034394,1.6443,-4.0141,0.82973,-32.638,-1.1947,19.311,0.29803,-16.25
49.7,0.013055,-0.0027022,-0.0037249,-1.0159,-0.001873,-0.0069681,0.00082277,-2.0064,-4.3084,-1.9164,-31.255,-0.16404,17.875,0.56247,-16.296,0.0041887,0.0012836,0.0091179,-0.99753,-0.0039537,0.0035928,0.0019187,0.47961,-4.4456,-0.21851,-32.083,-0.45232,17.682,-0.76777,-15.789
49.8,-0.0028031,0.016786,0.012486,-0.98811,0.0050299,0.00039379,-4.5183e-05,-1.0232,-3.3174,-0.76285,-32.253,0.17933,18.305,-0.74889,-16.258,-0.0058442,-0.0018523,0.00079314,-0.99172,-0.0014386,0.0041346,0.0048087,0.45473,-5.0819,-0.85135,-30.928,-1.274,17.222,0.82183,-14.192
49.9,-0.0037498,0.005465,-0.0057558,-0.99162,-0.0011981,0.0020566,0.00044651,0.75737,-4.3276,-0.31594,-31.127,-2.0658,18.056,-2.1365,-17.123,0.02691,0.0026542,-0.0030313,-0.99722,0.0036875,0.0050086,-0.0011421,0.42399,-3.6407,-1.9364,-32.166,3.1973,18.564,0.80547,-14.886
50,-0.015581,0.00035275,-0.0047629,-0.99725,0.0057593,-0.0029356,0.0036721,-1.0954,-3.1847,0.28721,-32.382,-1.3734,17.406,-1.3918,-16.002,-0.0083328,0.0037708,-0.0066273,-0.99277,-0.0015104,0.0086908,-0.0003206,1.7339,-3.1559,-0.66861,-30.087,-1.6765,18.172,0.095874,-15.817
50.1,0.010791,-0.008824,-0.0095478,-0.99853,0.0018512,-0.0036302,-0.006954,-2.9124,-1.9841,0.15864,-32.94,0.42573,15.64,-1.0105,-15.698,-0.0016832,0.0035235,-0.0052511,-0.99907,0.0078847,0.016912,-0.010149,0.08513,-3.9199,-0.37739,-32.502,-0.47557,17.228,-2.0826,-16.52
50.2,-0.0089557,-0.002672,0.014006,-0.98922,0.0014303,0.0026129,-0.0049678,-1.5586,-4.6842,1.3342,-30.391,1.7681,18.572,0.72429,-15.98,-0.008575,-0.014824,-0.00056384,-0.99479,-0.0073942,0.0025928,0.0037213,-0.025284,-4.1813,1.1961,-34.544,-0.58099,17.144,-0.61349,-15.142
50.3,-0.0078107,0.0074693,0.0047332,-0.99259,0.0010176,0.0061216,-0.0019917,2.0369,-7.2425,2.227,-32.18,-1.5728,16.245,-1.3471,-15.222,0.0013472,0.0027524,-0.0048971,-1.0061,0.0015279,-0.002028,-0.0010551,0.30985,-3.4087,1.0568,-30.572,1.3844,17.904,-1.055,-15.513
50.4,0.0079927,-0.0030629,0.020522,-1.0042,0.0017892,0.0019427,0.0068703,2.3345,-4.7932,1.753,-34.151,-2.5645,17.689,-3.3054,-16.202,-0.0057303,-0.010559,0.016281,-0.99033,-0.0060726,-0.010484,-0.010105,1.8025,-2.7264,-0.99588,-32.462,0.20194,16.707,0.36005,-16.586
50.5,-0.00065876,0.0099281,-0.0022412,-1.0007,0.004008,-0.0034592,-0.0043927,0.91097,-4.2075,-0.028039,-31.584,-1.4775,16.859,-1.0553,-16.977,-0.00067819,0.0060906,0.0063103,-1.0038,0.0027073,0.0025039,0.004211,0.23042,-3.3903,0.4769,-31.845,0.55431,17.413,1.6108,-16.643
50.6,-0.012938,-0.020211,0.023598,-0.98539,0.0013979,0.0045066,0.0056472,-1.3871,-3.3897,-1.9456,-31.147,0.88332,17.146,-0.7395,-17.471,-0.012983,0.0079186,0.003898,-0.99576,-0.0015472,-0.0056884,-0.0017823,0.50837,-4.9198,1.6057,-31.978,-0.23013,17.389,-0.91751,-14.66
50.7,0.0077881,0.012297,0.0031858,-0.99649,0.0018553,-0.005019,-0.0031453,-0.44705,-3.6667,-1.4724,-33.023,0.96937,18.182,-1.9388,-16.34,0.016708,0.0010695,0.004122,-1.0005,-0.0082402,-0.0064982,-0.0036391,0.3317,-5.0056,2.2192,-32.292,-1.4047,17.264,-0.74901,-15.356
50.8,0.00044702,-0.00070252,0.0095,-1.0141,-0.0038412,-0.00025367,0.00017282,-0.6047,-2.2275,-0.56349,-33.978,-0.82926,19.601,1.0741,-15.703,0.0014153,-0.0047364,-0.0017697,-1.005,-0.0019829,-0.0037201,-0.0047663,1.3685,-3.4746,0.52845,-33.35,0.2179,16.693,-1.8543,-15.372
50.9,0.00047412,-0.015193,0.019918,-0.99953,-0.0016073,0.00045852,-0.00045259,-1.2634,-4.4142,0.95018,-34.664,-0.33947,17.034,0.96843,-15.472,0.0098335,0.013095,-0.00014858,-0.97837,-0.0066614,-0.004307,-0.0036568,-1.2646,-3.5212,-1.4922,-34.297,0.62368,17.38,0.78331,-16.194
51,0.0076587,-0.012365,0.001319,-1.0052,-0.0023934,-0.0013644,-0.0019181,1.6335,-3.439,1.6054,-31.147,0.16269,19.352,0.13254,-17.265,-0.0043395,0.016376,0.015459,-0.9954,0.013204,0.0023985,0.0046584,-0.29577,-2.1644,-0.70224,-34.211,0.57186,19.272,0.44378,-15.494
51.1,-0.010108,0.012372,-0.0041977,-0.98563,0.0050613,0.0025865,0.0011605,0.16806,-3.7649,-1.0954,-32.242,0.037016,18.079,0.75819,-17.655,-0.0058179,-0.011775,0.0079931,-1.0121,0.0023134,-0.0049934,0.0094545,0.62786,-2.902,0.13073,-34.2,1.9473,17.259,-1.4062,-17.416
51.2,-0.012474,0.0072512,-0.001164,-0.99236,-0.0028434,-0.0024198,0.0068295,-1.3673,-4.018,-2.3805,-31.755,1.2422,17.931,0.29613,-17.338,-0.017741,-0.0025444,-0.0074346,-0.989,-0.0050521,0.00095881,-0.0019848,0.86197,-2.6334,0.57171,-31.832,0.80338,18.35,-2.0136,-16.594
51.3,-0.0037469,-0.0054395,0.0067208,-1.0056,-0.007133,-0.0033207,0.0049042,-0.52674,-4.2135,-1.1051,-32.129,1.4957,18.315,-1.3833,-16.396,-0.0093223,-0.0091536,-0.0058058,-0.99397,0.0018239,-0.0048974,0.0031002,0.60353,-2.2707,-0.86494,-33.269,0.41811,19.382,0.4273,-17.084
51.4,-0.0079437,0.00032864,0.011982,-0.99462,0.0063079,0.0033747,0.0050459,-0.10447,-3.6237,-1.3975,-32.466,0.13199,17.044,-1.0369,-16.811,-0.0021597,-0.00295,-0.012753,-0.99363,-0.0019788,-1.1834e-05,0.0017726,-1.7727,-4.5551,0.20836,-32.998,0.76441,17.386,0.96173,-15.834
51.5,0.012996,0.0036526,-0.0095413,-1.0127,0.0041101,0.0058773,-0.0053587,-0.50893,-3.541,0.72782,-33.314,0.59529,16.986,-0.30108,-18.065,-0.010634,0.0083342,-0.011134,-0.98903,0.0044719,-0.00041849,-0.0045447,-0.55673,-5.8317,0.43817,-32.416,-0.0072703,17.868,-1.7729,-17.528
51.6,-0.013204,0.0076291,-0.0001857,-0.99256,0.0039753,-0.002464,0.0068839,1.3666,-2.7727,1.1188,-33.001,-0.20769,18.9,-0.35427,-18.136,-0.020125,-0.0050547,-0.010463,-0.99471,0.0031367,-0.0046467,0.0055254,0.98031,-3.4584,-0.96124,-31.327,-0.57364,18.001,-1.3305,-16.897
51.7,0.010983,-0.0025953,-0.010397,-1.0019,0.0082126,-0.00046419,0.00038889,-0.44529,-3.5352,-0.41127,-33.173,-0.16231,19.776,1.5309,-17.016,-0.0010149,-0.013378,-0.018039,-1.0238,-0.001667,0.0015859,0.00088274,-1.2459,-3.6694,-0.61765,-32.33,-0.022984,16.863,0.10759,-16.573
51.8,-0.0052752,4.6063e-05,-0.0022194,-1.0074,-0.0015398,-0.0027168,0.010507,-0.84069,-4.1724,-1.2963,-33.7,0.10816,19.232,1.9458,-17.222,-0.020747,0.0029209,0.0039306,-0.99509,0.0027567,0.00043308,0.0076642,1.5984,-4.5743,-1.7516,-33.932,0.428,20.14,-0.51876,-17.165
51.9,0.0049166,-0.0016426,-0.0039418,-0.99871,0.0023861,0.0015267,0.0048853,1.4632,-5.0902,-1.8888,-34.289,0.57584,18.544,-0.4611,-15.187,0.014552,0.008648,-0.010603,-0.98576,-0.0025382,-0.0010812,0.0049208,-1.5103,-3.1298,-0.30923,-32.701,-0.75588,18.749,0.10813,-15.942
52,-0.0059949,-0.01544,0.010659,-1.0023,-9.1756e-05,0.00089323,0.00064286,-0.79857,-3.4183,0.99822,-33.026,-0.49603,18.855,-0.4271,-16.218,-0.0030623,0.0045043,0.0039461,-1.0164,-0.0047398,-0.00014208,-0.015525,-0.33315,-2.204,-1.6825,-32.411,1.9018,17.038,0.53172,-16.958
52.1,-0.0092436,-0.0039574,-0.0058062,-0.98546,0.0080087,0.004135,0.0043604,1.6353,-5.9895,0.023998,-34.01,-2.5297,19.358,-0.11694,-17.706,-0.0085311,0.020079,-0.0077147,-1.0161,-0.014518,0.0079646,0.011383,0.48797,-3.5703,1.2217,-32.961,-0.55355,17.303,0.20021,-16.001
52.2,-0.00058706,-0.0050431,0.016726,-0.98989,0.008532,-0.0098257,0.0029251,-1.164,-4.647,0.99605,-33.12,-1.4922,16.701,-0.70786,-15.276,-0.016039,0.0070962,0.0068409,-0.98707,0.00028894,-0.011454,0.0046961,2.2081,-3.4123,-0.97005,-31.859,0.57839,18.597,-1.2135,-15.402
52.3,-0.0015646,-0.0085159,0.0081606,-1.0041,0.0062559,0.0023864,0.0011296,-1.5843,-3.9255,0.46881,-33.312,0.20036,18.448,0.92897,-17.674,0.0173,-0.0046013,-0.0022307,-1.0035,-0.003262,0.0029495,-0.0032908,0.18748,-4.1201,-0.13072,-32.674,0.33816,16.898,0.25647,-16.242
52.4,-0.010031,0.0077667,0.0036299,-0.98992,-0.0010371,0.0022975,-0.00032872,-2.0773,-4.1439,-0.28152,-33.824,-0.14248,17.826,0.080166,-16.434,-0.0091415,0.025113,0.0025305,-0.99603,0.0015019,0.005899,0.0067564,-1.0919,-4.2307,-2.2422,-32.722,1.4293,16.844,2.1713,-15.869
52.5,-0.010855,-0.016662,0.00074888,-1.0112,-0.0017244,0.0063573,-0.0066088,0.0039238,-3.9359,-3.0443,-34.005,2.5745,19.013,2.0166,-18.207,-0.021246,-0.011483,-0.0031263,-1.0113,0.0026232,0.0094917,0.0017329,1.302,-2.5781,-0.36124,-33.297,-0.78849,18.328,0.41219,-17.595
52.6,-0.019505,0.011793,-0.029927,-0.99922,0.0045606,0.0043965,-0.0075355,0.31374,-3.8687,-0.32715,-33.566,-2.189,20.212,-1.7992,-17.932,0.0075518,0.0078566,-0.021074,-1.0128,-0.0032893,-0.00254,-0.0030124,0.1893,-4.2887,-0.90861,-33.403,-0.88696,17.601,-2.474,-15.362
52.7,-0.0066989,0.0012994,-0.005376,-1.0104,-0.0099256,-0.0047019,-0.011318,1.1355,-4.2477,0.21623,-32.79,0.24689,19.155,0.56086,-16.854,-0.014482,0.014286,-0.0066979,-1.0006,0.0047291,-0.0042879,0.0047159,2.0092,-4.089,0.23211,-32.514,-0.086394,18.438,1.1046,-16.083
52.8,-0.0026384,0.001013,-0.0016203,-0.99812,-0.0059447,-0.0081109,-0.0055892,0.17238,-4.6656,1.4214,-33.06,0.84702,19.546,-0.87669,-16.998,0.0084499,-0.0059694,-0.0019142,-1.0008,0.0036466,0.0013135,0.00093094,-0.37067,-2.9784,-0.21093,-32.244,-0.41443,17.207,1.6112,-13.32
52.9,0.014884,0.0046275,0.01308,-1.005,-0.0045912,-0.0057844,-0.0027009,-0.31567,-3.759,-0.98227,-31.965,-0.017711,18.044,-2.428,-16.315,-0.014734,-0.022845,0.0096364,-1.0075,0.0048768,0.0021067,-0.0067215,-1.6984,-4.0092,-0.82837,-31.485,1.8689,19.301,-1.7564,-14.268
53,-0.006825,-0.010535,0.0052428,-0.9885,0.001818,-0.00069468,-0.0080902,0.82884,-3.3268,-0.51218,-32.829,1.1748,19.92,2.5826,-16.834,0.0019697,0.0032443,0.014056,-0.9926,-0.0083652,-0.0052157,0.0026317,-0.098192,-3.9234,0.76083,-33.346,-0.22659,19.783,-0.87536,-14.05
53.1,0.0047229,-0.013543,-0.0045485,-0.99541,-0.00097729,0.0011467,-0.0034374,-1.3802,-4.1631,-0.42053,-34.175,-0.84983,18.803,2.15,-16.025,0.0046962,0.03078,0.011177,-0.98586,0.0044486,0.0011388,-0.0027976,1.677,-2.5574,-0.022978,-34.946,-0.689,18.554,-1.3595,-15.38
53.2,0.0080959,-0.01074,-0.0057116,-0.9975,0.00031559,0.00483,-0.0091575,0.79,-3.6548,-0.24872,-33.842,1.0775,18.041,-0.78927,-19.038,-0.012513,-0.011538,-0.018522,-0.9862,0.0012369,0.001095,-0.0041557,0.4512,-3.1357,-0.11376,-34.025,0.26962,16.835,2.0318,-17.108
53.3,0.0070953,-0.0069425,0.011529,-1.0251,0.0032056,-0.0047968,-0.0049304,0.98951,-3.4581,0.76211,-35.452,0.26279,18.686,-1.5727,-16.429,0.0012656,0.012353,0.0072906,-0.9935,0.0053275,-0.0021353,0.0047358,0.0081191,-2.1507,-1.0302,-33.828,-0.22605,17.475,-0.27784,-16.52
53.4,0.0078414,0.0075799,-0.010519,-1.0015,-0.00024519,0.0060996,0.00015262,1.157,-2.0925,1.6855,-34.791,-0.4483,18.492,0.88755,-17.11,0.0020531,-0.0033863,-0.0064402,-0.99846,0.00057468,0.0049814,0.0023443,-0.40105,-3.6364,0.2825,-32.812,-0.48545,16.67,-0.113,-16.099
53.5,-0.0051462,-0.0040953,-0.014754,-0.99769,-0.0046811,-0.0041276,0.0004874,-0.98367,-2.7657,-0.72139,-32.898,0.00204,17.556,0.83678,-16.604,0.0023395,-0.0048876,0.0040496,-0.99338,0.00075902,0.0013789,-0.00021038,-0.095261,-3.2006,0.31996,-34.085,2.2423,19.062,0.46851,-13.186
53.6,-0.0044574,0.016847,-0.0028842,-1.0073,-0.00058157,0.0045758,-0.00080371,-1.1981,-4.1502,-1.2258,-34.158,-1.0462,19.308,-0.39127,-17.067,0.004151,0.0055693,0.015017,-0.98929,0.0092918,0.0036956,0.00049587,-0.66625,-2.4828,-0.31677,-31.769,1.1266,17.273,-0.18836,-15.639
53.7,0.019412,0.0011933,-0.010129,-0.98749,-0.003476,0.0028154,0.0028488,-0.5389,-2.4686,-0.0042587,-34.695,-1.1349,18.219,-0.73167,-16.147,0.015256,0.0011987,-0.0051863,-1.0055,-0.0023395,-7.1505e-05,0.0021199,-0.26256,-3.7532,-0.66239,-34.581,2.0015,16.22,0.48427,-15.812
53.8,-0.0060805,-0.00046832,-0.013043,-0.98196,0.0030466,-0.008653,0.0048636,0.76519,-6.5691,0.32576,-33.987,-0.79451,19.004,-1.4026,-17.361,0.018242,-0.0099307,0.0031604,-0.98879,0.0021159,-0.0035451,0.0085914,-0.60203,-4.2645,-0.81858,-32.977,0.49026,17.453,-1.1391,-14.119
53.9,-0.009752,-0.0044567,0.00047081,-0.99541,0.0021324,0.0089828,-0.0062637,1.6328,-3.5996,-1.0478,-33.561,0.87521,17.864,-0.71281,-18.473,0.0052487,-0.017081,-0.01305,-1.0012,0.011019,0.009003,0.0054994,-0.30048,-3.3651,-0.61712,-32.727,0.16584,17.009,-0.016723,-15.941
54,-0.0084394,-0.0090182,-0.0052312,-0.99341,-0.002329,-0.0040048,0.0041166,-0.11814,-3.4918,-0.65065,-36.302,-0.99772,17.802,-1.3768,-14.98,0.01392,0.0019087,-0.0022391,-0.98637,0.0051175,0.0098177,-0.00077595,-0.51766,-5.1305,1.7743,-34.251,0.52421,16.407,-0.81226,-16.024
54.1,-0.017957,-0.0095655,0.0035981,-0.99625,-0.0075449,-0.0039068,0.0031064,0.4574,-3.5143,-1.4522,-35.656,0.92389,18.582,-0.80146,-16.55,-0.0051967,0.0015252,-0.0033822,-0.99814,-0.0040653,0.0014669,0.0087346,0.78529,-4.382,-1.3713,-32.345,-2.0401,16.611,-0.51126,-17.217
54.2,-0.00020008,-0.0026344,0.020668,-1.0114,0.0048225,-0.0053665,-0.0044356,-0.32637,-4.6067,-1.5056,-34.2,0.79311,20.082,-0.9229,-18.266,-0.024453,0.013302,0.0077385,-0.99939,-0.0054925,0.0018796,0.0035989,-1.6832,-3.0135,0.79777,-34.365,-0.59968,16.958,-1.5765,-15.805
54.3,-0.0014706,0.021478,-0.010879,-0.98627,0.0075905,-0.0036603,-0.0017579,1.5024,-4.2129,-0.30681,-34.572,1.04,19.363,-2.2388,-18.629,-0.014064,-0.0080091,0.0065028,-1.0031,0.00056643,-8.6176e-05,0.0014423,1.1443,-3.5963,0.47266,-33.215,0.46562,16.193,0.43151,-16.669
54.4,0.0038091,0.017025,0.0042475,-0.99553,0.00090122,0.0032849,-0.0086722,-1.4753,-3.3482,0.94624,-34.61,-0.3307,19.939,0.6228,-17.826,0.0037895,-0.0094971,-0.018748,-1.0035,0.0012727,-0.0075968,0.0047573,-0.46632,-3.1175,0.96819,-33.853,-0.012668,16.643,0.95706,-15.005
54.5,0.026019,0.0042719,-0.0017384,-0.99135,-0.008365,-0.0064859,0.00081158,-1.8803,-5.2063,0.26469,-32.635,2.8256,19.975,1.8052,-19.947,-0.0049385,0.0030562,-0.0087214,-0.99832,-0.0069186,0.00036619,0.00095216,0.35504,-2.4373,-0.56146,-33.006,2.38,19.227,-2.3315,-15.619
54.6,-6.5954e-05,0.0090212,-0.013356,-1.0102,-0.00095275,0.0017984,-0.00014492,0.762,-4.1785,1.0243,-34.435,0.77799,19.711,-0.3228,-16.933,-0.0021176,0.00095759,0.0021519,-1.0044,-0.0012701,-0.00024585,0.00060294,-0.19292,-3.3693,-1.0304,-34.128,1.7848,16.993,-0.023175,-16.625
54.7,0.014552,0.0097104,-9.7528e-05,-1.0019,-0.0028972,0.0042594,-0.0085559,1.0961,-5.5002,0.7213,-34.65,-3.0803,18.604,0.19498,-17.419,0.0014758,-0.0091125,-0.01424,-0.99329,0.00094311,-0.00040459,0.00041028,-0.34776,-2.1981,-0.68926,-31.264,0.87419,18.988,-0.35238,-16.875
54.8,0.0028051,-0.011039,0.011132,-0.99818,-0.0038306,-0.001318,-0.0053502,2.3055,-4.6772,1.3205,-36.101,-0.33835,17.318,-0.080508,-17.62,0.0012242,0.0068584,0.0042432,-0.99078,-0.0048152,-0.0011631,0.0060232,-1.5923,-3.149,-1.7548,-33.039,-0.0081031,15.544,-1.7506,-16.258
54.9,-0.012573,0.0043362,0.0010007,-0.99772,0.011117,-0.0003238,0.0045758,-0.52447,-3.0171,-1.2476,-36.942,-1.4275,18.63,2.2731,-17.061,0.00095472,-0.0099699,0.0028975,-0.98602,0.0030265,-0.0044733,-0.0021296,0.31899,-4.2325,-0.3535,-35.437,1.2968,17.962,2.2763,-14.326
55,0.011146,-0.013971,-0.0063769,-1.0148,0.007589,-0.0031574,-0.0099756,1.2492,-5.5199,2.434,-33.967,-0.30038,17.473,1.4114,-18.039,-0.0066926,0.0070422,0.0029594,-0.99434,0.0017874,0.0043611,-0.0048249,0.84558,-2.0428,0.27092,-34.005,-1.6635,17.915,-0.66958,-11.727
55.1,0.01696,0.016369,0.014667,-0.98831,0.008324,0.00081182,0.004705,-1.5589,-2.1067,-1.4683,-34.057,-0.43285,19.837,0.85941,-18.605,-0.0026294,0.010859,0.01329,-1.004,0.0047608,-0.0047798,-0.0071427,1.3663,-4.0008,2.882,-34.548,0.14513,17.584,1.2331,-15.132
55.2,0.0065866,0.011392,0.0039091,-0.99284,0.00076468,-0.0066345,0.0014949,0.14994,-5.8661,1.0542,-33.093,-1.2447,17.643,-0.091246,-18.304,-0.020904,-0.012288,-0.022696,-1.0026,0.0037897,-0.0040276,0.0062883,0.068645,-3.4591,0.8885,-34.223,-0.29377,16.868,-2.0052,-14.317
55.3,0.012141,0.0038276,0.011832,-1.0154,0.0037021,0.0050621,-0.0043252,0.42247,-3.8737,0.88157,-34.284,-0.48842,17.03,-1.8063,-17.018,-0.010903,-0.00064235,-0.017766,-0.98971,0.0016284,-0.0079568,0.00084485,0.40669,-2.0359,-0.39636,-33.832,-0.36567,16.992,0.018712,-15.124
55.4,0.010355,-0.0025988,-0.0062851,-0.98711,-0.0040735,-0.0015541,-0.0055228,2.0528,-3.9351,1.7584,-33.969,0.16626,18.312,-4.0359,-16.327,0.012454,-0.0040578,0.023029,-1.004,-0.0028495,-0.0021005,-0.0020028,0.10444,-3.1321,-2.3083,-32.577,1.3587,18.198,0.66687,-17.676
55.5,0.0077173,-0.0032626,-0.014743,-0.98642,0.0079926,-0.0039078,-0.0062293,-0.76755,-5.2953,0.70926,-33.45,0.0074662,17.997,-0.22849,-19.437,-0.015103,-0.021998,-0.019538,-1.0135,0.0019029,-0.013265,-0.0028414,0.20803,-4.6434,-0.79029,-34.996,0.78664,18.063,2.1803,-15.344
55.6,0.0079579,-0.0039901,-0.0008723,-1.002,0.0065351,-0.0038906,-0.00063457,-2.2208,-3.1829,-1.1205,-36.32,2.5998,20.145,0.22142,-18.923,-0.0035531,-0.0088081,-0.0122,-1.01,0.010255,-0.0035609,-0.0081505,0.46253,-1.7516,1.2867,-33.466,0.57891,18.88,-1.1993,-14.691
55.7,-0.0040285,-0.0080276,-0.015415,-1.0089,0.0037649,-0.0025916,-0.0010115,-0.96042,-4.5681,-0.97187,-37.132,0.58754,20.806,1.0583,-16.954,0.0039891,0.00099706,-0.019365,-0.99669,-0.00072056,0.0090782,-0.002794,1.9743,-3.0186,1.0278,-33.869,-0.89276,17.516,-0.13928,-14.69
55.8,-0.015413,-0.011997,0.011118,-1.0051,0.0069335,-0.0066304,-0.0020742,-1.083,-3.0031,-0.44928,-35.247,0.57738,18.497,1.2238,-17.391,0.010632,0.0088962,0.00025247,-1.0073,-0.0062228,0.0048221,0.0097303,-0.097075,-4.1901,0.60994,-32.845,1.2206,17.434,-1.2078,-14.74
55.9,0.00026483,0.013273,-0.0055478,-1.0064,-0.0077999,-0.0030435,0.00073146,-0.19618,-6.6949,1.8294,-34.275,0.37796,17.8,-1.2034,-17.412,-0.0043523,-0.0039148,-0.0046879,-1.0043,-0.0073468,0.0018347,-0.0052236,-0.63401,-1.7719,-1.9268,-32.665,0.65926,18.399,1.1543,-14.121
56,0.0048503,-0.00012821,-0.0075828,-0.98566,0.0047675,0.0014092,0.0090638,1.5852,-2.9753,1.9897,-34.324,-0.86894,19.391,-0.57043,-17.748,-0.010594,-0.0081579,-0.0043707,-1.0016,0.0081101,-0.0025887,-0.0038749,-2.6505,-2.9135,-0.71602,-33.351,-0.056488,18.905,-0.35827,-15.661
56.1,-0.0034173,0.014119,-0.0021201,-1.028,-0.0011004,-0.0098246,0.0056764,1.5899,-2.7413,-0.99736,-34.804,-0.4006,20.745,-0.44728,-17.111,0.022474,0.0089675,-0.00045157,-1.0144,0.00068753,-0.001661,-0.001366,-0.2599,-3.5334,-1.1584,-34.027,0.89369,18.76,-0.97458,-15.093
56.2,-0.016496,-0.0033007,0.0044991,-0.99291,0.0077386,0.005998,-0.00073735,-1.1488,-3.9906,-0.99499,-33.543,1.7306,19.235,1.4395,-16.191,-0.0039448,0.010608,-0.019821,-1.0286,0.0042207,-0.00031651,-0.0013152,-1.0475,-3.0862,0.32372,-33.77,-1.8314,18.57,-1.448,-13.795
56.3,0.0029538,0.0052249,-0.009646,-1.0123,-0.0058007,0.0029003,0.0044767,0.15788,-3.6404,0.84133,-34.816,-0.27794,20.17,-1.1265,-17.063,0.0097602,-0.0040507,0.0085338,-0.98524,0.0007541,0.0035913,-0.0027684,0.59193,-2.0732,-0.64771,-35.029,0.80855,17.656,0.83462,-15.268
56.4,0.0011483,0.0054754,0.0075394,-0.99294,0.0076617,-0.0042885,-0.00015954,-0.46016,-3.5597,-0.70397,-32.318,-1.9956,17.231,0.55876,-15.831,0.0091592,0.0076957,-0.0078397,-0.99539,-0.0011636,0.0030607,-0.0024542,-0.018864,-3.2834,-0.88975,-33.307,-0.45229,17.951,-0.9673,-15.906
56.5,0.00034693,0.00061795,-0.0025013,-1.0149,0.0049805,0.00031248,-0.001309,-0.52784,-5.0434,-1.5229,-34.158,0.72767,20.177,-1.1507,-17.856,-0.0083403,0.015076,-0.0012371,-1.0189,0.0087146,-0.0031542,-0.012897,0.49616,-2.6864,0.69219,-34.642,0.68292,19.969,-1.3924,-12.53
56.6,0.0050588,0.013884,0.0013707,-0.99744,0.0024651,0.00022638,0.00094959,-1.5614,-4.3438,-0.95959,-34.952,1.5663,18.473,-0.61939,-17.944,-0.010665,-0.004611,0.016761,-0.98339,0.00083512,-0.00097053,-0.0035482,1.7374,-4.2179,0.8472,-34.358,0.32824,19.167,1.1867,-14.524
56.7,-0.0043158,-0.0067305,-0.01082,-1.0036,-0.00058673,0.0075678,0.0011558,-0.59715,-4.5683,0.078798,-34.508,0.55125,18.88,-3.3175,-18.946,0.0057196,0.011127,0.0021182,-1.0083,-0.0015012,-0.0015127,-0.0026738,1.2416,-4.2168,0.71864,-34.767,-1.3508,16.292,-0.28527,-15.019
56.8,-0.0072809,-0.0088404,-0.0076424,-1.0163,-0.00019045,-0.0020267,0.0051592,1.5119,-4.7153,0.375,-35.464,0.16118,20.065,-0.40207,-16.056,-0.0099174,-0.0034758,-0.0014012,-0.99476,0.0022595,-0.0036894,0.0026416,-0.46795,-2.3695,-0.74574,-32.943,1.5588,16.26,-0.34041,-15.5
56.9,-0.0188,0.0094232,-0.003208,-0.99413,-0.0015781,0.0031479,-0.0046521,0.81352,-3.4636,0.44661,-34.539,-0.33416,17.295,0.45424,-17.076,-0.0023677,0.014631,0.0030984,-0.98755,-0.0060776,-0.00088777,-0.0028988,-0.49983,-0.97086,0.41358,-33.134,0.95258,17.121,0.38774,-13.953
57,2.8854e-05,-0.014444,-0.02165,-1.0171,-0.00027176,-0.0066227,-0.0045479,-0.2202,-5.0659,-0.77811,-35.241,-1.7969,21.064,0.41445,-16.198,0.0031795,-0.011424,0.014126,-1.0051,0.008039,0.0050234,0.0061634,1.5836,-3.5007,-0.49008,-34.836,0.97074,17.777,-0.59925,-16.74
57.1,0.0077033,0.011996,0.007458,-1.0234,-0.0063459,0.0063297,-0.0029286,-1.2859,-3.0575,-0.45558,-36.649,-0.57527,17.85,-0.52253,-18.22,0.0079426,0.011131,-0.012851,-1.0055,-0.0057796,0.011437,0.0046917,0.2105,-2.6463,-1.0538,-32.66,-0.061485,16.528,0.83225,-14.09
57.2,0.0052462,-0.00039029,0.016961,-1.001,0.010777,0.0014398,0.0030606,0.72914,-2.3391,0.51415,-34.932,0.36388,19.066,-0.81513,-16.408,-0.010648,-0.024296,-0.0052859,-0.9907,-0.012711,-6.4643e-05,0.0069244,0.94353,-1.6074,0.49364,-32.071,-2.6398,19.567,-2.2622,-15.941
57.3,0.0030263,0.0059393,-0.0026675,-1.0111,-0.0033249,-0.0014745,0.001502,0.6616,-3.1617,-0.58273,-36.077,-1.208,19.906,-1.1179,-19.118,-0.007847,-0.0061665,-0.012222,-1.0021,-0.004672,0.00031667,-0.0042564,-0.83353,-3.1011,0.54988,-34.245,0.027756,17.155,-0.30302,-15.606
57.4,0.018856,-0.0050571,0.00011511,-1.0076,0.0091392,0.0021113,0.0021587,-1.6936,-3.1579,1.6049,-35.179,1.2199,19.524,1.0946,-17.347,-0.009399,-0.0029143,-0.0093668,-1.0012,-0.0007773,0.010364,0.0065559,0.35496,-1.2073,1.8807,-35.924,1.4073,17.918,0.31935,-15.945
57.5,-0.007017,0.0049311,-0.0022979,-1.0089,-0.0032314,-0.0012811,-0.0057801,-0.1573,-3.0215,-1.4763,-36.096,-0.48308,19.804,0.088081,-16.825,0.021809,0.014113,-0.00013168,-1.0166,-0.00020826,-0.0070193,0.0015236,-0.68918,-1.7557,-0.5448,-34.239,1.0621,18.523,-0.097838,-15.156
57.6,-0.0047608,-0.0087439,0.0053608,-1.0003,-0.00022099,0.0062606,-0.011404,-0.18138,-4.0547,0.55261,-34.809,0.79295,20.607,1.8678,-15.469,0.0057261,0.019538,-0.0021863,-0.99621,-0.0061656,-0.0048535,0.01042,0.61055,-2.7299,-1.7172,-34.235,0.26874,18.659,-0.147,-14.958
57.7,-0.01574,0.019231,-0.0043197,-0.99615,-0.0041139,-0.0029346,-0.0050484,0.9533,-3.1304,0.34092,-36.632,0.46759,18.793,-0.21912,-18.326,0.0056109,0.0082008,0.0014922,-1.0072,0.0071196,0.011605,0.0073933,1.9105,-1.2226,0.12391,-32.981,-1.0405,16.579,-1.851,-14.794
57.8,0.00042978,-6.8174e-06,-0.019381,-0.99294,0.011168,0.0053585,0.0035695,0.062384,-3.3155,1.2644,-33.718,-0.63801,19.103,-1.3321,-17.607,-0.0081199,-0.0016344,-0.00085978,-1.0099,-0.0071709,0.0072667,0.002211,1.5993,-1.4232,-2.6239,-33.533,1.1146,17.011,-0.45455,-14.119
57.9,0.011977,-0.01439,-0.00089487,-1.0033,0.0066275,-0.0020367,-0.0013157,-0.83062,-3.2531,-0.944,-36.214,0.35611,20.506,-0.46946,-17.99,-0.017221,0.00333,-0.0056761,-0.98934,0.0097396,-0.00638,-0.0068816,-0.50297,-2.7159,-1.7991,-35.161,-0.36135,18.319,0.72249,-16.026
58,-0.014355,-0.00059929,0.01233,-1.0061,0.004481,0.00073048,0.0049432,-0.85794,-3.1992,-0.74668,-36.288,2.0365,18.302,1.6413,-17.175,-0.0099869,0.0061948,0.011329,-0.98782,0.0032986,-0.0011529,0.01484,0.1133,-3.9075,0.86852,-34.021,-0.18722,18.832,1.5711,-12.941
58.1,-0.0094954,0.0095846,-0.0080828,-0.9967,-0.00066385,0.0030541,0.012224,-0.079845,-3.5134,-0.2681,-35.351,-0.114,18.346,2.2714,-16.577,-0.0060686,0.0075232,0.012204,-0.98758,0.0062776,0.013801,-0.0022622,1.5864,-0.97047,1.9611,-34.773,-1.1281,17.9,0.044724,-14.338
58.2,-0.0051385,0.015002,0.0007798,-0.98824,-0.0038592,-0.0021903,0.0073989,1.1997,-4.7898,0.044692,-36.179,0.73735,18.504,-0.95264,-15.925,0.006586,0.027954,-0.014692,-0.99813,0.0047074,-0.0094966,-0.0017423,0.73226,-1.9374,-0.86886,-34.187,-1.2287,18.215,-0.79929,-15.748
58.3,-0.00047003,-0.011874,-0.0049765,-1.0074,-0.0023744,-0.0026343,0.0024183,-0.74015,-3.0401,2.2078,-37.08,-0.71895,20.026,-0.48068,-17.701,0.0027104,0.0054817,-0.0051929,-0.99505,0.003212,-0.0013378,0.0043391,-0.7459,-2.1552,1.8598,-32.734,0.48362,17.721,1.5974,-14.061
58.4,0.0013299,0.01465,-0.011439,-1.0023,-0.0013089,-1.7849e-05,-0.0030103,-0.49426,-3.2489,-1.0419,-36.551,0.35982,17.133,-0.50379,-17.595,-0.027873,-0.0028782,-0.004064,-0.99839,-0.0063276,0.0054136,-0.0049669,-0.20442,-4.333,-0.6026,-34.517,1.0653,16.406,0.59654,-15.885
58.5,-0.0040867,0.007355,-0.0014959,-1.0086,-0.013117,0.0045748,-0.0028793,-2.0209,-2.756,-2.2258,-35.062,-0.96851,18.833,1.1039,-15.21,0.0039651,0.0017461,-0.0065587,-1.0199,0.0054191,0.0057995,-0.0081064,-1.2123,-4.6388,-1.1312,-35.199,-0.11187,17.514,0.56578,-14.309
58.6,-0.015682,0.010407,0.0067932,-1.0062,-0.0083765,-0.0024801,-0.0072827,-0.95681,-3.0089,-1.5926,-35.5,0.76196,17.372,2.8381,-16.289,-0.00094103,-0.013174,0.017857,-0.99256,-0.0014006,0.00017453,0.0054923,-1.6539,-4.6204,0.23329,-34.134,0.32504,18.721,-1.1447,-12.68
58.7,0.0055369,-0.0034159,0.014754,-1.0112,0.0096166,0.00078087,-0.0046987,1.1275,-2.5397,1.2789,-36.365,-0.41878,19.849,-1.1532,-16.223,0.010121,-0.019068,-0.016009,-0.99869,-0.0028152,-0.006373,0.0025696,1.3934,-1.8284,0.28729,-36.847,-2.3318,18.595,-1.0581,-15.165
58.8,-0.0078069,-0.0011671,0.0024381,-0.99309,0.0028043,-0.0055743,-0.0016923,1.1649,-5.6793,1.4569,-35.547,-0.088278,18.611,-0.63126,-17.245,0.0011191,0.011361,-0.024904,-0.99475,-0.00027258,1.8759e-05,0.00037139,1.9412,-3.984,-1.7106,-35.087,0.64751,15.78,-1.5518,-14.208
58.9,0.00023696,-0.0010313,0.007744,-0.99648,-0.00060732,-0.0017565,-0.0048623,1.5751,-3.2436,-0.78444,-35.667,1.9187,17.657,-1.6784,-15.395,-0.018383,0.0098827,-0.012968,-1.0018,-0.0040781,0.001719,0.0085801,-1.769,-2.0883,0.41879,-34.763,1.3727,18.254,1.342,-14.186
59,0.0067678,-0.0016504,0.013688,-0.9862,0.0047857,0.0031042,-0.006352,-0.96862,-2.3498,-2.2575,-36.133,0.60523,18.937,-1.7387,-15.549,0.0009689,-0.0026754,0.021969,-1.0088,-0.0011037,0.0025209,-0.005104,-0.87648,-4.7335,-0.68905,-34.064,0.26082,16.878,-0.99215,-16.911
59.1,0.0041014,0.01737,0.013754,-0.9929,0.004391,0.0049725,0.00090719,-1.4579,-2.2675,-0.24805,-35.763,0.18741,19.532,1.0596,-16.116,0.0014296,-0.011227,0.0061653,-0.99353,0.0032395,0.00024187,-0.0090831,-0.59962,-2.3012,-0.86085,-34.902,0.7587,15.817,0.8964,-14.797
59.2,0.016882,-0.00056169,0.0046137,-1.0142,-2.9291e-05,0.006624,-0.0040556,-0.47854,-3.7975,0.51548,-37.44,1.2197,18.191,-1.5659,-16.143,0.012091,-0.011295,0.021028,-0.98883,-0.0043675,0.0066085,0.0056616,1.2134,-1.9927,0.52997,-34.554,-0.96138,17.657,-1.4857,-13.323
59.3,0.0022507,6.7413e-05,0.0034697,-0.99805,-0.005849,1.6312e-05,0.0065297,0.53275,-2.9907,1.4408,-37.375,-1.4979,19.769,-0.41574,-17.046,0.0022374,0.021069,0.0081825,-0.99454,-0.0097481,0.004405,0.0017492,2.5418,-2.4527,1.0605,-33.846,-1.3589,16.392,-2.2959,-14.138
59.4,0.01234,-0.0015308,-0.0024134,-0.99205,0.0022821,-0.00063692,0.0057363,0.43731,-2.0267,-1.3036,-34.656,-1.124,18.361,-0.72934,-16.712,0.0080704,-0.0040737,0.010866,-1.001,0.0039659,-0.0064571,0.001395,0.043276,-2.4753,-0.192,-34.893,0.96885,18.128,-0.025738,-16.707
59.5,0.01174,-0.0010274,-0.013484,-1.0008,-0.0026872,0.0042923,-0.00090827,-0.84099,-3.6569,-3.0945,-36.938,0.87575,17.36,1.5003,-16.439,-0.014508,-0.00023336,-0.0054687,-1.0001,0.0007886,0.00085215,0.017153,-0.57176,-4.1496,-0.00087233,-34.779,0.55017,17.532,1.4363,-15.819
59.6,-0.010937,0.0011715,0.025843,-1.0075,-0.0016792,-0.0038393,-0.002467,-2.0934,-4.5925,0.9983,-35.796,0.60245,19.229,0.90977,-17.755,-0.0068873,0.013013,0.0057227,-1.0108,-0.011591,-0.0066031,0.00051917,1.9663,-0.95567,-1.1825,-35.455,0.50946,19.098,0.66956,-15.74
59.7,-0.0029701,0.0055842,0.0019974,-1.0206,-0.00089567,0.0036022,0.0017497,0.68562,-2.4514,0.97092,-34.803,0.63635,19.762,-1.4107,-16.459,-0.0076865,-0.014075,-0.0025498,-0.99491,0.0047132,0.0039965,-0.0090465,-0.51182,-1.3694,-1.7571,-34.014,0.51066,17.729,-0.30118,-13.438
59.8,0.006209,0.00079252,0.018144,-1.0116,-0.012303,0.00032593,0.00065885,0.17821,-2.1051,0.30972,-36.799,-0.17085,21.036,0.78545,-16.323,0.0072848,0.0025485,0.0060718,-1.0015,0.0049214,-0.0013728,0.0057892,-0.53979,-1.7916,-1.4498,-35.151,0.91736,16.951,-1.2989,-13.224
59.9,-0.01137,0.010748,-0.0063458,-0.99839,-0.0068149,-0.0058277,-0.0079673,-0.611,-4.0807,-2.7868,-35.637,-1.2639,19.714,-2.5979,-17.329,0.0067631,0.01738,0.0048726,-1.0069,-0.0015497,0.0021618,-0.0019575,-0.18046,-1.3747,-0.40877,-34.228,0.81157,18.789,-1.3677,-13.899
60,0.0019649,-0.00010739,-0.0059243,-0.9858,0.0043499,-0.0047443,-0.00077062,-1.4798,-2.6081,-1.304,-37.027,0.16082,17.805,-1.3575,-17.726,0.0022184,-0.0036352,0.0021306,-0.98771,-0.0022014,-0.010735,0.0001969,0.25053,-3.4662,0.54457,-34.966,-1.676,17.989,0.48809,-15.43
