time,q1_healthy,q2_healthy,q3_healthy,q4_healthy,omega1_healthy,omega2_healthy,omega3_healthy,wheel1_i_healthy,wheel1_w_healthy,wheel2_i_healthy,wheel2_w_healthy,wheel3_i_healthy,wheel3_w_healthy,wheel4_i_healthy,wheel4_w_healthy,q1_faulty,q2_faulty,q3_faulty,q4_faulty,omega1_faulty,omega2_faulty,omega3_faulty,wheel1_i_faulty,wheel1_w_faulty,wheel2_i_faulty,wheel2_w_faulty,wheel3_i_faulty,wheel3_w_faulty,wheel4_i_faulty,wheel4_w_faulty,
0,0,0,0,0,0,0,0,0,0,0,0,0,0,0,0,0,0,0,0,0,0,0,0,0,0,0,0,0,0,0
0.1,-0.71721,0.0032615,0.12169,-0.70776,-0.0034182,-0.0012196,0.0040052,0.99619,2.6992,-0.94639,1.6518,0.11992,0.25781,-1.3262,-0.090194,-0.72578,0.015712,0.14779,-0.69785,0.00010096,-0.0039902,0.0042007,2.9071,0.29621,-1.5971,-0.11455,-0.52736,1.0816,-1.0107,0.78838
0.2,-0.72157,-0.01615,0.11633,-0.68762,0.0058371,-0.0018925,0.0049077,-1.0965,0.10967,-1.1815,1.0483,-1.7871,0.35745,-2.298,-2.5398,-0.70413,-0.0063719,0.1206,-0.6903,-0.0032295,-0.0038066,0.006982,0.75098,0.5083,-0.42848,0.59272,-1.2402,-0.51684,-0.59358,-0.6543
0.3,-0.6989,0.004803,0.13306,-0.71215,-0.0025072,0.0016641,0.0013613,-0.46792,1.832,-0.56626,-1.2904,-0.65441,-2.3338,-1.4197,-0.64472,-0.71138,-0.016656,0.12485,-0.70109,-0.00506,-0.0033577,0.0020296,0.92045,0.94437,-0.9443,-1.3609,-1.0921,-3.6388,-0.051287,-1.8572
0.4,-0.70748,-0.014888,0.1339,-0.68354,-0.0092848,0.0011725,-0.00054788,1.1829,0.016394,0.25885,1.0303,-1.194,-0.04566,-1.9737,-0.73758,-0.7001,0.0090628,0.12896,-0.68336,-0.00173,-0.002533,0.0024661,2.5858,0.92223,-1.0512,0.19314,-1.1163,-0.015035,-0.024922,-1.6715
0.5,-0.70399,-0.00076013,0.12149,-0.67375,-0.016871,-0.0065013,-0.0060369,0.3443,1.2512,-0.37479,1.1407,-2.2453,-1.4195,-2.4743,0.091373,-0.69686,-0.0051344,0.11365,-0.68385,-0.0082157,0.0028087,0.00097472,2.4058,0.90593,-1.6165,-0.04415,-1.63,-1.3146,-0.39845,-0.91582
0.6,-0.73924,-0.00397,0.11295,-0.69571,-0.0079121,-0.0092007,0.0064237,1.0634,0.86804,1.6414,-0.16028,-0.97692,-3.3973,-0.53599,-2.094,-0.6987,0.018809,0.090977,-0.69402,0.00062051,-0.0074094,0.0079289,-0.19781,0.94983,-0.49373,-0.60948,-0.8374,-1.4596,-1.5994,-2.2283
0.7,-0.69991,-0.02122,0.11258,-0.69272,-0.0091965,0.0012966,0.00459,-0.95636,0.91701,1.468,-1.7604,-0.8959,-1.7541,-2.2308,-2.0136,-0.70173,0.012441,0.12443,-0.70678,-0.011665,-0.0034681,0.016038,0.20937,1.8592,-0.58891,1.4332,0.45418,-1.5213,0.43715,-1.3425
0.8,-0.70564,-0.0019991,0.11604,-0.68528,-0.015594,0.0015312,0.016428,-0.5692,0.9432,-0.20335,-0.0092478,-0.43057,-2.8547,0.38016,-1.2261,-0.68479,0.015682,0.12676,-0.70265,-0.0033502,-0.0011943,0.010437,0.12396,-1.1481,-0.71338,-0.23944,-0.86536,-3.3405,-1.6902,-0.91599
0.9,-0.69286,-0.0017565,0.098718,-0.71942,-0.011862,-0.0065889,0.0042729,1.1687,2.4689,1.0691,0.31954,-0.71023,-3.5457,0.24778,-3.1931,-0.68124,0.0037055,0.10866,-0.68817,-0.014078,-0.0054899,0.013687,1.1216,2.0216,0.095724,-0.99113,-1.9164,-2.2739,-2.7976,-1.47
1,-0.70673,0.0090595,0.1331,-0.69004,-0.020953,-0.0090834,0.010076,-0.56362,2.4365,-0.1713,0.561,-1.6842,-2.0158,-0.49631,-2.6993,-0.69256,0.0094767,0.11981,-0.67243,-0.020095,-0.0031846,0.0099486,2.0265,3.9267,-1.3508,0.95449,-1.0892,-2.6728,0.21323,-3.9288
1.1,-0.70707,0.0056597,0.1144,-0.68923,-0.017446,-0.0028101,0.0085198,0.12474,3.8001,-0.79484,-0.22818,-0.15291,-3.6856,-1.4198,-2.7688,-0.70497,0.0080722,0.10652,-0.71704,-0.0089314,-0.0055592,0.0081691,0.96001,4.3827,-0.75222,1.0637,-1.0808,-1.9686,-1.8192,-4.6702
1.2,-0.6884,0.005858,0.11765,-0.70637,-0.016508,-0.012618,0.012709,1.4454,3.1807,-0.35235,-0.74656,-0.18562,-5.2983,0.12563,-0.92546,-0.6955,0.0024855,0.12053,-0.71503,-0.014726,-0.0068206,0.020735,2.1028,2.1717,-1.3331,-1.7948,-1.3959,-3.1812,-2.0434,-5.166
1.3,-0.69137,-0.0081917,0.12209,-0.69691,-0.028449,-0.0083909,0.012092,1.1269,4.0457,0.88049,-1.6591,0.23337,-4.5457,-1.6655,-4.9498,-0.69719,-0.0073622,0.12958,-0.70523,-0.024356,-0.002859,0.015313,0.69137,4.8127,-1.0385,0.30304,-0.45306,-4.3282,-0.1613,-5.616
1.4,-0.69328,0.0049925,0.11527,-0.69873,-0.013864,-0.0083035,0.024764,1.7363,3.9375,0.5856,0.16984,-1.3198,-4.554,-1.4001,-2.3719,-0.70075,0.0030674,0.10644,-0.69155,-0.010596,-0.008102,0.014556,1.0056,6.1197,-0.76507,-0.68762,-0.62965,-3.8677,0.31681,-5.2672
1.5,-0.69948,0.022702,0.12395,-0.70248,-0.02578,-0.0038291,0.028431,-0.21069,6.4588,-0.51497,-1.8205,-0.56739,-5.8451,-1.2311,-4.0497,-0.71101,0.0041025,0.10977,-0.67954,-0.017062,-0.019799,0.023049,2.0996,3.6378,-0.57572,-0.024596,-0.74554,-4.2385,-1.6726,-4.9171
1.6,-0.69193,-0.003279,0.12248,-0.68149,-0.027594,-0.0057932,0.020661,0.5377,3.8705,-0.41316,-1.7505,-1.1679,-5.6826,-0.11784,-6.3593,-0.694,-0.0046423,0.10283,-0.68447,-0.028287,-0.014631,0.02686,0.48399,3.9363,-0.05618,0.81487,-1.9058,-5.3868,-0.013425,-6.9861
1.7,-0.69676,0.0037126,0.1133,-0.70268,-0.025357,-0.013078,0.021525,1.2822,4.0251,2.0007,-0.79279,-1.9516,-5.6914,-2.2994,-4.6941,-0.68288,0.0010048,0.13858,-0.7067,-0.031621,-0.0031591,0.03198,-0.96771,4.775,1.6985,1.4921,-0.19509,-6.3395,-0.99158,-5.8812
1.8,-0.6907,0.010794,0.12913,-0.70724,-0.026541,-0.015133,0.028609,0.52562,3.2302,-0.19425,-1.4602,-2.136,-5.4079,-0.042585,-6.2651,-0.71604,0.0038821,0.12176,-0.7208,-0.01924,-0.0077883,0.023722,1.0104,6.5265,-0.32672,0.59073,-2.1597,-6.0273,-1.4119,-7.5156
1.9,-0.7072,0.011782,0.11345,-0.70882,-0.032826,-0.0089448,0.024444,1.7995,5.5849,0.23501,-1.4905,-1.5635,-7.4607,-0.12978,-5.2532,-0.70699,0.011288,0.11321,-0.68872,-0.026467,-0.018773,0.03443,-0.2212,6.7815,-1.0173,-0.18465,-2.6416,-6.9807,2.1348,-6.0574
2,-0.70665,0.029249,0.10005,-0.70551,-0.030932,-0.013655,0.026264,1.3687,1.9584,0.14941,-0.38998,-5.3836,-6.9336,-0.62828,-7.8724,-0.69166,0.0043987,0.10661,-0.71707,-0.034895,-0.0063171,0.030895,0.62425,4.2243,1.8763,-2.9582,-1.1077,-7.3216,-1.0947,-7.0625
2.1,-0.68597,0.026451,0.11873,-0.70061,-0.034673,-0.012587,0.028017,0.72039,4.3148,-0.091505,-2.2544,-0.79564,-6.9694,-1.0826,-6.9504,-0.7067,0.0099366,0.12402,-0.71007,-0.024283,-0.0049421,0.036705,-0.31693,5.3145,-0.5884,-0.85787,-0.65781,-6.6176,-2.546,-7.6366
2.2,-0.68941,0.025163,0.11768,-0.71046,-0.03247,-0.01613,0.03545,0.21217,4.6004,1.085,-0.70215,-0.54417,-6.9046,-1.1919,-7.159,-0.69575,0.0080232,0.12967,-0.71671,-0.03551,-0.013348,0.02777,0.77539,7.3802,-2.0653,-1.2783,-1.5126,-7.1566,-0.06608,-9.1484
2.3,-0.70937,0.030558,0.11129,-0.70461,-0.037773,-0.0020836,0.035995,0.047816,6.898,-0.90188,-0.22624,-0.41196,-7.4417,0.29144,-8.7072,-0.68623,0.0093571,0.10224,-0.706,-0.034637,-0.0043768,0.032324,-0.27948,7.9319,-1.1179,-0.30202,-0.49095,-7.8876,-0.68869,-9.0231
2.4,-0.69488,0.021307,0.10587,-0.71508,-0.046124,-0.004735,0.031453,2.3417,4.4898,-0.60841,0.56878,-2.1587,-8.1715,-0.84847,-8.9715,-0.67143,0.020776,0.12327,-0.7135,-0.033705,-0.0075334,0.034883,-0.7545,5.4261,-2.2284,-1.564,-2.3507,-7.2913,0.7173,-8.6731
2.5,-0.6884,0.020325,0.11987,-0.70187,-0.036242,-0.012776,0.029615,1.3983,5.4352,-0.50885,-1.1392,-0.24132,-8.8525,-1.6878,-9.8882,-0.68739,0.035001,0.11123,-0.71967,-0.030064,-0.022084,0.034483,1.6265,6.1567,-1.4057,0.41661,-2.1118,-7.3238,-0.9204,-9.385
2.6,-0.69039,0.0078626,0.12524,-0.72703,-0.038757,-0.0047739,0.038978,0.60664,7.7979,1.6003,-3.318,-1.5016,-8.6985,-0.36787,-9.0987,-0.67993,0.031391,0.13374,-0.71238,-0.03553,-0.014641,0.045429,0.037864,6.2747,0.19999,1.3159,-3.1966,-9.4932,-0.79661,-8.7008
2.7,-0.69085,0.018051,0.11051,-0.71235,-0.03406,-0.017079,0.038852,-0.024773,5.7637,-3.6575,-1.0493,-0.051632,-9.0776,-0.70905,-9.6558,-0.68098,0.023256,0.12069,-0.70843,-0.038488,-0.0018824,0.028133,1.3627,8.3708,1.0313,0.31717,-1.4699,-7.9943,0.14555,-9.4871
2.8,-0.67767,0.011368,0.10618,-0.72365,-0.040303,-0.010801,0.040658,1.298,8.6714,0.87424,-1.7447,-1.9886,-10.009,-0.85866,-10.453,-0.6792,0.015113,0.088156,-0.72309,-0.04196,-0.015057,0.044279,1.6994,7.3484,-2.1679,-0.20114,-1.5748,-8.8226,-2.4715,-10.146
2.9,-0.67913,0.025982,0.099804,-0.73637,-0.046946,-0.018574,0.044335,0.36894,7.1765,-0.13533,-2.4393,-1.3165,-8.0267,-1.6885,-10.129,-0.68362,0.024452,0.092467,-0.72369,-0.040647,-0.011589,0.034448,0.5785,7.877,0.30104,-2.257,-0.16507,-9.9155,-3.2076,-10.985
3,-0.6857,0.047229,0.10882,-0.72094,-0.043932,-0.012141,0.046888,0.34079,6.8846,-0.21591,-3.3849,-0.3438,-10.425,-2.6221,-10.729,-0.66835,0.010077,0.11451,-0.73229,-0.042087,-0.013598,0.053558,1.0943,7.0896,-0.92108,-2.4677,-0.59977,-10.417,-0.047052,-11.218
3.1,-0.68449,0.028927,0.10915,-0.71248,-0.043669,-0.0048038,0.047339,-0.29014,8.2257,-1.1724,-0.98683,1.3067,-10.019,-1.25,-10.591,-0.67716,0.024415,0.097824,-0.71486,-0.047505,-0.0097719,0.046591,0.65883,8.9359,-2.404,0.53065,-0.75327,-8.7491,-2.476,-10.202
3.2,-0.67883,0.031218,0.10386,-0.72525,-0.046978,-0.020817,0.046896,1.0617,7.8709,0.44165,-1.8656,-0.888,-10.436,-0.20588,-11.821,-0.69318,0.045727,0.077025,-0.72621,-0.052669,-0.026261,0.043306,-0.18294,8.4161,-1.827,-2.0234,-2.3123,-10.666,-0.086981,-10.94
3.3,-0.67906,0.028766,0.083,-0.71274,-0.053848,-0.01498,0.051945,1.3902,7.3635,-2.1245,-1.6657,-0.73065,-10.576,-1.536,-12.519,-0.68342,0.039747,0.10624,-0.72561,-0.052272,-0.014797,0.051205,1.1609,9.1826,-3.1459,-1.2425,-1.3606,-10.918,-1.0997,-12.441
3.4,-0.6699,0.047667,0.099665,-0.74594,-0.046177,-0.0050305,0.063933,0.4379,10.359,-1.3225,-2.6717,0.14194,-10.919,-1.6307,-11.573,-0.68991,0.032871,0.10069,-0.72654,-0.050151,-0.022397,0.048274,0.81503,9.0804,0.27113,-2.1246,0.72546,-12.448,-1.1073,-13.352
3.5,-0.65825,0.042062,0.10827,-0.72418,-0.054057,-0.0078584,0.055466,1.4684,8.4704,-0.36861,-2.5391,-2.0034,-12.092,-0.61506,-12.27,-0.65973,0.031526,0.092409,-0.71971,-0.051735,-0.014633,0.049803,1.7352,10.819,-1.4457,-1.2644,-1.4208,-14.448,0.23978,-13.348
3.6,-0.66889,0.050993,0.10276,-0.73868,-0.046528,-0.0094156,0.050001,1.7521,11.455,-0.32412,-3.9788,-1.1173,-9.9955,-1.0663,-14.303,-0.66614,0.055642,0.1099,-0.73521,-0.051212,-0.011951,0.051791,3.4399,9.312,-0.12818,-3.4765,-1.0084,-12.045,-2.5436,-13.103
3.7,-0.66151,0.040809,0.10372,-0.74543,-0.052168,-0.019901,0.05385,0.28592,8.5582,0.38282,-2.388,-0.2563,-12.829,-0.30317,-13.322,-0.69031,0.041117,0.083021,-0.74485,-0.057809,-0.023011,0.049273,0.71936,11.427,0.23667,-2.0917,1.2231,-14.479,-2.8151,-14.417
3.8,-0.66983,0.050843,0.11008,-0.72564,-0.060651,-0.018688,0.064265,0.82323,11.218,-0.10048,-1.0433,-0.1845,-11.099,-0.99856,-13.302,-0.67922,0.054731,0.099196,-0.73154,-0.05816,-0.021909,0.053453,-0.37682,9.1154,-0.84637,-1.4724,-0.28021,-13.764,-0.1974,-14.022
3.9,-0.66806,0.043268,0.10302,-0.73279,-0.056454,-0.012839,0.054306,1.1647,11.551,-0.15363,-2.8891,0.33922,-13.635,0.60865,-14.614,-0.66397,0.026737,0.10096,-0.74548,-0.054208,-0.016284,0.061029,0.93216,9.7484,-0.71795,-2.8803,0.046927,-11.493,-0.84287,-14.891
4,-0.65767,0.054848,0.085938,-0.73549,-0.055334,-0.014654,0.055032,2.7425,9.5825,-0.41623,-3.7615,0.68958,-11.068,-0.53153,-13.042,-0.66313,0.073614,0.097564,-0.72204,-0.050104,-0.0088213,0.050291,1.0049,10.804,-1.1919,-1.2412,0.14076,-11.866,-2.2662,-14.576
4.1,-0.6601,0.04855,0.091041,-0.73953,-0.065157,-0.011129,0.051946,1.6995,9.7419,-0.81318,-2.1754,-1.729,-11.758,-0.30894,-13.665,-0.6478,0.043783,0.094197,-0.7474,-0.060632,-0.018261,0.060657,0.81836,11.214,-1.3209,-0.26585,0.76647,-12.16,-8.8462e-05,-13.325
4.2,-0.66115,0.056774,0.065879,-0.74936,-0.058882,-0.0094518,0.058796,0.06097,10.087,-2.3913,-5.3986,-0.8728,-12.867,-2.0187,-15.637,-0.66646,0.047724,0.10549,-0.74489,-0.059095,-0.01688,0.056278,2.9207,12.562,-0.96702,-3.5838,-1.5083,-12.215,-3.0686,-15.427
4.3,-0.65408,0.05535,0.093332,-0.75485,-0.062108,-0.015201,0.058157,1.5966,12.818,-1.1644,-4.2272,-1.0724,-12.643,-1.7576,-14.461,-0.65052,0.051507,0.10648,-0.75055,-0.060546,-0.019515,0.055267,0.78572,12.309,-1.6391,-2.5959,-2.4913,-14.095,-1.7385,-16.108
4.4,-0.67798,0.064406,0.091606,-0.74293,-0.062127,-0.0072041,0.070277,2.1477,11.828,-1.2573,-5.6368,0.01267,-14.334,-1.2504,-14.993,-0.65032,0.065103,0.094704,-0.76553,-0.064429,-0.021087,0.063183,1.5973,12.34,-0.9744,-3.9246,-1.6682,-13.273,0.53941,-16.743
4.5,-0.6589,0.066539,0.086698,-0.76386,-0.070674,-0.016577,0.063852,2.809,11.009,-0.38692,-5.4743,-0.94802,-13.573,-2.2877,-16.014,-0.64478,0.060988,0.075071,-0.75014,-0.053848,-0.017208,0.063869,-0.48955,12.908,-0.59719,-5.1724,-0.31934,-14.16,-2.3666,-18.522
4.6,-0.64538,0.065446,0.09297,-0.76673,-0.064368,-0.01307,0.050023,-0.61244,10.62,-0.16047,-5.5072,-0.56932,-13.045,-2.5185,-17.406,-0.63575,0.071532,0.090793,-0.7643,-0.074149,-0.017509,0.070828,-0.7358,11.552,-0.93657,-1.8309,0.014149,-12.556,-2.0069,-17.52
4.7,-0.64625,0.051834,0.065169,-0.75117,-0.064799,-0.015312,0.075224,1.2185,14.014,-0.39938,-7.4339,-0.77862,-13.035,-0.93461,-18.075,-0.64979,0.057464,0.065457,-0.74951,-0.065633,-0.018282,0.064687,2.6083,12.206,-0.26308,-4.0203,-0.93335,-14.007,-3.4497,-15.911
4.8,-0.64468,0.066858,0.097643,-0.77147,-0.079163,-0.013547,0.068635,-0.8685,11.272,-0.99849,-5.7865,-0.52513,-13.683,-1.1909,-16.911,-0.62662,0.075636,0.080715,-0.76181,-0.061666,-0.0067034,0.060996,1.1422,10.643,0.36651,-4.5064,-0.087005,-12.422,0.0088527,-18.364
4.9,-0.64458,0.058279,0.066629,-0.77133,-0.065155,-0.022232,0.063981,-1.5768,13.055,-1.3737,-6.1399,-1.3708,-13.037,0.34965,-19.35,-0.63709,0.059947,0.079768,-0.75561,-0.072422,-0.019714,0.063504,1.4618,13.251,-0.91178,-4.7497,1.294,-14.373,-1.3072,-18.815
5,-0.64327,0.0595,0.085826,-0.76496,-0.078715,-0.02011,0.068212,2.0437,12.68,-2.7877,-6.8256,-0.42977,-13.919,-0.96476,-19.281,-0.64169,0.071486,0.072839,-0.76818,-0.071083,-0.01117,0.076604,-0.6574,12.667,-1.8594,-6.5085,0.16961,-14.791,-2.0696,-17.483
5.1,-0.63026,0.065565,0.077551,-0.7493,-0.08433,-0.014918,0.070139,0.50795,13.046,-0.7941,-7.3141,-0.056749,-14.395,1.6402,-18.975,-0.61633,0.06231,0.069283,-0.76325,-0.067948,-0.013647,0.072025,2.28,12.467,-0.080873,-5.8688,-0.79299,-12.809,-2.2637,-21.027
5.2,-0.62909,0.075004,0.069348,-0.76118,-0.077962,-0.021664,0.062316,2.8623,13.356,-3.4465,-7.4472,0.36626,-14.47,-1.3898,-18.608,-0.64168,0.066292,0.082959,-0.75834,-0.076455,-0.022142,0.07572,1.29,13.495,0.91141,-7.3451,-0.64118,-12.913,-0.67416,-20.54
5.3,-0.62493,0.065773,0.087015,-0.76946,-0.081714,-0.0033509,0.061866,-0.4647,13.739,-1.7784,-8.3788,0.73578,-13.618,-0.68738,-20.16,-0.60696,0.076838,0.067262,-0.77609,-0.076747,-0.016002,0.0596,-0.99686,12.031,-1.6184,-7.5367,-0.16592,-13.429,0.11387,-18.006
5.4,-0.63467,0.07429,0.065539,-0.77506,-0.073491,-0.010456,0.066443,0.43818,15.472,-1.7231,-8.4233,-0.32079,-14.156,-1.5838,-20.491,-0.62684,0.063392,0.051951,-0.78941,-0.088271,-0.024884,0.070105,-0.43247,12.981,-0.10095,-7.1689,0.86191,-12.759,-1.0457,-19.703
5.5,-0.61307,0.063714,0.063345,-0.7649,-0.079465,-0.013825,0.064368,0.062473,14.05,-2.2137,-9.0555,0.2355,-14.932,-0.87503,-20.024,-0.6342,0.089496,0.061163,-0.79997,-0.082372,-0.021309,0.070173,1.7135,15.369,0.37612,-7.8411,-0.56462,-14.16,-0.072847,-21.204
5.6,-0.63214,0.088068,0.062104,-0.79151,-0.08422,-0.00031411,0.074219,1.0172,14.538,0.013819,-11.131,1.5941,-13.716,-1.0138,-20.657,-0.613,0.081273,0.082744,-0.78441,-0.083044,-0.015027,0.080347,1.1001,15.577,-1.6864,-9.6856,0.99691,-14.557,-0.69997,-19.886
5.7,-0.61126,0.077525,0.061256,-0.77751,-0.085642,-0.0085599,0.078196,-0.50291,14.971,-0.93497,-8.9618,0.75949,-14.432,-0.73458,-17.871,-0.60008,0.098991,0.072516,-0.79397,-0.080759,-0.01237,0.077886,1.0186,14.074,-0.13482,-5.5424,0.44437,-12.447,-1.5914,-22.136
5.8,-0.62405,0.09133,0.079099,-0.79286,-0.085976,-0.014117,0.076313,1.745,16.12,-1.9031,-8.8333,-0.3385,-14.776,-1.1016,-22.478,-0.59707,0.080011,0.045548,-0.77972,-0.092411,-0.017485,0.07502,0.73562,15.601,-1.8423,-9.2499,-1.5153,-12.999,-1.3994,-22.318
5.9,-0.59098,0.090753,0.057321,-0.79136,-0.084634,-0.015058,0.073519,-0.10961,15.149,-0.40278,-9.5923,1.1717,-13.521,0.99913,-22.876,-0.59484,0.10928,0.049334,-0.7824,-0.088258,-0.016611,0.071199,2.7191,16.402,-2.3024,-9.2661,0.029269,-14.684,-3.8015,-22.133
6,-0.59249,0.098714,0.071031,-0.79416,-0.09382,-0.0016244,0.077706,2.2051,14.65,0.22398,-11.143,0.12448,-12.2,-0.41772,-22.941,-0.60282,0.10431,0.063499,-0.80865,-0.089269,-0.020871,0.0755,0.66288,15.242,-2.1934,-9.3563,0.25242,-14.075,-1.5452,-21.581
6.1,-0.59741,0.10431,0.056665,-0.8043,-0.076177,-0.0058161,0.080047,0.80682,15.991,-3.6524,-11.228,0.74503,-13.553,-2.4257,-23.329,-0.58339,0.10692,0.079742,-0.79637,-0.085768,-0.029077,0.065484,-0.34036,17.413,-1.8048,-9.931,0.04981,-14.565,-1.1913,-22.686
6.2,-0.59652,0.1109,0.044131,-0.79965,-0.088322,-0.009387,0.078623,0.097404,17.877,-1.7773,-12.888,0.62835,-15.887,-0.48976,-22.82,-0.60211,0.10418,0.052665,-0.7907,-0.085234,-0.020578,0.078884,0.87514,16.092,-0.44937,-10.1,-0.38378,-14.502,-1.0186,-22.187
6.3,-0.59574,0.084236,0.042865,-0.79271,-0.096662,-0.0042922,0.081011,-0.6375,16.27,-0.95221,-13.784,-0.35641,-13.615,-0.99666,-23.577,-0.58356,0.11785,0.066052,-0.79886,-0.085179,-0.018195,0.082873,0.96545,17.905,-1.2659,-8.8455,1.2575,-15.157,-1.5479,-25.178
6.4,-0.59605,0.10609,0.047208,-0.82287,-0.10697,-0.005228,0.074532,0.78838,16.518,-2.7528,-13.008,-0.65351,-14.27,-0.33737,-23.825,-0.59341,0.1225,0.071453,-0.80863,-0.095323,-0.022677,0.087727,1.8218,17.625,0.45943,-10.708,1.4495,-15.005,-1.051,-24.088
6.5,-0.57856,0.10747,0.054341,-0.80323,-0.090067,-0.014142,0.079134,0.49454,19.516,-2.4092,-13.146,0.054776,-13.915,-2.1199,-24.965,-0.58353,0.11167,0.057418,-0.8309,-0.10089,-0.012811,0.080193,1.5298,16.228,-1.8199,-10.184,0.52325,-14.73,-1.5316,-24.478
6.6,-0.56942,0.10368,0.043501,-0.79628,-0.087381,-0.016174,0.072092,1.4488,16.187,-0.3215,-12.068,0.42682,-12.95,-0.24573,-24.144,-0.58884,0.12317,0.044264,-0.79939,-0.10513,-0.015693,0.079638,1.0511,16.484,0.35688,-11.908,-1.7954,-14.825,-2.6278,-25.618
6.7,-0.58835,0.0989,0.06477,-0.81416,-0.099562,-0.0053824,0.075521,1.6828,16.976,-0.81119,-12.482,1.7822,-12.8,0.40979,-23.409,-0.57954,0.13307,0.044839,-0.80601,-0.10155,-0.0059724,0.086758,-0.69214,18.384,-0.5536,-10.808,-1.6777,-11.161,-2.3033,-25.501
6.8,-0.56429,0.13065,0.044721,-0.83294,-0.10284,-0.015447,0.07473,2.3909,17.229,-0.83867,-13.468,0.57777,-12.463,-1.0963,-24.23,-0.56861,0.096463,0.043787,-0.80975,-0.093964,-0.021341,0.083386,0.3006,17.044,0.44868,-10.352,-0.33636,-13.484,-1.8271,-25.236
6.9,-0.57242,0.12219,0.026266,-0.82145,-0.098249,-0.0068282,0.076976,0.56506,18.009,-1.0463,-15.716,0.19615,-13.62,-0.56446,-25.985,-0.57221,0.11529,0.051309,-0.80824,-0.10385,-0.014216,0.089892,1.8313,18.309,-1.5243,-11.558,2.0416,-11.735,-1.0188,-25.42
7,-0.55415,0.095004,0.025334,-0.82096,-0.10134,-0.0035963,0.083859,1.1449,17.938,-0.98021,-15.083,0.96556,-12.913,-1.2639,-25.484,-0.56982,0.14816,0.050401,-0.80433,-0.093088,-0.011593,0.078825,0.53491,17.381,-1.1538,-11.673,0.85308,-13.95,-1.3682,-25.217
7.1,-0.56952,0.13975,0.032673,-0.82997,-0.10207,-0.013467,0.081898,2.0275,17.354,-0.18286,-13.992,0.3859,-12.62,-1.5539,-26.985,-0.53697,0.11394,0.026946,-0.81537,-0.095987,-0.016442,0.082537,2.9761,17.842,-0.49407,-13.515,1.217,-13.192,-2.5577,-25.852
7.2,-0.54808,0.12871,0.024739,-0.84432,-0.099451,-0.0023725,0.076624,0.88548,18.618,-0.69804,-16.314,1.3181,-13.632,-1.3243,-28.039,-0.54196,0.12439,0.0105,-0.82244,-0.10102,-0.018891,0.086006,0.89534,17.209,-0.81799,-14.322,2.5641,-12.96,-1.8369,-25.342
7.3,-0.54948,0.11941,0.0079466,-0.8329,-0.096449,-0.0015715,0.079172,2.1756,19.51,-1.4505,-16.675,0.90263,-13.839,-2.1344,-27.37,-0.5413,0.13388,0.043915,-0.84302,-0.10093,-0.013349,0.084565,0.91846,17.851,-0.14376,-11.266,1.9278,-13.188,-1.3505,-27.204
7.4,-0.53751,0.12355,0.02029,-0.826,-0.1094,-0.006973,0.078626,-1.458,20.183,-1.5075,-16.647,1.5377,-13.558,-1.9739,-27.369,-0.53616,0.14547,0.035816,-0.8385,-0.10434,-0.014147,0.07995,1.525,19.333,-1.5513,-14.773,0.57713,-14.18,-2.0456,-27.398
7.5,-0.53689,0.14129,0.019278,-0.82865,-0.093582,-0.0083702,0.08397,2.947,20.946,-0.43005,-15.817,0.59231,-12.064,-0.10337,-28.768,-0.53497,0.14174,0.040008,-0.8472,-0.10483,-0.013985,0.086916,0.26203,20.308,-1.6823,-13.023,1.1143,-12.78,-2.9639,-28.082
7.6,-0.52956,0.14837,0.022506,-0.82864,-0.09148,-0.0036042,0.070825,0.49307,20.956,-2.7078,-17.325,2.6922,-11.686,-0.75356,-28.993,-0.53367,0.13971,0.02645,-0.84489,-0.10488,-0.015447,0.077459,-0.1448,19.58,-0.75297,-12.8,-0.072282,-11.512,-1.5293,-26.751
7.7,-0.51427,0.13398,0.029992,-0.84353,-0.10918,-0.0096437,0.078024,1.5594,20.507,-0.55523,-18.2,-0.55908,-10.542,-0.12613,-30.471,-0.52705,0.15803,0.027843,-0.84432,-0.10965,-0.015539,0.089308,0.66186,21.617,-0.59912,-12.706,0.60545,-13.494,0.31205,-28.974
7.8,-0.51226,0.13701,0.0094662,-0.83867,-0.1169,-0.0022847,0.074104,-0.61969,20.117,-1.6463,-17.828,-0.48789,-10.746,-1.0615,-27.844,-0.51673,0.14868,-0.00014093,-0.82687,-0.11227,-0.018056,0.082475,0.17483,19.487,-1.6016,-14.751,0.76378,-11.437,-2.2138,-28.896
7.9,-0.50138,0.12879,0.011993,-0.83464,-0.12319,-0.0059824,0.079787,1.0469,19.588,0.58081,-20.544,0.90768,-11.593,-1.1276,-27.018,-0.51998,0.12068,0.014654,-0.83145,-0.11617,-0.017552,0.080695,0.48616,20.624,0.13349,-13.403,1.2422,-14.292,-0.94025,-30.079
8,-0.50415,0.14617,0.0040244,-0.85624,-0.11821,0.0038068,0.0836,0.07026,21.736,-0.52494,-17.697,0.081169,-9.8044,0.47984,-29.794,-0.50542,0.16275,0.0067381,-0.84367,-0.11891,-0.020816,0.082894,0.39327,21.968,-0.51006,-16.644,0.74886,-11.448,-0.88028,-30.42
8.1,-0.49888,0.15142,-0.0064408,-0.8665,-0.11099,-0.01665,0.076843,-0.031684,20.354,-0.60186,-17.843,1.249,-9.8205,-0.69418,-30.965,-0.52044,0.16357,-0.0036081,-0.85962,-0.12904,-0.019882,0.079809,-0.30235,19.221,-2.7985,-14.151,0.30503,-10.601,-1.2559,-29.25
8.2,-0.48282,0.13175,0.011497,-0.85423,-0.12037,-0.0042762,0.077818,0.10791,20.413,-0.5027,-19.276,0.71935,-7.5451,-3.0857,-29.791,-0.498,0.1478,0.020411,-0.85588,-0.10593,-0.016187,0.084029,1.2465,22.053,-1.0569,-16.033,0.47145,-11.039,-2.8924,-30.799
8.3,-0.49096,0.1493,-0.0081216,-0.84431,-0.11159,-0.011856,0.081147,1.0083,19.936,-2.3927,-19.523,0.079166,-7.8037,-1.5946,-31.556,-0.49172,0.17471,0.030921,-0.84898,-0.1174,-0.018626,0.08389,0.5434,21.481,-1.5037,-15.893,1.0028,-9.0277,-0.23829,-31.192
8.4,-0.47314,0.15204,0.0076132,-0.8589,-0.12272,-0.00080015,0.087592,-0.35286,23.126,-1.5978,-20.227,0.39995,-6.3155,-2.3866,-31.431,-0.48145,0.15226,0.010798,-0.86802,-0.116,-0.015113,0.076075,0.96033,20.096,-0.14994,-16.814,-0.59254,-10.613,-1.9565,-30.792
8.5,-0.46722,0.14213,-0.0035197,-0.86369,-0.1264,-0.0020628,0.081651,0.12376,21.436,-2.3351,-20.865,-1.0168,-8.1144,-2.2045,-30.424,-0.48107,0.16374,0.010095,-0.87203,-0.12212,-0.0064525,0.078266,0.4624,21.446,0.2414,-16.147,1.28,-11.458,0.32839,-31.862
8.6,-0.48263,0.15213,-0.0082705,-0.87303,-0.1259,0.0023532,0.075443,0.58308,22.302,-2.0915,-19.374,1.292,-7.2738,-0.87663,-31.692,-0.48391,0.15748,-0.012114,-0.8544,-0.11942,-0.012415,0.070627,0.53278,22.81,-0.85126,-17.582,0.37036,-8.9699,0.56431,-32.248
8.7,-0.46813,0.15691,-0.011156,-0.86931,-0.12099,-0.0030548,0.078391,0.58047,22.358,-0.83469,-20.645,1.1358,-7.2644,-0.4494,-34.022,-0.46179,0.17603,0.0056736,-0.8648,-0.12158,-0.01418,0.08077,1.7386,21.988,-0.28721,-17.117,0.29376,-8.0157,-0.027821,-31.462
8.8,-0.4706,0.16483,-0.017309,-0.88701,-0.13219,0.0015157,0.074582,-0.16712,23.105,-1.8171,-20.586,1.8942,-8.0183,-2.2827,-31.331,-0.45461,0.17983,-0.0017928,-0.84632,-0.11641,-0.012223,0.083227,1.6508,23.01,-1.2342,-19.007,1.1093,-8.25,-2.1766,-30.719
8.9,-0.46385,0.15606,-0.0065594,-0.89707,-0.12246,-0.0095933,0.085012,0.52182,21.599,-0.71869,-22.229,0.25454,-6.5139,-0.79284,-35.212,-0.45923,0.18541,-0.0071666,-0.85854,-0.12883,-0.007943,0.078116,0.10332,21.788,-1.0676,-19.075,0.30794,-7.938,-0.2007,-32.883
9,-0.44601,0.17754,-0.016964,-0.85802,-0.13799,-0.0064617,0.072863,0.97325,23.274,-2.493,-23.632,-0.097116,-7.0095,-1.3945,-32.24,-0.43688,0.16707,-0.014868,-0.87882,-0.13217,-0.016975,0.073467,2.7954,22.192,-0.75615,-18.574,0.76059,-8.4463,-0.33155,-33.499
9.1,-0.43541,0.1651,-0.044948,-0.8756,-0.12825,-0.0063283,0.073384,0.064817,23.418,0.17577,-22.652,0.48586,-6.709,-1.1112,-33.306,-0.43916,0.18079,-0.01918,-0.88623,-0.13393,-0.021382,0.089295,0.93385,24.041,-2.0554,-19.055,0.52763,-7.4704,-1.1194,-32.837
9.2,-0.43198,0.16716,-0.020407,-0.88397,-0.12875,0.0010581,0.073102,0.52667,22.865,-0.72623,-21.532,-0.00034786,-5.9151,-0.35158,-32.551,-0.44599,0.18187,-0.00079853,-0.87594,-0.12432,-0.012819,0.082398,0.21842,22.674,0.19477,-18.397,1.5943,-6.9029,-0.71019,-33.982
9.3,-0.42804,0.16566,-0.034267,-0.90067,-0.14103,0.0021303,0.07469,1.6559,22.028,-0.64673,-24.207,-0.25387,-5.9392,-0.85538,-33.975,-0.44971,0.18785,-0.001852,-0.86982,-0.12962,-0.0050307,0.064934,-0.93835,22.78,0.065888,-18.662,-0.23509,-8.1989,0.42999,-32.891
9.4,-0.42299,0.17151,-0.0095658,-0.89874,-0.14138,-0.0053721,0.08075,2.4601,23.417,-2.0438,-23.642,0.80906,-6.5975,-0.33593,-35.158,-0.42826,0.16518,0.0016096,-0.88085,-0.13082,-0.01232,0.082969,0.7353,23.754,-0.93315,-19.207,-0.19015,-7.1233,-1.1821,-33.31
9.5,-0.42556,0.17105,-0.04541,-0.88611,-0.13403,-0.0029251,0.070643,0.82606,23.271,-1.5074,-23.965,-0.0016858,-4.7978,-0.015266,-32.802,-0.4187,0.19325,-0.012242,-0.90099,-0.13144,-0.0086731,0.073473,0.16749,23.825,-0.39196,-20.509,1.6894,-6.0671,0.28541,-33.218
9.6,-0.41415,0.17197,-0.019032,-0.90189,-0.12952,0.0029555,0.082305,-2.0191,24.727,-1.715,-24.554,2.8334,-6.1749,0.12316,-32.853,-0.40755,0.18924,-0.01486,-0.89605,-0.13553,-0.015549,0.081227,-2.2532,23.884,-0.95836,-20.305,0.69241,-5.9095,1.0099,-31.939
9.7,-0.40804,0.19577,-0.037419,-0.88137,-0.13267,-0.0015263,0.071714,0.49739,24.976,-1.1506,-25.085,1.8183,-4.0778,1.4134,-33.294,-0.4074,0.22164,-0.027373,-0.8774,-0.1222,-0.011957,0.074103,1.7729,23.191,-0.9844,-19.395,0.31825,-6.1638,0.35611,-32.675
9.8,-0.41675,0.16814,-0.037173,-0.90939,-0.14258,0.014657,0.077436,-0.26789,24.577,0.348,-26.459,0.30549,-4.5034,-0.84799,-34.213,-0.38129,0.1879,-0.012706,-0.888,-0.12976,-0.014161,0.06797,1.8261,26.219,-1.3608,-19.28,2.6729,-6.1556,1.5653,-33.985
9.9,-0.38331,0.17383,-0.030826,-0.90901,-0.14012,0.0047291,0.069468,0.30059,23.325,0.90068,-24.964,1.0874,-4.485,0.62787,-33.404,-0.38884,0.18388,-0.02915,-0.9145,-0.12595,-0.013432,0.079839,2.3439,25.698,-1.7544,-20.749,1.2307,-3.3123,-0.9792,-33.696
10,-0.3814,0.17613,-0.036829,-0.90504,-0.13149,0.0031597,0.067182,1.9832,27.492,-1.2465,-26.812,0.051666,-3.9719,0.99387,-33.758,-0.36327,0.20359,-0.017748,-0.90583,-0.1451,-0.012175,0.06621,0.52135,26.606,-3.38,-23.871,1.8742,-4.537,-0.40359,-31.314
10.1,-0.39227,0.17858,-0.040884,-0.90956,-0.1453,0.0050092,0.060794,-1.5653,27.048,-0.030173,-25.881,0.35395,-3.7229,-0.71189,-32.689,-0.36111,0.19558,-0.018882,-0.9178,-0.13933,-0.0014786,0.065682,-0.75025,25.778,-0.81001,-22.225,1.5098,-4.262,-0.14111,-32.963
10.2,-0.36454,0.17091,-0.049135,-0.89808,-0.14553,0.0096891,0.073224,1.2462,26.784,-1.2418,-26.166,1.0123,-3.7489,1.3107,-32.536,-0.37172,0.20734,-0.017796,-0.88694,-0.14402,-0.002744,0.059234,1.9923,27.175,-2.0104,-23.307,1.6741,-4.0308,1.7639,-31.879
10.3,-0.36085,0.20311,-0.044323,-0.92586,-0.13401,0.011712,0.064769,-0.74641,26.944,-0.2771,-27.144,0.12604,-3.681,0.40122,-31.258,-0.37167,0.20812,-0.032962,-0.92658,-0.1474,-0.0021023,0.062192,-0.55423,24.703,-0.52576,-23.264,2.0455,-2.7985,0.65882,-32.227
10.4,-0.34881,0.17921,-0.053339,-0.90139,-0.13956,-0.0021731,0.062515,-0.42239,25.861,-1.8423,-28.506,3.1576,-1.1175,0.50212,-31.972,-0.35117,0.18916,-0.036582,-0.91377,-0.12457,0.0074972,0.06634,0.44046,27.866,-0.9395,-23.26,-0.40901,-4.1456,3.1974,-31.11
10.5,-0.34321,0.17786,-0.054016,-0.9172,-0.14368,0.0078986,0.061556,3.6213,25.872,-0.52884,-30.102,1.7225,-1.1105,-0.40913,-32.282,-0.33821,0.22141,-0.031965,-0.93923,-0.14806,0.0056553,0.058962,0.4134,26.947,0.89049,-24.906,2.7894,-3.1351,2.175,-30.193
10.6,-0.32906,0.19114,-0.0416,-0.9013,-0.13675,0.025446,0.063405,1.7245,25.622,-2.076,-31.597,0.31686,-2.6067,0.049565,-32.266,-0.323,0.20236,-0.029256,-0.9194,-0.13927,-0.0017534,0.05734,1.836,26.021,0.89612,-24.716,0.76793,-2.8957,0.83298,-30.037
10.7,-0.33944,0.18209,-0.051558,-0.93543,-0.13274,0.020142,0.056297,0.23674,28.734,-1.0919,-27.655,0.032461,-2.2253,3.0511,-30.943,-0.3363,0.19951,-0.038666,-0.92051,-0.14695,0.0040006,0.059699,0.5765,25.209,-1.0206,-24.65,0.78461,-2.3513,1.3928,-30.709
10.8,-0.30632,0.15942,-0.060812,-0.93541,-0.13952,0.015173,0.05015,1.586,28.276,1.8265,-28.721,0.70637,-1.3328,1.8818,-29.899,-0.32357,0.21564,-0.039846,-0.90533,-0.14628,0.0039931,0.062948,-0.50512,26.735,0.17761,-23.847,2.1441,-0.91356,-1.1805,-30.61
10.9,-0.30738,0.19237,-0.036528,-0.90888,-0.15036,0.017361,0.055088,-0.43754,26.684,-0.72794,-30.091,-0.69714,0.055104,0.054003,-29.998,-0.33346,0.20397,-0.041258,-0.91927,-0.13987,0.0029179,0.054256,-2.5144,26.499,-0.5762,-25.744,1.1777,-0.68571,0.7472,-29.659
11,-0.31954,0.17452,-0.052433,-0.93726,-0.14555,0.015866,0.053632,1.5016,27.145,-1.4707,-30.354,0.50355,1.9569,-0.66793,-29.996,-0.31588,0.20622,-0.025333,-0.94271,-0.13763,0.0035545,0.058725,1.3436,28.389,-1.7341,-26.388,-0.25508,-3.7256,0.53513,-28.47
11.1,-0.29452,0.18461,-0.064412,-0.93858,-0.136,0.022959,0.051258,0.92516,28.034,0.32378,-30.199,1.1083,-1.0831,2.1428,-29.868,-0.31293,0.2013,-0.049166,-0.91188,-0.13293,0.009724,0.056748,0.53239,27.09,-1.0452,-24.582,-0.15582,0.086238,0.89243,-29.809
11.2,-0.29301,0.1943,-0.074499,-0.95052,-0.15017,0.023555,0.057659,1.0437,28.343,-0.84784,-33.37,1.736,0.77926,1.3967,-30.351,-0.29767,0.20798,-0.054735,-0.91792,-0.13827,0.017219,0.050823,1.0652,27.165,-0.24826,-26.049,2.1808,-2.0716,-0.9479,-29.157
11.3,-0.29284,0.18819,-0.060758,-0.92383,-0.13587,0.022228,0.058109,1.6516,29.206,-1.2552,-30.43,1.0314,-0.19573,1.345,-29.415,-0.29945,0.21715,-0.036686,-0.91188,-0.14317,0.0036153,0.048,-0.29564,28.876,-0.59076,-26.334,1.5442,-1.9281,3.2168,-29.137
11.4,-0.27198,0.18012,-0.062545,-0.94016,-0.14247,0.018135,0.047417,1.0987,27.591,-1.2473,-30.158,-0.57037,-0.40791,0.8615,-28.584,-0.28034,0.23413,-0.039004,-0.91651,-0.13925,0.012536,0.04474,1.5979,28.152,-0.50018,-25.926,-0.19523,0.48648,1.652,-28.013
11.5,-0.27889,0.19992,-0.049951,-0.94584,-0.13798,0.027777,0.04537,-0.18274,28.479,-0.74607,-32.486,-1.4843,1.9433,0.019999,-28.872,-0.28011,0.19679,-0.054204,-0.92668,-0.14267,0.01114,0.053741,1.2746,27.937,-2.1021,-28.175,1.9642,2.9228,-0.14566,-28.216
11.6,-0.26071,0.18294,-0.07537,-0.93975,-0.14178,0.028194,0.050593,-0.64354,27.793,-1.363,-32.046,0.21169,1.3598,0.32236,-27.547,-0.27104,0.23512,-0.058063,-0.94519,-0.14072,0.0129,0.044233,1.9131,29.526,-0.71495,-28.867,0.052855,-1.0542,2.7297,-26.644
11.7,-0.24392,0.19411,-0.068759,-0.94764,-0.14981,0.026397,0.034302,0.0021771,27.046,-1.9985,-31.997,-1.0027,2.3051,-0.34386,-27.637,-0.26993,0.20136,-0.050869,-0.94581,-0.13384,0.012582,0.051446,1.1994,29.676,-1.5582,-26.949,0.524,2.4131,-0.4743,-28.272
11.8,-0.25066,0.19174,-0.08193,-0.93134,-0.14733,0.022862,0.043783,-0.20173,27.272,-0.70452,-34.417,1.8909,2.6531,1.222,-27.312,-0.2655,0.20855,-0.059499,-0.9428,-0.14287,0.015815,0.038729,1.8927,31.32,0.0029329,-27.018,2.1979,0.066291,-1.7376,-28.164
11.9,-0.24909,0.17413,-0.060147,-0.95563,-0.14935,0.038594,0.052194,0.97674,29.209,-0.82634,-33.762,-0.00048428,2.486,0.50361,-26.744,-0.25158,0.22423,-0.054782,-0.93471,-0.13953,0.019387,0.041623,1.4808,28.975,-1.5622,-30.41,1.5653,1.2793,-0.47029,-26.459
12,-0.25853,0.19216,-0.054436,-0.96197,-0.14075,0.028149,0.047513,0.8691,30.9,-1.3543,-34.149,1.5267,3.6089,-0.26149,-25.958,-0.23236,0.21107,-0.038395,-0.93208,-0.14028,0.017097,0.034541,0.67783,29.977,-3.4312,-30.139,0.408,1.2746,0.12333,-26.657
12.1,-0.24794,0.19896,-0.052381,-0.94198,-0.14974,0.032688,0.034095,0.82246,30.814,-1.5243,-34.733,-0.49082,3.7394,0.055827,-28.051,-0.23614,0.20266,-0.037492,-0.95745,-0.14283,0.024395,0.034668,0.34289,29.906,-0.66551,-29.937,0.0079183,1.9185,0.58986,-25.622
12.2,-0.20825,0.18118,-0.080024,-0.96739,-0.14028,0.042511,0.042958,2.1201,30.744,-0.99894,-36.331,1.418,3.8334,0.17224,-24.231,-0.22719,0.2275,-0.046582,-0.9395,-0.13651,0.015769,0.04166,1.627,29.849,-0.26116,-30.568,-0.092848,3.0387,0.26473,-24.582
12.3,-0.2082,0.1838,-0.062806,-0.95224,-0.13977,0.034628,0.038455,2.5363,29.907,-3.3859,-37.865,1.7438,1.633,0.47395,-25.021,-0.2042,0.2299,-0.059748,-0.95306,-0.15237,0.021005,0.042722,-0.26655,31.721,-1.4304,-30.121,-0.26736,3.6974,0.45928,-25.984
12.4,-0.21279,0.18585,-0.079813,-0.965,-0.14433,0.035171,0.033908,-0.36652,30.774,-1.5309,-34.941,0.80062,4.0631,1.693,-24.423,-0.20946,0.20963,-0.054875,-0.96241,-0.14631,0.019521,0.03931,0.002319,29.744,-0.518,-28.388,1.3307,4.519,1.7923,-25.843
12.5,-0.20526,0.18728,-0.088893,-0.96461,-0.14983,0.042557,0.032296,1.2355,29.978,-2.5824,-36.718,-0.76781,3.8816,1.1744,-25.853,-0.22303,0.21618,-0.046978,-0.94385,-0.14249,0.02316,0.038798,0.40783,33.122,-2.2998,-31.807,-0.35083,2.2469,2.1185,-24.785
12.6,-0.18671,0.19386,-0.065621,-0.95319,-0.13432,0.037917,0.032022,1.2424,31.522,-2.4987,-37.02,0.67535,5.8352,-0.9558,-24.644,-0.21501,0.2188,-0.072773,-0.96032,-0.14101,0.025748,0.040519,-0.77235,29.957,-1.0392,-31.205,1.2606,2.9091,1.4476,-24.981
12.7,-0.18391,0.19249,-0.073715,-0.94829,-0.13923,0.042206,0.036627,0.93404,31.024,-1.2143,-34.849,0.11035,4.4126,-1.0863,-24.336,-0.19258,0.21971,-0.051564,-0.94849,-0.14025,0.02953,0.03104,0.73545,30.911,-2.5689,-32.978,1.2275,4.1279,1.4,-23.803
12.8,-0.18357,0.17031,-0.067692,-0.98749,-0.141,0.037819,0.042429,1.8654,30.195,-3.3015,-37.55,-1.807,3.8187,0.54302,-25.532,-0.19126,0.19482,-0.063785,-0.95087,-0.15446,0.025625,0.032943,2.4524,32.168,0.41785,-31.198,-0.328,3.26,0.40944,-22.951
12.9,-0.15808,0.18417,-0.070944,-0.97872,-0.1476,0.035722,0.036856,0.86783,32.277,-1.3941,-39.188,0.51278,3.6811,0.21366,-24.194,-0.16563,0.20394,-0.061352,-0.95403,-0.15376,0.031121,0.037992,0.70464,33.01,-1.5334,-32.633,0.62238,5.2377,0.29959,-24.029
13,-0.16272,0.17323,-0.074948,-0.96594,-0.13188,0.048944,0.027387,1.3258,31.183,0.21934,-37.856,1.4585,6.6437,1.5425,-25.155,-0.15127,0.20442,-0.06075,-0.9439,-0.13409,0.030476,0.03492,-0.058248,34.237,-0.57524,-32.615,1.571,4.7612,1.2865,-23.673
13.1,-0.16391,0.16819,-0.080532,-0.95874,-0.14971,0.050234,0.027784,0.82939,31.971,-1.8372,-37.874,1.2102,5.8479,0.27973,-25.69,-0.17986,0.20032,-0.057836,-0.94645,-0.14422,0.03349,0.0338,0.62971,31.29,-0.90916,-31.439,0.62244,4.4161,0.71375,-21.623
13.2,-0.13172,0.16851,-0.09053,-0.95153,-0.1463,0.039983,0.033069,0.63886,32.779,-1.4152,-39.804,0.26668,5.2823,0.286,-24.81,-0.15904,0.22902,-0.052768,-0.97076,-0.13714,0.033487,0.036612,-0.010241,31.881,-0.51552,-34.076,-1.0408,3.9646,1.0232,-22.078
13.3,-0.14246,0.18325,-0.08385,-0.96704,-0.15663,0.043765,0.041363,1.8894,30.543,-1.7322,-39.629,1.2559,6.1668,2.0138,-23.24,-0.15075,0.20656,-0.045586,-0.97011,-0.14443,0.028439,0.02834,1.4637,33.526,-1.664,-34.599,-0.075911,5.6246,1.1572,-23.788
13.4,-0.15136,0.16738,-0.07645,-0.95964,-0.15589,0.04661,0.030506,0.94918,33.587,-1.5256,-40.331,0.24536,6.5022,0.16641,-22.361,-0.14466,0.21675,-0.049867,-0.99361,-0.13811,0.039002,0.030465,-0.32305,30.842,-1.6204,-35.827,0.18736,4.9093,-0.17274,-20.296
13.5,-0.12353,0.16862,-0.078321,-0.98516,-0.13934,0.055364,0.022608,-1.7163,33.586,-2.2433,-40.839,0.99984,8.1177,0.20023,-23.006,-0.13256,0.21618,-0.058969,-0.96629,-0.13267,0.044745,0.025395,2.0455,32.033,-3.1172,-34.205,0.67248,6.3742,2.716,-22.263
13.6,-0.12786,0.15969,-0.068711,-0.99161,-0.14122,0.051784,0.020987,-1.2449,31.834,0.045359,-41.491,2.3769,6.1591,1.7614,-20.873,-0.11633,0.21548,-0.058355,-0.97664,-0.14374,0.044056,0.029442,0.60796,31.164,-0.26584,-35.172,0.34414,7.074,-0.5362,-20.581
13.7,-0.10981,0.16973,-0.086095,-0.97378,-0.14289,0.070091,0.028529,-2.5778,33.669,-2.0844,-41.94,1.6217,7.4258,3.1477,-21.812,-0.10629,0.19851,-0.061661,-0.96715,-0.14901,0.042634,0.022895,1.7343,32.078,-1.5861,-37.105,-0.41221,6.4452,0.5828,-20.424
13.8,-0.1111,0.14354,-0.090102,-0.98479,-0.14315,0.057105,0.024246,-1.4838,30.939,-1.4619,-40.531,1.1078,8.0353,1.0334,-22.553,-0.12467,0.17246,-0.044468,-0.97169,-0.13082,0.037495,0.0077247,0.84944,29.482,-0.17039,-36.976,1.3991,6.8058,2.0929,-19.884
13.9,-0.10274,0.15059,-0.083676,-0.96708,-0.13756,0.063001,0.019355,-1.252,29.912,-1.4378,-45.255,2.8781,6.4437,2.0623,-20.022,-0.10485,0.20367,-0.069608,-0.97925,-0.1418,0.0429,0.018657,-1.3759,32.675,-1.5717,-37.652,0.42355,5.6717,0.34944,-21.206
14,-0.092626,0.15945,-0.10293,-0.98525,-0.134,0.065516,0.01061,-2.6057,29.065,-1.9132,-44.687,1.6469,7.8745,-0.26827,-20.763,-0.12042,0.20973,-0.052303,-0.9785,-0.13109,0.042829,0.018217,-1.4741,31.398,-1.1205,-39.273,1.6391,7.4223,0.39188,-20.465
14.1,-0.087005,0.15439,-0.099028,-0.96897,-0.13041,0.073219,0.014867,-1.6845,30.702,-0.54581,-43.155,-0.69293,8.2012,2.3838,-20.195,-0.059093,0.18594,-0.05734,-0.97907,-0.12465,0.04419,0.015658,-0.91912,28.581,0.16887,-37.627,1.7772,6.3146,-0.15254,-21.434
14.2,-0.058936,0.13134,-0.10788,-0.99453,-0.12141,0.06601,0.02553,-0.78455,28.519,-1.0941,-42.8,1.4748,8.5725,1.2917,-20.598,-0.090344,0.20426,-0.074783,-0.98088,-0.1247,0.04378,0.014788,-0.87434,28.612,-2.5419,-37.007,0.68632,7.5832,1.2754,-17.827
14.3,-0.084952,0.15315,-0.06135,-0.98343,-0.12483,0.059718,0.015299,-2.0918,27.765,-1.6537,-43.163,-1.1471,9.9015,0.90453,-20.094,-0.071877,0.18476,-0.040933,-0.9683,-0.12876,0.037772,0.010891,-1.2908,29.493,-1.7651,-37.279,1.7026,8.7398,0.014533,-18.379
14.4,-0.065431,0.14694,-0.0804,-0.98421,-0.12911,0.07015,0.01508,-2.1049,27.763,0.18731,-44.568,1.3142,10.35,0.36088,-18.922,-0.060568,0.19287,-0.052414,-0.98286,-0.12918,0.049051,0.01451,-1.7988,28.596,-1.8834,-40.326,-0.6579,8.5188,0.30134,-18.387
14.5,-0.062203,0.13571,-0.085525,-0.98608,-0.12042,0.071532,0.0065238,-2.7525,27.616,-0.98092,-42.953,2.4661,8.6549,1.2206,-20.933,-0.080242,0.17674,-0.062038,-0.97554,-0.12462,0.058392,0.014092,-1.2153,27.528,-1.4789,-38.286,2.1743,6.3366,-0.061245,-19.602
14.6,-0.050036,0.14007,-0.077696,-0.99118,-0.122,0.071076,0.0099025,-0.39835,29.201,-2.4436,-45.588,1.3255,8.4709,1.7941,-18.741,-0.065753,0.19141,-0.067236,-0.95742,-0.12515,0.055758,0.014893,-0.92632,27.113,-2.3813,-40.12,-0.51342,8.635,2.0654,-18.67
14.7,-0.045725,0.1292,-0.070187,-0.98187,-0.12271,0.078125,0.011465,-1.0347,28.913,-0.98979,-45.046,0.23416,11.629,1.0899,-17.582,-0.046011,0.17008,-0.053581,-0.97264,-0.11537,0.052728,0.0012038,-0.07115,26.856,-0.99427,-38.445,0.074083,7.5155,1.876,-19.502
14.8,-0.043996,0.14048,-0.080511,-0.98721,-0.11254,0.075079,0.006113,-1.2839,25.645,-1.5105,-47.692,1.4847,10.237,0.63415,-17.974,-0.050278,0.17612,-0.045791,-0.98293,-0.11467,0.062236,0.011189,-1.0736,26.623,0.32279,-40.428,0.053785,7.0911,-0.81459,-18.345
14.9,-0.033855,0.13821,-0.087784,-0.98703,-0.11551,0.075336,0.015777,-2.4452,26.154,-0.28966,-45.488,1.6066,11.406,0.99265,-18.197,-0.044096,0.17729,-0.061903,-0.97627,-0.12115,0.057091,0.013156,-1.6559,27.185,-0.25164,-42.142,1.3487,8.9081,0.35962,-17.553
15,-0.027821,0.15391,-0.094822,-0.98257,-0.11321,0.065795,0.015749,-0.60474,25.548,-1.7662,-46.946,0.3117,12.277,1.5804,-17.949,-0.021507,0.15959,-0.031258,-0.97656,-0.10532,0.063555,0.011025,0.88895,25.73,-1.2411,-41.46,2.1156,10.136,0.83054,-17.19
15.1,-0.021025,0.1349,-0.089302,-0.99332,-0.10958,0.075455,0.0095938,-2.4861,26.124,0.34948,-47.568,1.3869,8.6545,-0.87435,-15.91,-0.036341,0.19035,-0.033845,-0.9913,-0.11522,0.059157,0.0078023,-0.6296,26.733,-1.1393,-41.553,-0.29627,11.097,0.65306,-17.816
15.2,-0.029782,0.10808,-0.10136,-0.98354,-0.11235,0.087563,0.0036848,-2.6629,25.478,-0.49375,-48.007,0.47622,9.731,0.66522,-15.792,-0.021669,0.19044,-0.063066,-0.98652,-0.12002,0.057559,8.7185e-05,-0.089866,24.84,-0.90218,-41.429,1.6611,11.465,-0.69097,-15.078
15.3,0.008425,0.11101,-0.066017,-0.9864,-0.11086,0.077354,0.0040998,-1.7414,26.083,-1.2115,-48.437,0.17012,9.2854,-0.76699,-16.41,-0.019271,0.16393,-0.044558,-0.98588,-0.10829,0.063424,0.0013716,-1.4121,24.416,0.42798,-41.614,-0.45756,8.1605,1.2225,-14.51
15.4,0.0019274,0.13366,-0.096697,-0.97968,-0.10612,0.080616,0.0058861,-0.43589,23.043,-0.86029,-47.293,1.729,10.381,0.19989,-15.806,-0.012581,0.17141,-0.047044,-0.98215,-0.1051,0.058198,-0.0086397,-0.99175,22.973,-1.2619,-42.819,-0.48775,11.207,-0.037239,-16.874
15.5,-0.0033543,0.1191,-0.077288,-0.98631,-0.10411,0.07855,0.00554,-0.53763,22.914,-2.1898,-48.532,0.98196,11.229,2.1814,-14.453,-0.0025095,0.15824,-0.052287,-0.97131,-0.10296,0.06667,-0.00044601,-0.97495,24.189,-1.0832,-43.444,1.8847,11.286,-0.3101,-13.947
15.6,0.016384,0.11168,-0.076026,-0.9927,-0.096616,0.087675,0.0018082,0.1457,21.723,-1.3992,-46.533,0.15307,11.763,1.0532,-16.293,0.00087185,0.15653,-0.040757,-0.98145,-0.091749,0.070488,0.0025179,-0.75356,23.845,-1.3918,-42.521,1.1359,10.717,1.6867,-13.846
15.7,0.0019142,0.094372,-0.072206,-0.99469,-0.092571,0.093153,-0.0068951,0.076254,22.469,-1.0594,-49.51,1.0987,12.927,1.1031,-13.557,0.0055307,0.15401,-0.04882,-0.99701,-0.10499,0.071206,0.0032346,-2.9017,24.147,-1.3243,-43.794,0.023524,13.652,2.2338,-15.769
15.8,0.013889,0.10405,-0.091278,-1.0107,-0.09161,0.085033,0.00027389,-1.8039,20.756,-3.6681,-50.44,-0.024367,12.822,1.2273,-15.623,0.012623,0.15257,-0.042298,-0.9827,-0.096006,0.072837,0.00084105,-1.7797,21.604,-2.2224,-42.047,1.1529,13.08,0.93958,-14.832
15.9,0.025172,0.11213,-0.069142,-0.98825,-0.097706,0.089562,0.0028805,-0.1222,21.255,0.010114,-50.402,0.92346,10.518,1.3966,-15.022,0.0028105,0.14166,-0.045154,-1.0015,-0.090914,0.076333,-0.0075678,-1.1104,21.341,-0.95181,-44.917,1.1117,12.721,-0.51281,-13.28
16,0.033434,0.096787,-0.084714,-0.99839,-0.087307,0.099591,-0.001538,-0.62875,20.909,0.26007,-49.077,1.0416,12.269,1.2601,-13.492,0.019275,0.15778,-0.051944,-0.97945,-0.099475,0.076254,-0.0040355,-1.0636,21.972,-0.92507,-45.8,0.84249,10.987,1.8694,-15.053
16.1,0.036772,0.091801,-0.077303,-1.0018,-0.092547,0.10162,-0.012218,-2.0659,20.202,0.040191,-48.482,-1.1551,13.027,2.6476,-13.81,0.0052283,0.13094,-0.046669,-0.98286,-0.087111,0.083312,-0.0065538,-0.85719,21.943,-2.564,-46.27,3.0245,12.494,1.0024,-13.811
16.2,0.04547,0.10022,-0.073884,-0.97864,-0.088146,0.094949,-0.012418,-0.087029,21.341,0.76121,-50.244,1.4547,12.878,-0.39289,-14.616,0.030504,0.15361,-0.03737,-1.0001,-0.091784,0.073521,-0.010145,-0.92552,19.182,-0.23175,-43.486,1.0997,11.824,1.4385,-12.028
16.3,0.033866,0.09813,-0.066748,-1.0052,-0.091975,0.088792,-0.0041795,-0.76281,19.934,-1.7566,-49.555,1.1522,14.351,0.77611,-12.043,0.028048,0.13813,-0.028688,-1.0082,-0.08385,0.072909,-0.0047592,-1.6517,19.405,-0.46694,-46.108,1.3206,14.148,1.4156,-12.525
16.4,0.04447,0.070369,-0.064558,-0.99207,-0.085985,0.099881,-0.0036608,-2.5862,17.506,2.1379,-50.244,-0.51916,14.818,0.090352,-15.1,0.044183,0.1186,-0.049579,-0.98927,-0.088201,0.089393,-0.0065484,-1.1822,19.804,-2.1193,-46.79,0.15223,12.833,0.49316,-14.538
16.5,0.038547,0.084051,-0.095881,-0.98888,-0.07968,0.093462,-0.018476,-2.1749,18.863,-1.3776,-50.882,0.094183,14.151,0.24521,-11.989,0.04076,0.11198,-0.042326,-0.98862,-0.083024,0.08818,-0.014812,-0.70959,19.097,-2.4355,-45.281,1.4985,13.561,-0.24226,-12.071
16.6,0.052938,0.065832,-0.076045,-0.99771,-0.079276,0.088741,-0.010727,-1.093,17.672,1.4863,-52.167,0.5057,16.119,0.086509,-12.536,0.047294,0.12983,-0.032234,-0.99682,-0.078373,0.08865,-0.0091942,-2.4098,18.139,-2.8036,-47,1.8486,13.713,1.7865,-12.709
16.7,0.063424,0.080667,-0.048798,-0.97886,-0.07485,0.08896,-0.0038296,-0.21661,17.546,-0.59131,-49.735,-0.83632,13.758,-0.25568,-13.675,0.047848,0.11935,-0.039678,-1,-0.074708,0.090563,-0.011631,-3.2773,18.495,-0.73476,-47.778,1.136,14.108,-0.4016,-10.128
16.8,0.069937,0.061567,-0.069469,-0.99831,-0.083372,0.090506,-0.015534,-1.0839,15.703,1.9882,-49.193,0.22132,15.211,3.2003,-12.048,0.052614,0.12312,-0.031957,-0.98416,-0.088044,0.09961,-0.013367,-0.34147,17.825,-1.3904,-48.691,0.98537,14.119,-0.17945,-10.446
16.9,0.061912,0.039224,-0.066054,-0.98925,-0.078992,0.088402,-0.016384,-0.070526,15.386,0.022495,-49.162,0.83068,14.154,0.21747,-13.363,0.074021,0.10665,-0.033948,-1,-0.070203,0.091259,-0.024858,-2.5398,18.541,-1.9555,-47.77,-1.1265,14.614,-0.58759,-12.509
17,0.064894,0.041522,-0.071592,-0.9757,-0.070554,0.097264,-0.022039,1.0383,14.072,1.0568,-48.107,2.3783,17.09,-0.076119,-11.123,0.06501,0.11547,-0.032073,-0.99385,-0.071706,0.08857,-0.016079,-1.8199,16.331,-2.9131,-47.754,1.108,13.983,0.78617,-8.6671
17.1,0.071864,0.051914,-0.090878,-0.99108,-0.070097,0.089962,-0.0097965,-2.0622,17.51,0.84202,-48.862,1.1737,17.043,-0.49845,-10.489,0.052138,0.10087,-0.028998,-0.99519,-0.072331,0.096668,-0.019677,-0.32728,16.501,-0.25947,-47.698,0.7777,15.651,1.1229,-8.8875
17.2,0.078113,0.049856,-0.069588,-0.98635,-0.060635,0.091292,-0.020277,-0.0010219,16.951,-0.52988,-47.131,2.4434,17.363,0.59637,-11.626,0.075778,0.087205,-0.0010584,-0.99858,-0.065866,0.092804,-0.024835,-1.5429,17.205,-0.56531,-47.972,0.16941,14.449,1.458,-9.6696
17.3,0.087755,0.036633,-0.063196,-0.98442,-0.065422,0.079777,-0.014832,-1.0239,15.428,0.94877,-50.012,3.2896,17.016,0.9238,-9.5226,0.066276,0.075181,-0.026756,-0.99056,-0.065318,0.097338,-0.022506,-0.23329,18.018,-1.0961,-49.084,-1.119,16.531,0.75667,-8.1423
17.4,0.083164,0.010156,-0.063716,-0.99231,-0.06426,0.081133,-0.01281,-2.6316,14.819,-0.73188,-47.956,1.719,17.125,3.2077,-10.23,0.09796,0.091368,-0.0068591,-0.99074,-0.060971,0.089228,-0.019435,-2.2598,15.527,0.7086,-49.929,-1.3816,14.453,0.60467,-8.9902
17.5,0.099359,0.01285,-0.047719,-0.98603,-0.062717,0.092941,-0.015411,-1.9527,14.209,1.586,-46.996,0.21209,16.396,1.9515,-9.2571,0.080858,0.074189,-0.014954,-0.98279,-0.057748,0.097144,-0.017129,-0.49925,14.598,0.62113,-51.422,-1.1174,14.1,0.2012,-10.063
17.6,0.10105,0.01934,-0.056733,-0.98608,-0.057156,0.085127,-0.015264,-2.2241,15.072,-1.5059e-05,-46.616,0.88549,16.371,1.1903,-12.142,0.093367,0.076774,-0.020712,-0.99694,-0.060101,0.091378,-0.022244,0.52644,15.928,1.19,-50.6,-0.7871,14.806,2.8522,-7.8108
17.7,0.096463,0.048973,-0.04976,-1.0016,-0.052647,0.08604,-0.020462,0.17343,14.504,0.72275,-49.73,-1.4399,15.38,0.606,-9.4824,0.096855,0.086572,-0.017716,-0.97981,-0.05382,0.10082,-0.021188,-1.0612,13.468,0.43811,-46.896,-0.93082,14.273,0.25969,-5.7961
17.8,0.091211,0.025112,-0.061651,-0.98591,-0.052967,0.09532,-0.023629,0.061462,12.418,2.8437,-46.453,-0.11373,16.994,-0.20156,-7.0525,0.077606,0.07509,-0.024821,-0.96712,-0.057596,0.089986,-0.022627,-1.1329,12.562,-1.108,-48.467,-0.31414,14.29,0.23849,-9.2915
17.9,0.093984,0.010609,-0.058047,-0.98286,-0.056966,0.081993,-0.018072,-1.5248,9.9737,2.114,-47.838,1.5132,17.1,-1.1476,-8.7317,0.099429,0.044606,-0.025201,-0.98602,-0.05904,0.10459,-0.016125,-1.5253,13.301,0.072574,-50.317,-0.539,15.42,0.56821,-5.6499
18,0.11377,0.02593,-0.049765,-0.98648,-0.057464,0.094675,-0.024206,0.6841,10.488,0.30214,-46.983,1.3696,17.844,0.79355,-7.797,0.089037,0.083782,0.013597,-0.9908,-0.045469,0.10162,-0.025247,-0.47289,10.238,1.0883,-47.764,0.60576,14.254,-1.0503,-7.7715
18.1,0.11368,0.00078147,-0.052675,-0.99193,-0.043282,0.082703,-0.021107,-0.30254,9.6201,-0.78891,-45.423,2.3779,17.523,-0.45964,-8.0974,0.089505,0.040698,-0.016808,-1.0142,-0.034659,0.086273,-0.028249,-1.5599,12.427,2.3925,-48.315,0.88548,12.669,1.7852,-6.1142
18.2,0.10694,-0.0070119,-0.057349,-1.0115,-0.041375,0.08706,-0.032143,-2.3021,11.132,1.1726,-46.295,-0.15726,18.114,0.30897,-8.187,0.080864,0.039974,-0.031831,-0.9999,-0.047014,0.095335,-0.021033,-0.96388,11.219,1.2124,-48.632,-1.2412,13.149,-2.0803,-8.0118
18.3,0.1101,0.0027552,-0.034876,-1.0117,-0.037677,0.090068,-0.02465,-1.166,10.779,2.5742,-43.519,1.4047,19.064,-1.0948,-7.3134,0.10078,0.039052,-0.0060313,-1.0045,-0.049602,0.087795,-0.017921,-1.8918,11.507,1.2163,-46.864,-0.88626,15.279,1.2081,-5.3196
18.4,0.11268,-0.015225,-0.056016,-0.98653,-0.043066,0.089162,-0.033525,-0.5064,10.085,1.2621,-43.595,-0.68631,18.443,0.83578,-5.8949,0.11757,0.043901,-0.011996,-0.9869,-0.047369,0.090648,-0.019705,-1.6384,11.279,-0.953,-47.62,-1.2626,14.243,1.2816,-4.3635
18.5,0.10996,-0.004017,-0.025957,-0.97953,-0.035103,0.088573,-0.019381,0.46144,9.5006,0.45254,-43.568,1.7909,17.873,0.95922,-6.0626,0.086858,0.047604,-0.0082219,-1,-0.040662,0.086161,-0.014225,-1.0745,11.818,0.17745,-46.184,0.55681,13.389,1.3079,-5.1399
18.6,0.11788,-0.0059155,-0.049066,-1.0077,-0.040234,0.081167,-0.026638,0.88892,11.388,0.25301,-42.524,1.3721,21.225,1.0038,-6.0695,0.097975,0.03337,0.00029826,-0.99293,-0.037276,0.094584,-0.019104,-0.6085,8.1265,0.15612,-47.42,-0.73684,13.89,2.1146,-5.1144
18.7,0.11825,-0.012289,-0.032962,-0.9725,-0.028411,0.076069,-0.029998,-0.23489,9.0693,1.7636,-42.983,0.46332,18.009,1.4673,-4.2862,0.097779,0.016834,0.0050925,-1.0115,-0.039202,0.094237,-0.021833,-1.1411,9.6063,2.1044,-44.467,0.3634,10.897,1.4715,-6.7878
18.8,0.14022,-0.03711,-0.020686,-0.99523,-0.030988,0.080102,-0.032682,-0.43116,7.6325,-0.95762,-44.238,0.58756,17.3,1.7796,-4.5389,0.11381,0.03475,0.0038642,-0.98116,-0.025976,0.094829,-0.020074,0.6326,7.5801,0.92092,-48.093,-0.99579,13.711,-0.038584,-3.3654
18.9,0.11292,-0.027973,-0.033361,-0.99138,-0.032733,0.075337,-0.028984,0.0088367,6.3021,1.5908,-43.754,-0.5895,18.466,1.7029,-5.5416,0.10298,0.0078606,0.0011132,-0.98268,-0.032798,0.089702,-0.025665,-1.5502,9.5799,1.3197,-45.338,-1.9368,11.345,0.23102,-4.5748
19,0.12754,-0.024375,-0.019399,-0.97201,-0.029413,0.080911,-0.038032,0.22874,4.8845,1.0763,-43.504,-1.0771,18.335,3.0852,-5.2173,0.11922,0.0069329,-0.0031162,-0.99857,-0.029754,0.083012,-0.022075,-0.43596,8.5457,0.22941,-46.464,-0.65796,11.559,-0.16764,-2.455
19.1,0.14027,-0.037268,-0.032135,-0.99212,-0.036678,0.080656,-0.044363,-0.061073,6.8178,-0.38779,-42.848,-0.0162,18.46,2.0019,-4.1564,0.12036,0.03166,-0.0079429,-0.98561,-0.022203,0.084158,-0.010693,0.4024,8.7033,1.8134,-43.592,-0.8009,9.8757,-0.24409,-5.1114
19.2,0.11884,-0.03187,-0.014803,-1.0014,-0.027851,0.08399,-0.033206,-1.2952,5.7052,1.6302,-41.337,-0.054123,20.426,-0.2439,-3.0449,0.12605,-0.0070441,-0.00085437,-0.98491,-0.025147,0.085754,-0.012267,0.68163,8.528,1.4837,-44.653,-0.69905,9.9759,0.749,-3.1161
19.3,0.12517,-0.042399,-0.034409,-0.988,-0.030701,0.086954,-0.044464,-0.010854,6.407,0.87155,-41.233,-0.61226,18.684,0.59149,-2.5411,0.11884,0.0024885,0.0020072,-0.99394,-0.031382,0.079905,-0.016128,-1.2937,4.7855,1.5677,-43.874,-1.3986,10.549,-0.39301,-3.0373
19.4,0.11424,-0.042636,-0.022955,-0.97275,-0.026413,0.075375,-0.031081,0.099382,2.764,0.98037,-40.214,1.0005,17.681,1.1854,-4.155,0.095329,-0.01996,0.0016671,-0.98795,-0.021028,0.085036,-0.017189,-1.1435,8.2595,-0.32116,-44.257,-1.1591,8.0055,1.1365,-4.2516
19.5,0.14191,-0.046826,-0.022223,-0.98716,-0.021772,0.078658,-0.031735,-2.2857,5.6656,0.88098,-41.571,0.24425,18.536,-1.9329,-4.2267,0.10566,-0.0092061,0.010527,-1.0023,-0.015207,0.082537,-0.019053,-0.43262,4.9058,-0.96135,-44.764,-1.2276,10.695,0.28691,-4.0333
19.6,0.11868,-0.044279,-0.029539,-0.99422,-0.017185,0.072914,-0.039154,0.32437,5.0159,1.6732,-39.59,0.38701,16.276,-0.081848,-4.0757,0.11461,-0.0031591,0.013938,-0.98812,-0.015783,0.084219,-0.017238,-0.56395,6.2074,1.9074,-43.399,-0.56704,10.211,0.33532,-1.9592
19.7,0.12842,-0.052216,-0.00033773,-0.97589,-0.016926,0.080509,-0.024998,0.11465,4.4405,2.58,-39.791,-0.73514,18.054,-0.057104,-4.6879,0.11094,-0.022978,0.018643,-1.001,-0.016745,0.090005,-0.010938,-2.1283,5.4266,0.18028,-41.702,-1.3395,8.2648,0.20451,-2.1689
19.8,0.12717,-0.04335,-0.016272,-0.99353,-0.0059363,0.077384,-0.035402,-1.9584,3.1173,0.73212,-41.33,1.5941,17.487,0.024391,-3.6074,0.10757,-0.025243,0.014936,-0.98999,-0.017196,0.073511,-0.019849,-1.5396,6.3589,1.2364,-42.356,1.2686,8.6636,0.49263,-3.6203
19.9,0.14243,-0.055517,-0.012984,-0.98584,-0.010225,0.077443,-0.030966,-2.6111,4.6397,0.41435,-41.458,-0.082999,17.18,0.6052,-2.0063,0.11616,-0.012204,0.0074651,-0.99403,-0.019183,0.087053,-0.012495,-1.9946,4.72,2.0817,-43.482,-1.485,9.261,-0.52202,-2.52
20,0.14886,-0.062601,-0.0071948,-0.99334,-0.021129,0.078899,-0.036344,-0.95397,3.2861,0.77137,-39.602,-1.6885,14.5,-0.50112,-4.1579,0.11744,-0.0086583,0.029278,-1.0039,-0.014116,0.084273,-0.0091971,-0.23319,5.6054,1.035,-42.69,0.17264,8.9636,0.70146,-3.2858
20.1,0.1405,-0.078369,-0.021447,-0.99696,-0.015673,0.075369,-0.029476,-1.2545,2.3762,-0.25509,-39.34,-0.45968,17.311,0.18526,-3.8314,0.12315,-0.028461,0.017836,-0.98961,-0.017074,0.0714,-0.012938,-1.0828,2.9974,0.0016659,-43.26,-1.5354,9.3362,-0.059703,-3.422
20.2,0.13691,-0.07592,-0.018192,-0.98744,-0.0083161,0.070771,-0.029386,-0.95592,3.0489,0.73329,-39.22,-0.24676,17.587,-0.94127,-2.3627,0.11609,-0.03996,0.014804,-0.97743,-0.0098381,0.078899,-0.0053728,-1.0419,2.7998,1.7413,-40.294,-1.0992,6.1333,1.3909,-4.4658
20.3,0.14325,-0.069724,-0.031047,-0.9747,-0.0070829,0.069896,-0.032628,-2.3281,2.1925,0.029296,-38.811,-0.45235,15.802,0.75965,-4.2784,0.11232,-0.046491,0.020305,-0.97821,-0.007083,0.070886,-0.0083537,-0.5734,2.8354,0.75224,-40.844,0.076325,7.6064,-1.1524,-3.4031
20.4,0.12618,-0.073947,-0.0042974,-0.99097,-0.014945,0.053257,-0.026352,-0.72478,1.6627,0.69629,-38.42,-0.79652,16.153,-0.82665,-4.3254,0.13215,-0.036881,0.024403,-0.99194,-0.010488,0.067218,-0.011686,-1.6015,2.5502,0.090887,-41.466,-0.1149,6.3286,0.16598,-3.4407
20.5,0.14556,-0.081278,0.0043055,-1.0004,0.0064926,0.066834,-0.028866,-1.8031,1.3,0.317,-38.281,-0.83243,16.619,0.098152,-4.1884,0.098212,-0.049711,0.038618,-0.98101,-0.0069944,0.076192,-0.0070982,-1.8489,2.0407,0.1254,-43.176,-0.86084,5.9053,-1.0506,-2.5586
20.6,0.14148,-0.076868,-0.010471,-0.98431,-0.0068373,0.076244,-0.031857,0.15899,0.6771,1.5817,-38.542,-0.40907,15.572,-0.53771,-4.0838,0.10406,-0.069399,0.03455,-0.98365,-0.0074835,0.071701,-0.008338,-0.1475,1.2225,1.5008,-40.373,-0.64859,7.1865,-2.2676,-5.1835
20.7,0.14109,-0.10542,0.016153,-0.97102,-0.0017722,0.062848,-0.023955,-2.7461,0.45327,-0.67133,-36.873,-0.78931,15.688,1.5043,-6.6924,0.12976,-0.035806,0.0027263,-1.0012,0.00011511,0.075508,-0.0036548,-1.8386,1.1663,0.81662,-40.389,-1.4663,5.7833,-0.28696,-2.5086
20.8,0.1524,-0.080915,0.0095152,-0.99159,0.007691,0.069582,-0.025186,-1.1787,0.10835,1.0773,-35.891,-1.6269,15.396,-0.060256,-5.7036,0.12392,-0.071081,0.023298,-0.99536,-0.0033744,0.070155,-0.0019023,0.17148,0.083596,0.24451,-39.259,-1.6731,5.1278,-0.4811,-4.2437
20.9,0.15576,-0.098378,0.010619,-0.9843,0.0010978,0.058753,-0.022812,0.43158,0.090225,0.051496,-38.212,-1.7948,15.576,-0.24067,-6.2262,0.14455,-0.034203,-0.0058671,-0.98695,0.0026738,0.064006,-0.0049949,-0.99163,0.6287,1.522,-38.858,-0.095341,8.116,0.14902,-5.9084
21,0.1366,-0.10375,-0.0065813,-0.98165,-0.0083714,0.054777,-0.02132,1.5182,-1.2625,-0.30072,-36.701,0.1292,13.314,0.71905,-5.7727,0.13891,-0.0685,0.020626,-0.99142,-0.0080662,0.072885,0.0014273,-0.051412,-0.46182,1.0753,-39.608,1.0325,5.2891,-0.68183,-4.8757
21.1,0.1431,-0.077491,0.0060337,-0.99186,0.00044731,0.064604,-0.019438,-1.0881,-0.90394,1.7222,-35.373,-0.76633,12.267,-1.8406,-5.6464,0.13046,-0.0727,0.019619,-0.99287,0.0069715,0.063787,0.0062918,0.7335,-0.29463,0.083359,-39.185,0.10296,4.4428,-0.73768,-6.227
21.2,0.14005,-0.094228,-0.0058829,-0.99039,-0.0021188,0.054745,-0.017923,-2.0573,-0.19125,-0.20815,-37.25,-2.1712,13.701,-1.1333,-5.8946,0.11551,-0.075287,0.022399,-0.98904,-0.0087911,0.060154,0.00404,-1.2745,-2.2764,-1.9763,-40.358,-1.0054,4.4788,-0.42688,-5.6734
21.3,0.14799,-0.11147,0.0011522,-0.97614,-0.0023874,0.057255,-0.015787,-1.756,-1.6037,1.0965,-35.844,0.1162,12.523,-1.1328,-5.732,0.13016,-0.081641,0.029067,-0.97605,0.0029557,0.057451,0.0049856,0.51,-3.6675,-0.17476,-39.332,-1.4972,4.2656,-0.79402,-7.5163
21.4,0.14791,-0.12066,0.0025038,-0.98285,0.0046018,0.052036,-0.012502,-3.0937,-2.3445,0.058217,-35.289,-0.54273,13.191,-2.1482,-6.1431,0.10475,-0.0791,0.033202,-0.9813,0.0057559,0.057321,0.012125,-3.629,-1.4323,1.9827,-36.637,0.4206,5.2805,1.94,-4.1288
21.5,0.14707,-0.10657,0.013198,-0.9836,-0.0013684,0.052798,-0.012093,-1.3273,-3.784,0.63971,-35.085,-0.99437,12.419,0.39879,-6.5265,0.11853,-0.088494,0.017767,-1.0019,-0.0028031,0.066511,-0.00029388,-0.13211,-3.6298,0.0537,-38.575,-0.58332,2.5174,0.27845,-3.6663
21.6,0.14305,-0.11176,-0.011575,-0.9807,0.0014569,0.04261,-0.0064547,-2.3312,-3.4613,1.0021,-33.716,-2.3219,11.197,-0.32654,-8.1019,0.12422,-0.10512,0.036534,-0.97672,0.0050406,0.057398,0.0063466,-2.8825,-2.3691,0.01861,-36.829,-1.5497,2.7344,0.084831,-6.1885
21.7,0.1269,-0.12317,0.017726,-0.98771,0.0013064,0.044046,-0.017861,-1.3149,-4.2785,-1.4464,-34.565,-0.40347,10.353,-0.30773,-8.2965,0.12759,-0.11169,0.012442,-0.98971,0.0085752,0.056905,0.014984,-1.0048,-3.3709,-0.35851,-37.388,-1.6001,2.3777,-1.0755,-7.9301
21.8,0.13666,-0.11056,0.021998,-0.98548,0.011102,0.049512,-0.01765,-0.81913,-4.7964,2.6609,-34.588,-0.72658,9.3925,-1.2683,-8.5224,0.12652,-0.075096,0.0099631,-0.99145,0.0079751,0.057968,0.012255,-0.81068,-3.8088,1.4237,-36.001,-0.52561,2.963,-1.7847,-6.7038
21.9,0.15376,-0.12314,0.018298,-0.99509,0.0020164,0.045798,-0.015664,-0.14077,-4.5999,0.91504,-33.763,-2.1831,12.168,-0.59451,-7.846,0.11745,-0.089051,0.015129,-0.97514,0.0089938,0.065719,0.014187,-1.6228,-4.6542,-0.37629,-37.282,-0.58321,3.3546,-0.8515,-7.8117
22,0.1411,-0.125,0.01879,-0.99197,0.0070137,0.045043,-0.0059052,-0.32458,-3.7054,0.70697,-34.344,-0.75689,8.8532,-0.7028,-8.0629,0.12593,-0.11437,0.03784,-0.99528,0.0042192,0.052394,0.0030954,-2.0556,-3.1503,-0.047608,-37.671,0.044416,1.0015,1.148,-7.5293
22.1,0.13581,-0.11514,0.017169,-0.98208,0.012089,0.046748,-0.0062271,-1.4375,-4.2066,-0.58913,-34.059,-0.056713,9.591,-0.054086,-8.5229,0.12313,-0.093825,0.038343,-0.98102,0.0098993,0.059768,0.014694,-0.62532,-5.3307,0.49635,-38.777,-1.6725,1.1301,-0.69371,-7.7487
22.2,0.13773,-0.12585,0.0050292,-0.98476,0.012247,0.044969,-0.01014,-1.7115,-5.9085,-0.96491,-32.147,-1.5404,10.704,0.61546,-8.409,0.13636,-0.097465,0.0061409,-0.98393,-0.00036741,0.048515,0.013495,-2.3729,-3.8447,0.86331,-35.13,-1.3625,1.1761,-1.4532,-6.6462
22.3,0.14253,-0.1311,0.011263,-0.98708,0.0080189,0.042248,0.0031362,-2.0533,-5.3997,-0.29513,-33.132,-1.5849,9.9381,-0.10173,-8.4871,0.14568,-0.093023,0.019971,-0.98537,0.017593,0.045567,0.01499,-2.4539,-6.0795,-0.39187,-35.581,-2.1476,0.5295,0.3487,-7.6132
22.4,0.15542,-0.11595,0.026994,-0.98109,0.014818,0.042436,0.00034922,-3.635,-6.0726,1.3863,-34.078,-0.30969,11.322,-0.9553,-9.4226,0.11433,-0.11712,0.013205,-0.98348,0.0066635,0.046152,0.018334,-0.97598,-5.1522,1.1384,-33.812,-0.1011,2.1933,-0.44731,-8.5791
22.5,0.15045,-0.12525,0.032912,-0.97546,0.0045954,0.028059,-0.012336,-2.6299,-7.2741,1.7424,-30.823,-1.096,9.3064,0.45236,-8.3684,0.11616,-0.10249,0.026732,-0.98389,0.0066165,0.054094,0.0015191,-1.4204,-6.4385,2.7692,-33.705,-0.61863,3.7497,-1.3662,-8.5491
22.6,0.12848,-0.10731,0.028685,-0.99087,0.0089874,0.040805,0.0092832,0.75826,-6.9921,0.63576,-29.96,-0.8399,9.4632,-1.2029,-10.81,0.11217,-0.092465,0.007969,-0.98841,0.017207,0.053116,0.018572,-1.1864,-5.6866,-1.5364,-35.684,-1.373,2.1577,-0.44449,-9.9489
22.7,0.14038,-0.1328,0.02815,-0.98806,0.011859,0.025172,0.0014038,-0.67423,-7.2996,-0.022785,-31.681,1.1112,8.9412,-0.57711,-11.126,0.11756,-0.10981,0.01697,-0.98604,0.015099,0.044485,0.016634,-0.43372,-8.793,2.3625,-34.524,-0.83708,1.4834,-2.1785,-8.6941
22.8,0.13513,-0.11917,0.025934,-0.98224,0.011527,0.041294,0.0090509,-1.4846,-6.954,0.11383,-29.612,-2.4147,8.6231,-0.83154,-11.732,0.11804,-0.12267,0.015185,-0.98007,0.016446,0.044683,0.024424,-1.4001,-4.9882,-0.61677,-34.158,-0.51956,2.6559,-1.0241,-9.4605
22.9,0.14717,-0.15356,0.026622,-0.98945,0.015042,0.037918,0.0076024,-1.5461,-9.7363,-1.1423,-30.589,0.81132,8.9669,-2.052,-11.619,0.11942,-0.11115,0.021297,-1.0043,0.0118,0.040712,0.021591,-1.4882,-6.0645,1.245,-33.929,-0.30277,1.6811,-1.2413,-10.161
23,0.13166,-0.14667,0.012506,-0.9764,0.017678,0.027977,0.00432,-0.22103,-7.6873,0.97392,-30.679,0.87063,8.628,0.55567,-10.634,0.11347,-0.12435,0.020615,-0.98004,0.0051941,0.036866,0.018262,-0.24152,-6.8226,0.17456,-33.457,-0.49476,-0.1746,-0.76799,-9.6544
23.1,0.13044,-0.14308,0.023223,-0.97985,0.013959,0.030221,0.0050008,-0.62879,-8.025,-0.12508,-30.053,-0.84712,8.8344,-0.83004,-13.475,0.10966,-0.12159,0.0028798,-0.97847,0.017653,0.050019,0.010138,-1.2968,-7.384,-1.1261,-31.447,0.15441,0.91571,-0.75622,-12.614
23.2,0.12623,-0.14602,0.0087771,-0.96854,0.0067189,0.036741,0.011555,-1.1209,-9.5439,0.35287,-31.404,-0.85029,6.2441,-0.034634,-13.128,0.12433,-0.11853,0.0075428,-0.9791,0.015409,0.040894,0.020324,-2.2095,-7.5899,0.47303,-32.114,-2.1366,-0.70891,-1.6474,-10.693
23.3,0.13707,-0.13421,0.019433,-0.97717,0.0095089,0.021769,-0.00073899,-1.7477,-8.4951,-1.5236,-29.022,0.36273,7.9856,0.48503,-12.768,0.12672,-0.11841,0.024159,-0.98987,0.017691,0.04087,0.02931,-1.7883,-7.3715,2.1265,-32.259,-0.44332,1.3476,-1.272,-10.139
23.4,0.14594,-0.15596,0.017199,-0.98889,0.014911,0.026096,0.0061016,-0.66725,-10.012,1.1727,-29.428,-0.68709,7.3648,0.72298,-13.084,0.1185,-0.11095,0.027851,-0.99567,0.012218,0.030051,0.02072,-2.0955,-7.9555,-1.1984,-33.484,0.38807,1.234,-0.28788,-11.535
23.5,0.15207,-0.12567,0.021249,-0.98312,0.019646,0.027586,0.010585,-1.5596,-10.171,1.426,-31.699,-1.6064,7.6334,0.043177,-13.11,0.10817,-0.13412,0.033305,-1.0015,0.016444,0.03052,0.024509,0.099284,-9.1205,-0.9982,-30.635,0.47011,-0.18462,-1.7376,-12.063
23.6,0.13463,-0.12944,0.022373,-0.98466,0.019212,0.020272,0.019006,-3.6406,-9.1752,0.11824,-27.342,-0.86004,7.1976,0.78848,-11.77,0.11663,-0.12628,0.0047226,-0.99146,0.017402,0.03651,0.022608,-0.51444,-8.3826,1.1827,-30.104,-0.17601,1.3349,-0.85626,-11.299
23.7,0.13416,-0.15795,0.013562,-0.97511,0.023479,0.014972,0.017128,-0.57147,-10.591,1.1578,-29.678,0.39712,4.9112,-1.0764,-11.666,0.11611,-0.12518,0.0071611,-0.97831,0.014527,0.031554,0.017913,-1.3259,-10.304,1.6363,-29.722,-0.51802,-1.1471,-1.4109,-11.634
23.8,0.13109,-0.17531,0.008446,-0.97007,0.014005,0.020036,0.025683,-0.6388,-11.789,2.0777,-27.107,-0.7282,5.7892,-0.68004,-13.434,0.10007,-0.11918,0.019481,-0.98282,0.020481,0.025819,0.026936,-1.6551,-12.473,-0.41384,-31.259,-0.27526,2.7608,-1.6711,-13.029
23.9,0.11632,-0.1602,0.017854,-0.96641,0.013752,0.011677,0.012346,-1.3991,-12.264,1.2907,-26.905,-0.014241,6.4394,-0.42904,-13.869,0.092402,-0.14458,-0.00058721,-0.9731,0.017685,0.021981,0.024747,-2.7004,-11.914,-0.64371,-29.135,0.045498,0.014839,-1.9901,-14.221
24,0.12368,-0.14041,0.020508,-0.97916,0.028337,0.016272,0.016405,1.0567,-12.538,-0.34064,-27.2,1.5996,5.5666,-1.0403,-13.428,0.10816,-0.1417,0.00080997,-1.0198,0.022392,0.025995,0.029198,-0.10007,-11.395,-0.43728,-30.64,1.7116,0.76329,-1.5166,-11.262
24.1,0.12591,-0.1507,0.037119,-1.0047,0.015816,0.020786,0.019473,1.0129,-12.322,0.31418,-25.334,-0.0026836,6.1365,-0.7929,-15.842,0.11195,-0.1345,0.017705,-0.96796,0.029951,0.026713,0.031281,-1.6959,-11.674,0.53972,-31.388,0.34135,1.2462,-1.2667,-13.953
24.2,0.13181,-0.16292,-0.0060412,-0.97318,0.018274,0.014543,0.024426,-2.5082,-10.351,1.7291,-26.002,-2.0506,6.0327,-1.7893,-13.271,0.10166,-0.15057,-0.0031026,-0.98734,0.018793,0.016328,0.024706,-1.1355,-11.186,0.16207,-29.145,-0.87175,0.078358,-1.3323,-12.588
24.3,0.11518,-0.15798,0.024475,-0.99187,0.019488,0.01173,0.029108,0.25417,-12.969,2.4488,-27.031,-0.61354,5.7044,-1.956,-14.285,0.096819,-0.15235,-9.6536e-05,-0.98101,0.013801,0.028697,0.03095,0.47222,-12.853,1.6769,-29.055,-1.2971,0.95665,-1.9619,-13.045
24.4,0.11713,-0.15325,0.0077849,-0.97564,0.032405,0.007166,0.018434,-2.1332,-13.185,0.42715,-26.758,0.53205,5.9255,-2.2257,-14.961,0.096459,-0.13678,-0.0079046,-0.9906,0.026609,0.017815,0.025214,-0.92911,-12.469,2.1294,-29.218,-1.1171,1.6202,1.811,-16.511
24.5,0.11613,-0.13764,0.0076363,-0.97429,0.017905,0.01511,0.017267,-2.3931,-12.859,1.223,-24.942,0.99465,4.6734,-0.09962,-14.502,0.098523,-0.1335,-0.0014237,-0.98193,0.030633,0.0067754,0.032602,-0.98929,-13.377,0.084905,-27.711,0.96672,2.3364,-0.65135,-14.186
24.6,0.1095,-0.15661,0.006428,-0.96281,0.021839,0.012692,0.024405,0.24878,-14.464,0.18754,-24.156,1.2195,5.4,-0.070754,-16.712,0.079768,-0.14323,0.009853,-0.98141,0.028522,0.015492,0.027863,-1.8663,-14.2,0.3585,-27.414,-0.58128,1.2386,-1.0113,-17.225
24.7,0.10066,-0.17088,0.015453,-0.98233,0.026131,0.011173,0.017366,0.03474,-13.954,2.01,-25.22,-0.87247,6.7159,-0.30877,-17.395,0.098636,-0.14323,0.0034553,-0.99534,0.013156,0.017571,0.029726,-0.19193,-12.459,-0.62411,-28.231,-0.39995,2.665,-2.2967,-16.577
24.8,0.11274,-0.15521,0.005175,-0.96612,0.034302,0.0071699,0.021678,-2.746,-14.855,2.7071,-24.528,-1.4977,5.1487,-1.6174,-17.135,0.093019,-0.15068,-0.014034,-0.98992,0.019924,0.010089,0.018361,-0.42625,-13.786,-1.3337,-27.537,1.7354,1.4965,0.023212,-15.84
24.9,0.10978,-0.17343,0.03893,-0.97936,0.028156,0.0066959,0.02047,-0.79142,-15.919,-1.9071,-23.197,-0.23747,6.4585,0.0062419,-18.703,0.11103,-0.12253,0.0052774,-0.98941,0.034558,0.017211,0.031363,-0.77176,-14.642,-0.051512,-27.614,0.2774,1.0618,-1.5201,-14.846
25,0.10937,-0.15513,0.019141,-1.0028,0.023032,0.0045273,0.029169,-0.6593,-15.476,1.1599,-26.023,-0.29761,5.0739,-1.7695,-16.319,0.0801,-0.15432,-0.0075609,-0.97396,0.025665,0.0047243,0.018175,-1.8712,-17.339,1.5668,-27.264,1.3045,2.7071,0.23941,-16.659
25.1,0.097354,-0.16161,0.012291,-0.98716,0.026422,-0.0035559,0.020908,-1.301,-15.775,0.62184,-23.059,0.54148,6.2131,-0.9072,-20.061,0.087722,-0.15005,0.0080186,-0.99171,0.027264,0.011504,0.022465,0.24289,-17.389,0.76203,-26.755,0.76765,1.739,-1.7645,-16.276
25.2,0.098997,-0.17187,0.0097418,-0.99884,0.028341,-0.00037321,0.027928,0.47023,-16.448,1.2671,-22.95,-1.9094,5.4634,-2.3376,-17.805,0.093441,-0.14182,-0.00036353,-0.97051,0.025113,-0.00020464,0.024953,-1.4374,-15.551,0.34246,-26.028,0.90186,4.3287,-2.0426,-18.708
25.3,0.11835,-0.1591,0.019495,-0.98823,0.038397,0.0016782,0.025062,-2.5024,-18.305,0.17981,-23.037,-0.83909,4.4885,-1.7707,-20.176,0.080227,-0.14972,-0.011943,-0.98255,0.027735,0.0088657,0.036961,-2.2607,-16.656,0.64687,-26.216,2.0629,3.5884,1.7932,-18.329
25.4,0.11251,-0.1742,0.012666,-0.99593,0.039365,-0.008222,0.017218,-0.48287,-17.34,-0.08293,-21.081,0.49788,4.4328,-1.7102,-19.588,0.093704,-0.14599,0.020366,-0.99742,0.030426,0.013049,0.030412,-0.52378,-16.991,0.19333,-24.953,0.59036,3.118,-1.479,-17.994
25.5,0.099432,-0.14751,0.0051897,-0.9813,0.031479,-0.018612,0.026778,-0.49195,-18.868,-0.20867,-22.252,-0.81745,5.3929,-1.848,-18.169,0.090197,-0.1287,-0.024942,-0.99222,0.033651,-0.00034695,0.024883,-1.6712,-16.833,1.3442,-24.542,0.11282,3.7801,-3.5852,-18.234
25.6,0.10483,-0.17218,0.01116,-0.98262,0.035668,-0.00984,0.022176,-1.5517,-19.625,0.20086,-21.501,-0.022805,7.2761,-0.46819,-21.021,0.081441,-0.15571,-0.027862,-0.98142,0.038716,0.0042383,0.020433,-1.5528,-17.414,0.38785,-24.452,1.9656,3.8576,-0.79368,-19.442
25.7,0.079997,-0.13734,-0.006489,-0.97291,0.027454,-0.0030402,0.026032,-0.25874,-19.507,0.50292,-22.798,1.1142,3.8484,-0.70417,-19.168,0.06171,-0.15521,-0.0075916,-0.99442,0.02708,-0.0026911,0.028039,-1.5988,-19.781,-0.14955,-24.055,0.56917,5.3904,-0.6129,-18.74
25.8,0.11595,-0.16073,0.012565,-0.98385,0.038014,-0.0061139,0.034615,-1.6043,-17.993,-1.0347,-20.609,0.66159,6.5298,-0.062232,-21.402,0.065641,-0.15779,-0.021834,-0.99301,0.037269,0.0018363,0.028172,-1.6954,-17.615,-0.2275,-25.04,1.3795,4.4009,-0.75343,-19.626
25.9,0.10207,-0.15121,0.003945,-0.98481,0.040734,-0.015104,0.028433,-1.3533,-19.654,0.40764,-21.192,-0.71345,7.0722,-0.32377,-18.94,0.061545,-0.16117,-0.019922,-0.99496,0.022186,0.0051114,0.0244,-1.4378,-16.855,-0.13127,-25.903,0.21657,6.6595,0.14216,-19.658
26,0.11005,-0.14072,-0.0010966,-0.98215,0.041407,-0.0181,0.021719,-0.46053,-19.792,1.7419,-21.689,0.89918,7.4315,-1.807,-18.457,0.085734,-0.14686,0.0026903,-0.99573,0.027109,-0.006112,0.036564,-1.708,-16.516,1.235,-22.74,1.9022,5.2786,0.39065,-20.197
26.1,0.094853,-0.1454,0.011736,-0.98025,0.027886,-0.022006,0.026166,-2.2815,-20.552,0.53039,-22.356,-1.2689,7.8465,-0.76257,-20.428,0.063825,-0.14499,-0.021753,-1.0024,0.045388,-0.004831,0.034725,0.39473,-19.964,-0.3259,-25.384,0.1806,3.9047,-1.3493,-19.077
26.2,0.09778,-0.14738,0.0040631,-1.0034,0.034537,-0.028523,0.024986,-1.2169,-20.372,0.6782,-18.752,-0.1066,7.5004,-2.3665,-21.097,0.065294,-0.14554,-0.010775,-0.99293,0.039627,0.0010547,0.028745,-2.1448,-18.043,2.8188,-24.639,0.94637,4.6164,-2.759,-20.323
26.3,0.088629,-0.15021,0.0085738,-0.97867,0.038924,-0.026226,0.020008,-0.42799,-22.831,-0.12917,-21.493,1.3538,6.5241,-1.5392,-21.799,0.057208,-0.17184,-0.030166,-0.98775,0.041738,-0.015606,0.027057,-2.144,-21.002,2.1508,-22.77,1.7641,3.5771,-2.3041,-20.981
26.4,0.090633,-0.13594,-0.0092879,-0.99318,0.038442,-0.025748,0.020046,0.0040467,-20.953,-0.32421,-20.584,3.0539,8.3345,-1.2307,-21.85,0.069888,-0.16239,-0.019129,-0.99025,0.043441,-0.013462,0.03444,-2.48,-20.922,0.30162,-22.265,0.84063,6.4192,0.72746,-22.322
26.5,0.093516,-0.13968,-0.011486,-0.99207,0.042531,-0.017697,0.024317,-2.5045,-21.587,2.8652,-19.471,0.73993,8.3337,-0.96996,-23.11,0.062684,-0.1532,-0.01973,-1.0018,0.042551,-0.015864,0.028332,-0.23225,-21.295,1.3685,-21.232,0.49183,3.9094,-0.86673,-19.965
26.6,0.066295,-0.16438,0.00089677,-1.0008,0.042655,-0.012761,0.025019,-1.8663,-23.062,-0.45458,-20.1,1.0038,9.5283,-0.43103,-20.533,0.038661,-0.13564,-0.0057818,-0.96992,0.038437,-0.0055057,0.027225,0.90099,-21.236,0.88432,-21.094,0.83293,4.717,-0.7729,-21.991
26.7,0.083948,-0.15304,-0.0047434,-0.98999,0.045669,-0.028392,0.027224,-0.011137,-24.477,1.4866,-18.255,0.48235,7.554,1.1876,-24.272,0.064505,-0.15486,-0.027195,-0.96892,0.050147,-0.010221,0.032704,-0.26877,-23.471,1.8455,-21.738,1.3917,5.3675,-0.039502,-24.151
26.8,0.084288,-0.1679,-0.000506,-1.0001,0.041675,-0.022478,0.027655,-0.67375,-21.72,1.629,-18.23,0.84932,9.4383,0.34404,-24.012,0.053509,-0.15023,-0.027241,-1.0064,0.043593,-0.02147,0.024115,-2.0243,-22.224,-0.98929,-22.024,0.67181,7.1696,-1.5993,-21.944
26.9,0.071476,-0.14652,-0.0021484,-0.97484,0.05213,-0.032989,0.021765,-2.392,-23.215,-0.50154,-17.462,-0.58956,9.6359,-0.041883,-22.638,0.04904,-0.14707,-0.019959,-0.99002,0.046287,-0.013577,0.031694,-1.5663,-21.193,-0.35571,-17.222,-0.72413,7.1845,-2.3977,-21.98
27,0.078732,-0.14971,-0.01749,-0.97973,0.044705,-0.041727,0.029106,-2.2607,-22.568,1.011,-18.428,2.1879,9.6758,-2.1528,-23.978,0.047726,-0.14485,-0.021092,-0.97745,0.05212,-0.026178,0.038013,-0.30992,-22.442,0.039364,-20.127,0.18109,6.5085,-2.6626,-22.782
27.1,0.094134,-0.15347,-0.0056323,-0.97877,0.043501,-0.031812,0.023125,-0.97984,-25.026,0.73035,-18.43,0.43516,9.5133,0.044642,-22.569,0.05544,-0.14541,-0.022686,-0.99793,0.03583,-0.027171,0.02854,-0.85589,-23.121,0.78644,-19.096,1.3181,7.7547,-0.68159,-25.554
27.2,0.069661,-0.13845,-0.006413,-0.99117,0.04581,-0.034746,0.027698,-1.2209,-26.699,0.74302,-16.276,-0.29574,9.8977,-1.7574,-25.216,0.033328,-0.14505,-0.023563,-0.98315,0.045414,-0.019681,0.031197,-1.0934,-22.999,-0.15406,-20.449,-0.40935,7.5884,1.9252,-26.284
27.3,0.062147,-0.13927,-0.026593,-0.98596,0.048412,-0.0357,0.022502,-0.22193,-23.868,-0.38149,-15.55,0.77688,9.1698,-2.249,-25.889,0.053974,-0.14509,-0.026474,-0.98745,0.040891,-0.022246,0.035693,0.3421,-21.725,0.76046,-19.782,0.76705,8.3983,-0.23739,-23.942
27.4,0.04518,-0.13851,0.0052428,-0.999,0.056518,-0.029504,0.026502,-1.7193,-22.433,-0.0088762,-15.279,1.1729,10.435,-1.3686,-24.61,0.031559,-0.15966,-0.029871,-0.99207,0.037231,-0.023375,0.027159,-0.68336,-21.642,0.96003,-19.291,-0.3641,7.5125,-1.5711,-24.887
27.5,0.063781,-0.16114,-0.01962,-0.97358,0.047252,-0.039222,0.029607,-0.18073,-25.492,1.2417,-14.844,0.95487,10.307,-1.6008,-25.978,0.041103,-0.13204,-0.011968,-0.97491,0.048039,-0.03256,0.029255,0.34653,-22.633,0.95228,-17.415,-1.3365,9.2692,-1.5911,-24.334
27.6,0.050619,-0.14225,-0.026464,-0.9847,0.05787,-0.043609,0.019422,0.33333,-26.303,3.598,-16.75,-1.0647,8.1419,-1.1838,-25.277,0.032104,-0.13128,-0.032219,-0.99466,0.054721,-0.021194,0.032646,0.91121,-23.371,-0.14514,-16.549,0.99178,8.7322,-0.44664,-26.603
27.7,0.064231,-0.14132,-0.016263,-0.97732,0.043673,-0.045228,0.032909,-1.1791,-23.9,-1.2019,-15.743,1.2111,11.907,-2.8398,-26.473,0.03592,-0.14853,-0.036797,-0.99039,0.049391,-0.028413,0.024415,0.33345,-22.524,0.052164,-17.567,-0.50414,7.7666,-2.4149,-24.239
27.8,0.053928,-0.12566,-0.023003,-0.98928,0.051939,-0.038089,0.022096,0.10145,-27.008,1.458,-14.188,2.4066,10.434,-1.938,-25.532,0.035711,-0.12977,-0.028964,-0.99766,0.037913,-0.03429,0.033682,0.98304,-23.795,2.3333,-16.899,0.56199,8.3213,-0.86562,-27.523
27.9,0.048122,-0.1407,-0.0038034,-0.98325,0.048129,-0.048946,0.035993,-1.1722,-25.615,1.2068,-15.406,0.36524,14.176,-0.19824,-27.501,0.033088,-0.13999,-0.034775,-0.98399,0.052174,-0.033326,0.029452,-2.9785,-23.392,0.44238,-16.345,0.15572,11.041,-1.3101,-25.572
28,0.042741,-0.14039,-0.01136,-0.96758,0.048125,-0.045356,0.030262,-0.12888,-26.294,0.68306,-13.962,1.2746,10.954,-1.1165,-26.195,0.041307,-0.12526,-0.037642,-0.99018,0.039713,-0.029898,0.01845,1.3647,-23.99,0.33028,-17.115,-1.4536,12.552,-1.5538,-25.669
28.1,0.039555,-0.12785,-0.023297,-0.9892,0.039453,-0.045588,0.023868,0.011093,-24.972,1.0851,-15.971,0.71928,10.012,-1.2209,-27.707,0.029436,-0.12601,-0.023834,-0.9882,0.036119,-0.034172,0.025533,1.4667,-23.355,0.55028,-16.777,1.1178,11.088,-0.17742,-26.664
28.2,0.057286,-0.12868,-0.023268,-1.0028,0.055157,-0.04699,0.030918,-0.51203,-26.308,0.67701,-13.121,2.4667,9.6559,-1.247,-28.584,0.0036228,-0.13367,-0.041265,-0.98544,0.039279,-0.037404,0.022805,0.33182,-23.399,3.2672,-15.755,0.09119,11.156,-1.5509,-25.697
28.3,0.034054,-0.12232,-0.037336,-0.9771,0.051718,-0.056043,0.024788,-0.77853,-27.641,0.42274,-13.888,-0.22565,11.314,0.44641,-29.436,0.0045393,-0.13688,-0.026362,-0.98778,0.040681,-0.036204,0.012269,0.92685,-23.198,1.1432,-15.249,1.5257,10.382,-0.14869,-26.313
28.4,0.03631,-0.13793,-0.037047,-0.9719,0.054138,-0.048462,0.024199,0.54591,-24.843,1.6666,-15.148,-1.1114,14.489,-1.3784,-27.314,0.021343,-0.12482,-0.039483,-1.0007,0.025444,-0.040268,0.026249,0.19483,-23.036,1.1497,-14.226,0.35878,12.215,-0.88978,-26.934
28.5,0.022235,-0.1067,-0.024133,-0.97629,0.041965,-0.052681,0.020743,0.83117,-25.575,0.79596,-13.656,-0.82192,13.822,-1.3399,-27.179,0.023192,-0.1212,-0.058229,-0.99005,0.033789,-0.04,0.016987,0.30937,-21.471,-1.362,-15.168,1.5112,12.622,-1.0953,-27.884
28.6,0.02671,-0.12139,-0.03374,-0.99396,0.041321,-0.051012,0.023309,-0.22135,-25.159,-0.0065948,-12.069,1.8453,13.648,-0.44062,-28.18,0.021782,-0.10386,-0.042976,-0.9749,0.031412,-0.034025,0.031276,-0.5279,-21.718,0.053247,-15.716,2.3298,11.655,0.05788,-27.764
28.7,0.02985,-0.10072,-0.028676,-0.99969,0.041964,-0.058682,0.016964,-0.54544,-26.134,1.3863,-11.132,1.0737,12.592,-0.96766,-26.668,-0.0065273,-0.138,-0.036868,-0.98672,0.027484,-0.042743,0.021079,-0.18292,-19.217,-0.38934,-15.338,0.74225,11.106,-1.0911,-25.13
28.8,0.027794,-0.11018,-0.021607,-1.0065,0.041354,-0.058559,0.019871,-0.36661,-24.942,0.028961,-12.679,-0.93487,13.647,-0.60671,-28.806,0.012226,-0.11793,-0.06716,-0.99826,0.035523,-0.052378,0.031567,-0.6614,-21.55,-0.011628,-13.079,-0.37195,13.61,0.45601,-26.541
28.9,0.028306,-0.10578,-0.032766,-0.9894,0.045,-0.057478,0.01973,3.023,-24.124,2.8479,-12.078,-0.997,12.105,0.63036,-29.484,0.021032,-0.12019,-0.052307,-0.98631,0.035919,-0.051632,0.021213,1.1728,-20.963,0.69845,-13.326,-0.29452,14.17,-0.79563,-26.186
29,0.017866,-0.092205,-0.015367,-0.9823,0.043611,-0.055931,0.022191,0.72743,-25.141,1.3926,-12.281,0.19998,14.835,0.45464,-29.299,-0.005908,-0.13363,-0.042793,-0.9723,0.027989,-0.051274,0.024464,0.56838,-20.343,-0.37698,-14.55,0.98888,11.404,-0.73287,-28.35
29.1,0.02059,-0.080025,-0.035939,-0.99204,0.034667,-0.056546,0.016024,-0.36208,-23.643,1.1721,-11.515,-0.46329,13.763,-0.18355,-27.653,0.011411,-0.11373,-0.044753,-0.99246,0.032556,-0.050695,0.025891,-0.098931,-20.567,2.0374,-13.541,0.31132,11.406,-0.84689,-26.538
29.2,0.015421,-0.10333,-0.022784,-0.99333,0.036038,-0.052779,0.028422,-0.20763,-24.26,2.6297,-11.302,0.53527,15.318,0.33696,-28.537,-0.008988,-0.11739,-0.047785,-1.0117,0.021863,-0.048879,0.029379,1.2423,-21.533,2.2388,-13.451,2.8497,12.928,0.20298,-26.824
29.3,0.027988,-0.088932,-0.014877,-0.99753,0.039084,-0.059386,0.016368,1.1065,-23.268,0.40444,-9.5113,1.1485,16.178,1.0173,-27.711,0.0075292,-0.10569,-0.059724,-0.97068,0.027938,-0.041123,0.023165,1.9402,-19.181,-0.7158,-11.488,0.65046,13.885,-0.11091,-28.727
29.4,0.0034683,-0.1,-0.041884,-0.98536,0.040425,-0.061187,0.018443,0.93202,-24.992,-0.54025,-11.214,0.945,15.852,1.2968,-29.012,0.013355,-0.097013,-0.036324,-0.98049,0.021036,-0.050517,0.027302,1.8669,-20.801,0.76451,-11.621,1.5085,15.063,-0.24679,-26.367
29.5,0.0072013,-0.075148,-0.04726,-0.99897,0.027698,-0.06595,0.01962,-0.36145,-21.75,0.094773,-9.8955,0.48013,15.111,1.2319,-27.53,-0.011911,-0.11569,-0.049498,-0.98048,0.02403,-0.051722,0.025922,0.43936,-18.757,-0.65253,-13.318,2.2974,15.013,0.84022,-26.856
29.6,0.0043205,-0.08177,-0.033284,-1.0109,0.040653,-0.059633,0.022059,1.124,-22.323,1.4955,-7.7355,1.2753,15.206,0.62919,-26.7,0.00069524,-0.096938,-0.053993,-0.98575,0.026726,-0.056251,0.0086075,1.7145,-18.371,-0.51381,-13.427,-0.62209,13.745,0.62714,-26.016
29.7,0.0032756,-0.076973,-0.059679,-0.99986,0.025785,-0.058838,0.018584,0.89357,-21.868,1.5422,-9.7097,-0.095293,16.923,-0.31973,-27.661,-0.003174,-0.094376,-0.035758,-1.0054,0.024459,-0.054633,0.019091,2.0241,-20.92,0.28172,-12.514,0.23454,13.01,0.88808,-26.168
29.8,0.0095789,-0.065659,-0.046431,-0.99818,0.035728,-0.060231,0.02057,0.15537,-22.488,-0.82104,-8.0221,1.3299,17.846,1.711,-26.704,0.0069057,-0.11979,-0.032001,-0.9901,0.025659,-0.048927,0.013603,0.92184,-18.297,0.76739,-12.298,0.49611,16.083,-1.2117,-25.755
29.9,0.0014313,-0.092966,-0.034925,-0.98916,0.03126,-0.06652,0.010531,1.9628,-23.435,-0.024444,-8.8524,2.1656,16.31,1.8906,-26.799,0.0033678,-0.084664,-0.059095,-0.99837,0.023641,-0.041762,0.016818,0.39641,-15.732,1.2778,-10.855,1.3945,15.787,0.14203,-26.546
30,0.01022,-0.086812,-0.034489,-1.0003,0.037778,-0.073278,0.018063,-0.84332,-21.22,0.074871,-7.6817,0.78731,18.356,1.689,-26.206,-0.0070758,-0.087867,-0.052291,-1.0122,0.015564,-0.05078,0.010284,0.90883,-17.859,-0.24395,-11.259,1.7252,16.958,1.8409,-25.807
30.1,0.0043918,-0.059144,-0.028195,-1.0018,0.034592,-0.066996,0.016604,2.4126,-22.42,0.46704,-7.0828,1.6881,16.981,-0.016386,-25.737,-0.0072414,-0.086656,-0.070273,-0.98655,0.0162,-0.059742,0.014795,-0.66849,-15.738,0.52035,-11.1,0.95334,14.506,1.3354,-23.522
30.2,0.0045328,-0.061879,-0.038038,-0.99213,0.046506,-0.061148,0.016809,0.26185,-21.643,-1.0987,-7.6593,2.1529,17.242,1.712,-25.153,0.005726,-0.09238,-0.053713,-0.9936,0.016146,-0.04309,0.014638,2.3045,-17.433,0.49117,-9.3905,1.7597,14.024,1.3389,-24.679
30.3,-0.016888,-0.072444,-0.035873,-1.0028,0.03581,-0.060826,0.00512,1.7896,-21.23,1.7861,-6.5405,1.3662,17.253,-0.6612,-26.922,-0.02133,-0.082307,-0.05895,-1.0123,0.016473,-0.061696,0.0063757,0.70513,-15.13,1.84,-8.6737,0.6704,16.264,1.147,-24.942
30.4,-0.0028046,-0.044232,-0.045978,-0.98864,0.03625,-0.062675,0.013924,-1.2243,-21.037,-1.3977,-6.3344,1.7204,18.583,1.3668,-25.207,-0.0082989,-0.082565,-0.054192,-0.99837,0.013871,-0.056188,0.0049464,2.032,-17.455,1.188,-8.024,2.0714,15.627,1.7029,-24.954
30.5,-0.0046718,-0.071726,-0.053247,-0.99617,0.041231,-0.063074,0.015742,1.0572,-20.539,-0.74488,-6.9751,-1.1317,16.541,-2.848,-25.795,-0.0095249,-0.080924,-0.061753,-0.98866,0.012967,-0.061358,0.011192,1.9846,-15.686,1.0356,-10.092,0.31222,16.939,1.8981,-22.418
30.6,-0.014513,-0.051659,-0.028423,-1.0128,0.027791,-0.052443,0.00824,0.11476,-21.087,1.1982,-6.018,0.55526,17.61,0.58951,-24.757,-0.0021579,-0.085013,-0.042366,-0.98243,0.021633,-0.053518,0.011844,1.4092,-15.351,0.94352,-8.9506,0.29922,16.836,-0.20551,-25.078
30.7,-0.012956,-0.060214,-0.050441,-1.003,0.023532,-0.081234,0.0071794,0.85438,-19.479,-0.54335,-7.4592,-0.58294,18.281,-0.62588,-25.342,-0.010449,-0.071054,-0.07448,-0.99223,0.015585,-0.072081,0.01942,1.184,-15.994,0.27542,-8.6584,-0.093202,16.677,0.13207,-23.488
30.8,-0.02678,-0.047454,-0.035317,-0.99413,0.026682,-0.05323,0.0032017,0.83573,-18.006,-4.2872,-7.1487,0.10292,18.845,0.46052,-23.871,-0.020603,-0.057307,-0.062115,-0.99029,0.012627,-0.06062,0.0080575,-0.41727,-13.081,1.3504,-7.6587,0.4943,15.271,0.416,-23.818
30.9,-0.013496,-0.045926,-0.03555,-0.99598,0.033397,-0.058781,0.012196,0.46174,-19.052,-2.6559,-8.463,2.7213,18.625,0.45991,-23.994,-0.027344,-0.082785,-0.07547,-0.99418,0.013268,-0.059122,0.013799,0.14011,-17.251,-1.2803,-7.398,-0.08609,15.669,0.28574,-24.759
31,-0.019656,-0.036994,-0.051716,-1.0044,0.024517,-0.054041,9.2333e-05,1.1351,-17.928,-1.261,-8.838,0.56616,18.482,-1.1225,-23.679,-0.017318,-0.048119,-0.048038,-1.0048,0.021199,-0.051035,-0.0015829,1.426,-13.884,-0.075436,-8.3818,1.8127,17.319,0.75858,-22.188
31.1,-0.02475,-0.045912,-0.04107,-0.97265,0.023678,-0.067637,0.0054257,0.56862,-19.28,-0.22169,-7.5103,1.5516,20.552,0.74052,-25.094,-0.028894,-0.059483,-0.068774,-0.99942,0.0037959,-0.061076,0.015319,-0.99976,-16.115,-0.19021,-6.3616,0.045881,17.038,-0.3856,-22.899
31.2,-0.016054,-0.04807,-0.040896,-0.99509,0.02488,-0.054266,-0.0036634,0.89163,-17.612,0.14967,-8.4614,1.0859,20.97,0.5706,-22.204,-0.030508,-0.057707,-0.060936,-1.0061,0.011412,-0.066767,-0.00042644,0.18103,-13.3,0.43309,-7.1017,-0.013983,16.823,-0.33392,-22.017
31.3,-0.010823,-0.045989,-0.035791,-1.0181,0.028714,-0.062934,0.00069996,1.6811,-15.96,0.19725,-9.0104,0.62999,20.046,-0.53148,-22.666,-0.028207,-0.042013,-0.047935,-1.0017,0.015812,-0.056213,0.0048007,2.0928,-14.401,-0.58765,-7.9685,0.3706,17.296,1.0366,-22.456
31.4,-0.034417,-0.046289,-0.033825,-1.0029,0.029017,-0.055994,0.0079503,0.44718,-16.404,1.4193,-8.8832,-0.10861,21.001,-0.7383,-23.959,-0.021416,-0.054394,-0.051149,-0.99479,0.0049433,-0.056514,-0.0029903,1.4876,-12.051,-0.99387,-7.4205,0.42516,19.412,1.8862,-20.394
31.5,-0.013232,-0.034458,-0.036499,-0.9999,0.025879,-0.047743,-0.010188,2.4492,-17.154,-1.1284,-12.588,0.69146,19.776,2.2268,-22.508,-0.011625,-0.048491,-0.071841,-1.0009,0.017143,-0.064853,-0.0029702,0.83555,-14.301,-1.2322,-8.4668,-0.48183,18.769,2.0427,-19.527
31.6,-0.021293,-0.02563,-0.042285,-1.0016,0.028057,-0.051266,-0.0058017,-1.4595,-16.875,0.42267,-11.991,0.45632,20.935,1.0544,-22.826,-0.026101,-0.058316,-0.060086,-0.99565,0.0097264,-0.06022,0.0022597,2.1181,-12.616,-1.5731,-7.1753,1.3722,18.789,-1.0142,-20.821
31.7,-0.031306,-0.0049638,-0.043551,-0.98596,0.026847,-0.059958,0.00032388,0.0049378,-14.622,-0.97827,-9.9013,2.841,22.212,2.7918,-19.75,-0.047125,-0.056053,-0.063551,-0.99943,0.016118,-0.052446,-0.0088125,1.2851,-12.497,-1.1326,-8.1151,1.7314,20.999,0.56867,-19.652
31.8,-0.0098199,-0.042732,-0.0416,-0.99855,0.020979,-0.049651,-0.0070107,0.93882,-18.074,-1.7247,-11.07,0.94153,21.625,0.73229,-23.06,-0.027391,-0.036512,-0.07305,-0.99062,0.016662,-0.059349,-0.0012473,0.44942,-12.551,-0.015317,-9.4518,0.29344,19.375,2.296,-20.217
31.9,-0.037742,-0.038049,-0.038321,-1.0139,0.023822,-0.040394,-0.010964,-0.24485,-17.407,-1.3255,-12.54,0.44193,21.132,0.67837,-21.287,-0.033043,-0.03598,-0.061479,-0.98668,0.021081,-0.059137,0.0032652,-0.12596,-10.925,-1.7819,-8.2489,1.1244,19.69,1.2965,-20.456
32,-0.0088653,-0.0084324,-0.046701,-1.0052,0.027062,-0.041685,-0.0042554,0.32759,-15.33,-0.042173,-12.461,1.9157,21.206,-0.28923,-20.401,-0.039751,-0.04216,-0.0493,-1.0039,0.015091,-0.057658,0.002361,1.6816,-11.53,-1.3821,-10.142,0.18564,19.969,-0.33736,-18.437
32.1,-0.033233,-0.021703,-0.033614,-1.0066,0.029136,-0.043709,-0.010852,0.71984,-15.363,-0.86373,-14.35,1.4593,22.129,-0.4927,-21.138,-0.024141,-0.038765,-0.06066,-1.0026,0.016874,-0.049367,-0.0077341,0.88418,-10.075,-1.357,-10.833,-0.19218,20.215,-1.0937,-19.122
32.2,-0.027472,-0.0051664,-0.051181,-0.98436,0.021792,-0.046384,-0.0067008,0.51537,-13.208,-0.39831,-13.637,0.21651,22.235,-0.27784,-20.456,-0.02082,-0.020356,-0.063064,-1.0248,0.012781,-0.040376,-0.018653,1.7355,-11.63,-0.19226,-11.14,0.82667,21.697,0.52818,-18.974
32.3,-0.046618,-0.0049407,-0.046245,-0.98766,0.01892,-0.042222,-0.0064175,2.4156,-14.876,-0.7218,-12.991,-1.2289,23.855,1.2587,-21.229,-0.015373,-0.020902,-0.063009,-0.99345,0.015518,-0.041436,-0.015866,1.861,-10.138,-2.7816,-10.427,0.33416,22.699,0.93562,-18.261
32.4,-0.01721,-0.0013101,-0.030151,-1.0015,0.022705,-0.040554,-0.011519,0.43323,-14.769,-2.918,-13.696,0.26843,21.351,1.1311,-19.508,-0.0088897,-0.030538,-0.058786,-0.99439,0.0089614,-0.032094,-0.013445,3.8716,-8.9177,-2.1812,-10.893,-0.7241,21.992,-0.82811,-16.047
32.5,-0.035006,-0.0093319,-0.016457,-1.0018,0.022296,-0.047132,-0.0071836,1.2878,-13.63,0.0073465,-13.189,-1.1038,22.734,-0.30339,-20.985,-0.034805,-0.027714,-0.051927,-0.98958,0.0061338,-0.050545,-0.017306,-0.80258,-9.1979,-0.34123,-12.16,0.80467,20.932,0.60445,-17.173
32.6,-0.03637,-0.012139,-0.031794,-0.99435,0.017701,-0.030851,-0.026543,1.8924,-14.14,-0.32083,-15.216,-0.19271,22.51,-1.0931,-20.221,-0.041212,-0.031925,-0.056347,-1.0036,0.013042,-0.034707,-0.013297,0.24081,-8.6975,-2.619,-13.712,1.0267,22.976,1.3288,-18.863
32.7,-0.050717,-0.0094986,-0.046416,-0.99617,0.013438,-0.038724,-0.017501,-0.044361,-12.963,-1.6134,-13.159,-0.83953,22.988,-0.52389,-20.583,-0.02593,-0.016603,-0.074208,-1.0056,0.003135,-0.046927,-0.025448,-0.3753,-9.7119,-1.3472,-12.345,2.3472,20.89,1.0774,-18.18
32.8,-0.032035,-0.0050301,-0.033386,-1.0037,0.013834,-0.037017,-0.011258,1.8462,-12.296,-1.1773,-14.358,0.32496,22.9,0.38556,-19.156,-0.022133,-0.0063563,-0.036847,-1.0076,0.0081517,-0.039273,-0.019552,1.3081,-9.5015,-1.0412,-13.779,1.783,20.754,0.057154,-17.493
32.9,-0.02621,0.012918,-0.03208,-1.0103,0.018104,-0.04453,-0.018889,0.54058,-13.453,-1.2232,-14.967,0.89659,22.101,-1.2943,-20.374,-0.016291,-0.018121,-0.045153,-0.9918,0.010218,-0.036588,-0.023258,0.76697,-8.4977,-0.17941,-13.637,2.3099,23.415,-0.5677,-16.315
33,-0.043592,0.015828,-0.020947,-1.0137,0.016937,-0.026512,-0.011187,1.2924,-14.073,0.3384,-14.485,0.19814,21.877,-2.1685,-18.586,-0.044432,-0.0010744,-0.057327,-0.99489,0.0063753,-0.036378,-0.017311,-0.73726,-6.376,-2.2317,-11.472,2.3258,22.407,-0.69537,-16.056
33.1,-0.042888,-0.0081818,-0.037519,-0.9938,0.0098529,-0.030842,-0.013676,1.7349,-14.262,-1.7046,-15.198,2.884,24.7,-0.21129,-20.686,-0.033336,0.0026192,-0.056059,-1.0002,0.0066313,-0.034259,-0.012617,1.7466,-8.9858,-1.3918,-13.991,1.6369,23.747,1.1434,-17.946
33.2,-0.058573,-0.0020737,-0.033569,-0.98846,0.0073537,-0.032363,-0.0088139,2.6821,-11.402,-1.431,-16.013,1.2001,24.909,-0.77226,-20.277,-0.03628,-0.010761,-0.050769,-1.0205,0.010172,-0.042959,-0.016469,0.93399,-7.7986,-1.3265,-13.216,-0.43577,22.15,1.6361,-15.613
33.3,-0.032368,-0.0035642,-0.044208,-1.0188,0.012532,-0.030301,-0.016914,1.0439,-11.081,-3.0191,-16.602,0.40006,24.216,1.7322,-19.266,-0.029045,0.0041211,-0.041101,-0.99339,0.011407,-0.028527,-0.016562,1.5214,-8.5018,-2.9821,-12.79,2.0353,24.284,1.9326,-14.464
33.4,-0.038343,0.011983,-0.02637,-1.0103,0.024072,-0.028383,-0.0175,0.18169,-11.724,-0.083503,-16.444,-0.61866,23.529,0.5774,-17.726,-0.034146,0.0033993,-0.041504,-0.99046,0.0037673,-0.036038,-0.019268,-0.25485,-6.4095,-0.45658,-14.716,-1.5081,21.821,-1.5275,-14.852
33.5,-0.029866,-0.01008,-0.012463,-0.98958,0.007162,-0.022469,-0.017213,0.57476,-10.652,-0.70708,-16.309,-0.8077,24.317,-0.52471,-20.227,-0.033362,0.0025295,-0.05539,-0.99306,0.0036352,-0.029387,-0.016828,-2.0942,-5.3818,-0.32617,-13.853,1.4426,23.922,2.6031,-15.428
33.6,-0.038378,0.0035404,-0.04279,-0.99544,0.0070121,-0.030667,-0.02143,0.74227,-9.4628,-1.7249,-20.114,1.7848,25.482,0.60704,-19.45,-0.035643,-0.011354,-0.041179,-1.0139,0.0039369,-0.02417,-0.021458,1.6625,-5.1462,-1.0539,-15.59,1.5001,24.133,-0.65877,-14.064
33.7,-0.035548,0.0038936,-0.033731,-0.98851,0.0054237,-0.027314,-0.011238,0.65102,-8.8514,-1.3331,-18.015,-0.29343,24.32,0.042639,-20.51,-0.014051,0.0013692,-0.027506,-1.014,0.0049633,-0.02614,-0.020109,0.39262,-6.8557,-2.3042,-18.164,-0.49876,24.9,-1.7307,-13.354
33.8,-0.048231,0.0099111,-0.020745,-0.99457,0.0084494,-0.028514,-0.013854,1.1601,-9.3124,-1.3011,-19.888,0.54276,26.311,-0.19184,-19.726,-0.013746,0.0059119,-0.053092,-0.98218,-0.0072995,-0.025819,-0.027314,0.50829,-4.2397,-1.2725,-16.921,0.59935,24.716,0.42231,-14.474
33.9,-0.046905,0.020875,-0.025265,-1.0013,0.0095316,-0.02633,-0.0066532,-0.25875,-8.7966,-2.0927,-19.623,-0.7111,25.232,0.015567,-19.276,-0.04576,-0.018116,-0.025939,-0.99925,0.00033708,-0.019924,-0.024182,-1.0098,-4.738,-1.3933,-16.201,1.6158,23.011,-0.62206,-13.352
34,-0.060256,0.010748,-0.021172,-0.99338,0.0090943,-0.020586,-0.019216,1.4998,-7.8442,-1.8793,-19.651,-0.8647,25.599,-0.56259,-18.073,-0.026114,-0.0010049,-0.037321,-0.99155,0.013609,-0.011568,-0.030785,-0.48148,-5.2063,-1.4673,-16.92,3.3707,24.3,-0.74091,-14.637
34.1,-0.05854,0.017418,-0.018825,-0.99198,0.0046687,-0.023254,-0.013463,0.40998,-6.6721,-1.1979,-20.717,-0.71455,25.805,0.72556,-20.303,-0.024302,-0.013714,-0.048366,-0.99741,0.0015069,-0.013519,-0.033303,0.15563,-2.5781,-1.3916,-17.205,0.69779,24.812,0.90566,-12.282
34.2,-0.069134,0.0026886,-0.010764,-0.98902,0.0035984,-0.02087,-0.023658,2.0285,-9.1453,-2.7283,-19.25,-1.2888,27.461,-2.4596,-19.506,-0.024541,-0.010137,-0.032949,-1.0167,-0.0042502,-0.0088798,-0.026214,1.9196,-3.5812,-1.4102,-18.858,-0.28002,25.637,0.89582,-13.839
34.3,-0.038209,0.019955,-0.036877,-0.99097,-8.2135e-06,-0.016488,-0.0078014,-0.44414,-8.2057,-0.13469,-20.295,1.284,26.473,-0.98153,-19.648,-0.042045,0.0046967,-0.030452,-1.0084,-0.0083249,-0.029792,-0.026168,-0.16406,-2.9505,-1.1336,-19.39,0.83014,23.716,0.19097,-13.283
34.4,-0.050813,0.023116,-0.010733,-1.0111,-0.00045306,-0.016089,-0.013423,0.60593,-7.1936,-1.6935,-19.873,0.66648,25.673,0.37245,-19.255,-0.039185,-0.0054952,-0.042652,-1.0018,-0.00069422,-0.019164,-0.029114,1.2571,-3.3678,-0.55037,-18.633,1.6742,24.401,-1.2611,-13.204
34.5,-0.05593,0.011785,-0.0051508,-0.9997,-0.0048787,-0.020219,-0.01853,-0.87483,-6.7421,-0.25837,-21.713,-0.47074,25.086,-0.61203,-19.042,-0.036483,0.01473,-0.031054,-0.98999,0.0062985,-0.01938,-0.032569,0.56684,-3.8716,-0.76454,-18.593,0.64742,26.112,-0.774,-12.619
34.6,-0.053441,0.022566,-0.021054,-1.0125,0.0010639,-0.010595,-0.01739,-0.37823,-6.5376,-0.90064,-21.786,0.80987,25.881,-0.97296,-21.277,-0.039371,-0.011568,-0.013476,-0.97703,-0.0056048,-0.013153,-0.032732,-0.66144,-2.1152,-0.71946,-19.916,1.5201,25.984,-1.4236,-15.268
34.7,-0.061035,0.011466,-0.015331,-1.0004,-0.01608,-0.023166,-0.023659,1.474,-6.7883,-1.952,-22.873,0.63161,25.863,-0.14486,-19.984,-0.031931,0.012726,-0.035781,-0.98767,-0.0070044,-0.010705,-0.036726,0.28961,-2.7801,0.20896,-20.548,-0.38393,26.981,-0.093481,-14.485
34.8,-0.066254,0.024655,-0.017448,-1.0104,-0.0066238,-0.026263,-0.022061,0.93519,-6.7312,-0.84435,-23.706,0.11862,29.257,0.057326,-19.277,-0.037512,-0.0069213,-0.015368,-1.009,-0.014271,-0.016437,-0.033981,0.30596,-1.3488,-2.3674,-18.746,-2.0139,25.733,-1.1348,-13.679
34.9,-0.022914,0.015772,-0.016927,-1.0014,-0.00053091,-0.0093284,-0.016477,1.1538,-6.5841,-1.1457,-23.246,-0.0023223,25.801,-0.4541,-21.502,-0.047797,0.0031644,-0.027075,-0.99581,-0.0014265,-0.01208,-0.033416,1.7391,-1.8107,-1.9709,-21.551,-0.84734,23.705,-1.4078,-15.2
35,-0.044459,0.041523,-0.011301,-0.99669,-0.014054,-0.019089,-0.013859,0.70779,-6.4137,-2.6096,-24.039,0.92697,25.815,-1.1105,-20.537,-0.03326,0.0041551,-0.025138,-0.98787,-0.015222,-0.020329,-0.034749,2.3703,-1.5731,-0.11484,-22.124,0.35591,25.748,-1.0318,-15.4
35.1,-0.059404,0.026539,-0.02041,-0.9946,-0.0091807,-0.01099,-0.012612,1.0625,-4.6207,-1.6993,-24.856,-0.70373,25.492,-0.659,-21.361,-0.04448,0.0012253,-0.024919,-1.0041,-0.013137,-0.016022,-0.026606,0.50178,0.68896,-1.4888,-21.265,-0.52481,23.269,0.75962,-13.951
35.2,-0.041939,0.028102,-0.0074562,-0.99308,-0.013453,-0.010188,-0.008591,1.2782,-4.0437,-0.64527,-25.829,-1.1187,24.417,-0.06539,-19.668,-0.015728,0.016231,-0.018803,-0.99349,-0.0091102,-0.013508,-0.026016,1.8449,-1.0471,-2.1264,-22.018,-0.76862,24.837,0.42866,-14.248
35.3,-0.036776,0.021031,-0.01306,-1.013,-0.017196,-0.022481,-0.0076462,1.9679,-3.3526,-0.9389,-23.225,0.34054,26.467,-0.61351,-21.097,-0.006794,-0.00069757,-0.017697,-1.0103,-0.0093975,-0.0050924,-0.026923,1.9508,-0.15508,-0.8665,-22.555,-1.4208,25.327,-1.3218,-14.535
35.4,-0.048251,0.031863,-0.030556,-0.99202,-0.010705,-0.0063088,-0.0082992,2.728,-5.1122,-2.6231,-25.095,-0.79553,24.441,0.56533,-20.628,-0.039757,0.012944,-0.017895,-0.989,-0.017072,-0.0020432,-0.025266,-1.4174,2.7426,-2.5647,-23.729,-0.3875,23.252,-1.5181,-15.153
35.5,-0.050816,0.039485,-0.0019475,-1.0015,-0.0053744,-0.016015,-0.011632,0.53014,-4.5411,-0.96368,-26.79,0.11141,23.457,-0.62487,-20.898,-0.021532,0.00076039,-0.016665,-1.0033,-0.01377,-0.00052929,-0.027871,0.66854,0.058379,-1.6783,-23.141,0.15968,22.251,-0.198,-13.413
35.6,-0.047006,0.02647,-0.012754,-0.99709,-0.018582,-0.0081904,-0.018622,1.5692,-4.6187,-0.58855,-24.926,0.97704,24.267,-1.2433,-20.847,-0.019762,-0.0044987,-0.017651,-0.99251,-0.015379,-0.0037591,-0.029633,0.822,2.0104,-1.9755,-23.861,-0.32926,23.158,-0.33457,-14.085
35.7,-0.052015,0.018283,-0.019016,-1.0032,-0.0076195,-0.018467,-0.022905,1.0413,-2.5755,-1.1497,-24.969,-0.31416,25.475,-0.43596,-21.491,-0.020167,0.012527,-0.018294,-1.0054,-0.021659,-0.0063394,-0.020119,-0.18295,-1.4605,-2.2285,-24.789,0.13959,22.787,-1.316,-14.453
35.8,-0.023346,0.020853,0.0015913,-0.99899,-0.016849,0.004078,-0.012931,-0.087976,-2.786,0.5867,-26.505,-1.3358,24.492,0.035952,-19.978,-0.034203,0.0038733,-0.023773,-0.99234,-0.024222,-0.0082054,-0.015387,1.2366,0.56316,-2.128,-25.495,-3.1289,22.09,1.1397,-13.463
35.9,-0.042622,0.054785,-0.046387,-0.98798,-0.030901,-0.0061789,-0.0072606,-0.63037,-2.3212,-1.7221,-26.566,0.98206,24.572,-0.33014,-21.304,-0.017851,-0.0083672,-0.006339,-1.0045,-0.016849,-0.0079502,-0.022963,-0.87091,1.588,-2.8338,-23.988,-1.144,22.041,2.2345,-13.413
36,-0.046012,0.030189,-0.0078782,-0.99807,-0.023782,-0.010523,-0.014493,-0.045102,-2.452,-1.2348,-26.909,0.38911,24.259,0.99608,-20.096,-0.0092609,0.014428,-0.0074614,-1.0064,-0.024828,0.005888,-0.021212,1.21,1.7287,-2.9747,-25.063,-0.63031,20.883,-1.0247,-13.34
36.1,-0.04909,0.046506,-0.024054,-0.98654,-0.010846,-0.0032188,-0.01592,0.88139,-1.7573,-1.9014,-28.239,0.69927,23.952,1.1172,-19.424,-0.012807,0.018606,-0.0046906,-0.99573,-0.020658,0.0022069,-0.0082647,-0.56436,2.9644,-2.4464,-26.365,-1.7882,22.249,-0.24246,-15.335
36.2,-0.059936,0.02351,0.0028557,-0.9914,-0.018532,-0.0023772,-0.011228,0.26199,-0.96742,-0.99892,-29.343,-1.3174,25.345,1.111,-21.688,-0.022622,0.015848,-0.013104,-1.0125,-0.023836,-0.0070448,-0.014857,0.55425,2.3638,-1.6867,-23.647,-1.5372,21.664,-0.34025,-14.83
36.3,-0.028155,0.031268,-0.021622,-0.99987,-0.01616,-3.2057e-05,0.0041692,-2.5631,-1.7961,-0.87333,-28.744,-1.601,23.473,-2.6275,-20.009,-0.010181,0.0045145,-0.0058606,-0.99246,-0.027526,-0.0041835,-0.011308,-0.81681,1.9204,-1.2068,-26.014,-2.1724,22.105,0.76986,-13.487
36.4,-0.033113,0.039408,0.00083769,-0.99176,-0.020019,0.0014759,-0.0059449,-0.011452,-1.2787,-0.94561,-27.885,1.0567,23.246,-1.4463,-18.148,-0.0063398,0.027321,-0.015435,-1.0122,-0.02642,-0.0018224,-0.015812,-1.057,3.1399,-0.23624,-24.869,-1.3209,21.127,0.002237,-12.957
36.5,-0.029927,0.033637,-0.025886,-1.0005,-0.016777,-0.00030538,-0.0083436,-0.092074,0.29354,0.45745,-28.251,-0.53803,22.567,1.1237,-19.773,-0.019874,-0.0053385,-0.041801,-0.99694,-0.033242,0.0039087,-0.019863,0.24728,2.6163,-1.6451,-26.293,-1.3254,19.894,3.3162,-14.275
36.6,-0.024295,0.031279,-0.0055942,-1.0087,-0.022325,0.0048151,-0.010579,0.16639,0.14053,-0.77928,-29.69,0.2917,23.463,1.5248,-19.689,-0.034853,0.017084,-0.0033484,-1.0019,-0.02071,0.0043573,-0.011958,0.67355,0.70855,-0.52292,-27.602,-1.5474,19.155,-1.2419,-13.325
36.7,-0.02897,0.033238,-0.009985,-0.98101,-0.023533,-0.0026412,-1.7858e-05,1.8115,-0.78352,-0.70854,-28.924,0.13645,21.757,0.83323,-18.444,-0.013894,0.016199,-0.0083102,-1.0015,-0.021013,0.0083024,-0.0044658,-0.071055,2.2249,-2.0409,-27.173,-0.3581,18.05,0.91285,-14.961
36.8,-0.043021,0.036496,-0.01013,-0.99876,-0.021314,0.0013572,-0.0062017,0.51484,1.329,-0.047281,-31.209,-2.033,23.384,2.6599,-19.739,-0.0033385,0.0049488,-0.017861,-0.99076,-0.019459,0.0077257,-0.010541,-0.13113,1.6404,0.26857,-28.268,-2.3937,17.751,2.522,-12.887
36.9,-0.041245,0.027457,-0.011544,-1.0004,-0.03157,-0.0017262,-0.015825,0.88276,1.219,-2.1763,-30.827,-0.51089,24.095,1.2175,-20.583,-0.015193,0.0063802,-0.016392,-0.98986,-0.016267,0.011684,-0.0073023,-0.17801,0.11572,-0.78101,-29.358,-0.13955,18.463,-1.3649,-12.762
37,-0.016559,0.037811,0.013241,-0.99978,-0.027235,-0.008752,0.0030441,-0.84816,0.90278,-0.39341,-32.38,-1.1647,24.175,0.7391,-20.202,-0.020006,0.035735,-0.012068,-1.0032,-0.017537,0.012384,-0.013641,-0.73638,1.7361,-0.36406,-30.019,-0.67873,15.126,-0.90372,-14.975
37.1,-0.00058313,0.028652,-0.010421,-0.9906,-0.015828,0.011432,-0.00095547,-0.71458,1.2141,-1.8488,-31.483,-0.40948,20.652,1.5092,-20.236,-0.017396,0.00034387,-0.0012566,-1.0102,-0.018302,0.0045135,-0.012095,-0.90185,1.8105,-1.9649,-31.268,-1.245,16.265,-2.4518,-14.558
37.2,-0.027771,0.019485,-0.0014548,-1.0079,-0.028351,0.0056798,-0.010901,1.8611,2.682,-1.517,-32.178,-0.85804,21.936,-1.0103,-18.247,0.002947,0.014238,0.0019256,-1.0067,-0.018222,0.010601,-0.012191,-0.48036,0.49673,-0.3458,-29.944,-0.74727,16.09,-0.42307,-15.499
37.3,-0.046328,0.028,-0.019465,-1.0179,-0.016203,0.011285,0.0066888,-0.14228,1.3712,-2.0972,-31.309,-1.918,20.211,-0.90143,-19.494,-0.016267,0.0094285,-0.0080828,-0.9826,-0.017613,0.0042429,0.0024484,-2.1141,1.3691,1.0621,-29.024,0.75236,14.602,-1.9084,-14.849
37.4,-0.023197,0.024401,-0.007579,-1.0016,-0.024338,0.013246,-0.012223,0.82164,2.6693,0.73131,-32.04,-1.6686,20.223,0.76977,-19.457,-0.0061232,0.0033366,-0.010125,-1.002,-0.0044182,0.012691,-0.005377,-0.73089,0.10008,0.40345,-28.574,-0.98281,16.13,-1.1779,-14.534
37.5,-0.03161,0.028208,-0.0052321,-0.99812,-0.029679,0.013395,-0.0074239,0.37894,2.6111,-0.28103,-33.065,-0.12673,20.536,2.741,-19.688,-0.009205,0.0096036,-0.0010043,-0.98555,-0.01415,0.003747,0.00056114,-0.52333,-1.0001,0.085473,-29.661,0.15832,13.952,-0.48076,-14.056
37.6,-0.020083,0.033727,-0.011231,-0.98953,-0.025425,0.015124,-0.0026724,-0.062961,0.0040613,-1.1414,-32.857,-1.5055,20.139,0.91696,-17.221,-0.013925,0.012732,0.014228,-0.9952,-0.016127,0.0018202,-0.0022679,-0.52323,0.74957,1.4857,-28.787,1.9383,15.222,1.2793,-13.236
37.7,-0.029857,0.032152,-0.0054657,-1.0072,-0.015836,0.022062,-0.0091601,-1.4033,0.0079564,-2.0366,-34.577,-1.2585,18.012,0.13553,-15.676,-0.0074746,0.038075,-0.022159,-0.98842,-0.00904,0.0084277,-0.010016,0.95621,-1.2124,-1.0409,-28.15,-0.64227,19.155,0.87871,-13.164
37.8,-0.014029,0.028143,0.020085,-1.0012,-0.022731,0.031395,-0.0053005,-1.8186,0.041538,-0.078964,-33.859,-2.2138,19.293,-0.54816,-20.565,0.0025105,0.027757,-0.0064212,-1.0064,-0.01346,0.010365,-0.0066417,-1.4816,1.4916,-0.63661,-29.13,0.43794,16.385,-1.6896,-16.199
37.9,-0.01922,0.021563,-0.0038473,-0.99335,-0.020116,0.029516,-0.005414,0.24818,0.077263,-1.5691,-33.314,-0.072237,17.809,2.9949,-17.206,-0.0095298,0.021069,-0.0095763,-1.0072,-0.0025971,0.0044984,-7.3365e-05,-1.8792,-1.1915,0.64217,-32.425,0.5051,17.031,1.1914,-14.554
38,-0.010695,0.010402,0.011383,-1.0125,-0.024954,0.016542,0.0031566,-0.34251,0.039527,-0.12321,-35.669,-1.9486,18.378,-0.32313,-17.95,0.0020968,-0.006534,0.0026881,-1.0163,-0.0090476,0.0031299,-0.0027358,-1.3418,-1.8373,-0.55607,-29.143,-1.3467,16.362,2.0524,-14.111
38.1,-0.020033,0.030823,0.020712,-1.0198,-0.021468,0.022993,0.0018645,2.0754,-0.57468,-1.0417,-36.582,-0.27219,16.53,-1.8017,-18.308,-0.00069079,0.025946,-0.0085834,-0.98467,-0.0088933,0.0072876,-0.0059113,-1.6029,-0.44634,-0.048702,-28.884,-0.28836,14.468,1.8769,-14.309
38.2,-0.034218,0.0026004,-0.013997,-1.0048,-0.016232,0.024148,-0.011231,1.6856,0.27285,1.4494,-34.786,-0.47897,17.739,-2.0297,-18.685,-0.001176,0.0030711,-0.0020599,-1.0147,-0.0055335,0.013213,0.003363,0.23339,-0.56463,1.8464,-28.544,-0.75068,16.057,-0.62073,-14.507
38.3,-0.024811,0.015703,-0.008744,-0.99913,-0.014769,0.023713,0.00074042,-0.78664,0.23689,2.5661,-35.311,0.34344,16.657,-2.8945,-17.341,-0.0053021,-0.0046876,-0.0078224,-0.99269,-0.0057852,0.010493,-0.008077,1.822,-0.341,0.058697,-29.621,1.5967,14.255,-0.64335,-14.469
38.4,0.019405,-0.0029602,-0.01073,-0.99013,-0.021409,0.018688,0.0063022,-1.94,-0.73977,-1.3351,-35.708,-0.20366,17.211,-0.66325,-16.763,-0.0093864,-0.0068973,0.00063877,-1.0042,-0.0030572,0.0062716,0.005009,-0.87395,-1.3886,0.20788,-27.892,-0.45141,16.24,0.95257,-15.851
38.5,-0.0074511,0.0028694,0.014496,-1.0068,-0.010637,0.014591,-0.0039961,-3.5144,0.15753,0.71858,-35.202,-1.2841,19.791,-1.3049,-17.615,-0.010656,-0.0080325,-0.0074281,-0.98818,-0.00046043,-0.0025717,-0.0058432,-0.47346,-1.1207,-0.13294,-30.057,1.5054,15.501,0.30179,-15.108
38.6,-0.017275,0.016356,-0.002777,-0.99431,-0.020366,0.020363,-0.012755,-1.0642,-0.39177,1.2689,-34.856,-1.5672,18.55,-0.80771,-16.055,-0.0023162,0.019881,-0.015862,-1.004,-0.010996,0.00081831,-0.0065659,-1.7282,-2.7798,-0.68945,-28.542,0.26941,15.65,0.10572,-14.809
38.7,0.0019175,0.038772,0.018002,-1.0006,-0.016644,0.016285,-0.0071821,-1.3069,-2.0809,-0.39015,-34.255,-0.06907,17.984,-0.90261,-19.914,-0.011865,0.0088299,-0.0019015,-1.007,-0.0026366,0.010101,-0.0001729,-0.7069,-3.4633,1.9249,-28.494,-0.203,15.202,0.69144,-12.413
38.8,-0.011797,0.0077911,-0.003614,-0.99807,-0.0099738,0.019245,-0.00038464,0.06039,-1.1825,1.5837,-32.572,0.85086,18.26,-0.51266,-18.081,-0.0080808,-0.0039003,-0.011658,-0.99797,-0.01385,-0.0024319,-0.0027017,1.4371,-1.4135,1.5443,-28.34,-1.0898,14.35,-0.78463,-12.756
38.9,-0.017886,0.012705,0.00094788,-1.0004,-0.018254,0.012044,0.0063158,-1.446,-2.8638,2.0616,-33.254,0.72234,16.097,-0.8496,-17.6,0.0026019,0.0088565,-0.013839,-1.014,-0.0054206,0.0033502,-0.0010465,-1.0326,-0.78301,0.51969,-28.363,-1.4499,15.369,1.3057,-14.613
39,-0.010977,0.015501,0.010937,-0.99826,-0.010911,0.0082769,-0.0037507,-1.4132,-1.0145,-0.84348,-33.366,0.50609,15.988,-0.76158,-17.64,0.0065982,-0.0039097,-0.007496,-1.0032,-0.0043272,0.0051444,0.0030417,-0.93962,-2.0057,-2.4868,-29.296,1.4016,13.1,1.8936,-14.445
39.1,-0.024464,0.015636,0.0041911,-0.99035,-0.014225,0.012855,0.0093584,-2.5253,-0.61272,0.79731,-32.58,-0.33305,18.313,-0.75451,-17.059,-0.0076232,0.021359,-0.0022391,-0.99927,0.00047057,0.010311,-0.0013556,0.83417,-2.4567,-0.66239,-29.82,1.6377,15.752,-0.14752,-12.902
39.2,-0.0070385,0.0044266,0.0081264,-0.99505,-0.014028,0.0099559,0.0014674,-0.46603,-2.9369,-1.6856,-30.353,0.26494,17.505,0.2174,-17.141,-0.0019222,-0.001101,-0.0049495,-1.01,0.0040183,0.0077946,-0.0051088,0.74055,-3.1708,-1.3837,-28.555,1.606,14.999,-2.1825,-14.352
39.3,-0.00076012,0.015772,-0.0018052,-0.98918,-0.004265,0.0096107,-0.0050092,0.22796,-1.967,-0.8266,-31.181,-1.0128,17.319,0.72743,-16.554,0.00051873,0.0095492,0.008889,-1.0019,-0.0070359,0.0048744,0.0047535,1.5841,-3.8072,0.16683,-26.488,-0.94299,13.607,-1.4537,-13.718
39.4,0.0069304,0.021645,-0.014378,-1.006,-0.0096123,0.021685,-0.0061892,-0.71973,-3.1803,0.46635,-33.88,0.6687,18.45,-1.2785,-18.218,0.0066283,0.0024512,-0.0052875,-0.99906,-0.012223,0.0080421,-0.0035937,-0.64332,-3.3804,0.41116,-28.329,1.0184,15.61,0.29909,-14.264
39.5,-0.012198,0.0058304,0.0047679,-1.0265,-0.010845,0.020372,-0.004102,1.5955,-3.5736,1.5051,-33.423,-2.7615,16.908,-1.9448,-16.468,0.0064406,-0.001526,0.010627,-0.99385,-0.013725,0.0060391,0.0018132,1.0167,-2.1602,-0.64154,-27.997,0.88539,16.093,0.60414,-17.373
39.6,-0.00062629,0.025635,0.013432,-1.0034,-0.018816,0.0094013,-0.001835,-1.5537,-3.9897,-0.36789,-32.424,0.30826,16.743,0.58677,-18.718,0.0019253,-0.0051755,0.0036495,-1.002,0.0060178,0.00015646,-0.0068469,-1.6036,-1.3618,-0.19622,-29.587,-0.025583,14.017,1.3106,-13.684
39.7,-0.015539,0.018297,-0.0023592,-0.98966,-0.014719,0.0045283,-0.006257,-1.0547,-3.9705,0.91165,-31.674,0.65019,17.756,0.92921,-17.27,-0.01451,-0.013968,-0.0023995,-0.99003,-0.002193,-0.001663,0.00078624,0.060959,-4.4354,1.5708,-28.418,-1.9714,15.47,-0.30645,-14.359
39.8,-0.0077748,0.0073248,0.013038,-1.01,-0.014599,0.012521,0.0010925,-1.042,-5.4817,0.49797,-30.786,1.4183,18.073,1.8931,-19.008,0.013327,0.014373,0.0022348,-1.0177,-0.00020721,0.0057442,-0.002475,0.71595,-3.8996,1.6242,-29.283,-2.3575,12.952,-1.6794,-12.802
39.9,-0.0085911,-0.00060709,0.0077212,-0.99432,-0.0069872,0.013105,-0.0061329,-0.85809,-5.2335,0.23773,-31.605,-0.45277,16.867,-1.8417,-18.419,-0.0093621,0.016068,0.001111,-1.0128,-0.00020275,0.002523,-0.0012235,1.0463,-3.598,1.4554,-27.839,-0.25164,14.694,-0.30333,-13.962
40,-0.0062546,0.018406,0.0052481,-1.0002,-0.011874,0.0036195,-0.0041965,-0.18248,-4.6383,0.83183,-30.965,-0.18908,18.423,-0.43673,-18.311,-0.01568,0.01073,0.0033227,-1.021,0.0031582,0.0014251,0.012268,-1.2204,-4.4253,-0.062862,-28.98,0.77899,14.943,0.96015,-13.304
40.1,-0.0016567,0.025096,-0.019641,-0.99459,0.00093431,0.0080402,-0.0053061,0.53218,-3.7139,-0.7815,-32.02,0.12492,19.196,1.1306,-18.009,-0.0018916,-0.00093111,0.007943,-1.0034,0.0016155,0.001199,-0.00034685,-0.26942,-2.1201,0.069996,-29.405,0.98394,12.333,-1.4935,-13.395
40.2,-0.0080715,0.015361,0.003066,-0.99429,-0.0055884,0.011881,0.003883,0.18903,-3.2832,-2.0445,-30.666,-0.1955,17,-0.34182,-15.479,-0.0050989,0.0047322,0.0025687,-0.99134,-0.00082184,0.0013581,-0.0035992,2.0064,-3.6434,3.1179,-29.362,-0.40685,14.437,-0.43571,-13.503
40.3,0.0071538,-0.0057833,-0.0030398,-0.98177,-0.011022,0.0053298,-0.0072368,0.83835,-3.0226,0.1005,-31.068,1.4458,15.998,2.4871,-17.687,9.4487e-05,0.0085586,0.0057757,-1.0163,-0.0023857,-0.0074849,-0.0018912,-1.0214,-2.0596,0.09586,-29.157,0.50695,14.664,0.72111,-14.473
40.4,-0.01435,0.0011871,-0.0086634,-1.0042,0.00086866,0.0017156,-0.0013397,1.5927,-5.4396,-0.63032,-31.624,0.082673,16.904,-0.61257,-19.04,-0.010483,-0.0072125,-0.0043656,-1.0074,-0.010886,-0.0023128,0.0028662,-1.7321,-3.291,-1.5576,-28.379,1.1419,14.308,1.3364,-14.33
40.5,-0.0059726,0.0082319,-6.2223e-05,-1.0051,-0.01603,0.0060675,0.0018728,0.022258,-4.8553,-0.28783,-31.47,1.593,17.681,-0.28871,-18.998,-0.016733,0.0033143,0.01912,-0.9934,0.0093327,0.0068477,-0.0056802,-1.2947,-3.081,-1.6156,-29.342,0.5416,14.988,0.26167,-14.545
40.6,-0.024489,-0.00052001,-0.0092921,-0.99853,-0.0081448,0.0030079,-0.0054908,-1.6997,-2.6153,-0.10424,-29.189,0.36734,18.113,0.49899,-18.461,-0.0036657,-0.0015676,-0.0071851,-1.0067,-0.0011175,0.0067392,-0.0084862,0.41335,-3.9206,-1.3811,-28.265,-0.62898,15.214,-0.65126,-12.154
40.7,0.0070328,-0.011217,-2.3035e-05,-1.0123,-0.011913,0.0004827,0.0076914,0.50692,-3.5787,-1.85,-30.875,1.0201,17.536,0.026809,-18.083,-0.0088214,-0.0052384,0.0018237,-0.99696,-0.0042893,-0.0053909,0.002364,1.8962,-2.9356,2.7051,-28.855,0.21327,12.952,-2.677,-14.63
40.8,0.0021759,-0.017308,0.004817,-1.01,0.0013957,0.0055262,-0.0063943,1.8582,-6.0123,-0.30062,-31.62,2.194,19.932,2.2801,-17.494,0.0009287,0.0088984,-0.0049072,-0.99851,-0.00063914,0.001648,2.045e-05,-1.7458,-4.4865,-0.42132,-28.228,-0.27971,12.762,0.6757,-13.732
40.9,-0.010956,-0.002082,0.0020002,-0.98963,-0.0060622,0.0071368,-0.00767,0.34462,-4.6235,-0.1573,-32.297,1.0744,18.18,-0.72288,-17.253,-0.012941,0.00812,0.0026021,-1.0217,-0.005842,-0.00013482,-0.0080893,-1.6414,-4.2574,-0.16783,-29.396,2.3838,12.816,0.11095,-14.745
41,-0.018903,-0.00036472,-0.0022996,-1.0056,-0.0068336,0.0040998,-0.0073559,0.10658,-4.0298,0.18984,-30.22,-1.0821,17.748,-2.0491,-18.66,0.0026898,0.0053857,-0.0024041,-0.98732,-0.0019409,0.011134,-0.0016742,-0.962,-2.8821,0.70312,-28.924,2.0183,13.409,2.3058,-13.778
41.1,0.007676,-0.0023456,-0.0044485,-1.015,-0.0029841,0.0041233,0.0067145,0.57527,-2.9525,0.96218,-31.182,-0.0010362,17.538,-0.17307,-18.678,0.006508,0.0063672,-0.0046054,-0.9888,-0.0068671,0.0036655,-0.0062158,0.27597,-3.4676,1.999,-26.658,-1.4443,13.417,0.33977,-14.374
41.2,0.0018765,0.0063366,0.00039763,-0.98534,-0.010815,0.014336,-0.0065045,-1.457,-6.3162,-1.4614,-29.994,-0.5025,18.67,-0.64245,-16.942,-0.023085,0.013163,-0.0025249,-0.99666,-0.0026772,-0.0032948,0.0072235,0.9601,-2.8031,0.18699,-27.228,-1.5592,13.039,-0.20353,-12.858
41.3,-0.0055456,0.00050838,0.0035502,-1.0021,-0.0071931,0.011667,-0.0062783,0.1717,-3.3615,-3.0521,-30.993,1.5348,19.098,0.1454,-17.386,0.0032079,-0.00052508,0.0019283,-1.0034,0.0086357,0.0055441,0.0024979,-0.83509,-2.7726,-0.48149,-27.269,-0.88633,13.085,1.0704,-14.527
41.4,-0.0046667,0.0019167,-0.0031429,-1.0217,-0.0082587,0.00071877,0.0025601,0.70345,-3.5119,0.16815,-32.413,0.077681,18.152,1.0967,-17.359,0.0027929,0.0061993,-0.014567,-1.014,-0.0026488,0.0013237,0.0014203,-0.74209,-2.2071,-0.56751,-27.881,0.16087,15.814,0.45588,-11.227
41.5,-0.00054736,-0.013322,-0.024849,-1,-0.0020535,0.00447,0.0022738,0.28505,-5.575,0.18771,-31.127,-1.0239,18.792,-1.1082,-17.442,-0.0043478,0.0078103,0.0014575,-0.98537,-0.0014183,0.005153,0.00067205,-2.0984,-3.0037,-2.0577,-28.412,0.20186,14.323,0.16445,-13.071
41.6,0.015236,-0.0042434,-0.01058,-0.9957,-0.0059279,-0.0039115,-0.0026631,-2.2522,-3.4658,0.049157,-29.835,1.5509,18.663,-0.15541,-17.827,-0.011015,0.0022505,-0.0019928,-1.0145,0.0068914,0.0006861,-0.006764,-2.8978,-3.3476,-0.8805,-28.618,-0.27947,14.673,-2.6741,-12.099
41.7,0.0017893,-0.027408,-0.00061946,-1.0027,-0.0030063,-0.0014035,-0.011591,-0.29159,-4.9617,-1.1977,-29.232,1.2091,18.718,-1.4702,-17.178,-0.0041094,0.019311,-0.027263,-1.0062,-0.0043242,0.00035769,-0.0014112,0.66213,-3.7155,0.86283,-27.876,-1.1186,12.364,-1.8708,-16.036
41.8,-0.0093993,0.017012,0.0038456,-1.0093,0.0011945,0.015435,-0.0022341,-0.42778,-4.075,-1.0063,-30.916,0.16164,17.667,0.73582,-18.933,0.0057219,-0.011616,-0.0088536,-0.99756,0.0022915,0.0039546,0.0034697,0.98518,-3.8546,-0.025834,-28.953,-0.30078,14.689,-1.9538,-13.868
41.9,-0.0024933,0.015086,0.0027459,-0.99741,-0.002646,-0.0018782,-0.0051562,0.66024,-5.5866,-1.088,-29.285,0.75228,17.724,-1.0289,-17.265,0.00028117,0.0074022,0.007273,-1.0143,-0.0080294,-0.0092372,-0.0019678,-0.0068282,-3.0681,-1.1083,-27.063,-0.63719,15.577,0.0059203,-13.857
42,-0.0020486,-0.0078781,-0.018195,-0.98701,-0.0057115,-0.0062491,0.0019538,-2.0003,-4.2318,1.1174,-30.474,0.13493,17.529,-0.39385,-18.299,0.00092903,-0.011417,-0.0071055,-1.0036,-0.012179,0.0018683,0.0024581,-0.82118,-4.664,-1.786,-26.909,-0.2617,15.669,1.1733,-14.235
42.1,-0.0032653,-0.010418,-0.0068389,-0.98547,-0.0053597,0.0019701,0.0031615,-0.42227,-3.8483,1.2482,-30.996,1.17,18.551,1.4539,-18.679,-0.013299,-0.010439,0.012139,-0.98705,0.0010742,0.004168,-0.0087506,-1.8023,-4.6128,1.3239,-26.528,0.59424,15.65,0.80638,-12.967
42.2,0.00096903,-0.0037808,-0.012625,-0.97646,0.0016135,0.0056768,0.0018215,-1.544,-7.0788,1.0289,-29.054,-1.7884,16.735,-0.32341,-15.714,-0.0017917,0.0053608,0.0029477,-0.9965,0.0007859,0.0071221,0.00045847,1.3293,-4.1927,0.1248,-27.747,-2.0218,16.883,-0.020874,-14.123
42.3,-0.021072,0.0097869,-0.00064298,-1.0036,-0.0056191,-0.00069879,0.0044701,-2.6337,-2.9921,-0.36787,-32.433,0.53935,18.561,-0.18187,-17.929,-0.0033253,-0.0095748,-0.0032112,-0.98911,0.0021043,-0.0091144,-0.0024993,1.1992,-3.5284,1.3962,-29.79,-2.8704,13.045,-1.2493,-11.671
42.4,-0.017433,0.0050412,0.0090702,-0.99861,-0.00069491,-0.0029438,-0.0006317,-1.3426,-5.164,-0.98446,-30.444,0.22154,16.433,-1.2546,-17.786,-0.0098423,0.016939,-0.0023328,-1.0041,-0.006422,-0.0097555,-0.0092936,0.85855,-3.0292,-1.0944,-26.433,-1.9765,16.609,-1.5686,-15.311
42.5,0.010882,-0.0084424,0.0073631,-0.99565,0.0029709,0.003075,-0.0050897,0.74635,-4.1831,-0.31601,-30.263,1.0291,18.159,-3.0344,-19.62,0.018489,-0.0093033,0.0089649,-0.98529,-0.01142,-0.0015494,0.0029167,-0.37968,-2.4884,-2.0902,-30.042,1.6493,13.109,0.54026,-15.825
42.6,0.0041679,-0.011436,0.011646,-1.0069,0.0036787,0.0035429,-0.00087672,0.05012,-5.2209,0.24794,-31.287,-0.44387,17.328,2.042,-16.592,0.0036687,-0.028408,-0.02092,-0.99034,-0.0044552,0.0048153,0.00026773,-1.2186,-3.4135,-0.40801,-28.632,-0.9297,14.599,0.48448,-13.056
42.7,0.0045174,0.0025005,0.00091048,-1.0135,-0.0036768,-0.0014688,0.0066026,-1.4329,-2.7224,1.1398,-31.123,-0.041734,17.199,0.13693,-18.05,-0.0075609,0.0087269,-0.010437,-1.0182,-0.0045208,0.0070663,-0.0011522,1.5446,-4.237,-0.1465,-26.171,2.1745,15.134,0.66071,-14.019
42.8,-0.017537,-0.0034623,0.022385,-0.99904,-0.00063575,-0.0047365,-0.0023646,0.30912,-4.4936,1.3636,-31.245,0.078465,16.643,1.8052,-16.767,-0.0047561,-0.0061097,0.015514,-1.0039,-0.0053521,0.0018239,0.01205,0.65127,-3.2897,1.2828,-28.558,-1.3906,15.054,-3.0015,-13.87
42.9,-0.011521,-0.011816,0.018053,-1.0096,-0.0029203,-9.214e-05,-0.0047177,-0.71318,-5.0283,0.20154,-30.678,-0.056656,17.176,0.23236,-17.255,0.0032828,0.009407,-0.0054812,-0.98262,-0.0042734,-0.005167,0.0070789,0.22287,-3.5916,0.059844,-28.092,0.6291,13.201,-0.62005,-13.497
43,0.0072924,-0.0040874,-0.0059716,-1.0026,-0.0084758,0.0057493,0.0016284,1.3561,-3.8006,-0.7421,-30.816,-1.5792,16.587,0.66134,-15.958,-0.0068168,0.0097944,-0.0049483,-0.99607,-0.0038232,-0.0011396,-0.00043385,-0.045096,-2.7578,-0.53183,-28.48,1.1029,14.488,-0.62466,-13.689
43.1,0.00066565,-0.00027712,-0.00099071,-0.98737,-0.0042626,0.01043,-0.0010341,-0.14449,-3.3219,-0.58002,-31.597,-0.75425,17.301,-0.61199,-18.379,-0.00075948,0.0070285,-0.010044,-1.0078,0.0016165,-0.0012374,-0.00094258,0.18865,-5.246,-0.50748,-28.358,-0.88516,12.384,0.35306,-14.876
43.2,-0.029328,0.0084665,0.0023246,-0.99854,0.0041592,-0.0019336,0.0010708,-0.89217,-4.2592,-1.975,-31.669,-1.1234,15.807,0.057314,-16.791,-0.0099532,-0.0023177,0.0018539,-0.99906,0.00024533,0.0002283,0.0035018,-0.97421,-5.0348,-0.13648,-27.271,1.6689,14.652,0.80715,-14.243
43.3,-0.009641,0.017195,0.013919,-0.99943,-0.007869,0.0088653,-0.0096404,-1.6887,-1.6002,-2.3033,-31.204,0.75504,17.261,2.4932,-18.188,-0.0010776,-0.0026575,-0.0074886,-0.97483,0.0052355,-0.0022798,-0.00038316,-1.3431,-3.0322,-1.1285,-30.267,-0.61746,14.155,-0.38742,-14.064
43.4,-0.003808,-0.00068845,-0.014422,-0.99599,0.0082965,-0.0068399,0.010841,-1.7998,-6.9375,0.38649,-30.397,-0.75121,18.407,-1.6819,-16.561,-0.00045723,0.0015347,0.0045799,-0.99746,-0.0071907,0.00395,0.0027826,0.88083,-2.7912,0.0092114,-27.575,-0.14292,14.162,-2.0748,-15.259
43.5,-0.02154,0.0083014,0.0096194,-0.99437,0.0031617,0.0057217,-0.0067555,2.8921,-4.8185,0.51791,-29.751,0.41041,16.665,-0.51774,-17.417,-0.00028479,0.0027853,0.0016582,-0.99374,-0.0049611,-0.0018392,-0.0012904,-0.96329,-3.9546,-1.3793,-29.851,0.16244,13.419,0.47961,-12.995
43.6,0.0098472,0.0017624,0.0039692,-1.0027,-0.0067524,-0.0023405,-0.0030138,-0.022553,-5.2624,-0.13329,-30.268,-0.37144,17.567,0.030898,-17.383,0.0025768,0.0013354,-0.0092164,-0.98352,-0.00071298,0.00062572,-0.0030502,-2.4205,-3.844,-2.544,-29.387,1.6788,14.438,2.6148,-12.906
43.7,-0.00030445,0.0043607,0.013493,-0.99714,-0.0065941,0.00061354,-0.0059239,-0.40038,-4.9542,-0.33342,-31.102,-0.15151,16.299,-0.40856,-17.716,0.0049528,0.016193,-0.0044565,-0.9835,-0.0063008,0.0086443,-6.3064e-05,1.0136,-3.3245,-0.97047,-26.245,0.5702,14.574,1.0686,-15.224
43.8,-0.0072841,0.0079759,0.003337,-0.99054,0.007457,7.3977e-05,-0.0036737,-0.78956,-3.6724,-1.9179,-31.336,0.54105,17.894,0.67437,-18.006,-0.017122,-0.0024348,0.00070119,-1.0092,0.0031839,0.0060064,0.0061109,-1.0648,-4.1314,0.65408,-29.251,-0.045667,15.321,0.19514,-13.916
43.9,-0.00028495,0.0039405,-0.018853,-0.99379,-0.0037266,-0.0011469,-0.0067604,-0.44089,-5.0313,-0.16094,-31.598,-0.28963,18.052,0.69401,-16.369,0.00055118,0.0040303,0.013542,-1.0076,-0.0032472,-0.01048,0.0058016,1.3565,-3.41,-0.10617,-27.413,-1.7406,12.087,-2.4464,-12.163
44,-0.0016337,-0.000732,-0.02694,-0.99353,-5.9831e-05,-0.0014003,-0.020818,0.84071,-4.2213,1.9563,-29.036,0.42688,18.065,0.78861,-14.878,-0.0091078,0.007313,-0.004081,-1.0057,0.0013744,-8.7032e-05,0.0057654,0.47502,-2.5467,0.17258,-28.92,0.90141,15.288,0.4088,-12.905
44.1,0.0062566,-0.0042366,-0.015375,-0.99995,-0.0041943,-0.0009709,0.0049072,-0.56673,-3.5102,0.22472,-30.751,-0.63371,17.947,-2.2109,-15.058,-0.0013143,0.002624,-0.0033401,-1.0084,-0.0040883,-0.0013185,-0.005337,-2.7051,-3.3852,-0.3475,-29.624,2.5553,14.726,-2.0657,-12.361
44.2,-0.00048617,-0.0031524,-0.006418,-0.97495,-0.0043923,0.0018079,-0.0054361,-1.6624,-4.7422,0.78064,-30.362,0.054918,16.982,2.1128,-17.309,-0.0018575,-0.0017488,-0.0019994,-1.0023,0.0043401,0.0034724,-0.0034214,-0.019756,-6.1336,-1.1066,-28.654,0.73304,12.475,-0.20758,-13.498
44.3,0.012814,-0.0038155,0.033117,-1.0051,-0.00026205,-0.0022108,0.00094266,-1.1549,-4.5663,0.055278,-30.9,2.3928,17.932,-0.50449,-16.925,0.0079775,0.0017636,-0.0037213,-0.98716,0.0019774,0.0068934,-0.0082149,0.82329,-3.9847,1.3346,-29.706,-1.3458,15.782,0.70796,-13.809
44.4,-0.0037432,-0.014446,-0.019909,-0.9928,-0.0037315,0.0022621,-0.0012033,-0.25988,-4.1804,-0.21558,-31.943,-0.49221,15.558,-0.35999,-17.421,-0.013137,0.014168,0.0056589,-1.0038,0.0088043,-0.0085617,-0.0010899,-0.56997,-1.9123,2.7189,-27.113,-0.73673,14.22,-1.0999,-14.882
44.5,0.00064477,-0.022541,0.00088096,-1.0017,-0.0051664,-0.00084174,-0.0045834,0.11517,-5.1093,0.58383,-29.852,-3.1782,18.773,0.22535,-15.365,0.0053971,0.004465,-0.0044969,-1.0107,-0.0054615,0.0042775,-0.0026535,2.0765,-3.6404,-0.53901,-27.464,0.27498,14.592,-0.94458,-13.507
44.6,-0.011742,0.0048052,-0.0020175,-0.99649,0.00011719,0.0056773,-0.0013714,0.68299,-4.1482,-0.29291,-30.672,-0.31642,18.011,-1.0285,-19.449,-0.013495,-0.018759,-0.012139,-0.99485,0.010654,-0.0024429,-0.0064188,-1.8269,-2.6429,-1.0531,-28.39,2.0626,14.15,1.0163,-16.82
44.7,0.0039046,-0.019147,0.017997,-1.0153,-0.0020805,0.0091337,-0.0059061,0.93698,-4.3097,-0.16609,-30.366,1.3739,16.926,-0.40357,-17.223,0.0046039,-0.0032985,0.0046198,-1.0059,0.0005873,-0.0006701,0.0007269,-1.2068,-3.7665,-1.099,-27.93,0.4105,14.799,-0.19943,-13.847
44.8,0.00010206,0.0080153,0.0099617,-1.0101,-0.0046296,-0.00073638,0.0021924,-1.6852,-4.8889,-1.5681,-32.819,0.16573,17.964,1.6224,-17.696,-0.0015927,-0.010004,0.004059,-0.99963,-0.0011159,-0.00073426,-0.0049887,0.29218,-2.6391,-1.3459,-28.71,0.29514,13.649,1.0084,-13.42
44.9,0.01434,0.020061,0.0088413,-1.0073,-0.0011827,0.0067005,-0.0037818,-0.28603,-4.1844,-3.3236,-31.774,0.57334,17.745,-1.1853,-16.765,-0.0043225,0.012645,-0.0025189,-0.9919,0.01118,0.017686,0.002373,-0.67213,-3.2876,2.0169,-29.845,0.93001,16.011,-0.74081,-14.435
45,0.0032897,-0.0093594,0.0061859,-1.0003,0.0049452,-0.0028838,0.0015743,0.0017971,-3.9648,-0.82201,-28.64,1.9293,16.464,1.5863,-16.848,-6.8416e-05,-0.0013575,0.0021704,-1.0062,-0.0032415,-0.0035293,0.0014767,-0.31708,-3.7431,-1.4929,-29.137,-1.3761,14.946,-1.4033,-15.927
45.1,-0.0027039,0.0027265,0.0086326,-0.99022,-0.0007395,0.0023446,-0.0061684,-0.64517,-4.2238,0.90217,-30.561,0.58161,17.03,-1.073,-17.398,0.0099354,-0.0037297,-0.0045261,-0.99657,-0.0010024,-0.00093603,0.0024166,-1.0254,-5.4324,0.65381,-27.551,-2.1597,14.566,-2.0662,-14.275
45.2,0.0019921,0.0026693,0.01476,-1.0078,0.0020376,-0.0043525,0.00176,0.053335,-5.1913,0.16162,-30.313,-1.7934,16.385,-0.73974,-17.537,0.0058931,0.013976,-0.015487,-1.008,-0.0047787,0.00027744,0.0013954,-0.59863,-3.3684,-1.3055,-28.554,1.0908,15.627,1.1732,-12.528
45.3,-0.010548,0.0059918,-9.9202e-05,-0.99467,0.00092554,-0.0019197,-0.0024074,-1.2687,-4.3698,-0.37895,-30.958,1.9349,15.821,0.72284,-16.918,0.013806,-0.017066,-0.0034033,-0.99107,-0.0046383,-0.00653,0.00077184,-0.72328,-4.1759,-3.6842,-28.459,3.7726,15.344,0.75932,-14.429
45.4,-0.022219,0.010931,-0.0093084,-0.99694,0.0039702,0.00041001,0.00045379,-0.12274,-4.3392,-0.10332,-31.032,1.1154,17.216,0.53107,-16.168,0.011683,0.026556,0.0024436,-1.0012,0.0038697,0.0040476,-0.004103,0.10054,-3.0653,0.30561,-29.694,1.7962,12.462,0.67031,-14.632
45.5,-0.0019288,0.011945,0.0004502,-0.9928,0.0029842,0.0018989,0.0064775,0.5354,-4.8951,0.090897,-29.762,-1.1058,18.992,-2.6256,-17.383,5.1181e-05,-0.021719,-0.0060129,-1.0136,-0.0025683,0.0064182,0.0086675,0.62789,-2.1204,-0.8612,-29.444,-1.1597,15.404,-0.15741,-13.674
45.6,0.0068016,-0.0068135,-0.013915,-0.9995,-0.0052016,-0.0028836,0.0021662,1.1704,-3.011,-0.54705,-30.447,0.76859,15.602,1.1615,-18.154,-0.0081815,0.0024202,-0.0037223,-1.015,0.0064169,0.0017366,-0.0053437,0.74322,-4.7925,2.1893,-31.168,-1.6502,15.488,-0.62909,-13.167
45.7,0.0011738,0.0063543,0.01434,-1.0056,-0.003399,0.0023553,-9.7347e-06,0.48237,-4.9542,1.4801,-30.465,-1.5526,17.23,-1.1836,-16.828,0.0034195,0.0045821,0.00055076,-0.99336,-0.00038074,-0.010167,-0.00085936,1.9755,-3.226,1.3255,-30.927,0.69196,13.535,-0.54376,-15.408
45.8,0.01032,-0.0039359,-0.00054158,-0.98325,-0.0020608,-0.0031619,0.013071,-1.6954,-4.4079,0.3264,-31.341,1.7089,17.894,-0.35675,-16.947,-0.018591,-0.00070722,-0.0080805,-0.99354,-0.0061877,-0.0053121,-0.0037852,-0.75664,-3.7316,-1.6702,-29.084,0.54701,14.978,1.891,-14.283
45.9,-0.0026422,0.016143,-0.0042471,-0.99025,0.0065874,0.0028711,0.00037791,0.42303,-5.7352,0.59222,-30.31,-0.47419,17.494,1.0466,-14.806,-0.016728,-0.0090221,0.014983,-0.99596,-0.0035519,-0.0067826,-0.0018993,0.029167,-2.8882,0.12854,-29.877,0.65563,14.285,1.4754,-14.645
46,-0.012553,0.0025614,0.0051648,-1.0062,0.0050516,-0.0089489,0.001454,-0.55833,-5.561,-0.90989,-30.824,0.3265,17.425,0.23873,-17.104,0.009703,0.023139,-5.2027e-05,-1.0026,0.0039708,0.00021853,-0.0019831,-2.0586,-3.7615,-2.1653,-31.043,-1.3992,15.822,-0.33168,-13.541
46.1,0.0021031,-0.020938,0.0029799,-0.98179,-0.010226,0.0053945,0.00059986,-1.5691,-3.5391,-1.4911,-30.68,1.0033,15.484,0.66326,-14.736,0.015586,0.010447,-0.0051985,-0.99089,-0.0015651,0.00063615,-0.00031611,0.94102,-3.1509,-0.40632,-30.254,-0.32129,15.598,-0.34583,-13.373
46.2,0.0090103,0.0096552,-0.002728,-1.0027,0.0056648,0.0018862,0.0052477,-1.9721,-5.3013,-2.2315,-30.876,1.5118,17.682,-0.12125,-15.548,0.015069,0.02854,-0.0044063,-0.99386,-0.00077471,-0.0023932,0.0066734,-0.47432,-4.0814,-0.80361,-29.352,-0.39757,13.699,-1.6224,-14.022
46.3,0.0075438,-0.015646,-0.0026844,-0.9878,-0.0029305,0.010476,-0.0019052,-1.5513,-4.6776,0.89637,-32.397,0.42001,17.521,0.367,-16.548,0.0057511,0.023207,0.013547,-0.99238,-0.0078024,0.0035946,-0.0033214,-0.58813,-2.5077,-0.11051,-28.473,0.93253,14.727,0.77017,-14.437
46.4,0.0031596,-0.010015,-0.0062302,-1.0109,0.0069772,0.0045716,-0.0014283,-0.46097,-3.3941,0.5012,-29.481,0.52829,19.443,-0.16004,-17.214,-0.018101,0.021602,-0.015182,-0.99799,-0.0047512,-0.0050316,0.00037587,-1.634,-3.4196,-0.94089,-29.681,2.3916,16.085,-1.0129,-14.413
46.5,-0.012728,0.019348,0.0070758,-0.99576,0.0058315,-0.0081338,-0.0019831,0.7917,-5.38,1.1564,-29.431,0.5432,17.754,-2.1921,-17.143,-0.016275,-0.0033927,-0.0021338,-0.9793,-0.0027385,-0.0016516,0.0010358,-0.8036,-2.8745,-1.0094,-30.144,-1.1702,16.536,0.81314,-12.931
46.6,0.0050093,0.011246,0.0008442,-1.0155,-0.0026393,0.0030556,0.008328,-0.28454,-2.2406,-0.056362,-30.503,-0.61982,18.323,-0.65962,-16.352,0.012834,0.0027127,-0.0086973,-0.99937,-0.0057427,0.0013272,-0.0040341,0.6902,-3.7067,0.015229,-28.365,-2.0164,15.467,1.8298,-14.793
46.7,0.014729,0.0067222,0.0046664,-0.99957,0.0077666,-0.0043158,-0.0018909,-0.35448,-6.5598,-1.5013,-31.661,0.036378,17.44,0.47924,-17.774,0.006437,0.0012657,0.0017887,-1.0063,-0.015966,-0.0089982,-0.012089,2.0473,-0.80711,1.2787,-30.057,-0.5095,16.93,-0.5942,-13.477
46.8,-0.01004,-0.010495,0.0085699,-0.99801,0.0069269,-0.0002699,-0.0029904,-1.6601,-5.9778,0.24752,-32.228,-0.41845,18.117,-0.21056,-14.756,-0.0053079,-0.018059,-0.012827,-0.99311,-0.00075616,0.0021167,0.0012502,-0.49864,-3.508,-0.59947,-28.762,0.48122,16.431,-0.90196,-13.165
46.9,0.017419,-0.0070841,-0.0052009,-1.0109,0.0064801,-0.0084476,0.0033051,-0.93072,-5.2225,0.49987,-29.416,1.6082,16.882,-0.18227,-17.17,-0.025242,0.0020921,0.0023441,-1.0125,0.0073176,0.0034512,-0.0065643,-3.0882,-2.7203,-1.7568,-30.909,-0.15484,14.302,1.792,-13.836
47,-0.0030862,0.0025223,-0.010931,-1.0012,-0.0044951,0.00065124,-0.0013748,0.64944,-3.8379,1.0774,-31.234,-0.85338,18.137,-3.055,-14.82,0.010024,0.0039691,0.011693,-0.99194,-0.0018351,-0.00042256,-0.010808,-0.045591,-2.7209,-0.33751,-30.223,1.3587,12.682,-3.0834,-14.921
47.1,0.001587,0.0093355,0.016018,-1.0146,0.002934,-0.0030082,0.00058609,2.2188,-5.5765,0.1502,-29.961,2.2592,16.729,-0.69966,-17.933,-0.004266,-0.0088368,-0.018203,-1.005,-0.0040621,0.0060759,0.0028074,0.1642,-3.6115,1.4497,-30.581,-1.0549,14.307,-2.6759,-14.219
47.2,0.01234,0.013921,-0.0064855,-0.98717,-0.0069932,-0.008396,0.0091304,-0.22101,-4.2686,-0.0014196,-32.595,1.167,16.774,0.16574,-17.146,0.021893,-0.00066716,0.0069112,-0.98232,-0.00083645,0.0070157,0.0053926,1.4301,-4.0591,-0.82462,-30.405,-0.19422,15.864,-0.72201,-11.716
47.3,-0.0055755,-0.0135,0.005214,-1.0215,-0.0022922,-0.0099389,-0.0084557,-1.2631,-4.5696,-2.9518,-29.026,0.61906,16.054,0.51236,-17.047,0.001193,-0.0023782,-0.010994,-0.9996,0.0094568,-0.0020005,-0.00016227,0.55148,-4.8933,-1.2515,-30.373,0.95614,14.874,-0.38059,-13.294
47.4,-0.013198,-0.0036789,0.00074665,-0.99953,-0.0025158,-0.0040749,0.00034085,0.38954,-5.1663,-1.6863,-30.675,2.1503,18.507,0.05313,-15.665,-0.0055699,0.001711,-0.011448,-1.0072,-0.0065903,-0.0033961,-0.0069044,0.48188,-2.191,-0.14106,-30.214,-1.4738,16.297,-0.21641,-13.882
47.5,-0.010159,-0.010927,0.0027923,-1.0062,-0.006834,0.0055883,-0.0063973,1.0034,-5.3019,-1.7263,-29.58,-0.81364,17.717,-1.7656,-14.969,0.0016757,0.020409,0.012452,-1.0269,0.0097826,-0.0076389,-0.0032825,0.32637,-4.2199,0.82362,-29.628,0.74894,14.532,-0.7886,-13.582
47.6,0.016092,-0.0047359,0.0078657,-0.98851,0.0032571,-0.004874,-0.0031268,2.0579,-4.7623,-0.53028,-30.349,0.424,17.966,-0.61248,-17.103,0.011937,0.0025693,-0.0043294,-0.99169,-0.00038963,0.0011621,0.0011468,-1.444,-3.0157,1.6347,-28.264,0.96486,14.866,1.8903,-13.685
47.7,-0.0159,0.0019993,0.0078888,-0.99894,0.00054951,-0.0033595,0.0037966,0.87723,-3.9774,-0.99036,-29.58,0.46055,19.124,0.30619,-17.83,-0.010581,0.019075,0.0077994,-1.0118,0.0053622,-0.0049552,0.007462,0.56747,-2.5431,-0.29934,-29.867,0.99481,15.135,1.6505,-14.535
47.8,-0.00044558,0.0081993,-0.002693,-0.99551,0.0013035,-0.0068378,0.0030373,-1.185,-3.7996,-1.4969,-30.721,0.68914,18.107,-0.51386,-16.529,0.012351,-0.001256,-0.013948,-0.99452,0.0060269,0.0025944,-0.0031717,-1.0758,-3.237,-2.1383,-29.89,1.0764,15.445,1.214,-14
47.9,-0.010241,0.0066064,-0.00626,-1.0055,0.0075201,-0.0025254,-0.0009828,0.036473,-2.8568,0.9382,-30.164,1.8388,16.735,-1.583,-18.506,0.00028067,-0.0028728,-0.012489,-1.0043,0.0032064,-0.0068464,0.00028076,0.55534,-4.6249,-0.34597,-29.483,-1.4795,15.227,-0.41791,-14.115
48,0.015503,0.0013663,-0.0035794,-0.98489,-0.0067218,-0.00524,-0.0027679,1.2824,-3.4752,1.7221,-30.744,-1.1623,17.726,-1.4807,-17.258,-0.0085286,-0.018688,-0.012858,-0.98093,-0.0049897,-0.0017976,-0.0041585,-0.037833,-3.6445,-0.20542,-31.461,-0.29267,14.356,0.077207,-13.729
48.1,0.00054458,0.0024259,-0.014301,-0.99501,0.0025629,0.009598,-0.0024182,-0.95609,-3.3879,-0.71615,-31.821,-0.6479,17.158,-0.70969,-18.352,-0.0070196,0.0057896,-0.012002,-1.0049,-0.0047926,-0.00085145,0.0015165,0.68738,-4.0512,-1.1892,-29.707,0.20053,16.346,-0.45753,-14.951
48.2,0.0040552,-0.0057735,0.0025456,-0.99526,-0.0035607,0.0052835,0.0091992,-2.0059,-4.8789,-1.2091,-32.463,1.0431,18.155,0.12695,-17.021,-0.010472,0.0071958,0.005014,-1.0111,0.00083485,-0.0051022,0.001352,-1.456,-3.0333,-0.51519,-30.574,1.0765,14.63,0.64618,-14.15
48.3,0.0078558,-0.00021798,-0.013841,-0.98279,-0.0043802,0.0013619,0.0034173,-0.69545,-2.6969,0.55802,-31.951,-1.6451,18.811,-1.2444,-17.823,-0.017417,-0.0099527,-0.0080771,-1.0108,-0.005609,-0.0063352,0.0061988,0.48065,-3.7829,-1.7407,-30.069,1.5675,15.354,-0.31374,-15.085
48.4,-0.0041194,-0.0001348,-0.0025535,-1.005,-2.3326e-05,0.0041742,-0.0075253,1.5159,-3.3951,0.47158,-32.946,0.37664,19.152,-0.83515,-18.176,-0.01016,0.021096,-0.019525,-1.0093,-0.0063252,-0.0022123,0.0026521,1.6517,-3.1792,-1.0842,-31.597,1.0066,15.319,0.62894,-11.905
48.5,-0.0064252,0.0029068,-0.0075462,-0.98899,-0.0070001,-0.0064925,-0.00070162,-0.70264,-3.0986,-0.043467,-32.911,0.40051,16.122,0.17035,-18.188,-0.0023838,0.011571,-0.0033214,-0.99821,0.0011825,0.0011511,0.005789,2.3411,-2.3922,0.020467,-31.376,-1.0898,13.682,-0.33059,-15.283
48.6,-0.00076146,-0.011636,0.010849,-0.99813,-0.0029578,-0.00056493,-0.0056507,0.39821,-5.6153,0.060762,-32.606,0.16885,17.286,-0.25509,-18.138,0.011084,-0.0013308,0.0025601,-1.0019,0.0066032,0.00096838,-0.0012337,1.7919,-3.0795,1.5677,-30.911,-0.88421,14.462,-0.39348,-12.752
48.7,-0.011498,0.005984,0.0004923,-1.0062,0.012853,0.00049488,0.002479,1.5597,-4.5131,0.15963,-32.762,1.029,19.369,0.051069,-17.188,0.0074067,-0.00097142,0.0010216,-1.0038,-0.0025301,-0.0067863,-0.0025674,-2.0986,-2.0448,-0.5735,-30.692,0.13215,14.937,-0.28782,-14.181
48.8,-0.020544,-0.0024142,0.026688,-0.9778,-0.0034534,0.00038129,0.00073114,0.8052,-5.1669,0.63935,-30.617,0.77153,19.108,0.51007,-17.619,-0.0031181,-0.016786,-0.009121,-1.0117,0.00093486,-0.0020067,0.0022603,1.3979,-2.7447,1.1653,-29.124,0.15935,16.66,1.8829,-13.082
48.9,0.010303,0.0073657,-0.0013427,-0.99924,-0.0042265,-0.0028717,0.0032894,0.74763,-4.1358,1.2393,-33.351,-1.446,17.361,-0.7448,-17.568,0.00091667,0.0083643,0.012759,-1.0156,0.00028856,-0.0094354,-0.0013715,-1.2217,-3.405,0.75343,-31.363,1.289,14.6,0.60661,-13.975
49,0.00327,0.0072477,0.0078568,-0.99461,-0.0014374,-0.0021607,0.0050246,-0.15527,-3.3333,-0.13646,-31.795,-0.10453,17.121,-1.7562,-16.852,0.0085308,0.0056535,0.0080802,-1.0172,0.0083224,-0.00071544,0.0024269,1.2581,-3.6797,0.23055,-31.405,-1.1424,15.875,-2.5317,-14.108
49.1,-0.0016679,-0.0051873,0.002154,-1.0118,-0.0093609,-0.00021212,0.010692,-1.9357,-4.671,-0.99154,-33.579,1.8763,16.82,1.2654,-17.626,-0.011855,-0.011014,-0.0062104,-0.9814,-0.00069507,-0.0018765,-0.0058148,-0.52435,-2.2327,-0.069532,-31.772,0.14196,14.72,0.22886,-14.231
49.2,0.013234,0.0016084,-0.010615,-1.014,-0.006785,0.0057423,0.0094762,-0.59352,-4.7128,-1.3792,-32.087,0.88981,19.579,-0.42468,-15.486,-0.015388,-0.018476,0.0052003,-0.98997,0.0072996,-0.0008034,0.0071385,1.1019,-2.3358,-0.19552,-30.006,-0.3935,14.452,-0.78511,-13.757
49.3,0.0065443,-0.00091133,0.0075399,-0.98922,-0.011378,-0.0038106,0.0057722,-0.14426,-4.3658,0.75398,-30.166,-0.48348,19.324,0.022575,-15.935,0.0097771,-0.0082258,-0.0077279,-1.0003,0.0084438,-0.0041559,0.00078909,-0.033688,-2.5783,0.00055927,-30.978,0.35333,15.006,0.89144,-13.387
49.4,0.0082752,0.0020113,-0.00024765,-0.99334,0.0043269,0.0053792,-0.0061073,-0.22532,-3.9148,-0.75941,-33.079,1.9488,17.197,-0.20626,-17.029,0.013081,0.014906,0.011139,-1.0066,-0.014553,0.0036722,-0.0079372,-1.3084,-3.712,-0.18014,-30.262,0.81561,15.211,-0.31448,-12.997
49.5,0.0067246,0.0079021,-0.0036548,-0.9973,0.004432,-0.0043149,-0.0056042,0.29544,-4.5128,1.9345,-31.765,0.51403,19.41,-0.37465,-17.986,0.010501,0.0049843,-0.0085911,-0.98981,0.0044351,-0.005237,0.0049437,-1.9521,-4.4011,0.51291,-30.973,2.065,13.748,0.65259,-13.877
49.6,-0.0031128,-0.0033055,-0.00012399,-1.0057,-0.0074708,-0.0018131,-0.0015106,0.41736,-3.1439,0.18133,-29.326,0.49755,19.982,-2.0908,-16.14,0.00050743,-0.011436,-0.0051337,-1.0078,0.0033175,0.0077565,0.0099682,-0.08283,-3.8558,-0.1956,-32.13,1.2221,15.882,-0.10358,-14.998
49.7,0.00086382,-0.0084619,0.0071302,-1.0041,-0.0065634,0.0055237,0.0067274,-1.4379,-5.5593,-2.7137,-32.477,-0.38753,19.987,0.59473,-16.075,-0.0088935,-0.0057373,0.0046684,-1.0041,0.0077689,0.0097746,-0.0028453,1.7312,-2.8762,1.3614,-31.182,0.5873,15.36,-0.57883,-15.371
49.8,0.0077637,0.0080317,-0.0030432,-0.99089,-0.005959,0.0069905,-0.0032937,-1.1354,-5.0803,-0.39617,-34.37,-0.36704,17.545,-0.27663,-16.753,-0.004229,0.013184,0.0056105,-1.0113,0.0043582,-0.0061407,-0.001389,1.104,-4.0436,0.06798,-30.917,0.23235,15.299,0.53995,-13.123
49.9,-0.0058792,-0.0079797,-0.00083139,-0.9876,-0.0009656,-0.0017103,0.0013196,1.3201,-3.195,0.95001,-33.287,0.18781,17.296,-0.86059,-15.983,0.0054067,-0.0025454,0.0041573,-0.98241,-0.0027865,0.011208,0.0028048,-1.4731,-3.0441,-1.422,-30.958,0.3201,16.492,0.57565,-13.91
50,0.0028103,0.0095669,-0.010852,-0.99857,-0.00081989,-0.0033036,0.0052128,-1.5723,-5.1712,0.36682,-33.175,-0.17915,19.267,-0.90333,-15.821,-0.016898,-0.016006,-0.022577,-1.0009,-0.0037545,-0.0046852,-0.0059278,-1.5492,-3.7528,-0.79065,-32.183,-1.1719,16.118,-0.082361,-14.839
50.1,-0.0058767,0.0019961,-0.0077057,-0.97371,0.0089746,0.0079184,0.00029822,-1.5866,-5.5952,-0.65944,-32.074,-1.3603,18.159,2.4389,-15.99,0.017919,0.009702,-0.0036993,-1.0072,0.0011427,-0.001321,-0.0037546,-0.62631,-2.7649,1.5604,-30.207,-1.4266,15.13,0.5668,-13.324
50.2,-0.014863,0.0016213,-0.0035121,-0.99443,-0.00083698,-0.0082589,-0.0039492,-0.03675,-4.2966,-1.398,-32.718,1.3324,17.525,0.36571,-16.786,0.0074444,-0.0066906,0.01848,-0.98285,0.0064003,0.017284,0.0054135,-1.6835,-3.3445,-0.73043,-30.7,-0.92506,15.016,0.36543,-13.551
50.3,0.0092011,0.008225,0.0022895,-0.99938,-0.0022254,0.00061146,-0.0043133,0.96613,-3.995,1.1162,-32.18,-1.5565,16.96,-1.1418,-19.286,0.010761,0.0022348,0.0005443,-0.98551,-0.0034751,-0.0046766,-0.0062246,-0.26662,-3.0219,1.9968,-29.482,-1.2642,15.737,-0.89871,-14.338
50.4,-0.0042229,-0.012056,-0.015342,-1.0029,-0.0024817,-0.0053992,-0.0033054,0.5861,-4.8606,-0.92128,-31.512,-0.51995,19.576,-2.6509,-17.204,-0.011492,-0.012109,-0.010466,-0.99961,-0.0013893,-0.0043007,0.0020142,-1.4917,-4.538,0.067777,-30.872,1.4509,15.038,0.35935,-13.635
50.5,0.0070658,0.010294,-0.004031,-0.99218,0.0057957,-0.001018,0.010061,-1.3085,-3.0674,-0.89105,-31.133,0.57583,17.718,0.15585,-16.909,-0.0046417,-0.011103,-0.0055723,-0.99754,-0.0054708,-0.0018812,3.6333e-05,0.1883,-2.0805,-0.088593,-30.323,0.166,14.981,1.0849,-12.191
50.6,0.014182,-0.020518,-0.0011512,-1.003,-0.011087,0.0026842,0.00071773,-1.3439,-5.2895,-1.5255,-33.563,-0.27459,18.993,-0.15121,-17.636,0.0095089,-0.005503,-0.0015982,-0.99636,-0.00019737,0.0061303,-0.0062087,0.77331,-1.7933,-1.5635,-31.809,-1.0822,15.422,1.1922,-14.062
50.7,0.001534,-0.0053812,0.0071337,-1.0115,0.0056165,-0.0021246,0.006343,0.04036,-4.437,-0.32416,-33.828,0.3219,18.671,0.49496,-16.925,0.0044462,-0.0072495,0.0022965,-1.0012,-0.0021822,-0.0010196,0.0034819,-1.9205,-5.05,0.47368,-32.33,-1.1484,15.864,-1.7431,-13.573
50.8,0.0058259,-0.00052039,0.0084964,-0.99542,0.0033553,0.0019454,-0.0018965,-1.4591,-4.9838,-0.46263,-32.783,-0.13396,17.596,0.3112,-15.904,0.0047019,-0.00010657,-0.002698,-1.004,-0.0074043,0.00036272,0.0044528,-0.63439,-2.0051,0.59903,-34.194,-0.35125,12.565,0.18737,-12.322
50.9,0.008755,0.0022083,0.0077826,-0.98988,-0.0061024,0.010463,0.00095409,0.18566,-4.8223,-1.0636,-34.387,-1.3621,18.696,-1.3091,-18.878,0.011249,0.019731,-0.013121,-1.0257,-0.011034,-0.0078552,0.0090196,-0.25913,-3.7392,2.0856,-31.352,1.3558,13.892,-0.14441,-15.992
51,-0.011825,0.016107,0.020958,-0.99132,-0.0028576,-0.00654,0.0014227,1.0862,-5.0041,-1.1006,-32.426,-1.0312,16.608,-0.032164,-18.036,-0.0088482,0.0033802,0.0087413,-1.0002,-0.0090382,0.012315,0.0034026,-1.5611,0.069317,-1.2533,-29.604,1.1538,17.521,0.34346,-13.149
51.1,-0.011687,-0.0099794,-0.0225,-0.99469,-0.003014,0.00076187,-0.0087262,0.69625,-3.719,-0.6617,-35.219,0.90925,18.997,0.97564,-15.294,-0.0049628,0.012327,0.012077,-1.0094,0.00054258,0.0042159,0.0029045,-0.99412,-3.9245,-1.785,-30.328,-0.79481,14.578,0.3734,-15.003
51.2,0.0074417,0.0019234,0.0152,-0.98524,-0.00042379,0.0021073,0.0055565,0.68127,-4.521,0.23843,-32.158,-0.88275,18.736,1.0226,-18.609,-0.012987,0.0058631,0.0070322,-1.0028,-0.0055612,2.7022e-05,-0.00040506,-0.22288,-1.6192,-0.32451,-30.61,-0.96942,15.382,-0.10912,-14.113
51.3,-0.0042485,0.0019365,0.01105,-1.0029,0.0050679,-0.0045999,-0.011435,-0.47854,-6.3301,-0.42944,-33.245,1.2088,17.566,1.5146,-15.068,0.0060673,-0.00071413,0.0024563,-0.98636,-0.0056425,0.0046047,-0.0045199,0.30269,-2.3479,0.70234,-31.15,0.47214,16.43,-1.3983,-11.927
51.4,-0.00243,0.0036562,-0.0028106,-0.98079,0.0036821,-0.0031734,-0.0050189,-0.0067876,-5.3282,-0.35601,-34.837,-1.7237,18.854,-2.9092,-17.453,-0.013499,0.00061573,-0.0062555,-1.0016,0.0033315,-0.0027452,-0.0033718,0.98387,-3.2471,0.041937,-29.153,1.4416,15.695,-0.8219,-13.351
51.5,-0.0092192,0.012337,-0.0014716,-0.99699,-0.0068937,0.00023532,-0.007797,0.15077,-3.123,0.36521,-32.52,-0.47031,17.005,-0.96314,-15.226,-0.0077372,-0.0023758,0.0072802,-1.0023,-0.0065673,-0.0024809,-0.0011045,1.1704,-1.7438,0.27909,-30.913,1.9438,14.748,1.2253,-13.702
51.6,-0.0085814,-0.011439,-0.0012804,-1.0077,-0.0079968,0.001256,0.0096752,-0.36183,-4.5449,1.4408,-33.646,0.32548,17.837,0.36864,-14.598,-0.009174,-0.0011025,0.0067457,-0.99729,0.0043455,0.0011788,0.0080899,-1.0545,-2.9398,0.87238,-32.681,0.74196,14.634,-0.36079,-12.676
51.7,-0.0024162,0.010549,-0.0019922,-0.97889,0.0032837,-0.0033245,-0.0030129,0.80886,-2.127,-2.152,-33.356,1.7011,18.023,1.0104,-18.395,-0.0032636,0.0039257,0.0078376,-0.9949,-0.0023454,-0.0041002,0.0067516,-0.9024,-2.2455,0.62339,-32.149,-0.87611,16.608,0.26882,-13.331
51.8,-0.0077066,-0.016601,-0.00215,-1.0011,-0.0027969,0.0042014,-0.0049705,-0.21841,-3.3386,-0.1163,-33.914,-1.0335,16.546,0.91427,-16.09,-0.0020513,-0.0032665,-0.010848,-1.0137,-0.0058307,0.00054662,-0.011188,0.84132,-1.4923,-0.25471,-31.227,-0.51479,12.706,-0.075127,-12.935
51.9,-0.0080814,0.0030469,-0.00039674,-0.996,0.0015673,0.0049177,7.3873e-05,0.39907,-5.4562,0.9891,-32.124,-1.5516,19.038,0.3866,-15.998,-0.0094267,0.0026751,0.010994,-0.98247,0.0089825,-0.0074562,0.00066527,-1.1807,-1.2203,-1.9335,-31.422,-0.39838,15.688,-0.82426,-13.667
52,0.0090566,-0.011167,-0.0034365,-0.99976,-0.0019719,0.0070826,-0.0046082,2.2439,-4.1402,-0.21429,-34.111,-0.013941,18.74,2.2743,-17.834,0.0041969,-0.010898,0.0041849,-0.99808,0.0034689,-0.0045132,-0.0009464,-1.6954,-2.9388,1.2767,-31.937,1.2061,15.298,-1.344,-13.322
52.1,0.0024763,-0.0076302,-0.0067046,-0.97541,0.0019051,0.004885,-0.0046302,-0.02176,-3.3148,-0.26496,-34.167,-2.8662,18.457,-1.3286,-16.706,-0.02443,-0.0024799,0.0075663,-1.003,-0.0042662,-0.0060948,0.0019807,-0.2682,-2.271,0.48544,-31.439,2.8522,13.696,1.3268,-14.748
52.2,-0.0050065,-0.0077551,0.006564,-1.0159,0.0052876,-0.0039472,0.0032977,-0.80457,-3.7495,0.2102,-33.641,-0.5459,17.634,-0.32248,-17.51,-0.0097832,0.015446,-0.0077046,-1,0.0015177,-0.0069615,0.00080906,0.66278,-3.251,0.52172,-30.994,0.083155,15.631,1.2931,-13.949
52.3,-0.00056294,0.010286,-0.0051675,-0.98873,-0.0022895,-0.0041673,0.003615,0.54089,-2.1663,-0.43924,-32.78,-0.68534,17.859,1.5536,-17.584,-0.0051633,-0.017808,-0.0089697,-1.014,0.0062946,-0.0048545,-0.010583,-0.40521,-2.7811,1.3358,-31.89,-1.7864,16.755,-0.6443,-14.582
52.4,-0.011412,6.9815e-05,-0.017613,-0.98054,-0.0034585,-0.0082858,-0.010883,1.9395,-1.6275,-0.203,-33.544,0.045183,18.055,-0.57856,-18.851,-0.0025264,0.0068731,0.014854,-0.99024,-0.0042704,-0.0041967,0.0045659,1.7801,-1.9918,1.1064,-29.645,1.7009,15.765,-1.9963,-13.341
52.5,-0.0035471,-0.0070565,-0.0094234,-1.0035,0.0042762,-0.0009506,-0.0028717,-1.2233,-3.6067,-1.9728,-32.62,0.54616,19.98,0.39959,-16.762,0.0059824,0.0021829,-0.015246,-1.0046,-0.001147,-0.0045283,-0.0073579,-0.38978,-3.2145,-0.60689,-32.718,1.099,14.21,1.3141,-13.393
52.6,0.0054146,-0.0036885,-0.0019591,-0.98921,-0.00015775,0.0015317,0.002073,-1.6552,-4.2134,-0.41875,-34.178,-0.96159,18.503,-1.0545,-15.391,0.0038916,-0.0058816,0.000419,-0.98936,-0.00044869,-0.0065893,0.00062917,-1.1948,-0.41051,0.37803,-31.456,1.9938,15.558,0.97245,-12.86
52.7,-0.0086206,0.011942,-0.011911,-0.99768,0.010496,0.00143,0.0021509,-0.5072,-2.3046,0.7036,-33.309,-2.3015,19.868,-0.65407,-17.449,0.015816,-0.009067,-0.016307,-0.9865,-0.015552,-0.0030446,0.0030262,-2.3092,0.053693,-2.5135,-32.22,-0.33629,15.145,2.2549,-12.902
52.8,0.0076613,-0.0098997,0.0039682,-1.0036,-0.0016752,-0.00073478,0.0067651,1.3644,-5.0829,1.9438,-33.267,1.2351,19.94,-1.4202,-18.206,-0.0092104,0.024986,5.672e-05,-1.0022,0.00050355,-0.0041359,-0.0044319,0.089045,-3.5501,-1.685,-32.338,-0.22401,16.194,0.79182,-12.646
52.9,0.011375,0.0076869,0.0031844,-0.99907,-0.0036033,0.010661,0.0055778,-0.12233,-3.5174,-1.0773,-31.454,-0.12427,19.059,0.54818,-17.99,-0.0023583,0.011151,-0.0055182,-0.99349,0.005564,-0.004388,-0.0010261,0.48028,-0.35018,0.81001,-30.991,-0.65575,14.769,-1.0122,-16.051
53,-0.0061075,-0.0056939,-0.0020053,-1.005,0.0072332,-0.0040509,0.0067887,-1.0049,-4.8752,-2.593,-33.828,-1.7204,19.338,-1.0267,-15.872,0.008847,0.004948,0.0044589,-1.0103,0.0021119,-0.0038565,-0.009283,1.8384,-0.9166,1.2487,-33.55,1.2786,16.415,-0.16509,-13.52
53.1,0.010471,-0.0016322,0.014952,-0.99857,0.0052911,-0.00076824,0.0056239,1.608,-4.9794,-1.2759,-34.782,1.2225,19.112,-1.4455,-15.966,-0.0035415,-0.0072889,-0.00086495,-1.0043,-0.0026616,0.0099898,0.0046621,0.32213,-2.2011,0.97405,-32.73,-1.0304,15.153,0.67508,-13.834
53.2,-0.0042049,-0.0009456,-0.00085648,-1.002,-0.0030577,0.00023492,-0.002981,2.2553,-2.4287,-0.96474,-35.99,0.34382,17.006,-0.7458,-17.174,-0.0033067,-0.0010502,-0.0021835,-1.0137,0.012451,-0.0046856,-0.0024515,-2.5085,-2.7318,-0.89659,-32.459,2.5977,14.554,0.18548,-13.227
53.3,0.0056941,0.0074671,-0.0045941,-1.0081,0.00042191,0.0095756,-0.0013917,0.25877,-3.2746,-0.60735,-34.694,-1.5591,19.562,-3.6137,-16.8,-0.0049996,0.0059543,-0.00041803,-0.98691,-0.0039745,0.010846,-0.00011171,0.39132,-3.0602,-2.4313,-30.986,0.72254,13.396,2.0161,-13.401
53.4,-0.026312,0.0052178,-0.0040605,-0.99169,-0.0017906,0.007288,0.0066685,0.10039,-3.6276,1.0929,-33.126,1.0237,17.6,-0.56049,-18.36,0.012028,-9.9309e-05,-0.0067261,-0.96913,-0.0090107,0.0057501,-0.010385,1.1557,-2.0169,-1.9301,-32.792,-0.11486,13.903,-0.50573,-13.027
53.5,-0.0081917,-0.015302,-0.0017323,-0.98682,0.0032675,-0.007221,-0.0048463,-0.14442,-3.4614,0.88479,-33.739,0.18125,19.772,2.2401,-17.044,-0.003548,-0.010077,0.0068802,-0.9838,0.00030345,-0.00050883,0.0060496,0.63114,-1.8082,1.0312,-31.892,-0.78681,15.604,0.58328,-12.162
53.6,0.010341,-0.014645,-0.0057196,-1.0151,0.0063719,-0.0034607,0.0015636,-1.8681,-4.0264,0.49193,-33.672,1.6376,18.836,0.13579,-17.848,-0.006921,-0.015933,-0.0067499,-0.98758,-0.00078419,0.0018538,-0.00062112,2.2324,0.80113,-0.36707,-29.686,0.77751,15.473,0.38142,-12.93
53.7,0.0011215,0.0068196,-0.0069068,-0.99068,0.0071702,-0.0021193,-0.0062985,-0.37495,-6.3313,-0.64452,-33.466,-2.447,18.812,0.52728,-15.886,0.0054991,-0.019194,-0.017116,-1.0048,-0.0020912,0.0020524,0.00167,0.080332,-1.5337,-1.1623,-32.658,0.36819,16.351,-1.382,-14.924
53.8,0.0058111,0.007356,-0.0044304,-1.0069,0.002455,-0.00047479,-0.0090308,1.1758,-4.4388,2.5287,-34.259,-0.83562,18.867,-1.903,-17.731,-0.0011663,0.0013092,-0.013464,-1.0183,-0.0073943,0.0084596,0.0051353,-1.0139,-2.7121,-1.19,-31.96,0.82108,14.591,-0.37048,-12.928
53.9,0.009473,-0.022241,0.003457,-1.0102,-0.0037489,-0.0013225,0.00075536,0.68039,-4.2573,-1.4447,-34.273,0.67442,18.896,-1.2182,-19.327,0.0097634,-0.0067179,-0.021772,-0.99619,0.0064648,0.0036971,-0.0017352,-0.39368,-2.4442,-0.22335,-32.677,-1.9217,15.135,-0.47245,-12.987
54,-0.0097829,0.0092459,-0.0013395,-0.99966,-0.0048355,0.00072269,0.002491,-0.30611,-3.9233,-0.63475,-34.435,0.25123,19.551,-1.7356,-16.859,0.012293,0.0047781,-0.0023453,-0.99937,0.001095,-0.003377,0.010392,0.56182,-2.4717,1.7269,-34.032,-1.3718,14.223,-2.7132,-14.387
54.1,0.00063713,0.013407,0.017094,-1.0012,-0.0020866,-0.0033265,0.0026732,0.32944,-3.3196,-0.27927,-35.96,-0.6951,18.106,1.136,-15.384,-0.0047341,-0.0092897,-0.011697,-0.98848,-0.00072498,0.0024669,-0.0065671,0.65254,-2.3434,-1.0261,-31.935,1.0676,15.269,0.12453,-13.906
54.2,-0.00053293,-0.015102,-0.0059217,-1.0142,0.0044649,-0.0036841,0.0014427,-0.41376,-3.8614,-0.63999,-33.425,-0.25507,18.814,-1.6563,-17.165,0.0031478,0.0039474,-0.010409,-0.97708,0.0030098,-0.001263,-0.0029868,-1.9481,-1.1096,-0.56703,-32.698,-0.043029,15.612,0.72875,-14.195
54.3,-0.0003854,0.016459,-0.006691,-0.9917,0.002141,-0.00029247,0.0015495,0.61408,-3.4112,0.1842,-33.931,-0.23338,18.944,-2.5506,-17.822,-0.014987,0.0013343,0.0016602,-1.0033,0.0057856,0.0036684,-0.0088281,0.79861,-1.6032,0.094907,-34.711,0.61557,15.946,0.00021711,-13.322
54.4,-0.015794,0.002007,0.014096,-0.98567,0.0011495,-0.0013435,0.0051018,-0.29133,-3.1077,-0.036091,-33.798,0.0079668,18.723,-0.011148,-17.505,-0.016503,0.0020787,0.010174,-0.97773,-0.0035102,-0.0041035,-0.0053528,0.44773,-2.6869,-1.2528,-32.84,0.18623,16.514,-0.58524,-11.75
54.5,-0.008464,-0.0014292,-0.0056704,-0.99162,0.00088998,-0.0032012,-0.008244,1.3851,-2.5878,-2.0527,-31.622,-1.3379,20.195,-1.1186,-17.169,-0.0020512,-0.0037493,0.0012682,-1.0045,0.003455,0.0027041,0.0020963,-1.7597,-2.8505,-0.38207,-30.984,-0.96578,16.93,-0.38878,-13.407
54.6,-0.0071356,-0.0036615,-0.009825,-0.9969,0.0012319,0.0056825,-0.0034476,0.3524,-3.2346,0.080584,-34.147,1.2063,19.39,0.67442,-17.044,-0.012894,-0.0096182,0.0042829,-1,-0.0038642,0.0048955,0.010181,0.011991,-2.6744,1.5415,-33.924,0.82287,16.109,0.44184,-13.451
54.7,0.0077783,0.016684,0.0039124,-0.99879,0.0054255,0.0013767,0.0031885,-0.14711,-4.7147,1.3562,-33.685,-1.2898,18.423,1.2097,-18.054,-0.015387,0.012127,0.0048379,-0.99398,0.0037571,-0.0014098,-0.0027265,-1.4654,-2.5571,-2.0192,-31.724,0.69361,14.171,0.87521,-12.644
54.8,-0.013599,0.0015663,-0.002932,-1.0151,0.0035116,0.0028305,-0.0022845,0.66016,-1.8873,-1.215,-34.101,-1.396,16.62,-0.67239,-16.892,-0.0018077,-0.0032455,-0.0033194,-0.99534,0.0066538,0.0041633,-0.012299,-0.75896,-2.7594,-1.4291,-31.892,0.84975,14.576,-0.90113,-14.355
54.9,-0.0028809,0.010145,0.0087209,-1.0072,0.0043196,0.0011813,-0.0049627,0.10536,-3.434,1.1255,-33.327,1.315,19.466,0.24412,-19.55,-0.010249,0.0077991,-0.00079107,-0.992,-0.0030451,0.00085358,-0.0023558,-0.351,0.66571,1.434,-33.992,-1.8139,15.218,-0.20442,-11.851
55,-0.0021944,-0.02857,0.014205,-1.0013,-0.0080789,-0.0062732,-0.0050472,-0.6907,-3.8241,-1.0357,-34.201,1.1629,18.313,-1.0668,-17.624,-0.0020326,-0.0012328,0.0042533,-0.9886,0.0007877,0.00058117,-0.0053776,2.0394,-2.6627,1.4589,-31.858,-0.2375,14.819,-0.58157,-13.145
55.1,-0.008549,0.0058368,-0.0085918,-1.0007,0.0075278,0.0039106,-0.0073196,0.27165,-4.6152,0.22452,-33.42,1.1071,20.012,0.22803,-18.049,0.0034688,-0.0029027,0.013713,-1.0004,-0.0061032,-0.0065887,-0.0011957,1.2121,-0.85527,1.0126,-32.077,1.3964,14.864,-1.4283,-12.795
55.2,0.0056692,0.0001619,-0.01078,-1.0017,-0.0051281,0.0033043,0.0028884,1.2694,-5.0846,1.779,-33.81,1.6844,19.317,-1.4444,-17.807,0.02177,0.0080892,0.012773,-0.99586,-0.0091865,0.00052037,0.0060468,-1.2731,-2.3438,0.29272,-30.512,-0.027749,15.598,0.19829,-12.098
55.3,0.00072999,-0.0070119,0.00096427,-0.99291,-0.011681,-0.0024373,0.011413,0.026408,-3.1244,0.38831,-36.092,-0.53544,19.254,-1.5511,-17.111,-0.0095796,-0.0026031,-0.0019331,-1.002,0.0017054,0.008082,-0.0055037,-1.314,-2.3309,-2.3706,-32.011,0.598,15.253,0.12141,-11.719
55.4,-0.0040058,0.021148,0.011406,-0.99591,-0.00090597,0.0047875,-0.00060675,3.0015,-4.5082,1.2259,-35.182,1.4506,16.305,-3.0175,-18.101,-0.0032842,0.012564,0.0035068,-1.0144,0.0064609,-0.0051934,-0.0088466,-0.67337,-2.4213,-0.8308,-32.591,-0.66487,16.728,0.2892,-13.67
55.5,-0.0033415,-0.0038749,-0.0066872,-0.98945,-0.0057314,-0.0036533,0.0046798,-0.45542,-3.2024,1.1299,-34.455,1.2969,19.499,-1.6974,-18.403,0.0028249,0.0028122,0.0014479,-1.0069,-0.000444,-0.00092738,0.0030019,0.2001,-2.0484,-0.38495,-31.746,0.35116,16.744,-1.5939,-11.607
55.6,-0.0064031,0.0021141,0.0049272,-1.0094,-0.0013087,-0.0015533,-0.0021394,-0.094712,-3.4558,0.8098,-34.405,0.51596,18.995,0.88267,-16.796,-0.0056273,0.011146,0.0089197,-1.0234,-0.0099219,-0.011397,0.0058597,0.71864,-1.3917,-0.45263,-32.3,-0.16702,14.58,0.51217,-13.983
55.7,-0.0052025,-0.0056915,-0.0067253,-0.99099,-0.0026089,-0.0016906,0.002607,-3.9053,-4.2796,-1.3701,-34.807,-2.283,21.181,0.21376,-14.738,0.0068596,0.01203,0.0053021,-0.97983,0.0011799,0.0045989,0.0015684,-1.0478,-3.4778,-0.54522,-32.338,0.37979,14.082,0.38305,-11.391
55.8,-0.013424,-0.0066843,0.019084,-0.98358,0.0025373,0.0048998,0.0098458,-0.61302,-4.6525,1.7571,-33.987,0.015309,18.501,-2.0699,-18.482,0.00096555,-0.015564,0.010262,-1.0025,-0.0021615,0.0044057,-0.0070001,-0.69692,-2.9084,1.4242,-33.644,2.3059,13.855,1.5862,-11.353
55.9,0.011516,-0.0049331,0.00071047,-1.0077,-0.0054523,-0.0082055,0.0030005,0.029979,-3.7167,1.2714,-35.617,-0.88585,17.87,-0.35702,-16.968,-0.005963,-0.01283,-0.0017011,-0.99974,0.0044402,0.00037149,0.0035228,-1.4781,-3.7504,0.45331,-31.984,-0.071773,16.477,-0.60685,-12.681
56,0.011025,0.0026402,0.0064747,-0.99917,0.004371,-0.0039667,-0.00095583,-0.95069,-3.2438,-0.9932,-34.16,-0.74653,16.486,-0.77692,-16.195,-0.0032912,-0.010164,-0.00054622,-1.0127,-0.00064654,-0.0027462,0.0061843,1.636,-1.3305,-0.64187,-32.853,-0.76567,14.54,0.32177,-13.066
56.1,-0.0035416,0.021145,-0.0047938,-0.98801,0.0021979,0.0011068,-0.0084593,-1.0627,-2.0223,-1.4165,-35.565,0.83678,18.329,0.86637,-15.523,0.00026451,-0.0038573,-0.0091596,-1.0129,0.00014208,-0.0035867,0.0064979,0.77464,-2.4563,0.1161,-33.148,-0.66386,15.833,1.1692,-11.836
56.2,-0.0071362,0.021443,0.0034891,-0.98406,0.0048205,-0.0036198,0.0027469,0.17423,-3.7437,-1.4256,-34.427,1.1277,19.055,2.1226,-16.109,-0.0037025,-0.013965,-0.011777,-0.99287,-0.0018394,0.0012119,-0.0031082,0.64012,-2.9455,-1.2982,-32.076,0.45412,13.783,0.83387,-12.798
56.3,0.0029819,-0.0064213,-0.0055432,-1.017,-0.0063316,0.0079747,-0.0016513,-1.4335,-4.749,0.0044293,-36.291,1.0704,19.654,0.41878,-17.784,0.0013886,0.019305,0.0011452,-0.99729,0.00062847,0.0015909,0.0053812,-1.8436,-0.87953,-1.928,-32.567,-0.65218,14.899,1.1432,-11.572
56.4,0.0017532,-0.0018924,-0.0011931,-0.99013,-0.0032643,-0.0065402,-0.012237,-0.57937,-4.7892,-0.098468,-33.858,0.44886,19.808,0.41522,-17.703,0.019819,-0.0072224,-0.0083769,-1.0091,0.00071228,0.0079855,-0.0023439,0.39272,-2.0524,-0.51265,-32.773,-0.67817,15.588,-0.45039,-13.533
56.5,-0.00041877,0.0017485,-0.015553,-0.99759,0.0046403,0.00092897,-0.0001244,-0.80266,-2.7065,0.57704,-34.999,-0.012352,19.102,-2.0972,-17.146,-0.020385,0.0032984,0.014097,-1.0102,0.0050673,0.0048323,0.0019768,2.72,-2.447,0.36848,-31.579,-1.1529,15.603,0.11203,-12.427
56.6,0.022746,0.0013323,-0.012995,-0.99528,-0.0069247,0.0013125,-0.0073189,-2.1973,-5.1505,-0.42164,-34.668,0.70543,17.351,2.898,-16.712,-0.008686,-0.0096383,0.016763,-0.98973,-0.0084986,-0.0049678,-0.0021663,-0.73774,-2.8478,0.4853,-32.348,0.16381,15.668,-1.0809,-11.469
56.7,-0.0025973,-0.0014919,0.00062881,-0.99702,0.0030627,0.007505,0.0023795,-1.1011,-5.3259,0.10458,-35.1,-0.48145,19.487,0.93635,-16.4,0.0047411,0.0091026,0.0044252,-1.0136,0.006341,0.0082118,-0.0070858,-0.25635,-2.3466,-1.7305,-32.545,-0.069548,14.229,0.49722,-11.896
56.8,-0.009128,-0.005076,0.00071223,-0.99524,-0.0039808,-0.002998,-0.01233,0.95917,-5.1966,1.6252,-36.498,1.0016,21.443,-0.26239,-17.572,0.0024023,-0.003363,0.017827,-1.0017,-0.0055058,0.0046754,-0.00016719,-1.5966,-1.8526,-1.3749,-32.719,0.5255,15.333,1.2793,-12.272
56.9,-0.005721,-0.0032083,-0.0282,-1.0045,-0.0044074,0.0065616,0.0038308,1.772,-5.5869,-2.5326,-34.915,1.791,19.183,-1.0695,-18.61,-0.015797,0.013229,-0.0099074,-0.99321,-0.0054921,0.0098614,0.0065012,2.737,-2.7631,0.37351,-31.406,1.2041,17.114,0.097731,-12.698
57,0.0080636,0.0028103,0.023124,-0.99188,-0.00021648,-0.0019463,0.00073896,-0.46823,-1.9898,0.52828,-34.587,-1.0876,18.363,1.3762,-19.713,-0.022436,0.015349,0.0203,-0.98568,0.011104,-0.0017226,-0.001386,-0.46403,0.5505,1.8451,-34.161,-0.091453,13.936,-0.62011,-12.694
57.1,-0.0061027,0.00032376,-0.0051896,-1.0142,0.0099176,0.0010002,0.00037724,-1.4243,-3.4138,-0.92746,-35.988,0.45744,21.143,0.068416,-16.733,-0.0088574,0.0094928,0.00795,-1.0049,0.006775,0.0004692,0.0046946,-2.9869,0.25661,2.3045,-32.139,-1.4805,14.482,0.90777,-11.445
57.2,0.0076319,0.00967,0.0077834,-0.99428,0.0030171,-0.0010658,0.001505,-0.50883,-2.6685,1.2402,-36.073,-1.0606,20.986,-2.1478,-17.531,0.0035303,-0.0073501,-0.014865,-1.0052,-0.0099304,-0.0051379,0.0030391,0.61442,-1.1146,-0.49824,-33.195,-1.2894,15.758,-1.7099,-13.714
57.3,-0.0056505,-0.0061984,-0.024625,-0.99353,-0.016285,-0.0022352,-0.003083,1.5937,-4.8783,1.0487,-35.527,-0.76705,16.916,-0.38801,-16.242,-0.0048082,0.0065111,-0.0047464,-0.99518,-0.0030897,-0.0018988,0.0028188,0.57525,-1.516,-3.1705,-32.452,1.3848,14.087,-0.18609,-14.874
57.4,0.0084412,-0.01841,0.001321,-1.0054,0.0033313,-6.4654e-05,0.0024385,-0.97571,-4.9495,-0.63406,-33.642,-0.24823,19.71,0.66175,-17.145,-0.0090537,0.00025813,0.00048685,-0.98833,-0.0016031,0.0012839,-0.00427,0.26227,-1.4182,-1.4295,-33.099,0.27561,14.891,1.8957,-12.21
57.5,-0.008226,0.0078429,-0.011242,-1.0061,0.0058881,0.0022798,-0.00065267,-0.24988,-4.3024,-0.90734,-33.914,0.85002,17.267,-1.8952,-16.74,0.0049823,0.0032484,0.01141,-0.98622,0.0041044,-0.0038076,-0.0027426,-0.62499,-1.4249,-1.5797,-34.891,-0.75408,15.367,-0.57253,-12.891
57.6,0.0053769,-0.010371,-0.0085337,-1.0046,0.0073624,0.011693,0.003788,-0.96021,-3.6958,-2.5544,-36.116,-0.5742,19.414,2.4374,-16.649,-0.0064874,0.0034457,-0.010861,-1.0204,-0.0023703,0.0024021,-0.0031525,0.93131,-2.5422,-2.7848,-32.939,-1.5042,13.959,-1.8129,-13.414
57.7,-0.0090456,0.0019674,0.015123,-0.98731,-0.0027468,0.0075079,-0.002678,1.6265,-3.4904,-2.5641,-35.926,1.4277,17.024,-0.39849,-16.856,-0.0084301,0.0084413,0.008245,-0.9972,0.00572,-0.0035925,0.0035161,-0.18583,0.64289,3.2246,-32.649,-1.3287,14.167,-1.6276,-11.226
57.8,0.0048545,-0.008672,-0.00857,-0.97849,0.0061812,-0.0097215,0.0082284,0.9023,-3.1789,1.0074,-36.714,0.29496,19.781,-2.4425,-15.069,0.013078,0.020861,0.0071898,-1.0089,-0.0064497,-0.0017072,-0.0055518,1.136,-2.7233,0.18282,-32.802,-1.3214,16.286,0.86796,-12.867
57.9,-0.016715,0.0068633,0.0086739,-1.0087,0.0069379,0.0028828,-0.0038651,1.4291,-4.7235,-1.184,-33.584,-1.1975,18.597,-0.59872,-16.681,0.015615,0.017208,0.0084701,-1.007,0.0013292,-0.0028945,0.00181,-0.5516,-2.282,-1.9499,-32.863,1.6161,14.776,0.82061,-11.122
58,-0.0018541,-0.011391,0.00059113,-1.0151,0.004831,-0.0075691,0.0059199,0.62013,-2.9076,-1.7779,-34.567,0.69545,19.483,0.2094,-17.111,0.010102,-0.007812,-0.010701,-1.0191,0.0045411,0.010505,-0.0037328,0.51049,-0.62903,-0.084949,-33.157,-0.78015,16.809,0.86918,-12.666
58.1,-0.0031824,0.01456,0.021172,-0.98909,-0.0059708,0.0037553,0.00076503,0.90299,-2.6028,-1.1851,-35.88,0.36006,18.754,-2.5901,-15.969,0.0067109,-0.0024329,0.015588,-1.0002,0.00059366,0.0080293,-0.00026495,1.0454,-1.0587,0.71992,-34.215,-1.821,15.194,-0.72464,-11.983
58.2,-0.01544,0.0035431,-0.0081131,-0.99365,-0.0071366,-0.0042446,0.0042108,-1.248,-2.8965,1.8214,-35.78,-0.22414,19.555,-0.97771,-16.197,-0.0073109,-0.011832,-0.005483,-0.99657,0.0020415,0.001216,0.0022084,0.86431,-2.3766,1.4219,-34.282,0.54146,15.154,-1.3859,-12.104
58.3,0.016603,0.0103,5.2141e-05,-1.004,-0.0020013,0.0090052,0.0056441,0.93849,-2.6839,1.4106,-35.601,-0.55896,18.276,1.3451,-16.956,0.0048785,0.00089683,-0.00072303,-0.99121,0.002811,0.0012381,0.0020274,0.16745,-1.5222,-0.45188,-33.303,0.46348,13.992,1.2626,-12.402
58.4,0.005373,0.010241,0.0072549,-0.98574,-0.0054246,-0.0023877,0.0012436,-0.49511,-2.7482,-0.56328,-37.306,-0.46548,19.223,0.78399,-15.833,0.00089098,-0.0057938,0.0016731,-1.0013,0.0016823,-0.002958,0.0072259,-2.2352,-1.0462,-1.06,-33.271,-0.38038,15.751,1.4361,-12.039
58.5,-0.0067345,0.003892,0.0039278,-0.99666,-0.0051367,0.0059461,0.0030226,-0.73314,-3.2805,-1.4554,-34.851,-0.35556,20.796,0.65283,-17.307,-0.014796,0.0054267,0.0060899,-1.0076,0.0057081,-0.0013606,0.0029574,2.2942,-0.88,0.90213,-32.224,0.66895,15.893,0.87777,-12.039
58.6,0.0022553,0.024613,0.0045623,-1.0033,-0.00591,0.010857,-0.00056028,-1.5587,-5.1517,0.28304,-35.922,-0.062831,18.104,0.37372,-16.511,0.010994,-0.0062783,0.026867,-0.99338,-0.0027109,0.0071891,-0.007316,0.3555,-0.4865,-0.93019,-32.82,1.1164,15.769,-0.40336,-11.184
58.7,0.0073146,0.0019726,-0.01082,-1.0233,0.0064435,0.0040075,-0.0038945,-0.95809,-3.4005,-0.87514,-36.47,-1.6421,20.628,-1.255,-16.039,0.0032349,0.0010395,0.030235,-0.99087,-0.0043827,-0.0040458,0.0050208,0.13189,-3.8818,1.6439,-33.754,-0.52302,15.568,-1.3591,-14.381
58.8,0.0065679,-0.0060328,-0.0033741,-0.9828,0.0066382,0.0025017,0.012551,-0.74533,-4.4872,0.47005,-34.427,-0.93763,19.565,-1.0735,-17.033,0.0017888,0.021515,0.0088569,-0.99288,-0.0087723,0.0052016,-0.0029679,-2.2195,1.01,0.33012,-34.318,1.0805,14.975,1.2405,-13.954
58.9,0.015773,-0.0039713,0.0011583,-1.0046,0.00077878,-0.0031051,2.5009e-05,0.48964,-4.0564,0.78757,-36.386,1.1941,17.466,-1.9366,-16.399,0.0046314,0.015298,-0.0060885,-0.99627,-8.7844e-05,-0.0097825,0.0043252,-1.1872,0.02834,0.41279,-32.555,1.4305,15.572,0.77255,-14.233
59,0.013552,-0.0041818,0.0046506,-1.0238,-0.004524,-0.0039688,-0.0028959,0.0061468,-4.0075,1.496,-34.412,-1.6823,18.611,-0.17645,-15.581,0.0035621,0.0066182,-0.0041544,-1.0167,-0.0053666,-0.0014398,-0.0019849,-1.4075,-2.629,0.89458,-33.087,0.70808,14.241,1.8128,-12.916
59.1,0.02492,-0.0015903,0.015136,-0.98858,-0.0006202,-0.0053497,-0.00078325,0.3976,-3.8533,-1.1696,-36.125,0.84975,20.27,1.6354,-15.722,0.0055248,0.012342,0.0043633,-0.99273,0.00015417,-0.010206,0.0082206,0.73773,-0.67778,0.72866,-33.873,-0.56591,14.277,0.8784,-12.471
59.2,0.0055587,0.0011148,-0.0091952,-0.9977,0.0014237,-0.0044308,0.0041696,-1.324,-2.9176,-0.43648,-34.848,-0.38706,18.911,-0.03816,-16.57,-0.00086344,-0.0099242,-0.0064651,-0.9864,-0.0034096,-0.0062214,0.0030478,-0.20536,-1.5413,0.13765,-33.966,0.058857,13.289,-0.70208,-11.87
59.3,-0.015951,-0.002865,-0.0025988,-1.0169,-0.0086302,-0.0033714,0.0086687,1.7824,-1.6591,0.0050373,-34.001,0.70495,20.081,0.82019,-18.078,0.025363,-0.0015394,-0.014768,-0.9976,-0.0026897,-0.0079753,0.0025753,1.2922,-2.0044,2.3464,-32.381,0.34805,15.553,-2.4249,-11.293
59.4,0.003323,0.011911,0.0039381,-1.0077,0.00063077,0.006188,-0.00034792,-1.4167,-3.3046,0.46227,-36.707,-0.35188,20.321,1.4657,-15.671,-0.0055112,0.0093532,0.0054091,-1.0121,0.0055176,-0.0097769,0.0013363,1.1791,-1.2646,0.064809,-30.936,0.12609,14.956,-2.1611,-12.709
59.5,0.0075744,0.0083398,0.012255,-0.98755,0.0036557,0.0034448,-0.0021119,-1.0473,-3.6625,-2.3121,-37.818,-0.077427,18.804,1.3663,-18.711,0.0037019,-0.0021979,-0.0083073,-0.98761,-0.0070445,-0.0010586,-0.0073152,-1.1188,-0.91663,-0.92005,-34.4,0.9928,16.533,-0.82216,-12.546
59.6,-0.012297,-0.0041508,-0.0058626,-1.0018,0.00035918,-0.002227,0.0047186,-1.8025,-4.1713,1.4501,-36.633,0.03607,18.392,0.59468,-17.777,-0.0090567,0.012918,-0.0068506,-1.0012,-0.0016258,0.0077724,0.0048274,-0.4184,-2.2811,-1.138,-32.937,2.0542,16.496,-1.6169,-11.984
59.7,-0.010414,0.0040446,-0.0014041,-1.0044,0.013849,-0.00040672,-0.0045651,1.0223,-3.13,0.42951,-36.57,0.40405,18.954,-1.2196,-17.855,-0.007228,-0.018866,0.007432,-1.005,-0.002471,-0.0016564,0.0030673,-0.017643,-3.2411,-1.1767,-33.564,-0.80349,14.184,0.42408,-11.351
59.8,0.007666,0.010749,0.009274,-0.99952,0.007365,-0.0052863,-0.0079107,-0.23896,-3.0261,1.2691,-34.498,-2.5267,20.32,0.27532,-16.283,0.024542,0.0078425,9.747e-05,-0.99657,-0.0032865,-0.00070847,-0.0036501,-0.16818,-1.104,-0.054656,-34.731,-2.3938,15.636,-0.56802,-12.029
59.9,0.0026208,-0.014426,-0.020834,-0.99223,-0.0050833,-0.0066676,-0.0021887,-1.0562,-3.9127,0.41896,-36.858,-0.84555,18.069,1.8497,-15.854,-0.0019128,-0.0034835,-0.0041506,-0.99577,-0.00073834,-0.00030318,-0.0073479,1.4229,1.5909,0.54813,-32.504,1.6771,16.073,-1.6786,-13.362
60,0.0045103,-0.011186,-0.001432,-0.98643,-0.0068452,-0.0051928,-0.0030028,-2.2367,-3.5499,-2.9783,-34.473,1.2242,18.722,-0.59523,-15.424,-0.015509,0.0045561,-0.015867,-0.99465,0.0017506,-0.0050262,0.0091029,-0.20784,0.041876,0.78077,-33.809,0.20953,13.073,0.17551,-14.62
