time,q1_healthy,q2_healthy,q3_healthy,q4_healthy,omega1_healthy,omega2_healthy,omega3_healthy,wheel1_i_healthy,wheel1_w_healthy,wheel2_i_healthy,wheel2_w_healthy,wheel3_i_healthy,wheel3_w_healthy,wheel4_i_healthy,wheel4_w_healthy,q1_faulty,q2_faulty,q3_faulty,q4_faulty,omega1_faulty,omega2_faulty,omega3_faulty,wheel1_i_faulty,wheel1_w_faulty,wheel2_i_faulty,wheel2_w_faulty,wheel3_i_faulty,wheel3_w_faulty,wheel4_i_faulty,wheel4_w_faulty,
0,0,0,0,0,0,0,0,0,0,0,0,0,0,0,0,0,0,0,0,0,0,0,0,0,0,0,0,0,0,0
0.1,-0.70294,0.0031112,0.13346,-0.70708,0.0090172,0.0047254,0.0022708,1.0792,0.85092,0.29871,-0.3737,0.011199,-0.1809,-0.51758,-2.3189,-0.70393,-0.010622,0.12564,-0.70115,0.0049272,0.002892,-0.0050106,-0.97419,-1.3086,0.13024,-1.8706,-0.88642,0.27708,-1.3337,0.14215
0.2,-0.69934,-0.010818,0.13829,-0.69027,-0.011396,0.0024603,0.0078021,0.38365,0.12077,-0.52668,-1.955,-2.2817,-0.58118,-1.1149,-0.27639,-0.72256,0.015602,0.11728,-0.71427,-0.0023993,-0.00032771,0.00020668,-1.4404,-0.44813,0.62998,0.15878,-1.5893,0.081398,-0.1739,-0.038392
0.3,-0.69865,-0.00335,0.1384,-0.69193,-0.0065897,-0.0024835,0.01525,1.6546,-0.62571,-0.55404,-1.8228,-0.4199,-0.20277,-0.047619,-2.7226,-0.69848,-0.0081281,0.10684,-0.71278,-0.00066999,0.0006589,0.001945,-0.26481,-0.18327,1.9751,0.49537,-3.6096,0.41656,-2.1177,0.39673
0.4,-0.7218,-0.0018356,0.10671,-0.68742,-0.0018299,-0.0036768,0.0066134,-0.064617,3.1527,-1.0061,0.82962,2.5282,0.19999,-1.1358,-0.049845,-0.72026,0.0031562,0.12961,-0.68695,-0.01135,-0.0037734,0.0026834,-0.57228,-1.1863,-1.1494,0.48467,-0.3182,-1.0787,-1.7054,-0.81362
0.5,-0.70477,-0.0017017,0.12154,-0.70652,-0.0047623,0.0019351,0.013011,1.2754,1.5451,1.0694,-1.4608,-0.69034,-2.3838,-2.6728,-1.1394,-0.70317,-0.0086707,0.11947,-0.69176,-0.0062745,0.00074762,0.013407,1.1852,2.1242,-1.9004,1.0583,-0.28306,-0.93553,-1.0366,0.030029
0.6,-0.69836,-0.010381,0.11562,-0.69607,-0.0022661,0.0075999,0.0028648,1.7388,1.2173,0.083212,-2.5898,0.25582,-0.94383,-0.81703,-2.3885,-0.70004,0.011645,0.12975,-0.70373,-0.014352,-0.0090713,-0.0040929,1.0196,1.9946,-1.2144,-0.30448,0.48942,-2.3033,-0.56953,-2.5253
0.7,-0.71095,-0.016425,0.11125,-0.70883,-0.0063638,-0.0071176,0.0057075,0.92521,3.2995,-0.50404,-0.89677,-1.5753,-3.1485,-0.58505,-1.2095,-0.69119,-0.0029835,0.13393,-0.69858,-0.0090322,-0.0039034,0.011371,1.7341,0.84598,0.045451,0.084863,-1.6836,-1.3962,0.21615,-1.6218
0.8,-0.7172,-0.00049171,0.12615,-0.70501,-0.0072708,-0.0053687,0.0059469,0.97256,1.5219,1.2593,-0.76424,-2.1213,-2.6131,-2.4282,-2.7795,-0.68244,0.0040336,0.115,-0.6953,-0.0036031,0.0020759,0.0057768,-0.61673,3.9422,-0.29822,0.019279,-1.6466,-0.51992,-1.2904,-3.7508
0.9,-0.69107,-0.0082491,0.12855,-0.68526,-0.0099726,0.0025607,0.0080759,1.8934,3.1248,-0.64508,-0.95928,0.52849,-2.3665,-1.1423,-2.4744,-0.70317,-0.0069511,0.12028,-0.68392,-0.015112,0.0069971,0.014301,2.2987,1.6173,-1.061,0.09919,-4.2973,-2.6385,-0.074626,-3.054
1,-0.70726,0.017747,0.11569,-0.70182,-0.022751,-0.0025001,0.0090697,0.96512,2.4137,-0.52241,-0.37323,-1.3623,-3.2128,-1.5411,-2.557,-0.70673,-0.0066971,0.10621,-0.68849,-0.015521,-0.0008135,0.015398,0.77576,1.9792,-0.22076,0.13931,-1.1939,-1.2251,-0.81932,-4.0326
1.1,-0.71328,0.020963,0.12316,-0.70781,-0.0080571,-0.0016143,0.0031086,-0.27481,4.8538,0.51524,0.35356,-0.44966,-4.5462,-2.1123,-4.9324,-0.70891,0.002389,0.11376,-0.69842,-0.016787,-0.0088153,0.017889,2.343,4.9023,-0.38883,-1.488,0.0042839,-1.7818,-1.2742,-3.3259
1.2,-0.70496,-0.0044803,0.13544,-0.69747,-0.010249,-0.009872,0.019096,0.1603,5.1264,0.77849,0.074432,-1.0057,-3.7277,-2.0428,-5.7927,-0.68507,-0.00076869,0.11029,-0.69477,-0.016278,-0.0048298,0.015504,-0.67504,2.6629,0.039684,-1.4437,-1.5129,-4.2521,-2.0226,-2.6323
1.3,-0.7034,0.0060886,0.12356,-0.68906,-0.019368,0.0036644,0.01927,1.0726,4.0472,-1.5207,-0.32841,-1.1834,-4.1895,-1.1609,-5.6602,-0.70478,0.015237,0.10224,-0.69695,-0.01377,-0.0084262,0.016472,-0.22268,4.0343,0.93899,0.78139,-1.1987,-4.154,-1.1107,-4.102
1.4,-0.68986,0.014372,0.11787,-0.70209,-0.012596,-0.0002796,0.024081,0.20632,3.6586,-0.59876,0.072318,0.55015,-3.9088,-2.2896,-5.0525,-0.70209,0.011808,0.11236,-0.69557,-0.011376,-0.0094026,0.021584,1.0903,4.3229,-1.0413,1.1999,-1.9378,-5.5831,0.29919,-4.8275
1.5,-0.70343,-0.0053662,0.13208,-0.70434,-0.030626,-0.016479,0.032962,0.98224,5.7136,0.76081,-1.1654,-1.1944,-6.3977,0.29996,-3.9327,-0.71407,0.0037384,0.114,-0.68991,-0.019617,-0.0059397,0.014439,0.89788,3.5996,-1.6936,-1.253,2.079,-5.7975,-2.9878,-5.4429
1.6,-0.6976,0.017317,0.12133,-0.70344,-0.024057,-0.0026602,0.021661,3.5398,4.3914,0.71929,-0.2065,-0.25602,-5.8511,-1.3164,-5.7489,-0.70797,0.016302,0.11643,-0.71662,-0.027765,-0.0095267,0.031712,2.121,5.3774,-0.65905,-0.67026,-1.5524,-5.1941,-0.78561,-5.7066
1.7,-0.70803,-0.0017481,0.1183,-0.68189,-0.022084,-0.010628,0.02905,-0.016042,4.9705,0.83327,0.39404,-2.95,-5.2397,-0.52041,-7.021,-0.69716,0.0019771,0.10639,-0.69267,-0.03119,-0.0063625,0.02747,1.0455,5.9254,-0.2151,-2.6643,-0.70625,-5.3711,-0.51956,-5.5962
1.8,-0.69761,0.0025728,0.12841,-0.71898,-0.024211,-0.0017555,0.031879,-0.12324,4.0843,-0.7946,1.8191,0.030129,-7.2072,-1.0168,-7.4606,-0.7003,0.002847,0.11618,-0.71439,-0.024262,-0.011517,0.026223,1.4376,5.251,-0.68986,1.614,-2.2516,-6.1222,-0.049021,-7.7976
1.9,-0.69621,0.0015877,0.13551,-0.69825,-0.032851,-0.0072125,0.03285,1.8891,4.8141,-0.35331,-1.5501,-0.25728,-7.6963,-0.32395,-5.7169,-0.68542,0.0093961,0.11515,-0.68411,-0.026267,-0.0086574,0.038727,1.8629,4.5685,-0.43535,0.41175,-1.8767,-7.1568,0.69404,-7.2003
2,-0.69158,0.015292,0.10146,-0.71566,-0.033184,-0.0064782,0.026446,0.74748,5.4064,0.82702,-1.5425,-1.6699,-6.0741,-0.83495,-6.6703,-0.70204,0.017752,0.11357,-0.70269,-0.036685,-0.006879,0.030962,0.50363,5.7298,-2.8499,-0.5595,-1.0493,-8.2697,-1.1653,-8.4416
2.1,-0.70019,0.015753,0.13154,-0.71213,-0.026648,-0.010233,0.031967,-0.018212,4.8993,-0.083808,-1.3151,-0.11692,-6.9593,1.137,-7.4071,-0.68654,0.029501,0.11774,-0.71897,-0.024079,-0.011483,0.03944,1.0741,6.1574,1.0784,-2.0261,-0.091028,-7.9214,-0.95726,-7.2092
2.2,-0.69634,0.010998,0.11149,-0.70569,-0.034744,-0.016345,0.028773,1.4247,5.7109,-1.9525,0.23794,0.66427,-8.3403,0.89424,-7.5919,-0.67096,0.0098845,0.1261,-0.72018,-0.037203,-0.019582,0.030108,0.62202,4.5528,0.76192,-0.67164,-0.03498,-6.3663,-0.45683,-8.0428
2.3,-0.68973,0.021149,0.12167,-0.71378,-0.041061,-0.0088258,0.036689,0.96175,5.4349,1.0357,-0.39517,-0.91668,-9.6399,-0.52599,-8.05,-0.70257,0.037161,0.11658,-0.70415,-0.032603,-0.013338,0.03269,1.3079,5.6732,-2.7274,-0.76112,-0.33439,-8.9116,-1.6872,-8.1429
2.4,-0.68904,0.036585,0.10326,-0.7042,-0.039524,-0.014022,0.037503,2.2077,6.2984,-0.73558,1.403,-0.67081,-6.6333,0.52705,-7.7265,-0.69951,0.0073513,0.11537,-0.74099,-0.033526,-0.010139,0.030872,1.9343,5.9782,-2.7849,-3.2126,-1.674,-5.9585,-0.98616,-7.5645
2.5,-0.69019,0.017607,0.11542,-0.70123,-0.025282,-0.011418,0.03557,0.68117,6.7733,-1.148,0.38585,-0.40166,-6.5481,-1.8319,-8.9652,-0.68093,0.016129,0.10815,-0.72561,-0.034786,-0.019356,0.041216,-0.87055,5.4233,-0.69022,-2.8421,-1.2844,-9.1403,-0.2966,-8.7014
2.6,-0.6886,0.021407,0.1023,-0.73486,-0.040088,-0.0095686,0.033225,0.49613,7.0364,-0.37852,0.5965,0.60601,-6.1171,-1.7611,-9.6256,-0.68412,0.004072,0.10807,-0.7361,-0.045311,-0.016499,0.041395,1.3486,6.6796,-1.2106,-1.9989,-1.97,-8.6226,-1.3952,-7.934
2.7,-0.69535,0.025116,0.11156,-0.7334,-0.040076,-0.0056283,0.038145,1.017,7.5306,-0.50616,-1.9531,-1.98,-8.6586,-1.5389,-10.508,-0.70265,0.031769,0.11385,-0.72114,-0.037919,-0.014921,0.039045,0.83787,5.7158,-0.43188,-2.2017,-0.090045,-6.8922,-1.7591,-8.8114
2.8,-0.6774,0.012489,0.099032,-0.70934,-0.031739,-0.013624,0.044801,0.5552,6.7566,-0.89012,-1.473,-2.0177,-8.7077,-0.88228,-11.333,-0.6768,0.037666,0.10165,-0.7159,-0.036814,-0.0075839,0.033673,0.60905,8.0588,-0.02649,0.19192,-1.7534,-9.1718,-1.789,-9.9646
2.9,-0.68986,0.029888,0.11158,-0.71041,-0.041187,-0.011878,0.041479,1.5285,7.6063,-0.097102,-1.9138,-1.793,-9.6084,-1.7344,-11.156,-0.68426,0.025888,0.11032,-0.72809,-0.047398,-0.015595,0.042457,-0.10635,7.5924,-0.45795,-0.87544,-1.7067,-9.0004,-2.0696,-10.523
3,-0.68727,0.031049,0.10829,-0.70097,-0.040211,-0.015852,0.051368,1.1966,7.5992,-0.49722,-1.6469,-0.23842,-9.9608,-1.0883,-10.815,-0.69338,0.02768,0.10555,-0.73464,-0.044326,-0.021842,0.044261,-0.096602,9.0844,0.49701,-1.7178,-1.0895,-9.5845,-0.50879,-11.324
3.1,-0.68545,0.025853,0.11961,-0.74457,-0.043496,-0.010265,0.048129,0.74845,8.9134,-1.2886,-1.6985,-2.3584,-10.421,-0.75104,-10.66,-0.67587,0.026964,0.10325,-0.73257,-0.04999,-0.00087233,0.039704,0.76945,7.6821,0.57682,-3.7929,-1.8977,-10.409,0.60631,-11.402
3.2,-0.67917,0.023591,0.10854,-0.72383,-0.048383,-0.01124,0.053322,1.0112,7.6068,-1.8464,-2.0294,-0.34342,-10.306,-2.568,-11.405,-0.6774,0.035871,0.11632,-0.72705,-0.043324,-0.013422,0.036613,1.0091,8.847,-0.52795,-1.9245,-0.53379,-10.019,-0.36269,-9.2994
3.3,-0.65667,0.015345,0.1022,-0.73819,-0.046688,-0.014607,0.051462,2.0848,8.3401,-0.91103,-2.3399,-2.1708,-9.6814,-2.9327,-13.81,-0.67483,0.035054,0.095872,-0.72869,-0.045521,-0.0092138,0.049403,-1.0933,8.7463,-0.40067,-1.4317,-0.48074,-10.71,-1.7605,-11.657
3.4,-0.68817,0.044715,0.10987,-0.73043,-0.054628,-0.016515,0.051868,0.60612,9.8616,-0.61298,-4.3166,-1.1948,-12.197,-0.030461,-11.241,-0.67438,0.044248,0.1125,-0.7232,-0.05673,-0.013385,0.047477,1.1273,9.1032,-1.4211,-3.741,0.042005,-11.684,0.24278,-14.401
3.5,-0.67228,0.035451,0.11082,-0.74315,-0.049078,-0.018036,0.059738,1.199,10.086,0.97564,-4.6766,-1.4473,-10.493,-1.3835,-13.876,-0.67302,0.044367,0.095659,-0.7199,-0.053578,-0.02049,0.047695,0.92139,10.708,-1.7516,-3.5128,-1.2943,-10.654,-3.0476,-12.465
3.6,-0.67059,0.043189,0.10227,-0.73192,-0.055204,-0.0085812,0.052868,-0.66137,9.3086,1.0347,-2.9827,-0.37452,-10.962,-0.48577,-13.016,-0.67219,0.040244,0.10979,-0.72328,-0.05511,-0.019138,0.060875,1.4141,9.556,0.63009,-2.8146,-1.6939,-11.619,-0.62553,-12.006
3.7,-0.65694,0.034941,0.090707,-0.73538,-0.061762,-0.0093219,0.060773,0.75896,10.188,-1.3878,-1.925,-0.83127,-13.028,-0.35328,-11.146,-0.6597,0.033019,0.10048,-0.72164,-0.050077,-0.016879,0.045975,0.13333,8.8928,-1.1523,-4.2938,-0.86006,-10.884,0.73724,-12.995
3.8,-0.65882,0.039005,0.099985,-0.73747,-0.056909,-0.010909,0.058166,2.2964,7.7375,-0.61738,-2.0566,-1.1783,-11.19,0.92683,-12.955,-0.66439,0.05302,0.092827,-0.74856,-0.054105,-0.019318,0.052039,0.87966,11.043,0.47042,-3.1437,-0.76392,-13.805,-1.7229,-15.107
3.9,-0.65872,0.062356,0.087323,-0.75301,-0.047009,-0.010964,0.057046,0.43521,10.435,-1.0818,-4.6401,0.65604,-12.443,-1.6608,-13.401,-0.64341,0.040127,0.079051,-0.7192,-0.059824,-0.010216,0.060675,1.9837,12.332,-0.27386,-2.892,-0.63295,-13.874,-0.23814,-12.52
4,-0.6611,0.054386,0.10067,-0.74342,-0.048452,-0.014129,0.06006,1.4412,10.666,-0.84057,-2.5233,0.51356,-13.781,-1.7675,-13.028,-0.6511,0.057879,0.11125,-0.75254,-0.065786,-0.011213,0.061394,0.72413,10.801,0.34973,-3.6538,1.0543,-13.832,0.35158,-12.956
4.1,-0.66015,0.047733,0.10847,-0.74154,-0.055474,-0.0051784,0.063716,0.2104,11.22,0.27119,-4.8079,-0.17483,-13.549,-2.002,-13.474,-0.65664,0.056174,0.082581,-0.7447,-0.062908,-0.014229,0.053849,1.4029,11.453,-2.0439,-5.7172,-0.84523,-14.123,0.65813,-13.886
4.2,-0.67818,0.05863,0.078505,-0.75375,-0.059675,-0.0094927,0.058763,0.20441,11.098,-0.14428,-5.2466,-0.23168,-11.932,-3.2143,-14.66,-0.65767,0.047816,0.1142,-0.74358,-0.065807,-0.014457,0.060807,1.0973,10.768,-1.3946,-3.6633,0.15369,-14.162,-0.93737,-13.772
4.3,-0.66491,0.062387,0.072121,-0.73419,-0.049859,-0.016204,0.06369,0.29091,10.666,-1.2181,-5.4544,-1.7302,-12.765,-1.6772,-15.959,-0.6653,0.065099,0.10006,-0.7524,-0.065697,-0.017503,0.06166,2.7852,10.176,1.3994,-4.4513,-0.51524,-14.349,-1.094,-15.583
4.4,-0.64169,0.055046,0.082823,-0.74753,-0.067313,-0.0063561,0.055978,1.6706,13.967,-0.92372,-7.7442,-0.72145,-12.7,-1.1193,-16.042,-0.65071,0.057297,0.071047,-0.73232,-0.060574,-0.016117,0.064465,0.32555,11.542,-1.7465,-3.8502,-0.78592,-12.96,-1.778,-15.895
4.5,-0.64342,0.060374,0.092161,-0.76475,-0.062983,-0.022377,0.062102,0.26941,11.053,-2.1015,-6.6984,-1.5585,-15.185,-0.37375,-19.021,-0.6389,0.0448,0.072283,-0.76928,-0.060196,-0.02172,0.065634,0.57836,11.552,-1.6875,-5.5179,-0.64241,-13.307,-2.0841,-16.222
4.6,-0.65645,0.054551,0.073225,-0.74526,-0.06032,-0.0066454,0.05814,2.088,12.829,-1.869,-5.5923,-0.41099,-12.055,-0.45229,-18.203,-0.6468,0.052081,0.079921,-0.75661,-0.067308,-0.011035,0.061989,0.15578,11.988,0.29463,-6.6778,0.32711,-13.178,-2.3126,-17.766
4.7,-0.64159,0.063647,0.076063,-0.7625,-0.062509,-0.0022258,0.059628,0.14521,11.465,-1.2649,-5.0015,0.15284,-14.223,-1.6321,-15.782,-0.64053,0.069086,0.096212,-0.75599,-0.060678,-0.013528,0.0687,0.47031,11.343,-1.8027,-4.4716,-0.22105,-12.865,-2.1152,-18.374
4.8,-0.64012,0.065412,0.070179,-0.74753,-0.076474,-0.016965,0.06291,0.80874,13.262,0.41468,-6.7982,-1.2798,-13.118,-2.587,-18.036,-0.64442,0.074923,0.091006,-0.75449,-0.069051,-0.021968,0.064205,-1.4595,11.611,-1.9208,-6.7844,1.3781,-15.143,-0.20634,-17.432
4.9,-0.6363,0.052852,0.073285,-0.76637,-0.07447,-0.01518,0.066544,0.65589,13.221,0.16822,-6.7077,0.81747,-13.882,0.088966,-18.239,-0.65462,0.053724,0.099616,-0.75431,-0.072489,-0.021551,0.063673,0.23126,11.922,-0.17051,-8.7437,-0.58971,-14.075,-1.9396,-20.302
5,-0.65358,0.056135,0.065774,-0.76975,-0.071455,-0.0080908,0.073695,0.48942,12.733,-0.32754,-7.0835,-0.48801,-12.391,-2.998,-18.822,-0.62931,0.074257,0.078935,-0.744,-0.074767,-0.012982,0.060934,1.2214,12.477,-0.72506,-6.3133,0.61375,-12.882,-2.7437,-18.829
5.1,-0.63167,0.083593,0.077372,-0.75851,-0.075026,-0.013946,0.060482,1.4687,12.314,-0.045425,-5.137,1.1306,-13.412,-1.5851,-18.811,-0.64103,0.067862,0.09126,-0.78547,-0.077804,-0.013604,0.063438,0.64699,13.652,-1.0887,-6.2304,0.075045,-13.06,1.0249,-16.872
5.2,-0.63942,0.079052,0.074367,-0.76914,-0.070944,-0.013782,0.071261,0.73677,14.316,-1.2354,-8.064,-0.25051,-12.782,-2.9109,-19.354,-0.6234,0.081644,0.095693,-0.77712,-0.075674,-0.0066608,0.070445,-0.72916,12.217,-3.2563,-7.4337,-1.1642,-13.066,-0.81962,-17.305
5.3,-0.64212,0.077716,0.074909,-0.76645,-0.07475,-0.01877,0.077342,0.99747,14.438,-1.0963,-8.628,0.18721,-14.513,-0.80679,-18.916,-0.62791,0.089736,0.067564,-0.76839,-0.069906,-0.015001,0.072687,0.11187,13.681,1.0109,-6.3742,0.54785,-11.52,-0.20454,-19.445
5.4,-0.63319,0.086468,0.057229,-0.77578,-0.078841,-0.01011,0.058758,1.1892,14.596,0.19608,-8.6922,3.104,-14.096,-0.7606,-19.207,-0.61891,0.081123,0.058323,-0.77667,-0.074659,-0.0068555,0.069444,2.8836,15.332,-1.7196,-9.9308,-0.97043,-13.27,-1.6522,-20.926
5.5,-0.62518,0.088714,0.071532,-0.77984,-0.081605,-0.011645,0.069281,-0.31297,15.129,-1.8712,-8.984,-0.75742,-12.796,-0.45631,-19.032,-0.62227,0.075511,0.08116,-0.78093,-0.074591,-0.0088797,0.065046,-0.39874,14.545,-2.6973,-9.1886,1.9642,-13.474,-1.1157,-19.899
5.6,-0.61815,0.086894,0.066779,-0.77792,-0.080779,-0.010622,0.0715,2.3065,14.806,-2.0357,-9.6323,-0.44216,-14.207,0.2153,-22.365,-0.62689,0.077215,0.066495,-0.78268,-0.081014,-0.01675,0.062467,2.4781,14.056,-2.0372,-8.2264,0.10745,-13.552,-0.20285,-20.2
5.7,-0.60258,0.08848,0.06623,-0.79725,-0.077891,-0.0091902,0.086166,0.05913,14.777,-0.91403,-10.007,2.0013,-13.258,-0.28183,-21.223,-0.6035,0.077039,0.0596,-0.78666,-0.084679,-0.015693,0.067933,0.35125,15.359,-0.45133,-9.3766,-0.58755,-13.006,-0.88762,-19.638
5.8,-0.60557,0.088135,0.060201,-0.78891,-0.089026,-0.006693,0.070912,1.048,15.306,-1.5963,-10.639,-1.3285,-14.314,-0.54633,-20.791,-0.59958,0.087976,0.074602,-0.7853,-0.083999,-0.012736,0.074557,1.9919,16.207,-1.2063,-11.877,-0.46918,-14.035,-1.7102,-21.202
5.9,-0.60522,0.09186,0.057719,-0.78426,-0.091039,-0.00090469,0.087192,1.9313,15.495,-0.33553,-10.127,1.2568,-15.747,-0.40314,-22.032,-0.5986,0.090899,0.04933,-0.79521,-0.084821,0.00052596,0.083056,0.732,14.952,-1.914,-8.9175,-1.69,-15.108,-2.6031,-20.496
6,-0.60546,0.085468,0.048572,-0.80163,-0.088032,-0.0051133,0.076869,-0.29848,14.882,-2.4641,-11.859,-0.80327,-14.839,-0.64958,-20.569,-0.60051,0.098624,0.048914,-0.7926,-0.093575,-0.0026122,0.075019,-0.56925,15.593,-0.67195,-11.254,-0.38282,-13.316,-2.2121,-21.452
6.1,-0.5751,0.091908,0.062801,-0.79178,-0.083913,-0.012615,0.072677,1.0298,16.778,-0.79158,-9.0469,0.23261,-14.306,-0.34909,-22.006,-0.5956,0.091028,0.056576,-0.80658,-0.091749,-0.012656,0.08064,0.46627,15.74,-3.0652,-11.971,1.0313,-13.232,-2.2615,-21.671
6.2,-0.59666,0.087164,0.050086,-0.80269,-0.08409,-0.0161,0.082958,0.48614,15.423,-0.41819,-11.309,2.162,-13.959,-0.08284,-21.867,-0.58499,0.087144,0.050017,-0.79234,-0.082859,-0.015489,0.080494,-0.0050629,15.869,-0.73943,-13.169,0.71406,-14.644,-2.8366,-24.307
6.3,-0.59165,0.11035,0.053266,-0.81236,-0.081128,-0.0068873,0.069711,0.87374,15.502,-0.2872,-12.5,-1.5403,-13.408,0.31668,-23.28,-0.58203,0.10686,0.059301,-0.796,-0.098449,-0.0030428,0.078892,0.73888,16.325,-1.3957,-14.327,0.83354,-12.08,-0.50949,-22.69
6.4,-0.58583,0.1035,0.055585,-0.79348,-0.092102,-0.01628,0.078363,1.3941,15.911,-1.0581,-12.594,0.039837,-13.45,-2.4218,-24.813,-0.5795,0.10259,0.07601,-0.79904,-0.098023,-0.010527,0.079698,0.73022,15.217,-3.7216,-11.139,1.1737,-12.82,-2.3542,-23.874
6.5,-0.56221,0.10821,0.030031,-0.80893,-0.093148,-0.0063041,0.068682,1.1074,14.92,-1.8392,-13.393,-1.0573,-15.125,-2.5217,-25.091,-0.57777,0.11101,0.039813,-0.80463,-0.09522,-0.011681,0.079554,-0.086935,16.775,-3.3527,-13.97,2.0977,-14.179,-1.4369,-23.318
6.6,-0.57203,0.094062,0.039836,-0.80167,-0.094452,-0.0032089,0.0785,1.9502,17.74,-2.462,-11.69,0.10611,-12.288,0.27151,-25.638,-0.56655,0.095065,0.037663,-0.82475,-0.097582,-0.012352,0.073338,1.2093,17.134,-0.28821,-11.824,0.86417,-14.032,-1.0931,-25.241
6.7,-0.57349,0.10712,0.020515,-0.79647,-0.098217,-0.013635,0.074068,0.41251,16.464,-1.7246,-13.334,-0.41645,-13.399,-1.4246,-27.464,-0.56452,0.11345,0.045567,-0.80912,-0.092601,-0.0063963,0.082141,1.0868,17.42,-0.89256,-13.577,1.8396,-12.217,-1.4381,-23.95
6.8,-0.55482,0.12744,0.034499,-0.8152,-0.1002,-0.0036003,0.072766,0.27132,14.81,-1.2107,-13.949,-0.85207,-13.045,-0.19586,-23.892,-0.56382,0.12295,0.028078,-0.81384,-0.093953,-0.0092909,0.085372,2.5979,17.505,-2.1879,-12.896,0.85925,-12.786,-0.52187,-25.26
6.9,-0.55615,0.12191,0.022147,-0.82091,-0.097091,-0.0069081,0.079554,0.25011,17.835,-1.4511,-12.767,-0.62187,-11.169,-2.5443,-25.957,-0.55983,0.090344,0.037023,-0.81835,-0.092594,-0.0084544,0.077308,1.2973,16.278,-0.8014,-14.817,0.61948,-14.622,-1.9697,-25.46
7,-0.57278,0.11539,0.023456,-0.80962,-0.097613,-0.011554,0.086798,-0.22905,17.946,-0.57096,-15.593,0.90574,-12.246,0.16778,-25.047,-0.55913,0.14055,0.022667,-0.82148,-0.10105,-0.0049768,0.07524,0.64934,18.088,-2.7652,-14.873,-1.0145,-14.361,-0.65056,-26.697
7.1,-0.55105,0.1167,0.022793,-0.80441,-0.094342,0.0039221,0.073655,0.87053,18.483,-1.7492,-13.536,0.99367,-12.391,-1.1331,-25.449,-0.55404,0.11387,0.023526,-0.81659,-0.10854,-0.010574,0.080257,-0.81792,18.384,-0.76825,-14.554,1.2617,-13.262,-2.6312,-26.772
7.2,-0.55032,0.14242,0.038921,-0.82971,-0.10784,-0.0038522,0.079982,1.2056,17.885,-0.9141,-15.629,0.4666,-12.237,-1.6391,-24.353,-0.54168,0.13041,0.018075,-0.83594,-0.10506,-0.0012623,0.077441,3.7693,17.922,-0.95183,-15.666,1.8829,-12.142,-2.5699,-26.296
7.3,-0.52095,0.11548,0.011456,-0.82891,-0.10073,-0.0073919,0.068191,-0.35752,20.776,-2.0972,-16.289,0.58313,-11.695,-1.296,-27.376,-0.54338,0.12477,0.0092286,-0.82173,-0.10894,-0.0015162,0.077246,2.076,18.89,-1.2019,-15.848,1.1835,-12.279,-1.0882,-27.566
7.4,-0.54643,0.10988,0.024793,-0.84324,-0.10938,-0.0045132,0.085404,-1.4909,20.343,-0.78808,-16.282,0.99467,-12.262,-2.3072,-27.085,-0.55584,0.13895,0.029994,-0.83316,-0.10279,-0.0071987,0.086258,0.42022,18.615,-0.99414,-15.576,0.90543,-11.01,-2.3742,-26.737
7.5,-0.52781,0.12276,0.012715,-0.83458,-0.1154,-0.0013423,0.083676,1.3953,20.286,0.19322,-14.825,1.8656,-10.419,-2.1619,-27.43,-0.55481,0.13312,0.0023711,-0.83941,-0.10622,-0.0047915,0.075996,0.92688,18.797,-2.9718,-17.312,0.49353,-13.231,0.45364,-28.766
7.6,-0.53274,0.13469,0.01528,-0.832,-0.10849,-0.0034507,0.085792,2.384,17.636,0.53262,-19.124,1.3975,-10.914,-3.1362,-28.064,-0.53034,0.13498,0.028613,-0.83301,-0.10214,-0.0013083,0.086174,-0.2374,19.557,-1.0605,-19.45,1.2423,-11.973,-1.3304,-28.776
7.7,-0.53001,0.14326,0.0054343,-0.8286,-0.11938,-0.0081861,0.080022,0.54081,20.886,-3.1042,-19.173,1.587,-11.535,-0.50952,-26.287,-0.53162,0.12253,0.009374,-0.85222,-0.12463,-0.0031428,0.079948,0.32676,20.584,-2.2756,-17.492,-0.51932,-9.9751,-0.54247,-28.665
7.8,-0.53078,0.14365,0.016309,-0.83544,-0.11017,-0.0017429,0.080449,2.437,20.719,-1.0316,-19.933,-0.041979,-10.751,-0.84226,-28.916,-0.51448,0.14209,-0.0045179,-0.85167,-0.12513,-0.01447,0.083038,2.8271,18.569,-1.3885,-18.946,-0.90646,-9.4157,-2.3994,-31.099
7.9,-0.51323,0.13562,0.011358,-0.84474,-0.12174,-0.0099322,0.086431,0.012504,19.783,-2.1643,-18.551,-1.051,-9.4878,-3.038,-30.17,-0.51781,0.14044,0.021386,-0.83346,-0.11327,-0.007777,0.087185,1.1319,19.839,-2.1136,-17.859,1.7363,-12.351,-0.74153,-29.947
8,-0.51565,0.13941,0.018867,-0.84951,-0.10979,-0.0042398,0.079728,1.7218,21.7,-2.1076,-20.583,0.83067,-8.8626,-1.9751,-31.8,-0.53399,0.14387,0.0013721,-0.84543,-0.11096,-0.0072785,0.080415,0.73134,20.697,-1.1921,-18.545,0.85601,-11.217,-2.1586,-32.498
8.1,-0.49341,0.14684,0.0013668,-0.84147,-0.12031,-0.0069579,0.083565,2.4038,20.194,-1.1953,-18.612,1.8874,-9.6598,-1.3439,-29.702,-0.4999,0.14205,0.0060076,-0.833,-0.12051,-0.0028445,0.079159,-0.47224,22.167,-1.3718,-19.029,1.2705,-8.6176,0.18297,-30.803
8.2,-0.49926,0.14195,-0.0029733,-0.85478,-0.11647,0.0025444,0.076578,0.58714,20.773,1.3665,-18.61,1.7397,-10.771,-0.80409,-31.75,-0.49736,0.15458,-0.0064093,-0.86142,-0.12818,-0.0029005,0.088233,-0.92966,20.247,-1.8562,-19.827,0.29671,-9.6743,0.057956,-30.702
8.3,-0.47179,0.15282,-0.014163,-0.84874,-0.12412,-0.0085086,0.07323,1.6583,20.901,-0.53492,-19.876,0.94416,-9.5189,-3.0469,-30.421,-0.48236,0.13458,-0.014025,-0.84605,-0.12397,-0.0053768,0.077157,1.3497,19.897,-1.6845,-18.239,1.1897,-9.3872,-0.059327,-30.498
8.4,-0.48595,0.16288,0.00075017,-0.84918,-0.12361,-0.0061904,0.082798,0.53395,19.081,-1.7932,-19.556,1.5934,-9.0416,-1.59,-32.001,-0.49314,0.15499,-0.019654,-0.8548,-0.13688,-7.4629e-05,0.076777,0.87794,22.448,1.0186,-19.889,0.30624,-8.6581,-2.0011,-30.989
8.5,-0.49163,0.16192,0.0066612,-0.87387,-0.11838,-0.008078,0.080492,2.3435,22.882,-0.93051,-21.292,1.299,-9.2827,-1.0697,-31.48,-0.47585,0.14662,-0.0080192,-0.87293,-0.12356,-0.00087822,0.073043,-0.27458,21.027,-2.5561,-20.726,-0.74824,-7.6983,-1.2764,-32.722
8.6,-0.48741,0.13589,-0.00071164,-0.86825,-0.12478,-0.00024078,0.077316,1.2069,22.57,0.086514,-20.029,-0.54151,-7.6543,-2.0115,-30.701,-0.4829,0.13586,-0.016192,-0.86968,-0.12636,-0.0093848,0.077175,-0.21618,20.939,-0.59289,-21.844,1.762,-7.1906,0.27227,-31.684
8.7,-0.46534,0.14732,-0.013707,-0.87403,-0.12903,-0.006928,0.070648,2.348,21.285,-0.31068,-22.214,1.1564,-8.2024,-1.383,-32.9,-0.46714,0.15972,-0.01798,-0.8777,-0.12891,-0.011641,0.085168,0.24656,21.033,-2.4236,-23.202,1.8185,-6.393,-1.5837,-32.338
8.8,-0.45901,0.17009,-0.0067921,-0.87471,-0.1265,0.010136,0.076489,0.030843,22.373,-0.29543,-24.772,-0.59107,-8.8244,-0.54244,-31.627,-0.46843,0.14912,-0.022912,-0.86952,-0.12236,-0.0019294,0.084027,-1.0977,23.169,-2.338,-21.476,1.3803,-7.6767,0.19161,-32.274
8.9,-0.44597,0.13826,-0.022789,-0.87966,-0.12774,-0.0043428,0.081059,0.52823,22.668,0.58749,-21.481,1.3394,-7.1131,-1.2632,-33.21,-0.44327,0.174,-0.017333,-0.87338,-0.12743,-0.00217,0.090971,1.5408,22.879,-0.70679,-23.145,1.26,-6.2447,-1.1685,-34.123
9,-0.44189,0.15621,-0.020971,-0.86832,-0.12416,-0.0012507,0.068775,2.1373,21.398,0.0044559,-22.122,-2.1676,-8.5615,-1.364,-32.401,-0.4357,0.14824,-0.015695,-0.86999,-0.1234,0.0031566,0.075759,0.34204,23.665,-1.9744,-21.069,1.8041,-6.0408,0.51119,-32.381
9.1,-0.45516,0.16037,-0.017167,-0.87211,-0.13163,-0.0018514,0.080157,2.2858,22.413,-0.53773,-23.253,1.2569,-6.2645,-0.32936,-32.715,-0.43058,0.1731,-0.0068206,-0.87549,-0.13268,0.0033837,0.076819,-0.45161,23.151,-0.57,-22.302,1.7054,-6.7445,-0.96572,-33.327
9.2,-0.44971,0.16922,-0.025091,-0.89454,-0.13654,0.007936,0.079724,3.1073,22.949,-1.4464,-22.304,0.0068534,-6.8947,-1.7888,-33.691,-0.45316,0.16408,-0.036777,-0.88966,-0.1357,0.0022566,0.078411,0.050268,23.93,0.3306,-23.715,-0.71175,-5.7873,-1.4196,-33.752
9.3,-0.40754,0.15712,-0.019648,-0.88903,-0.13067,0.0066666,0.077297,1.4925,21.479,-2.0229,-24.239,0.81918,-5.7469,-1.7825,-32.561,-0.41996,0.17698,-0.026644,-0.87408,-0.1324,0.0039107,0.070653,1.4322,23.495,-0.66928,-24.567,0.34642,-6.6512,0.084815,-34.412
9.4,-0.41545,0.17126,-0.033992,-0.88782,-0.12722,-0.0018454,0.07908,1.7066,23.911,0.61057,-23.351,0.96569,-5.4931,-0.26705,-33.66,-0.41325,0.17321,-0.024836,-0.87492,-0.13877,0.00069185,0.068159,0.42121,23.784,-1.4296,-24.017,0.83175,-7.0808,-0.7502,-34.378
9.5,-0.40546,0.1547,-0.038107,-0.89073,-0.12687,0.0030916,0.074783,0.58384,22.005,-3.3921,-23.939,0.01105,-5.9029,0.12807,-33.973,-0.42813,0.17404,-0.028994,-0.89354,-0.14331,0.0043626,0.08266,-2.5506,24.063,-4.1728,-25.007,-0.845,-5.9966,-0.93608,-34.365
9.6,-0.41718,0.16573,-0.028813,-0.907,-0.13646,0.0015039,0.075058,1.5097,23.382,-1.9419,-26.135,-1.7213,-4.7498,1.8493,-33.301,-0.42345,0.16725,-0.023089,-0.89863,-0.1329,0.0088594,0.081954,0.12595,24.015,-1.0492,-24.916,-0.27353,-4.6452,0.71629,-34.531
9.7,-0.40203,0.18329,-0.007603,-0.90473,-0.13202,0.0061826,0.070624,0.80267,24.803,0.04022,-25.534,-1.4733,-4.9906,0.57388,-33.447,-0.41322,0.18606,-0.032305,-0.88357,-0.14057,0.0039046,0.070226,0.94872,25.388,-0.81698,-24.766,-1.1937,-2.3419,0.26066,-32.955
9.8,-0.38856,0.16365,-0.025821,-0.90355,-0.13939,0.0097743,0.06221,0.80688,23.057,0.2435,-26.702,0.071332,-3.3978,2.5029,-34.808,-0.3829,0.17433,-0.036019,-0.91131,-0.12833,0.0084985,0.078764,-0.95418,23.741,1.4086,-24.58,-0.21825,-4.2674,-0.19435,-33.099
9.9,-0.3938,0.16891,-0.041384,-0.91536,-0.13126,-0.0013993,0.068111,-0.82397,25.242,-1.9708,-26.766,0.25618,-3.0784,0.64425,-32.749,-0.37817,0.16389,-0.034764,-0.91145,-0.13301,0.0020622,0.068162,0.44431,26.146,-3.1912,-27.511,0.57889,-4.5859,0.29243,-31.532
10,-0.37644,0.18691,-0.02425,-0.91245,-0.13594,0.0084365,0.065885,0.23521,26.082,-2.1939,-27.696,1.0099,-4.1628,0.36652,-33.037,-0.37285,0.15756,-0.034058,-0.92023,-0.13737,0.0068376,0.060858,-0.14697,25.036,0.028063,-27.777,0.80838,-2.2604,-0.13228,-33.813
10.1,-0.37887,0.17001,-0.038228,-0.90141,-0.13756,0.010005,0.060745,0.4585,25.475,-2.0192,-28.181,1.7715,-4.1419,0.81637,-32.622,-0.36456,0.16901,-0.055783,-0.89837,-0.13261,0.0050278,0.06836,1.722,25.634,-0.57233,-27.45,1.2694,-3.3925,-0.055417,-33.597
10.2,-0.37965,0.18189,-0.021379,-0.89395,-0.13619,0.011908,0.054479,0.52747,26.29,-1.0872,-27.333,0.81692,-3.3475,1.2308,-35.665,-0.37045,0.18387,-0.049256,-0.92005,-0.13706,0.011676,0.068728,0.58477,25.822,-1.67,-26.848,0.064263,-3.8391,0.18603,-34.013
10.3,-0.36652,0.17967,-0.049835,-0.9171,-0.14659,0.0052933,0.065042,-0.2448,26.894,-2.2764,-26.86,-0.064551,-2.7643,1.2765,-31.547,-0.36992,0.17639,-0.035441,-0.92175,-0.1417,0.002213,0.072773,0.057753,27.191,-1.4133,-29.4,1.1877,-2.6284,1.1114,-31.843
10.4,-0.35713,0.19227,-0.044366,-0.92763,-0.14195,0.013955,0.0618,0.53173,24.781,0.010038,-26.966,2.2712,-3.6915,-0.49714,-31.041,-0.35877,0.18047,-0.041021,-0.89745,-0.1359,0.016321,0.07432,-0.27339,26.13,-0.21911,-28.277,-0.54477,-0.8177,1.3586,-32.35
10.5,-0.35684,0.17176,-0.050568,-0.92522,-0.1376,0.01433,0.057989,1.2019,25.734,-0.7648,-28.793,1.8008,-0.54066,1.5447,-30.614,-0.34707,0.1825,-0.035205,-0.93767,-0.14891,0.015792,0.067231,0.032992,25.774,-2.589,-28.282,1.3692,-1.4497,0.50919,-32.269
10.6,-0.34022,0.19569,-0.051747,-0.90886,-0.13053,0.0096049,0.061548,1.8566,27.099,0.37373,-28.69,-1.2507,-2.3027,0.7401,-31.981,-0.34008,0.16579,-0.054316,-0.93708,-0.14109,0.013852,0.060681,1.6599,28.504,-2.9697,-29.116,1.8762,-1.9727,0.081567,-31.229
10.7,-0.31618,0.19657,-0.05531,-0.90319,-0.13931,0.0093401,0.052778,1.1211,26.712,-1.3893,-29.195,1.2007,-2.7192,0.55165,-31.163,-0.32971,0.1717,-0.047077,-0.92502,-0.14103,0.01151,0.072986,1.3448,27.749,0.85843,-31.753,1.3793,-1.4728,3.0888,-30.095
10.8,-0.32779,0.17257,-0.053832,-0.92543,-0.14148,0.027653,0.055539,0.88174,28.446,-1.5234,-29.973,-0.29245,-0.1085,2.0636,-30.136,-0.33542,0.17881,-0.055791,-0.92456,-0.13713,0.017377,0.062769,0.26169,27.57,0.92418,-30.105,0.18308,-0.63525,0.80957,-31.677
10.9,-0.32761,0.18937,-0.058031,-0.92917,-0.14254,0.015659,0.052576,2.2552,27.302,-1.1926,-30.313,1.0909,-1.7413,-0.016685,-30.13,-0.31423,0.17567,-0.041101,-0.92943,-0.14207,0.021225,0.06213,2.0621,27.272,-1.7837,-31.915,0.67607,-0.60666,0.24162,-30.479
11,-0.29707,0.19211,-0.06283,-0.92884,-0.14621,0.02153,0.051037,1.7731,27.256,-1.9597,-29.192,0.95238,0.24217,0.64324,-30.947,-0.31262,0.18969,-0.073859,-0.94046,-0.14652,0.033209,0.050587,-0.60336,26.877,-0.056343,-28.8,1.8055,-1.3168,0.069841,-31.031
11.1,-0.32063,0.18266,-0.065085,-0.93979,-0.13988,0.017417,0.061018,-1.2312,27.383,0.60059,-29.85,1.1218,-0.54945,-1.16,-30.362,-0.31167,0.18033,-0.04849,-0.91798,-0.13746,0.020845,0.051654,-0.24163,28.006,-1.3519,-30.023,0.76528,-2.157,1.1004,-30.668
11.2,-0.31216,0.1956,-0.066681,-0.94326,-0.14725,0.023995,0.057571,1.6995,27.815,-1.2171,-31.184,0.075428,-1.7977,0.90491,-30.345,-0.31106,0.1566,-0.061969,-0.93465,-0.13541,0.016894,0.049196,1.7097,27.225,-2.0322,-33.419,0.33187,0.70877,1.9971,-29.635
11.3,-0.29365,0.19283,-0.053072,-0.93324,-0.13644,0.008969,0.049507,0.44092,28.686,-1.5514,-31.576,1.8211,0.39952,1.9622,-28.162,-0.28296,0.18357,-0.074767,-0.92241,-0.13516,0.024622,0.046366,2.0978,29.066,-1.3225,-31.785,-0.12363,0.30665,0.70723,-29.451
11.4,-0.26964,0.19062,-0.0706,-0.93336,-0.14522,0.029373,0.049795,2.0364,28.677,-0.4306,-31.387,1.1239,0.88424,1.0913,-29.809,-0.29381,0.17161,-0.057454,-0.94138,-0.1409,0.024992,0.047883,1.6998,27.75,-1.5738,-33.336,0.61457,-0.47752,1.2828,-27.994
11.5,-0.2927,0.18823,-0.028945,-0.93957,-0.1316,0.026213,0.052346,-0.38964,28.676,-0.62385,-33.343,1.5985,-0.92056,1.2799,-27.412,-0.28106,0.1825,-0.070563,-0.94269,-0.14615,0.030121,0.043026,2.2068,26.887,-0.86363,-32.878,0.8239,1.6714,1.8254,-27.938
11.6,-0.26687,0.19419,-0.060291,-0.95993,-0.14297,0.017003,0.049927,-1.4008,29.205,-2.2264,-31.414,2.6342,1.5436,0.46094,-26.943,-0.26972,0.17361,-0.069842,-0.95544,-0.14147,0.033133,0.045922,0.43145,27.642,-3.2059,-32.98,1.6044,2.5531,2.2359,-27.508
11.7,-0.27677,0.1789,-0.094544,-0.93766,-0.14565,0.029121,0.046035,1.6465,28.835,-1.1878,-34.403,1.4933,2.6382,0.8865,-28.821,-0.26865,0.17916,-0.076956,-0.94297,-0.14227,0.030904,0.042616,-0.53382,28.264,-2.8149,-32.377,-1.0946,-0.28871,1.1697,-27.763
11.8,-0.244,0.18096,-0.066644,-0.94543,-0.14421,0.028588,0.043283,-0.047665,30.329,-0.76409,-32.199,0.68846,1.057,1.5526,-28.414,-0.24805,0.18093,-0.056565,-0.94159,-0.13544,0.025453,0.045389,1.5417,27.402,-1.4085,-35.328,-0.5346,2.3065,-0.82375,-28.649
11.9,-0.24964,0.17481,-0.070379,-0.92709,-0.1403,0.025289,0.046105,1.2122,28.404,-1.1749,-31.691,0.60451,2.5912,0.40571,-27.328,-0.26033,0.19765,-0.073718,-0.95636,-0.14329,0.031809,0.050383,2.6792,28.945,-1.4882,-32.164,2.2149,5.1868,1.3656,-27.809
12,-0.22048,0.18635,-0.071268,-0.97361,-0.1508,0.040878,0.041665,0.25437,27.686,-2.9039,-33.696,0.2004,4.5858,1.5417,-27.377,-0.2271,0.19606,-0.065855,-0.95082,-0.1426,0.035724,0.045739,2.6987,28.9,-0.59916,-35.726,1.1814,3.3256,-1.0667,-28.119
12.1,-0.22504,0.1855,-0.078308,-0.95711,-0.14238,0.043266,0.044318,2.3663,30.387,0.43985,-35.317,1.3782,1.3389,-0.00013761,-26.274,-0.22857,0.18203,-0.067634,-0.94715,-0.14363,0.035357,0.034308,1.7342,28.079,-0.83494,-35.704,1.431,4.483,1.7108,-27.084
12.2,-0.22209,0.18998,-0.084719,-0.95722,-0.13763,0.034949,0.032469,1.9494,31.845,-1.0832,-33.947,-0.2091,1.5625,1.4676,-26.101,-0.22214,0.18155,-0.074879,-0.94651,-0.14525,0.042001,0.046518,1.7759,27.617,-0.49768,-35.533,2.7473,4.1231,1.2268,-27.563
12.3,-0.21222,0.18632,-0.095762,-0.94294,-0.15049,0.042042,0.048729,1.3132,29.678,-1.7758,-36.289,0.21982,4.5593,-0.29681,-28.169,-0.21091,0.17918,-0.067172,-0.96506,-0.13814,0.040805,0.046046,1.6971,32.729,-1.997,-35.887,0.5373,3.8966,2.1303,-26.14
12.4,-0.21719,0.18829,-0.081211,-0.95788,-0.14992,0.034886,0.039182,1.6398,31.765,-0.47728,-36.539,0.71842,3.2571,-0.046299,-28.02,-0.19711,0.18021,-0.077574,-0.9434,-0.1445,0.040199,0.038576,1.6588,30.697,-0.65182,-37.077,0.048319,5.5224,0.12581,-27.308
12.5,-0.21015,0.17376,-0.071303,-0.96125,-0.14925,0.043908,0.034238,-0.16427,30.875,-1.9503,-35.987,1.423,3.7506,-0.30969,-26.693,-0.19682,0.16952,-0.090946,-0.94125,-0.14625,0.043062,0.045364,3.9128,30.57,-1.6428,-36.188,0.91533,4.5065,-0.17233,-25.819
12.6,-0.20974,0.17951,-0.093848,-0.96089,-0.14419,0.044655,0.032747,1.4679,32.459,0.23225,-36.222,0.57905,2.1828,0.5962,-24.044,-0.18065,0.17544,-0.087547,-0.95889,-0.14692,0.036732,0.04048,1.7541,30.72,-1.593,-38.385,-0.35832,5.8933,-0.092358,-25.454
12.7,-0.18254,0.18752,-0.073916,-0.981,-0.1503,0.049259,0.037441,-0.13214,31.216,-0.30893,-36.727,1.3124,3.7847,0.78453,-23.262,-0.18143,0.18339,-0.083102,-0.96929,-0.14428,0.042207,0.036338,0.12208,30.581,-3.2306,-36.64,1.9316,4.085,0.34207,-25.458
12.8,-0.18783,0.17916,-0.098452,-0.97818,-0.14127,0.044145,0.03465,-0.22111,31.953,-0.57095,-36.788,0.66079,5.1463,1.5244,-24.744,-0.18336,0.17104,-0.075564,-0.9518,-0.13397,0.049031,0.031229,1.2487,31.358,-0.96472,-36.321,2.5536,4.7295,1.7608,-24.852
12.9,-0.18068,0.18148,-0.080006,-0.96237,-0.14506,0.049399,0.030398,1.9277,33.267,-0.84599,-38.111,1.8931,5.4513,0.91348,-22.748,-0.18363,0.17154,-0.079751,-0.98804,-0.14138,0.033748,0.035089,0.5518,33.4,-1.0861,-39.201,2.6368,5.5963,0.62917,-24.137
13,-0.16427,0.19641,-0.093672,-0.97856,-0.13716,0.046916,0.029016,1.9509,32.469,-0.60895,-37.712,0.13065,4.6128,2.3184,-23.631,-0.18616,0.17481,-0.078989,-0.97184,-0.15005,0.056852,0.040137,-0.37146,33.626,-1.1412,-38.431,2.0823,6.5449,0.6998,-24.317
13.1,-0.15005,0.17177,-0.079593,-0.97803,-0.14835,0.042782,0.036,-0.97049,32.256,1.1813,-38.108,2.4021,6.6791,1.2681,-21.709,-0.16864,0.17874,-0.089813,-0.98173,-0.13826,0.058728,0.029644,0.95033,31.63,-0.74151,-37.728,-0.08114,6.0024,1.8691,-24.742
13.2,-0.15387,0.17612,-0.074351,-0.99367,-0.14545,0.048498,0.02952,0.45677,32.361,-2.1002,-37.953,1.7808,4.1852,0.89946,-23.199,-0.15822,0.18247,-0.068028,-0.97222,-0.14517,0.049091,0.042518,-0.4688,32.185,-1.5952,-38.856,0.0031113,5.1041,1.3121,-23.523
13.3,-0.15721,0.18573,-0.08034,-0.96858,-0.13795,0.040625,0.022843,-0.44729,32.498,-0.58244,-39.953,1.0884,5.6945,0.89099,-23.62,-0.14241,0.16063,-0.074323,-0.96545,-0.15248,0.056695,0.027368,-0.86168,32.849,-3.1278,-38.008,1.5638,6.6297,1.4147,-22.682
13.4,-0.12416,0.17201,-0.069145,-0.97569,-0.13052,0.053276,0.033371,0.0075348,33.291,-1.1511,-39.499,1.7542,5.7182,0.5098,-23.513,-0.13715,0.15665,-0.086547,-0.98042,-0.14928,0.065782,0.034113,-0.53459,32.417,-1.1575,-41.235,1.7439,5.2197,-0.92426,-23.918
13.5,-0.12768,0.16886,-0.080218,-0.98103,-0.14675,0.057706,0.033766,-0.15108,32.936,-4.0756,-40.068,1.1853,7.5808,1.0238,-21.089,-0.1114,0.16213,-0.081503,-0.96683,-0.14495,0.055815,0.022827,-0.95146,32.645,-1.1107,-41.329,0.29964,8.4807,1.0627,-22.702
13.6,-0.10726,0.17231,-0.07038,-0.9865,-0.14334,0.052806,0.013253,-1.091,30.739,-2.3079,-40.729,0.45127,6.0701,0.7989,-21.619,-0.12832,0.17895,-0.071796,-0.97591,-0.14985,0.065908,0.022574,0.32984,31.036,-1.9655,-40.863,-1.2837,6.5032,0.96218,-23.645
13.7,-0.12764,0.1706,-0.077595,-0.97116,-0.13058,0.063709,0.028411,-1.2423,31.37,-2.6348,-39.764,-0.16359,7.6309,1.227,-22.529,-0.11854,0.16925,-0.10488,-0.98209,-0.14009,0.063493,0.019526,-2.6514,32.558,-0.86762,-42.19,1.1756,5.8072,1.1445,-21.575
13.8,-0.08751,0.15514,-0.077104,-0.99141,-0.13296,0.056468,0.027463,-0.67138,32.86,-1.8994,-40.807,1.0583,6.4734,0.073273,-20.042,-0.10564,0.16159,-0.0987,-0.9722,-0.14108,0.060835,0.024198,-0.30151,32,-1.7714,-43.345,0.19218,5.0007,0.99695,-21.144
13.9,-0.088851,0.16014,-0.073974,-0.98971,-0.12777,0.056444,0.010602,-1.6612,30.637,-1.9022,-42.191,1.8512,8.3412,1.1859,-19.649,-0.10482,0.16245,-0.071464,-0.97283,-0.13122,0.057919,0.025927,-0.15867,29.952,-3.0834,-41.453,1.3408,7.1209,0.14048,-21.931
14,-0.081701,0.15897,-0.082537,-1.0094,-0.13636,0.065975,0.011118,-1.3036,30.847,0.63813,-40.438,0.66528,6.4305,1.332,-21.825,-0.11946,0.15002,-0.095359,-0.97676,-0.13745,0.075642,0.01581,0.5698,30.72,-1.5609,-41.442,-0.37272,6.5279,-2.2307,-20.751
14.1,-0.075747,0.15647,-0.076679,-0.97769,-0.13285,0.064232,0.014686,-1.3423,30.975,-0.24215,-41.802,0.12178,7.9288,0.77981,-20.813,-0.09163,0.14976,-0.065082,-1.005,-0.1306,0.059392,0.013731,-0.82555,29.207,-0.96424,-44.108,2.5419,7.4873,-0.38954,-21.631
14.2,-0.088291,0.14367,-0.084382,-0.98711,-0.13308,0.064862,0.013324,-1.6572,29.526,-1.8105,-40.874,-0.57075,7.2651,0.30813,-20.454,-0.086611,0.13798,-0.068112,-0.99073,-0.12311,0.065005,0.020933,0.014244,29.663,-1.1106,-42.837,-0.21994,7.7941,0.44179,-19.311
14.3,-0.087833,0.1505,-0.087437,-0.95889,-0.11673,0.064089,0.016984,-1.3203,28.903,-0.9858,-42.94,0.42854,10.187,-1.3359,-19.436,-0.078471,0.14182,-0.075593,-0.99754,-0.14078,0.070784,0.015706,-3.1329,27.914,-0.943,-43.125,-0.53891,9.7769,1.0756,-18.635
14.4,-0.078209,0.1296,-0.087146,-0.96751,-0.1189,0.070095,0.0054397,-2.4405,27.65,-2.1586,-44.567,1.8997,8.3023,1.0443,-21.301,-0.069388,0.13823,-0.08102,-0.99811,-0.12563,0.063772,0.010395,0.21501,27.813,-0.43694,-44.534,0.33541,9.855,-0.55209,-20.076
14.5,-0.055863,0.1595,-0.075481,-0.97163,-0.13263,0.06902,0.0079878,-1.388,27.861,-0.65389,-43.566,0.053939,9.9447,-0.079421,-19.076,-0.067398,0.13966,-0.09126,-0.96811,-0.12369,0.065201,0.0077624,-1.0377,30.17,-0.62069,-44.902,1.762,7.7997,0.29566,-18.528
14.6,-0.03632,0.14701,-0.097485,-0.98151,-0.1231,0.074715,0.01422,-1.6201,28.227,-1.4461,-42.985,-0.019927,10.654,0.055278,-18.832,-0.044295,0.15133,-0.089485,-0.9816,-0.1124,0.073124,0.0029966,-1.4038,26.313,0.14085,-45.885,0.95995,10.008,1.0647,-19.756
14.7,-0.036643,0.13833,-0.076205,-0.9795,-0.12441,0.078043,0.01507,-2.2944,26.752,-0.87893,-46.079,0.67513,10.688,1.7137,-17.74,-0.059855,0.12768,-0.097027,-0.97819,-0.11725,0.075078,0.0084386,-1.0814,27.782,-1.4031,-46.602,0.29223,11.702,1.0449,-17.67
14.8,-0.057893,0.13825,-0.074509,-0.99087,-0.11223,0.075999,0.021932,-1.0737,26.088,-0.55355,-45.216,2.4912,8.8451,0.70971,-20.121,-0.052075,0.11365,-0.084135,-0.98241,-0.12274,0.078752,0.0075234,-2.41,25.366,-1.837,-45.753,1.5164,10.108,0.44415,-17.923
14.9,-0.042208,0.13195,-0.08158,-0.97623,-0.12435,0.075304,0.0054822,-0.77373,26.008,-1.6699,-45.148,0.81047,9.5809,1.7143,-18.818,-0.034659,0.12876,-0.090092,-0.99424,-0.10353,0.076699,0.0080261,0.99349,26.174,-1.3628,-45.983,1.13,10.719,1.3478,-17.673
15,-0.046269,0.11623,-0.082429,-0.99472,-0.11892,0.082287,0.011344,-1.2879,24.017,-2.0062,-46.914,-0.28889,10.802,2.4995,-16.809,-0.03383,0.10735,-0.076773,-1.0022,-0.11215,0.093418,0.01135,-0.89766,26.1,-1.912,-47.079,2.3405,10.297,2.0367,-17.818
15.1,-0.014768,0.12856,-0.087909,-0.99787,-0.10999,0.079472,0.012462,-1.7374,24.705,-2.0423,-46.592,-0.1629,10.105,0.71211,-18.544,-0.024711,0.13051,-0.10678,-0.98562,-0.10846,0.087812,0.010074,-1.1083,25.358,-0.62715,-47.316,-1.7208,11.582,0.91542,-17.678
15.2,-0.029213,0.11943,-0.096897,-0.99214,-0.11587,0.070015,0.0096087,-0.92946,25.539,-1.4649,-47.532,-0.087284,11.554,0.4833,-18.351,-0.028412,0.11227,-0.085279,-1.0212,-0.11478,0.086303,0.0091361,-2.4446,25.144,-2.9528,-49.29,0.99634,10.037,-0.27254,-19.223
15.3,-0.028507,0.13421,-0.078893,-0.97507,-0.10414,0.079141,-0.0052807,-2.0112,23.245,-1.1209,-47.943,0.40246,9.9794,1.9361,-16.899,0.00038993,0.11245,-0.073973,-0.9815,-0.11057,0.078677,0.0019527,0.24603,23.756,-2.2207,-48.119,0.068611,11.219,-1.3767,-14.608
15.4,-0.013548,0.11683,-0.074576,-0.99689,-0.10365,0.078844,0.0074149,-0.068842,22.925,-2.6222,-46.956,1.6361,11.618,-0.7989,-15.218,-0.0090183,0.11512,-0.10176,-1.016,-0.1088,0.089598,-0.0043812,-3.7539,24.18,-0.59837,-48.391,1.0475,12.101,1.7282,-16.936
15.5,0.0042045,0.12103,-0.083344,-0.9881,-0.10323,0.081931,0.0013766,-0.21733,24.292,-1.8323,-49.535,1.6344,12.116,1.5797,-16.538,0.0029837,0.10246,-0.089577,-0.98164,-0.10016,0.084505,-0.00060141,-2.3178,24.09,-0.053781,-49.397,0.078824,10.09,0.31638,-16.911
15.6,-0.0032384,0.094231,-0.091812,-0.99562,-0.099673,0.084466,-0.002345,-0.69633,23.94,-0.61146,-46.36,1.8641,12.698,-1.0635,-15.175,0.006095,0.091408,-0.071735,-0.98725,-0.10647,0.088767,-0.0014875,-0.8922,23.782,-1.7573,-50.822,0.52267,10.536,2.6084,-14.85
15.7,-0.015435,0.11217,-0.087668,-0.98611,-0.097555,0.092388,0.00054202,-1.1778,23.409,-4.4601,-48.199,2.9614,12.82,-0.26546,-15.33,0.0073532,0.092025,-0.084354,-0.99854,-0.10229,0.092938,0.0058907,-1.0716,22.892,-0.3876,-48.259,0.37094,13.327,-0.14821,-16.706
15.8,0.0036024,0.099254,-0.070813,-0.98206,-0.10221,0.088019,0.0015281,-2.6019,19.891,0.79976,-49.334,0.37926,11.619,1.147,-15.268,0.026395,0.10734,-0.084952,-0.99262,-0.10029,0.091153,-0.013945,-2.9848,24.009,-1.0767,-50.58,2.291,12.824,0.30174,-15.253
15.9,0.016242,0.091991,-0.060534,-0.98852,-0.09765,0.080695,-0.0092702,-0.93046,21.298,-2.1134,-50.396,-0.59259,12.015,1.8493,-15.014,0.024632,0.096916,-0.065583,-1.011,-0.095383,0.09009,-0.012015,-1.4046,21.607,0.88005,-49.028,1.1503,10.824,1.5843,-15.036
16,0.026513,0.091595,-0.084961,-1.0097,-0.088174,0.082683,-0.0048214,-0.78642,20.624,-1.1687,-47.899,0.335,12.825,-0.40005,-13.744,0.025605,0.06988,-0.062545,-0.99713,-0.092265,0.088668,-0.0086129,-1.8312,20.484,1.3468,-50.842,1.8118,12.443,-0.45175,-12.924
16.1,0.041299,0.081404,-0.065635,-0.9926,-0.085574,0.090033,-0.0047156,-0.67495,21.195,0.15182,-50.48,1.1622,13.604,-0.16254,-15.39,0.037747,0.09306,-0.074428,-1.0164,-0.0926,0.096757,-0.0088404,-1.5572,21.428,0.33999,-50.601,1.1551,14.527,1.1345,-16.361
16.2,0.038079,0.087852,-0.058036,-1.0107,-0.079418,0.087846,-0.011614,-3.4172,20.859,-0.045316,-50.896,0.76537,14.12,2.8404,-14.344,0.041887,0.078544,-0.080239,-1.0046,-0.093586,0.099055,-0.005492,-0.6213,20.11,-0.89234,-50.042,0.39016,13.739,0.49365,-13.809
16.3,0.021964,0.091888,-0.088373,-0.98975,-0.086027,0.097376,-0.0093576,-2.1033,18.642,-0.87492,-51.456,0.23377,15.592,2.6876,-12.966,0.030701,0.068815,-0.083408,-0.98274,-0.080502,0.097804,-0.008915,-0.085597,18.767,-0.3262,-51.796,-0.099146,14.04,1.1461,-12.027
16.4,0.048825,0.066142,-0.081606,-1.0044,-0.091966,0.087474,-0.0036141,-1.4873,20.308,-0.95776,-50.215,1.3405,15.34,2.4423,-11.417,0.055475,0.06213,-0.082088,-0.97958,-0.085682,0.09437,-0.0064645,0.51272,18.285,-0.001163,-48.595,1.5246,14.048,-0.095639,-12.48
16.5,0.061194,0.064089,-0.075244,-0.99053,-0.078584,0.098419,-0.016511,-0.82791,17.848,1.166,-49.765,0.013973,15.282,1.6468,-14.497,0.049417,0.057966,-0.064272,-0.99243,-0.080942,0.10052,-0.010352,-1.0724,18.749,0.49331,-49.489,1.5701,13.089,1.2691,-12.792
16.6,0.052789,0.050455,-0.062716,-1.0073,-0.084662,0.085623,-0.012443,-1.8004,18.741,0.43608,-50.447,2.3238,15.3,0.25556,-12.708,0.061216,0.036352,-0.068335,-1.0128,-0.076284,0.084215,-0.006023,-2.2151,16.309,-0.19797,-51.451,-0.018335,14.005,1.4131,-13.075
16.7,0.068457,0.057846,-0.066143,-0.9806,-0.073684,0.099764,-0.015988,-0.7441,17.328,-0.00055754,-50.225,-0.37303,13.618,0.16429,-12.281,0.051489,0.060251,-0.074586,-0.99657,-0.075255,0.090916,-0.011044,-1.4239,16.313,0.54657,-48.845,0.58372,16.059,1.4922,-13.059
16.8,0.075577,0.028969,-0.0821,-0.9778,-0.073502,0.085687,-0.014585,-1.6439,17.679,-1.3704,-49.703,2.0876,13.495,0.19113,-13.131,0.060206,0.055092,-0.069439,-0.99133,-0.074748,0.093433,-0.017498,-0.9075,17.58,1.4403,-50.355,0.4618,14.49,1.6479,-11.069
16.9,0.069422,0.056872,-0.065343,-1.0061,-0.075656,0.086367,-0.015485,-0.29412,16.259,1.458,-48.017,0.81664,14.071,0.42329,-10.379,0.04729,0.027736,-0.075724,-0.98505,-0.079042,0.090239,-0.0039239,-0.79369,15.603,-0.39821,-47.923,1.5866,13.485,0.015791,-11.603
17,0.07087,0.040596,-0.045182,-0.98471,-0.074008,0.092922,-0.015134,-1.4865,16.049,1.1836,-48.35,0.89852,16.298,-0.31574,-12.19,0.059569,0.043917,-0.077526,-0.99368,-0.066809,0.1011,-0.0089632,-0.2818,16.416,-0.76312,-45.867,-0.21396,15.8,0.52837,-12.729
17.1,0.079782,0.061087,-0.059313,-0.99672,-0.074359,0.088151,-0.023973,1.3058,18.485,-0.45989,-48.534,0.47461,15.472,0.71307,-11.437,0.090187,0.04094,-0.043137,-0.99742,-0.068783,0.095459,-0.0087568,0.10621,15.349,-0.72324,-48.914,0.20669,15.643,1.2816,-8.9056
17.2,0.075547,0.039061,-0.043712,-1.008,-0.065767,0.09208,-0.019089,-2.3155,16.423,2.1298,-48.185,1.0496,14.179,1.2284,-11.346,0.097712,0.035052,-0.072093,-0.99849,-0.070082,0.08413,-0.016636,-1.4483,17.132,-1.1363,-48.279,-1.2879,16.626,1.9789,-8.9039
17.3,0.082481,0.04899,-0.074686,-0.99666,-0.066391,0.090969,-0.029866,-0.6464,14.401,0.79079,-47.554,0.45684,17.661,0.47067,-9.2714,0.085443,0.043686,-0.072585,-0.98272,-0.063835,0.092203,-0.017151,-1.4528,14.321,-0.17151,-47.321,2.0965,16.655,1.588,-9.8912
17.4,0.080424,0.051085,-0.048882,-0.99636,-0.061802,0.090861,-0.018969,-1.4815,14.839,0.51367,-48.986,-0.63389,17.68,-0.7219,-10.192,0.070171,0.0215,-0.064137,-1.0141,-0.065067,0.089153,-0.021125,-2.4779,16.927,1.2578,-47.119,1.0387,15.025,1.8864,-9.498
17.5,0.086449,0.039605,-0.048576,-1.0118,-0.060027,0.088895,-0.01319,-0.28042,14.773,1.317,-47.582,-1.8097,18.483,1.2373,-9.676,0.069897,0.021611,-0.065974,-1.0009,-0.066133,0.091948,-0.028819,-2.2108,14.001,1.1835,-46.943,-0.42627,16.59,-0.60966,-9.3743
17.6,0.10105,0.022576,-0.043128,-0.98431,-0.054082,0.086873,-0.014454,-0.45278,16.25,0.66719,-46.639,-0.20134,18.161,1.0472,-9.723,0.098448,-0.0044178,-0.084017,-0.99277,-0.060636,0.08612,-0.021865,0.21316,14.471,1.0855,-46.843,1.9403,19.911,2.0365,-10.65
17.7,0.086883,0.030588,-0.054708,-0.98084,-0.060168,0.090055,-0.027015,-1.7812,13.367,0.4883,-47.99,1.1906,15.395,3.5151,-7.7111,0.095883,0.022764,-0.064546,-0.98902,-0.058862,0.083087,-0.011896,-1.7615,15.848,1.298,-46.099,2.1173,17.231,1.0776,-8.7863
17.8,0.11321,0.023559,-0.063539,-0.9946,-0.055142,0.087963,-0.02208,-0.75516,12.116,-1.5644,-46.832,-0.81934,18.017,1.5216,-10.71,0.092099,0.0089169,-0.063523,-1.011,-0.058697,0.088655,-0.019576,-0.57822,14.118,-1.37,-46.968,1.2427,15.39,2.604,-8.7832
17.9,0.11286,0.019522,-0.039266,-1.0029,-0.05229,0.080502,-0.027551,-2.2183,13.297,0.37491,-44.308,0.82876,17.701,1.4528,-7.978,0.10141,0.01454,-0.050772,-0.98472,-0.052679,0.083473,-0.025099,-1.373,11.155,0.49971,-47.531,-0.47021,17.566,1.6776,-10.402
18,0.10355,0.0050831,-0.044707,-0.99724,-0.049568,0.093049,-0.027144,-0.88625,11.551,2.4236,-45.907,-0.30606,17.497,1.1395,-7.7604,0.11165,0.0067476,-0.057009,-0.99616,-0.050479,0.084134,-0.02811,-1.8799,11.922,0.52007,-44.921,1.7267,19.519,1.2123,-8.3837
18.1,0.11371,0.0033113,-0.050093,-0.99712,-0.0522,0.083892,-0.02517,-1.1167,10.349,1.4477,-45.716,1.8512,16.372,1.1791,-7.3914,0.12587,-0.0096737,-0.037764,-1.006,-0.054045,0.084365,-0.029513,-0.99127,10.58,1.4489,-45.805,1.0749,17.015,0.48882,-6.9187
18.2,0.096776,0.0063774,-0.049482,-1.0088,-0.049811,0.08335,-0.02964,-1.4047,11.41,-0.65814,-45.296,-1.1263,18.278,0.016763,-7.5504,0.12577,-0.016703,-0.057837,-1.0025,-0.045893,0.08141,-0.032287,-0.3636,10.17,-0.29695,-45.623,-1.57,17.499,-0.5835,-7.304
18.3,0.11063,0.011024,-0.055728,-1.0086,-0.033332,0.087255,-0.028887,-2.2914,12.423,-1.0736,-44.182,-0.84647,17.696,-0.27277,-7.7046,0.12587,-0.0026349,-0.050637,-1.0018,-0.038419,0.078812,-0.030394,-0.08082,10.033,1.2771,-45.06,0.16584,19.223,2.6468,-5.6535
18.4,0.12755,-0.022794,-0.053766,-0.99081,-0.050881,0.081125,-0.021973,-0.77167,10.751,1.2214,-42.523,-0.45052,18.997,0.42785,-6.3104,0.11474,-0.0063314,-0.047706,-1.0041,-0.047374,0.08255,-0.02886,-2.069,10.043,0.29479,-45.333,-0.13646,17.65,2.4472,-7.6834
18.5,0.11991,-0.012982,-0.035087,-0.99849,-0.034754,0.074556,-0.029104,0.65076,8.8699,-0.89407,-44.493,0.00013509,17.189,-0.45235,-5.4752,0.11395,-0.017415,-0.046864,-0.99009,-0.041876,0.086557,-0.029592,0.24237,7.96,-0.29257,-44.869,-0.53038,17.884,0.59153,-6.5224
18.6,0.13437,-0.019529,-0.056755,-0.98535,-0.031602,0.088972,-0.036672,-1.063,10.497,2.2377,-45.821,1.4712,19.467,3.0949,-7.9861,0.11456,-0.016783,-0.05582,-0.98669,-0.038575,0.076425,-0.029575,-1.4412,10.181,-0.55254,-40.958,0.34443,18.375,0.16886,-7.4328
18.7,0.1131,-0.028935,-0.043643,-0.99018,-0.035399,0.090861,-0.025297,-2.1613,10.314,0.41202,-43.233,-0.036105,18.499,0.37085,-4.4988,0.12635,-0.039636,-0.05212,-0.98727,-0.036131,0.082282,-0.034153,-0.18268,8.1645,1.8078,-45.034,-1.0086,17.991,0.3164,-6.4423
18.8,0.12686,-0.042765,-0.041239,-0.99167,-0.036633,0.084504,-0.02836,-1.0896,8.184,1.1097,-43.083,0.44916,18.66,2.5561,-4.4179,0.12187,-0.044331,-0.038706,-1.0035,-0.038757,0.080782,-0.038956,-1.185,8.9775,-0.33994,-43.969,-0.78817,16.713,-0.25611,-4.601
18.9,0.12857,-0.036212,-0.040216,-0.99302,-0.03624,0.072767,-0.032644,-1.8431,9.5618,1.5791,-43.541,0.4536,20.679,1.5648,-5.4859,0.10834,-0.025438,-0.034838,-0.97594,-0.034239,0.078112,-0.034025,-0.5635,7.2596,0.97074,-43.216,0.56417,20.099,0.14293,-4.7661
19,0.14266,-0.033092,-0.028669,-0.98097,-0.029607,0.081578,-0.039468,0.088486,7.8229,-0.56253,-43.753,-1.5094,19.065,-1.0057,-5.8019,0.10493,-0.047485,-0.030281,-0.98103,-0.026039,0.078578,-0.029838,-0.91502,6.8191,2.2209,-42.319,0.96011,20.234,0.12106,-5.0846
19.1,0.15966,-0.0385,-0.032819,-0.98398,-0.034764,0.081119,-0.039325,0.062268,7.3217,1.5299,-43.195,-0.44871,20.02,1.6916,-6.0276,0.13124,-0.034626,-0.03739,-0.99536,-0.031548,0.074299,-0.039345,-1.139,6.2207,1.0002,-42.777,-2.1497,19.092,1.2645,-4.6765
19.2,0.13562,-0.038014,-0.030277,-0.988,-0.029003,0.069672,-0.041017,-1.4202,6.5287,0.77081,-42.763,-0.98302,18.717,-1.601,-4.7627,0.14356,-0.040668,-0.04165,-0.99037,-0.030354,0.072246,-0.033903,-0.48151,6.8748,0.084281,-42.716,0.81225,18.135,1.1108,-4.4108
19.3,0.1085,-0.045041,-0.032968,-0.98994,-0.017201,0.077347,-0.033692,-0.91364,6.2058,1.6832,-41.798,0.46775,17.747,-0.58798,-5.5727,0.13083,-0.058413,-0.021949,-0.98694,-0.021104,0.079593,-0.032217,-0.4617,6.1236,-0.2109,-40.382,-0.88787,19.247,1.1784,-3.9201
19.4,0.13514,-0.054601,-0.013671,-0.976,-0.022427,0.078108,-0.029068,-1.5186,4.8738,1.7715,-43.301,0.26605,16.344,-0.7849,-3.0722,0.12661,-0.04058,-0.020567,-1.0049,-0.014743,0.081173,-0.046036,-1.0566,6.8355,0.54188,-41.743,-1.6162,17.571,-0.97192,-5.3386
19.5,0.15796,-0.058069,-0.0014929,-0.97561,-0.019206,0.068455,-0.032215,-1.0046,4.728,0.49091,-42.207,-0.84294,15.9,-1.3378,-5.0956,0.13218,-0.052734,-0.0081269,-0.99478,-0.013367,0.084867,-0.030174,0.62331,4.5949,0.55574,-41.171,-0.85364,18.168,0.94004,-5.9039
19.6,0.14779,-0.069701,-0.020703,-0.99943,-0.015461,0.081917,-0.034008,1.4837,5.2271,1.6513,-41.159,-1.3583,17.418,-0.7146,-3.7528,0.14088,-0.049322,-0.021073,-0.99989,-0.01683,0.068788,-0.028058,-0.44307,5.2899,0.48831,-42.674,-0.42628,17.749,-0.39619,-2.037
19.7,0.12237,-0.073787,-0.016004,-0.98628,-0.019178,0.080793,-0.031974,-2.0378,5.3359,0.32129,-40.935,-0.19391,17.169,-0.45582,-3.9316,0.14433,-0.060138,-0.024177,-0.98723,-0.019646,0.080689,-0.032443,0.24688,3.5948,0.75211,-41.817,-0.98184,19.336,2.3697,-3.4553
19.8,0.14579,-0.072488,-0.019443,-0.98654,-0.0079743,0.067047,-0.026873,-0.78306,3.3288,-0.8137,-40.184,-0.062564,16.873,-1.6658,-3.7527,0.14587,-0.06249,-0.018929,-0.99125,-0.021371,0.084731,-0.033147,-1.2616,2.6987,0.51652,-39.86,-1.887,17.944,-0.078114,-4.2648
19.9,0.13172,-0.056132,-0.0046949,-0.98618,-0.010191,0.066798,-0.021123,0.71885,4.6503,-0.0045256,-40.077,-1.2647,18.271,0.30495,-1.7006,0.13172,-0.082068,-0.006988,-0.98639,-0.0094916,0.074799,-0.031496,-1.6325,5.647,0.41008,-40.819,0.53915,16.57,-0.58514,-3.9297
20,0.14077,-0.05564,0.0041412,-0.99335,-0.0071123,0.072194,-0.030709,-1.7295,4.3664,1.3298,-39.582,0.094908,15.431,-0.89913,-2.1313,0.12319,-0.078468,-0.015551,-0.99394,-0.0066842,0.060116,-0.031054,-1.6472,4.5125,0.37922,-38.991,-0.1135,18.418,-1.1826,-3.8537
20.1,0.13128,-0.068092,-0.0064627,-0.98216,-0.0071285,0.076626,-0.031064,-1.2194,3.7698,3.0075,-38.203,-0.57892,16.139,-0.25999,-4.6218,0.1597,-0.07373,-0.023694,-0.98807,-0.0052914,0.070713,-0.030573,-1.1977,2.2278,1.4022,-39.7,-0.6802,15.965,0.1126,-3.3052
20.2,0.15301,-0.076379,-0.016862,-0.99221,-0.0099583,0.060321,-0.020308,-0.77173,3.2533,1.1014,-38.799,-0.49196,16.939,-2.1019,-3.9603,0.1146,-0.068844,-0.013275,-0.99232,-0.011703,0.067034,-0.026162,-0.52386,2.0905,3.0162,-36.98,-0.39083,16.46,-0.8521,-3.0138
20.3,0.13548,-0.095039,0.0033764,-0.983,-0.0064411,0.062385,-0.019959,-1.6254,2.5944,0.74317,-39.766,1.1565,16.715,-0.71639,-4.6361,0.13817,-0.096558,-0.016116,-0.96592,-0.017251,0.075215,-0.025868,-1.4116,1.293,0.43657,-38.44,0.37268,17.829,-0.94001,-2.9048
20.4,0.14014,-0.067253,0.0035013,-0.98348,-0.012572,0.064545,-0.029716,-1.1343,2.8247,0.7529,-37.612,0.17981,16.69,-3.0209,-4.411,0.13583,-0.076961,-0.01318,-0.97883,-0.0047358,0.073372,-0.029441,-1.2055,1.5479,-0.075011,-38.087,1.2276,16.547,-0.30488,-4.9519
20.5,0.12433,-0.099486,-0.020119,-1.0005,-0.010388,0.062418,-0.028191,-0.84709,2.2529,0.77396,-36.774,0.0064921,16.085,0.2388,-4.2102,0.15148,-0.092214,-0.013362,-0.98788,-0.00085083,0.064616,-0.028898,0.36037,1.6187,1.0494,-36.951,-1.3789,17.631,-0.92409,-3.7782
20.6,0.14085,-0.093984,-0.011081,-0.97932,-0.0062301,0.055198,-0.022535,-0.27115,0.80581,1.3382,-39.662,-2.5445,15.199,-2.1646,-5.242,0.14069,-0.078347,-0.012384,-0.99384,-0.0085806,0.057646,-0.026504,0.44393,-0.051033,-0.21119,-38.259,-0.84395,15.908,-2.0176,-5.0175
20.7,0.13005,-0.093321,0.012665,-0.99573,-0.0058654,0.063914,-0.02638,-0.64105,-0.39473,-0.28641,-37.376,-0.89109,13.996,-1.5101,-4.0912,0.14297,-0.093144,-0.015452,-0.98564,-0.005335,0.062922,-0.031917,-2.0375,-0.92881,2.1509,-36.36,0.50399,16.135,-1.3257,-6.1941
20.8,0.14268,-0.090027,0.003307,-0.97276,-0.0097911,0.069951,-0.026662,-1.5397,-0.4083,-0.59249,-37.107,-0.86609,14.045,-0.42853,-4.724,0.1351,-0.089215,-0.015818,-0.99211,-0.0104,0.062702,-0.029049,-1.746,-0.69728,-0.19541,-37.741,1.8493,16.359,-0.7561,-4.1107
20.9,0.13919,-0.08884,0.0023814,-0.99008,0.0017064,0.061176,-0.03348,-1.4043,-1.3774,1.0601,-36.539,-2.327,14.271,-0.6363,-4.8656,0.14081,-0.096684,0.0050317,-0.9857,-0.0029716,0.057361,-0.021766,-0.25328,-1.5023,-0.27069,-34.406,-1.8126,15.626,0.17563,-5.5937
21,0.15565,-0.089908,0.0054764,-0.97907,0.0065514,0.057019,-0.018832,-2.3174,-0.91548,0.51872,-35.973,-1.7716,12.087,-0.44439,-5.1395,0.15145,-0.087423,0.011763,-0.97503,-0.003252,0.058922,-0.021863,-0.77828,0.61885,-0.50777,-37.704,-0.17953,13.776,-0.35519,-5.6486
21.1,0.11709,-0.10403,-0.0055903,-1.0091,0.011753,0.058568,-0.0137,-0.40565,-0.41175,0.15765,-36.791,-1.1306,13.352,0.28702,-4.2,0.1346,-0.099945,-0.00020124,-1.0005,-0.0037237,0.055886,-0.029865,-0.29793,-1.6593,-0.089365,-37.154,-0.42516,13.739,0.48628,-4.9082
21.2,0.14143,-0.10451,0.016392,-0.99313,-0.0045802,0.055751,-0.0071497,-0.29939,0.67349,1.002,-34.251,0.78142,13.453,-1.0595,-6.3943,0.14899,-0.10183,-0.0065281,-0.99052,-0.0016239,0.060094,-0.0094724,-0.71404,-1.7802,1.0831,-35.087,-1.0201,15.779,1.3962,-4.9816
21.3,0.1363,-0.11252,0.0087354,-0.97566,0.016808,0.064437,-0.015911,-0.96666,-1.7771,1.983,-35.044,-0.033906,14.893,-2.1989,-6.2341,0.14516,-0.10771,-0.0029284,-0.96645,0.0065906,0.054445,-0.017313,-0.34928,-1.0287,0.67216,-36.055,-0.8609,14.808,-1.3745,-4.8332
21.4,0.15724,-0.10419,0.013011,-0.97327,0.0044333,0.052412,-0.0096394,-0.69408,-3.3009,-0.51468,-37.057,-0.94041,15.82,-1.376,-7.9527,0.14453,-0.1175,0.017223,-0.96889,0.003544,0.055671,-0.012817,-0.70321,-2.0684,0.31177,-34.854,0.58476,12.422,-1.8159,-5.7408
21.5,0.14229,-0.094255,0.019596,-0.98875,0.0064916,0.057264,-0.013291,-2.0675,-2.8135,0.074847,-34.438,0.63359,12.435,0.16384,-6.4374,0.16447,-0.10217,0.0011102,-0.98419,0.014126,0.046331,-0.017982,-0.86654,-2.434,-0.48343,-35.769,-1.1333,14.238,-2.3619,-5.0592
21.6,0.1587,-0.10766,0.028358,-0.97357,0.0090189,0.054075,-0.014779,-1.2581,-2.1356,2.9457,-33.918,0.75577,12.791,0.27571,-7.1171,0.15971,-0.1336,0.010292,-1.0009,0.0030607,0.04852,-0.014536,1.2935,-3.3722,0.091133,-34.658,0.18448,12.95,-1.8616,-6.4691
21.7,0.13495,-0.098449,0.011407,-1.0031,0.0029552,0.049962,-0.011758,-0.64491,-3.6707,1.921,-34.849,-1.9977,10.254,0.076965,-6.806,0.14682,-0.10991,-0.0026846,-0.97031,0.0036338,0.040368,-0.013349,-0.84203,-3.9242,0.35338,-32.818,-1.9408,11.963,0.50012,-8.1875
21.8,0.14931,-0.13107,0.027018,-0.98805,0.0077778,0.050056,-0.008559,-0.67823,-3.2293,-0.56352,-36.484,-1.353,9.1153,-1.899,-8.1332,0.13936,-0.10729,0.014895,-0.98048,-0.0004644,0.03653,-0.023768,0.055825,-3.2805,0.59871,-36.172,0.29381,14.229,1.0842,-7.9829
21.9,0.13964,-0.11742,0.026775,-0.98341,0.0030161,0.047052,-0.0029213,-1.4177,-4.1542,-1.3084,-33.521,-1.2881,11.028,-0.97738,-7.0472,0.14239,-0.12066,0.013486,-0.99022,0.010231,0.048496,-0.014888,-0.24695,-4.9254,2.3298,-34.031,-2.672,9.6179,-2.0002,-5.7872
22,0.13585,-0.14188,0.003896,-0.98919,0.0035088,0.038703,-0.0058297,-1.3807,-5.0621,0.37014,-34.456,-1.1148,11.22,-1.462,-8.0703,0.14973,-0.12935,0.023123,-0.97898,0.0087901,0.041984,-0.010537,-0.25881,-4.1872,1.2496,-33.862,-1.7554,12.126,-1.91,-6.7533
22.1,0.14599,-0.11891,0.0013366,-0.9704,0.0064033,0.038924,-0.0051902,-0.7098,-4.7924,-1.145,-33.568,0.019265,10.191,-1.8464,-8.5771,0.13635,-0.12486,-0.0019187,-0.97519,0.0049331,0.041862,-0.0064395,-0.58253,-4.4449,-0.65079,-33.844,-1.0831,12.93,-0.56172,-7.4214
22.2,0.13569,-0.13862,0.021951,-1.0049,0.0048321,0.045749,-0.00557,-0.90906,-4.626,0.28274,-32.195,0.058552,9.9104,-1.3668,-7.4121,0.15802,-0.11481,0.017249,-0.97737,0.016568,0.040724,-0.0048161,-0.097844,-6.2199,1.4664,-32.841,-0.48593,12.451,-0.66855,-8.8048
22.3,0.14134,-0.12947,0.027721,-0.97941,0.012394,0.045221,0.00076834,-1.1347,-3.0526,0.88114,-33.167,-0.55771,10.038,0.20065,-8.2308,0.14431,-0.14137,0.0033137,-0.97985,0.0078288,0.037217,-0.011732,-1.455,-5.7457,1.6103,-32.506,-1.2836,10.62,-0.13702,-9.1173
22.4,0.14633,-0.11845,0.018937,-0.98354,0.0044873,0.045263,0.00095764,-0.49972,-5.8735,2.2003,-30.036,-0.32179,8.44,-0.8338,-8.7538,0.13928,-0.12611,0.011749,-0.9575,0.015792,0.041218,-0.011142,-1.0604,-5.5094,0.17367,-32.353,0.050211,10.353,-1.0319,-8.8769
22.5,0.13518,-0.13285,0.0096199,-0.98312,0.0023739,0.035537,-0.004331,-1.506,-7.1372,1.0235,-30.997,-2.0324,7.7596,1.4285,-9.6766,0.14926,-0.13584,0.01556,-0.98116,0.011548,0.040176,-0.006933,0.02559,-6.4445,0.75083,-31.429,-1.4472,10.419,-1.8642,-9.2183
22.6,0.11767,-0.13642,0.038732,-0.96657,0.012809,0.042101,0.0069008,-1.1261,-7.7508,0.54221,-29.459,-0.99414,10.584,0.12247,-7.4215,0.15361,-0.13894,0.033444,-0.97781,0.017338,0.039837,0.0016277,-2.0546,-8.3356,-0.088332,-31.723,0.046024,11.599,-1.6275,-9.6773
22.7,0.13361,-0.13966,0.020002,-0.97973,0.018558,0.031706,-0.0037009,0.49051,-6.1584,-0.063552,-31.165,-1.0943,8.6741,-0.086232,-8.8149,0.15311,-0.13903,0.014601,-0.96218,0.015989,0.046935,-0.00024679,-0.97246,-8.6627,1.2902,-31.008,0.42811,9.9975,0.1665,-9.5676
22.8,0.12501,-0.14695,0.024368,-0.9731,0.014617,0.03533,-0.0001589,-1.9043,-5.9866,0.65386,-29.188,-1.1883,8.0528,-2.0122,-10.243,0.14219,-0.13593,0.021802,-0.9773,0.015433,0.046784,0.00075471,-0.0014664,-7.9626,1.076,-30.319,-0.010883,11.075,-1.924,-11.107
22.9,0.1332,-0.14313,0.018546,-0.97566,0.0064784,0.037969,0.0012148,-0.29689,-8.0142,0.25539,-32.694,-0.44668,7.3704,-0.22634,-11.206,0.14582,-0.14447,0.014986,-0.97521,0.017873,0.038363,0.0010014,-1.8095,-7.3651,1.5867,-29.971,0.86174,10.868,-2.4658,-10.666
23,0.1414,-0.14933,0.025669,-0.9644,0.013546,0.027468,-0.0023912,-2.5473,-8.3725,0.070464,-29.791,-0.43654,9.7442,-0.45673,-12.581,0.15552,-0.13844,0.016151,-0.97563,0.0097012,0.025309,0.012454,-0.4389,-7.5628,1.5527,-31.407,-0.81758,10.067,-1.493,-9.2031
23.1,0.14268,-0.14324,0.015676,-0.9901,0.019106,0.028245,-0.0034768,-2.3032,-8.5466,2.0248,-31.598,0.079244,9.3269,-1.8149,-12.922,0.14988,-0.13905,0.010225,-0.97308,0.014763,0.033368,0.0054551,-0.64524,-9.502,0.67388,-30.971,-1.5886,10.184,0.16353,-10.33
23.2,0.12566,-0.13369,0.027095,-0.9703,0.017363,0.024107,0.0076491,-2.3204,-7.9715,0.62635,-30.085,-0.71521,9.849,-1.8527,-11.327,0.13355,-0.13132,0.029826,-0.96212,0.0098339,0.031978,0.0055657,-1.87,-8.4962,1.9735,-27.958,-0.84381,8.5478,-1.8151,-12.844
23.3,0.13797,-0.14098,0.030401,-0.98905,0.015187,0.03118,0.0058271,-0.41761,-8.6121,0.75154,-30.493,-0.6717,7.7285,-0.92633,-12.917,0.12669,-0.13824,0.049944,-0.99293,0.016833,0.02951,0.0099176,-2.5231,-10.096,0.64908,-28.868,-0.71445,9.4623,-1.3789,-12.87
23.4,0.13876,-0.14554,0.016893,-0.98698,0.015336,0.021675,0.01002,-1.3875,-10.529,-0.82541,-28.589,-0.44817,6.5945,-1.376,-12.916,0.1394,-0.13876,0.0063027,-0.98011,0.017747,0.025055,0.0087631,-0.55856,-9.957,-0.44124,-27.2,-1.8365,8.0012,-1.4757,-13.225
23.5,0.14435,-0.14679,0.013454,-0.98436,0.026289,0.021573,0.010525,-2.0062,-10.806,-0.1328,-27.408,-0.40781,6.5722,0.225,-12.992,0.13249,-0.15693,0.027533,-0.97398,0.021622,0.03212,0.0057575,-1.3752,-10.405,1.0688,-29.902,-0.2308,8.1159,0.11953,-12.134
23.6,0.12436,-0.14483,0.021602,-0.98182,0.016955,0.020968,0.012144,0.94221,-9.028,1.8064,-29.108,-1.2124,6.7896,-0.67107,-11.965,0.129,-0.15696,0.019843,-0.9762,0.015468,0.017161,0.0036359,-2.2396,-11.026,-1.0825,-29.24,-0.028883,7.0755,-2.07,-13.25
23.7,0.1219,-0.1572,0.018537,-0.98769,0.018924,0.026655,0.014203,-1.3661,-11.333,0.57741,-28.824,1.5039,7.8488,-1.4388,-12.082,0.12279,-0.15663,0.026493,-0.9695,0.01258,0.014215,0.013885,0.37909,-9.8885,0.21194,-26.509,-0.14841,7.2109,-0.77389,-13.739
23.8,0.11876,-0.15142,0.031098,-1.0044,0.021266,0.022925,0.01013,0.68046,-10.929,-1.1687,-29.922,1.3458,5.382,-2.4043,-13.698,0.13988,-0.14905,0.0036559,-0.96483,0.017314,0.018351,0.014743,-1.8809,-11.034,2.0843,-26.904,0.40935,7.194,-2.2805,-12.386
23.9,0.10977,-0.15614,0.008953,-0.98986,0.01808,0.029322,0.015332,-0.9971,-12.456,0.56831,-27.69,0.17527,5.3234,-0.2303,-15.249,0.14519,-0.1592,0.025992,-0.95756,0.021583,0.017295,0.011231,-0.45992,-11.259,0.86799,-25.559,-1.0937,7.1799,-1.0509,-14.119
24,0.13772,-0.16645,0.011825,-0.98402,0.023246,0.020729,0.014276,-1.1228,-10.049,-0.20717,-27.788,-0.26531,5.1139,-0.2013,-14.412,0.12317,-0.16247,0.026139,-0.98376,0.029342,0.012111,0.021216,-1.3843,-11.126,0.18127,-26.297,-0.29832,8.3428,-0.53292,-12.816
24.1,0.13505,-0.15883,0.017577,-0.97461,0.023707,0.021394,0.012484,-0.58736,-11.106,2.2151,-26.64,0.15725,7.0872,-1.1225,-15.221,0.11656,-0.15687,0.0093368,-0.98168,0.019648,0.014446,0.014059,-1.8761,-11.689,-0.35594,-27.159,-0.91906,7.0212,0.3832,-14.361
24.2,0.14966,-0.16401,0.028915,-0.97449,0.022782,0.01475,0.024371,1.6235,-11.326,1.5018,-26.265,-0.3701,5.1797,-1.2112,-13.109,0.1258,-0.15021,0.015651,-0.97764,0.038912,0.0067871,0.021094,-2.4152,-14.31,0.9611,-25.971,-0.29072,6.1464,-1.4103,-16.027
24.3,0.11241,-0.14685,0.034049,-0.98088,0.037406,0.016676,0.019953,-1.7033,-12.748,0.92617,-25.115,-2.2276,5.2786,-0.83112,-16.759,0.11659,-0.14831,0.01979,-0.96777,0.023739,0.010272,0.019961,-2.1985,-12.383,1.473,-26.489,-0.37701,6.4669,-0.95301,-14.803
24.4,0.13389,-0.16208,0.013719,-0.99135,0.024678,0.0051929,0.021299,-1.8196,-12.345,-0.37001,-27.425,0.78582,4.769,-1.8485,-17.594,0.12704,-0.16259,0.021491,-0.97055,0.025144,0.01645,0.018415,-2.4256,-13.445,0.65075,-24.806,-1.2176,4.7307,-0.030988,-16.645
24.5,0.13184,-0.14256,0.0043768,-0.97663,0.033897,0.012876,0.014138,-1.8897,-14.295,1.2697,-26.45,1.3152,5.3933,0.2587,-14.713,0.13642,-0.16705,0.018496,-0.96628,0.029132,0.0083028,0.0163,-2.3957,-14.092,-0.035067,-25.588,2.8014,7.2066,0.85107,-14.898
24.6,0.11631,-0.15115,-0.0074551,-1.0018,0.02286,0.0098814,0.011656,-0.32236,-12.069,-0.032675,-26.663,-0.34702,4.4468,0.14355,-16.686,0.11483,-0.16376,0.0042397,-0.97905,0.021632,0.0099433,0.030705,-0.40625,-12.145,-0.27989,-25.185,2.4117,6.7497,-2.0514,-17.222
24.7,0.11342,-0.15076,0.027924,-0.96626,0.024469,0.0046563,0.023324,-1.4392,-12.563,0.53145,-27.658,-1.218,7.6295,0.57343,-17.139,0.12277,-0.13138,0.018922,-1.0018,0.018146,0.0091109,0.019413,-0.97712,-14.974,1.929,-25.102,0.17523,5.9203,-0.51653,-16.685
24.8,0.12626,-0.16234,0.0019984,-0.97216,0.032015,0.010401,0.020095,-1.1578,-15.533,0.95173,-23.638,1.5467,8.325,-1.3,-16.406,0.12924,-0.15573,0.022762,-0.98642,0.026421,0.0054466,0.018206,-2.1812,-15.779,0.85152,-24.923,0.57508,5.4131,-1.7833,-16.1
24.9,0.13049,-0.15781,0.020279,-0.98461,0.024697,0.0093095,0.028245,-1.8171,-15.681,0.70106,-25.659,-0.19128,6.3399,-0.45403,-17.658,0.093582,-0.15745,0.007434,-0.98023,0.027439,-0.0048351,0.023037,-1.1751,-14.789,1.1099,-23.026,1.1859,7.7894,-0.28317,-16.23
25,0.11377,-0.17032,0.0087163,-0.99457,0.025122,0.0032505,0.01602,-0.70715,-15.122,0.6265,-24.813,0.85844,6.1257,-2.3603,-17.223,0.1009,-0.1522,-0.0022687,-0.99087,0.029135,0.0022877,0.01828,0.54298,-17.586,0.46391,-23.523,-0.2516,6.7846,0.19401,-16.344
25.1,0.083419,-0.15911,0.022653,-0.98135,0.025259,0.006429,0.020934,-1.0085,-15.008,0.70114,-24.321,-0.13567,5.7009,-0.60598,-19.749,0.11467,-0.15206,-0.0088548,-0.97819,0.031687,-0.0044247,0.025081,-0.78284,-17.055,3.6672,-23.805,0.57639,6.7756,-1.3471,-16.102
25.2,0.10629,-0.15547,0.0057787,-0.97262,0.033018,-0.01236,0.025504,-1.831,-17.238,0.99948,-22.619,0.37488,6.1085,-2.822,-17.973,0.11506,-0.1739,0.0053156,-0.98611,0.026,0.0039364,0.022947,-3.2605,-17.807,0.17822,-22.17,0.86494,6.5439,-0.41032,-19.317
25.3,0.11557,-0.17,0.014555,-0.98713,0.042664,-0.0040394,0.024413,0.48082,-17.869,0.58386,-23.44,-0.24542,4.9157,-2.8084,-18.5,0.1099,-0.15121,0.01692,-0.98553,0.030669,-0.0062707,0.023594,-0.87769,-16.962,2.4386,-22.245,0.52129,5.019,-0.93566,-18.635
25.4,0.12249,-0.15376,0.0010219,-0.97934,0.031438,-0.0088548,0.036117,-1.3649,-16.377,1.6728,-23.067,-0.32967,5.9571,-2.4458,-19.372,0.10273,-0.14477,0.015035,-0.9837,0.037545,0.0035353,0.024128,-1.0979,-17.132,1.0439,-22.457,-1.0367,4.8024,0.33335,-18.624
25.5,0.099636,-0.15814,-0.0086419,-0.98514,0.030362,-0.0058836,0.027761,-1.9037,-18.695,3.1662,-22.216,0.76292,7.4514,-2.3508,-19.574,0.11073,-0.13906,-0.00075838,-0.97756,0.032895,-0.0043803,0.023287,-1.2312,-17.633,-0.0095799,-22.557,0.28111,7.2333,-1.7878,-20.254
25.6,0.097489,-0.15681,0.0012874,-0.98627,0.032744,-0.0083861,0.019184,-1.3448,-18.871,1.3392,-20.765,-0.5688,5.4637,0.52262,-18.401,0.10543,-0.15973,0.0058149,-0.9968,0.039977,-0.0058512,0.034249,-3.135,-18.716,1.4097,-22.297,0.63987,6.0354,-0.28218,-20.499
25.7,0.10757,-0.15316,0.0074642,-0.98658,0.033515,-0.010621,0.021895,-1.1643,-19.835,2.9679,-20.858,1.586,7.1247,-0.93455,-19.179,0.089588,-0.16555,0.0087394,-0.97937,0.035658,-0.014326,0.023823,-2.4914,-16.684,-0.44445,-22.384,1.3393,5.2107,-0.58844,-20.603
25.8,0.10943,-0.15934,-0.005174,-0.9775,0.040327,-0.0089557,0.023883,-2.0733,-18.173,-0.41121,-20.931,1.7827,5.9116,-0.74561,-19.104,0.11507,-0.17463,-0.0042048,-0.99927,0.03373,-0.0133,0.030476,-1.6385,-18.071,2.2655,-21.658,-0.63057,4.3995,0.20798,-20.101
25.9,0.097228,-0.1646,0.0077907,-0.98751,0.03702,-0.013749,0.023963,-0.95593,-19.741,-0.24177,-19.099,1.2997,6.9138,-0.11243,-22.488,0.10315,-0.16894,-0.014574,-0.97429,0.039743,-0.016518,0.021389,-0.76648,-18.906,1.3719,-20.966,0.01074,6.2666,-3.2094,-20.7
26,0.08132,-0.1443,-0.0058562,-0.99958,0.031816,-0.014427,0.025769,1.0943,-18.373,1.3774,-20.997,1.3521,7.8843,-1.8916,-18.925,0.096072,-0.1391,0.0023673,-0.97912,0.039132,-0.015633,0.02167,-1.4823,-20.486,-0.90881,-20.552,0.31076,6.4106,-0.65654,-20.525
26.1,0.093013,-0.14866,-0.0044973,-0.99301,0.034303,-0.016452,0.021552,-2.0408,-17.647,2.3311,-21.548,-1.0347,6.8992,-2.2887,-21.338,0.081238,-0.15039,-0.01244,-0.9875,0.042966,-0.021519,0.026471,0.81991,-20.04,2.1605,-18.632,-1.3811,6.3857,0.085278,-19.586
26.2,0.077345,-0.16564,-0.0079125,-0.99861,0.037112,-0.018221,0.023182,-1.9015,-20.741,-0.9419,-19.324,0.59515,6.491,-0.33646,-21.325,0.080475,-0.14348,0.0068399,-0.98521,0.037183,-0.020324,0.013738,-0.58527,-21.322,2.1598,-19.876,-0.49067,7.9055,0.15939,-21.096
26.3,0.071689,-0.14429,0.0021243,-0.98192,0.034394,-0.016905,0.032022,0.40458,-22.164,1.5943,-19.739,-0.090055,7.3314,-0.1287,-22.85,0.094749,-0.16715,0.00038961,-0.96863,0.032512,-0.013425,0.023986,-1.5308,-22.521,0.14886,-19.215,0.26692,6.8225,-2.7823,-22.376
26.4,0.087424,-0.14192,-0.00040476,-0.9816,0.04178,-0.018046,0.025355,0.015362,-23.016,1.9,-18.729,0.56891,7.9368,-1.0475,-21.216,0.084449,-0.1557,0.00012737,-0.98228,0.04224,-0.014573,0.027378,-1.3139,-20.757,-0.28443,-19.218,1.2215,9.9442,-1.3995,-23.834
26.5,0.083162,-0.15715,-0.015733,-0.98063,0.036409,-0.029752,0.028283,-0.60539,-19.015,-0.61448,-17.514,-0.073837,6.8331,-0.41122,-21.025,0.0797,-0.16488,-0.0066549,-1.0271,0.034983,-0.012259,0.020688,-2.5724,-19.071,1.3985,-19.931,1.4652,8.7914,-2.6069,-21.722
26.6,0.086633,-0.17433,-0.0046117,-0.98821,0.03656,-0.019279,0.030792,-0.77393,-23.602,0.81741,-19.001,1.7776,8.1855,-0.051026,-21.869,0.091394,-0.1416,0.0084694,-0.97036,0.045191,-0.016565,0.02677,-1.2068,-21.636,2.2761,-19.387,-0.47356,8.7916,-0.029655,-23.39
26.7,0.065385,-0.13646,-0.015923,-0.99627,0.041419,-0.024541,0.022289,-0.63254,-21.999,0.5323,-19.03,0.716,8.7864,0.37874,-21.936,0.08277,-0.15589,-0.0049033,-0.99103,0.048044,-0.024428,0.026286,-0.93554,-24.404,-0.11868,-19.377,1.0145,8.7486,-2.4978,-23.23
26.8,0.064957,-0.14955,-0.0085097,-0.97232,0.041432,-0.016559,0.030631,-1.6784,-24.103,1.8805,-16.981,1.4304,8.1438,-0.49466,-22.58,0.075984,-0.1503,0.026763,-0.99045,0.039462,-0.027902,0.023226,-1.0022,-23.912,0.3152,-19.162,1.871,10.866,-1.1686,-22.298
26.9,0.060106,-0.14508,-0.013068,-0.96098,0.041161,-0.021427,0.022529,-2.488,-23.585,0.18953,-18.527,1.696,10.157,-2.1602,-22.801,0.061191,-0.14295,0.00013639,-0.98716,0.048408,-0.029606,0.023516,-1.8126,-22.817,1.3198,-17.943,0.4161,9.1256,0.093536,-24.087
27,0.065862,-0.16396,0.00054444,-0.99151,0.050556,-0.025477,0.033414,-2.0554,-22.846,0.91194,-20.166,1.9262,11.414,-2.7687,-23.494,0.083354,-0.14166,-0.011447,-0.98461,0.04821,-0.028516,0.032337,0.70655,-25.186,1.3374,-16.842,-0.55458,7.9236,-2.9712,-23.677
27.1,0.076018,-0.13682,-0.0035009,-0.98821,0.037668,-0.03522,0.024651,-1.1631,-23.122,1.2475,-17.056,-1.8022,10.52,-0.42064,-24.753,0.062498,-0.14498,-0.0068753,-0.98995,0.03527,-0.03093,0.026409,0.48784,-24.192,0.97478,-17.622,1.1425,11.783,-0.22839,-25.693
27.2,0.060726,-0.14523,-0.0088787,-0.99152,0.05076,-0.028615,0.023347,-0.86171,-22.932,1.1664,-17.212,-0.56479,9.7787,0.051219,-22.525,0.058459,-0.13431,-0.016578,-0.98841,0.043129,-0.038038,0.020247,-3.4981,-23.531,1.3255,-16.705,1.3131,10.262,0.31282,-23.891
27.3,0.064856,-0.13084,-0.020582,-0.97035,0.048995,-0.028727,0.025208,-0.61441,-26.134,0.83355,-16.702,-0.55275,10.643,-1.963,-24.767,0.071409,-0.1527,-0.02062,-0.9836,0.053835,-0.035377,0.024354,0.25689,-25.391,0.093549,-16.588,0.6871,10.589,-0.059878,-24.983
27.4,0.05622,-0.12806,-0.011099,-1.0035,0.03464,-0.034329,0.02886,-1.0873,-24.452,0.84517,-15.454,1.6143,11.736,-0.92988,-24.297,0.058992,-0.12987,-0.0089126,-0.99368,0.043043,-0.032179,0.032218,0.38885,-24.496,-0.092862,-15.832,-0.48248,12.54,-0.82606,-24.587
27.5,0.061909,-0.13764,-0.016244,-0.9918,0.053998,-0.034344,0.030628,-1.3126,-25.396,-0.56697,-15.247,-0.77036,10.564,-0.37746,-23.101,0.071453,-0.14924,-0.014354,-0.9987,0.050759,-0.036569,0.028909,-1.5475,-25.485,0.67783,-14.522,1.8387,10.471,-2.1238,-24.307
27.6,0.046795,-0.1298,-0.020143,-0.98405,0.048382,-0.041346,0.029024,-0.29527,-26.896,2.2042,-15.732,1.0523,12.965,-1.2639,-25.525,0.069341,-0.14348,-0.010541,-0.99591,0.050891,-0.041405,0.022296,0.065841,-25.811,0.97184,-14.647,-0.97241,10.444,-0.046452,-24.75
27.7,0.036323,-0.12845,-0.034653,-0.99151,0.047487,-0.026208,0.026205,0.31487,-25.463,0.54022,-16.327,-0.68013,10.983,-1.2208,-26.865,0.034621,-0.12796,-0.02108,-0.97851,0.046258,-0.044649,0.022013,-0.76549,-25.642,0.93051,-12.893,-0.059576,11.73,-1.2784,-26.32
27.8,0.055826,-0.12911,-0.011763,-1.0111,0.051612,-0.034642,0.025965,-0.45408,-26.805,-1.0093,-15.394,1.9657,10.329,-1.1741,-24.937,0.072227,-0.13175,-0.020727,-0.9786,0.054636,-0.03921,0.033844,-2.5192,-26.367,1.1454,-13.574,2.3038,9.89,-1.3774,-27.558
27.9,0.05628,-0.12885,-0.028235,-0.97513,0.052002,-0.043803,0.02636,-0.96528,-26.201,1.4992,-14.933,3.0301,10.882,1.1442,-26.951,0.051468,-0.12533,-0.014787,-1.0078,0.052259,-0.042233,0.024153,0.78592,-26.968,1.6214,-15.26,0.75669,10.064,-1.385,-26.001
28,0.066197,-0.14567,-0.02524,-0.98422,0.043387,-0.04203,0.024746,-0.80037,-26.302,0.79441,-13.692,1.4743,12.127,-1.4184,-26.152,0.063627,-0.12778,-0.011567,-0.97465,0.053707,-0.046077,0.027192,1.0369,-26.228,1.1844,-15.849,-0.39045,11.291,-2.0571,-28.295
28.1,0.027954,-0.13114,-0.020985,-1.0074,0.048997,-0.050226,0.025417,0.39918,-24.653,1.1334,-15.851,2.2568,10.629,0.95883,-26.927,0.053565,-0.10814,-0.021385,-0.98172,0.048815,-0.048498,0.024294,-0.50153,-27.285,0.082428,-13.791,-0.52463,10.793,0.53714,-27.083
28.2,0.055994,-0.12345,-0.02028,-0.99689,0.04572,-0.045273,0.031812,-0.78201,-26.261,2.0294,-12.149,0.010954,11.167,0.47969,-25.173,0.047475,-0.13015,-0.016336,-1.0024,0.041728,-0.047619,0.025954,0.98615,-24.98,0.84376,-13.134,-0.018766,11.719,-1.202,-27.265
28.3,0.024263,-0.12403,-0.015058,-1.0068,0.048203,-0.048068,0.032351,0.55346,-26.328,0.69851,-14.153,0.42821,13.082,-0.5825,-27.655,0.047775,-0.1289,-0.016134,-0.99798,0.0471,-0.052782,0.034352,-0.43652,-27.778,0.6016,-14.159,1.8911,12.011,-1.0907,-25.499
28.4,0.035019,-0.10779,-0.02691,-0.99187,0.043823,-0.045379,0.033625,-0.40475,-26.556,2.0545,-13.03,-0.42072,13.616,1.1899,-26.946,0.045748,-0.10885,-0.020799,-0.99738,0.053027,-0.049061,0.027721,0.29471,-26.229,1.459,-13.517,1.4044,13.762,-0.69033,-28.003
28.5,0.031959,-0.12147,-0.040007,-1.0022,0.054277,-0.052878,0.021339,-0.28931,-26.545,-0.072473,-13.033,-0.19742,11.619,-1.503,-27.509,0.024532,-0.11326,-0.0077454,-0.98244,0.041906,-0.055855,0.019626,1.7462,-25.874,0.97952,-12.218,0.39057,13.295,-1.7277,-26.492
28.6,0.035684,-0.12481,-0.030321,-1.0098,0.042043,-0.054153,0.023187,-1.2699,-24.989,1.5501,-13.716,0.76281,14.003,-0.2747,-26.987,0.016355,-0.12502,-0.022213,-0.99635,0.047209,-0.049684,0.027056,1.5902,-25.849,3.1719,-13.608,0.55066,13.069,0.34513,-26.665
28.7,0.0090384,-0.098662,-0.019213,-0.99948,0.045992,-0.046814,0.032446,-0.70579,-25.271,-0.22809,-13.888,1.391,13.752,-0.63277,-26.993,0.015723,-0.10648,-0.036969,-0.99574,0.048905,-0.051877,0.02665,-0.027907,-23.295,1.2424,-12.547,1.806,13.351,-1.9059,-28.173
28.8,0.013544,-0.11614,-0.058202,-0.98947,0.042042,-0.054576,0.029602,0.90213,-24.756,0.53242,-12.528,0.81531,13.696,-0.69618,-28.13,0.026083,-0.10753,-0.026588,-0.99665,0.038099,-0.052423,0.021104,0.21414,-25.511,0.91824,-12.881,1.273,14.738,-1.0194,-28.125
28.9,0.014849,-0.11971,-0.034403,-0.98658,0.04583,-0.054629,0.026055,1.303,-26.542,-0.36541,-12.169,1.0967,15.432,-0.93172,-27.836,0.011925,-0.099451,-0.037166,-0.98834,0.043957,-0.054384,0.01925,2.5177,-24.989,-0.36158,-11.072,1.0398,15.808,-1.7823,-28.821
29,0.013651,-0.11416,-0.044561,-0.99073,0.04911,-0.055358,0.018912,1.2228,-23.603,0.88423,-13.03,1.1944,13.953,0.079347,-28.095,0.040954,-0.10433,-0.033481,-0.98639,0.046312,-0.056429,0.031127,2.0993,-24.302,1.5476,-10.022,0.38419,14.43,-0.45328,-28.856
29.1,0.025228,-0.11076,-0.040825,-0.9811,0.040329,-0.05166,0.024057,1.1801,-24.706,-0.19598,-13.199,1.432,15.183,-1.3615,-29.563,0.017327,-0.08782,-0.017178,-0.99063,0.039815,-0.064103,0.024984,1.58,-23.399,1.1554,-10.584,1.0044,16.19,-0.83087,-28.468
29.2,0.018931,-0.095753,-0.022974,-0.97531,0.030762,-0.059849,0.015781,1.2042,-23.6,0.20684,-8.9663,0.039316,15.131,0.44833,-27.418,0.0059136,-0.095481,-0.040132,-0.98313,0.050732,-0.055245,0.019559,1.7153,-25.44,0.36607,-11.135,1.1216,14.22,0.76463,-29.381
29.3,0.034176,-0.098223,-0.02807,-0.99859,0.036776,-0.052657,0.01686,1.2472,-24.89,1.622,-10.794,-0.30079,14.399,-1.0214,-28.06,0.029599,-0.096732,-0.044453,-1.0013,0.034981,-0.064641,0.021283,0.89817,-23.492,-0.43601,-7.7925,0.72287,13.957,1.3073,-28.722
29.4,0.0093796,-0.090633,-0.02945,-0.9997,0.041482,-0.055141,0.021535,0.72417,-21.9,-0.99309,-10.589,0.97017,17.83,-0.36748,-27.913,0.0047982,-0.093414,-0.036759,-0.99764,0.031512,-0.062381,0.017509,1.1184,-23.735,0.54209,-8.7632,0.36925,13.76,0.43895,-27.728
29.5,-0.0016451,-0.096304,-0.042168,-0.99549,0.045557,-0.057191,0.012446,0.49136,-23.44,-0.52029,-9.691,-1.5286,13.989,1.2674,-28.15,0.0030539,-0.089662,-0.034925,-1.0027,0.040414,-0.064255,0.025886,0.10183,-24.59,-0.026497,-10.918,0.0048935,15.849,-0.52304,-28.584
29.6,0.001324,-0.091863,-0.048236,-1.0082,0.037793,-0.069815,0.025244,0.7781,-21.064,-0.058432,-8.4321,-0.3149,14.828,-1.003,-27.46,0.00039137,-0.077281,-0.046789,-0.98688,0.03721,-0.066977,0.019005,-1.1938,-24.552,1.8351,-9.803,1.877,16.337,-0.076336,-30.364
29.7,-0.0049318,-0.08855,-0.043674,-0.97871,0.03948,-0.068618,0.025392,1.8169,-22.369,2.0341,-9.826,-0.1913,13.758,0.1717,-26.458,0.011332,-0.074433,-0.034994,-0.99745,0.047613,-0.060214,0.025326,0.2971,-23.225,-1.0589,-7.7065,0.9704,17.921,0.024767,-25.837
29.8,0.0076147,-0.080039,-0.058006,-1.0002,0.033936,-0.065663,0.020606,2.7357,-21.766,1.6849,-9.0019,-0.35624,18.443,-0.75814,-29.598,0.0076469,-0.092127,-0.024271,-0.99332,0.037915,-0.054787,0.01919,0.87984,-22.956,0.81677,-9.612,-0.10657,16.594,-0.18453,-27.055
29.9,0.013043,-0.088152,-0.052478,-1.0023,0.03702,-0.067667,0.011478,1.5127,-21.405,1.9178,-7.253,0.95494,14.483,0.39257,-27.378,0.0031612,-0.07574,-0.036142,-1.0008,0.043518,-0.058604,0.0077311,2.1283,-21.996,1.1049,-9.0339,1.0175,16.892,-1.2525,-28.057
30,-0.0012334,-0.090716,-0.060807,-0.99253,0.036388,-0.06367,0.015488,0.61376,-20.538,0.9784,-9.0395,0.90063,17.426,-0.30989,-26.724,0.020913,-0.064716,-0.048226,-0.98562,0.041528,-0.070999,0.018107,0.46808,-22.885,-0.19988,-7.633,3.2231,16.864,3.0308,-24.895
30.1,0.016459,-0.071561,-0.031453,-0.98025,0.034646,-0.074656,0.022456,0.60809,-19.047,0.86073,-5.859,0.92617,18.202,2.483,-26.49,0.0016342,-0.091466,-0.039501,-1.0086,0.041571,-0.066634,0.0116,-0.61461,-19.278,0.28373,-9.573,-0.23869,15.91,0.47256,-27.391
30.2,-0.014861,-0.074715,-0.053156,-0.97876,0.031749,-0.064454,0.0077872,0.5972,-20.466,2.2756,-7.9313,-0.11198,17.016,1.6423,-24.051,0.0085672,-0.07346,-0.040987,-0.99011,0.034672,-0.065445,0.00866,0.083838,-21.403,0.59123,-7.1843,0.084459,17.459,1.3289,-27.042
30.3,0.0056747,-0.08416,-0.050268,-0.98474,0.040399,-0.06177,0.016455,-0.20793,-19.349,-0.20376,-7.0353,0.5007,16.571,0.53634,-27.984,-0.013363,-0.066535,-0.0396,-0.9998,0.026878,-0.064981,0.011529,0.27982,-21.06,0.27381,-5.3566,0.71816,17.5,0.35444,-26.074
30.4,-0.015028,-0.071606,-0.044124,-1.0076,0.036696,-0.057089,0.013249,1.684,-20.177,-0.24228,-5.3747,-0.74666,18.494,1.1027,-25.043,-0.00019415,-0.065612,-0.043931,-0.99654,0.037874,-0.070353,0.013111,1.2827,-20.958,0.39576,-6.935,1.8291,18.482,1.9993,-24.232
30.5,-0.0079824,-0.060277,-0.030854,-0.98867,0.024806,-0.059843,0.0087796,0.21892,-20.709,0.14163,-6.469,0.43585,18.797,1.1428,-25.121,0.0022578,-0.064317,-0.042491,-1.0014,0.034389,-0.061786,0.010925,-0.73281,-20.356,-0.91735,-7.325,0.26893,17.12,1.8701,-26.059
30.6,-0.0052242,-0.056965,-0.05062,-1.003,0.027092,-0.055075,0.0085958,0.92153,-19.002,-1.1933,-8.1615,-0.58579,19.188,0.131,-24.845,0.0058235,-0.041755,-0.016572,-1.0072,0.033945,-0.061464,0.011886,1.7614,-18.835,-1.1972,-8.395,0.51954,18.209,1.0369,-23.898
30.7,-0.02222,-0.063322,-0.048077,-0.99998,0.026056,-0.060295,0.0097311,0.93465,-21.984,-1.2241,-5.1921,1.6744,17.328,0.49423,-24.515,-0.011047,-0.065186,-0.042194,-1.0004,0.024445,-0.065444,0.0064217,0.83959,-19.636,-0.14243,-7.7349,0.2976,17.27,1.4447,-24.252
30.8,-0.017423,-0.046278,-0.045481,-0.99451,0.030462,-0.062957,0.01513,1.8221,-18.923,-0.72475,-7.2036,0.99186,20.862,0.55386,-22.372,-0.021703,-0.060915,-0.047532,-1.0048,0.044832,-0.055924,0.011023,2.0309,-17.674,-0.13923,-8.2753,2.6854,18.731,-0.88435,-25.151
30.9,-0.0048837,-0.034097,-0.044612,-0.99411,0.033142,-0.059131,0.010754,-1.1526,-19.256,-2.1582,-9.0709,0.63796,19.053,2.4146,-24.91,-0.020038,-0.053454,-0.047374,-0.98808,0.040466,-0.058517,0.0068781,1.205,-20.815,0.28012,-7.3614,0.81602,19.233,0.37892,-22.987
31,-0.017956,-0.041217,-0.062493,-1.0053,0.026479,-0.057813,0.0047531,0.17721,-17.408,-0.82066,-9.0143,1.0679,19.42,0.43754,-25.927,-0.030427,-0.028432,-0.034958,-0.99103,0.022985,-0.062641,0.0026135,0.86347,-20.192,-1.9688,-8.406,-0.12227,19.036,2.3621,-22.38
31.1,-0.034827,-0.027815,-0.052931,-0.97977,0.02295,-0.057731,0.0085119,0.37939,-19.71,-0.99665,-7.1855,-0.37309,20.777,0.18247,-23.568,-0.020626,-0.04112,-0.01582,-0.99118,0.030565,-0.058312,0.0079635,0.13739,-19.004,-2.7584,-7.2324,0.5431,19.643,1.5123,-23.358
31.2,-0.032145,-0.026231,-0.03623,-0.99569,0.032816,-0.058902,-0.0048266,0.1704,-19.213,-1.2712,-8.9677,1.0532,20.417,2.815,-23.259,-0.023997,-0.044593,-0.034393,-0.99986,0.034655,-0.055405,-0.0033137,0.7665,-19.536,-1.1743,-8.1241,0.65537,21.57,2.1321,-23.812
31.3,-0.036908,-0.051375,-0.044016,-0.98162,0.026799,-0.06184,0.005539,-0.48836,-17.693,-0.68428,-11.619,1.8309,18.752,1.0728,-23.514,-0.012055,-0.058889,-0.042267,-0.98787,0.031578,-0.050238,0.0011238,1.25,-18.573,0.33567,-9.8533,-0.017383,20.642,0.64527,-21.82
31.4,-0.028281,-0.023138,-0.026936,-0.99763,0.027988,-0.060249,-0.0025051,0.089381,-18.624,0.57885,-9.1023,0.38005,19.27,0.58703,-22.014,-0.017387,-0.029951,-0.052822,-0.98893,0.031436,-0.057506,-0.0033167,2.5575,-18.097,-1.4766,-9.9522,1.3483,19.044,1.0878,-21.781
31.5,-0.034746,-0.026844,-0.054006,-0.99757,0.031254,-0.047833,-0.0064513,0.46896,-17.254,-0.21903,-9.8169,0.99759,20.061,0.44591,-23.771,-0.033037,-0.032352,-0.047335,-0.98426,0.028224,-0.049707,-0.0083168,1.3632,-17.768,-0.40118,-11.044,0.23598,20.97,2.3402,-21.411
31.6,-0.0074429,-0.02657,-0.049768,-1,0.034871,-0.047037,-0.010513,2.3706,-16.654,-1.0033,-9.8267,2.0136,20.711,1.59,-20.825,-0.036202,-0.032139,-0.034941,-1.0048,0.0344,-0.050781,0.0056032,1.7797,-17.988,-0.81261,-11.439,1.3361,20.217,0.58023,-23.32
31.7,-0.019544,-0.019223,-0.034882,-0.99113,0.028173,-0.042497,-0.0060125,-0.90615,-14.455,-0.59066,-11.93,0.284,21.464,0.38874,-20.842,-0.010484,-0.035299,-0.037645,-0.99027,0.030263,-0.05359,-0.0026714,-0.019344,-15.313,-0.53544,-11.004,2.0513,20.656,1.383,-21.107
31.8,-0.023302,-0.022247,-0.034209,-1.0019,0.021485,-0.043773,-0.003707,0.12341,-15.987,-1.1502,-10.76,1.2877,20.62,0.23852,-18.682,-0.015979,-0.025958,-0.045517,-1.0009,0.025133,-0.045655,-0.00052885,2.7435,-18.072,0.35972,-12.405,1.0426,19.189,1.8928,-21.026
31.9,-0.019725,-0.021468,-0.033471,-1.0153,0.015996,-0.05378,-0.018053,0.16162,-15.396,-1.4403,-11.619,0.90786,20.604,1.0257,-21.648,-0.037195,-0.030875,-0.039291,-1.0061,0.023191,-0.050671,-0.017155,1.4104,-15.547,-0.45759,-11.68,0.16416,22.789,2.0354,-20.867
32,-0.027358,-0.022351,-0.040354,-0.98804,0.015046,-0.045856,-0.0069827,0.40083,-14.381,-2.2079,-13.425,0.97131,21.394,2.0673,-21.475,-0.025665,-0.01036,-0.035655,-0.99432,0.016731,-0.045933,-0.0028859,-0.31731,-14.988,-1.3174,-12.912,1.7431,20.588,-0.16152,-23.761
32.1,-0.022508,-0.020168,-0.021599,-0.9761,0.023072,-0.036239,-0.0022611,0.38027,-14.079,-0.59873,-11.687,0.87987,20.763,0.76785,-22.044,-0.014788,-0.0050812,-0.027365,-0.99805,0.031154,-0.037646,-0.0074483,1.0439,-15.552,-1.1847,-11.662,-0.97418,23.138,0.52703,-20.194
32.2,-0.03069,-0.023566,-0.028289,-1.0125,0.020002,-0.048033,-0.010905,1.4702,-15.517,-0.74536,-11.474,0.90713,23,-1.7438,-21.257,-0.030907,-0.017562,-0.04385,-0.9949,0.023479,-0.043728,-0.0079696,1.1707,-13.157,0.89097,-12.112,-0.68307,21.668,1.1179,-21.536
32.3,-0.022318,-0.0092047,-0.029523,-1.0067,0.02456,-0.027225,-0.011555,1.7718,-13.441,-1.6539,-14.24,0.58406,21.943,0.78313,-18.74,-0.03115,-0.012106,-0.035882,-0.98993,0.0222,-0.045413,-0.0042836,-0.15214,-14.384,-1.7949,-13.673,1.0426,22.55,-1.1861,-19.298
32.4,-0.031851,-0.0018375,-0.039558,-0.99682,0.023354,-0.038653,-0.013127,0.49548,-14.621,-1.2593,-11.506,1.4268,23.258,2.214,-18.596,-0.031381,-0.020041,-0.037245,-0.99617,0.021382,-0.041823,-0.0090302,0.91301,-13.488,-2.9151,-12.667,-0.43329,22.795,-0.8824,-21.972
32.5,-0.052247,-0.020286,-0.042626,-0.97565,0.015661,-0.031116,-0.00040822,-1.614,-12.991,-1.408,-12.977,0.5908,23.554,0.39595,-18.445,-0.028805,0.00018515,-0.046854,-1.002,0.021602,-0.037712,-0.012631,1.1094,-12.044,-0.57443,-12.708,-0.19255,22.709,-1.722,-19.276
32.6,-0.034564,-0.0047838,-0.048671,-1.0168,0.013276,-0.035159,-0.010174,0.83293,-13.395,-2.1529,-14.874,1.3969,21.366,0.6799,-19.44,-0.045182,-0.019446,-0.027003,-0.99535,0.01892,-0.037402,-0.0061524,0.89128,-13.066,-1.4103,-13.066,-0.099752,22.22,-1.1433,-18.477
32.7,-0.041604,-0.0023083,-0.036235,-0.98826,0.011224,-0.046711,-0.01281,-0.84672,-13.912,-3.4197,-16.004,0.111,22.876,2.2444,-18.216,-0.053708,-0.0018177,-0.04701,-0.98961,0.025842,-0.045274,-0.0022761,0.068923,-11.085,-3.5013,-14.272,1.1003,25.118,-1.868,-19.818
32.8,-0.037258,-0.0059634,-0.029786,-1.0093,0.017469,-0.033856,-0.01121,1.8773,-14.012,-0.58683,-12.876,-0.1145,22.998,-0.57348,-19.968,-0.039899,-0.020212,-0.035499,-0.9854,0.011847,-0.039621,-0.010651,1.3197,-14.057,-1.276,-12.682,2.4357,21.314,1.4543,-18.89
32.9,-0.042035,0.0005689,-0.041538,-1.007,0.015705,-0.035149,-0.015028,0.33407,-12.789,-3.3783,-15.445,1.0779,22.315,-0.17996,-19.536,-0.049448,0.0031261,-0.042932,-0.98419,0.019589,-0.0371,-0.011267,0.18422,-11.729,0.70718,-13.879,-0.74498,24.504,0.56602,-19.02
33,-0.04953,0.003533,-0.040176,-1.0038,0.017107,-0.034838,-0.01676,0.63727,-14.037,-1.6704,-17.377,-1.6709,23.206,-0.60002,-18.634,-0.054718,0.012491,-0.019595,-1.0038,0.016691,-0.04384,-0.015731,-0.38485,-12.925,-1.0324,-14.865,0.49994,22.768,1.5951,-20.427
33.1,-0.039885,-0.005994,-0.014602,-0.99539,0.014101,-0.021551,-0.015415,-0.090152,-13.445,-0.79469,-16.261,1.2866,25.861,0.91864,-19.068,-0.053028,0.02063,-0.04409,-0.99551,0.015208,-0.042183,-0.01757,2.016,-13.301,-0.57159,-15.116,0.56556,25.565,-0.43338,-18.584
33.2,-0.05404,-0.010822,-0.014056,-1.0185,0.011067,-0.039359,-0.010403,1.956,-10.943,-1.6944,-17.309,0.40604,24.493,1.928,-19.878,-0.044397,0.016392,-0.030151,-0.98686,0.023696,-0.035571,-0.010867,2.7033,-11.672,0.16935,-15.395,-0.45838,23.279,-1.1269,-18.42
33.3,-0.029344,-0.020249,-0.017464,-1.0004,0.019867,-0.033797,-0.013231,-0.062728,-9.1322,0.18743,-16.134,0.80333,24.162,1.4511,-19.246,-0.060449,0.025321,-0.040777,-1.0088,0.015049,-0.03092,-0.019175,0.41425,-10.534,-2.5197,-15.655,1.0431,25.33,-0.48664,-19.703
33.4,-0.033614,0.0032167,-0.022615,-1.0083,0.0097491,-0.027987,-0.018481,0.0049231,-11.835,-1.8408,-18.198,0.3401,25.405,0.45183,-18.723,-0.038675,-0.0091974,-0.022219,-1.0135,0.0080815,-0.031427,-0.023835,2.3635,-10.655,-0.84445,-17.754,1.6613,25.294,-2.2414,-19.693
33.5,-0.034928,0.020019,-0.029964,-1.0025,0.013518,-0.025163,-0.015767,0.45467,-9.7692,-0.49135,-16.351,0.4399,24.91,-0.34093,-19.724,-0.043042,-0.005264,-0.037068,-0.99425,0.0095783,-0.024426,-0.022103,0.025767,-11.627,-1.0621,-17.158,1.2601,24.443,-0.34451,-18.987
33.6,-0.04307,0.015053,-0.031115,-0.9882,0.012032,-0.025667,-0.025938,0.16438,-11.235,-1.815,-19.605,0.67016,25.561,-2.0228,-18.77,-0.041445,0.011006,-0.035933,-0.99031,0.0080126,-0.03317,-0.018074,3.6319,-7.6992,-0.81274,-19.122,0.619,27.205,0.53604,-20.509
33.7,-0.056695,0.025707,-0.028692,-0.98342,0.012319,-0.032301,-0.01744,0.89678,-9.7249,-1.1263,-19.584,0.82322,25.437,-0.26613,-16.282,-0.045585,0.01247,-0.034379,-1.0001,0.0038364,-0.025705,-0.016274,0.023658,-8.8443,0.3133,-17.258,1.3616,25.599,-0.61339,-19.031
33.8,-0.031825,0.023029,-0.021578,-0.99612,0.00093014,-0.019508,-0.010957,1.5051,-9.5729,-1.5378,-18.945,-1.2739,25.001,-0.2879,-19.691,-0.033651,0.018199,-0.029094,-1.0036,0.016585,-0.027732,-0.012986,0.6184,-9.3165,-1.38,-20.165,0.30857,25.334,-0.14238,-21.155
33.9,-0.057658,0.0049561,-0.024049,-1.0087,-0.0042386,-0.021664,-0.011918,2.1491,-8.646,-0.6056,-17.969,1.706,24.294,-0.25137,-18.903,-0.056902,0.0057225,-0.025644,-1.0026,0.018784,-0.023342,-0.019952,1.8081,-9.4016,-2.1779,-19.692,2.4877,25.08,1.5693,-19.36
34,-0.045445,0.029341,-0.028248,-1.0015,5.5878e-05,-0.03044,-0.023567,0.78396,-9.4957,0.12704,-20.137,-0.25684,27.025,-0.32174,-17.584,-0.06132,0.019508,-0.022246,-0.99148,6.8905e-05,-0.029163,-0.026806,0.052055,-11.143,-0.80301,-20.853,-1.1672,25.782,0.11344,-22.847
34.1,-0.049522,0.035286,-0.015575,-0.99728,0.014421,-0.02605,-0.012273,0.78361,-8.0794,-1.9819,-21.001,0.38097,24.848,-0.98162,-19.599,-0.056711,0.018901,-0.03135,-1.0013,0.006944,-0.035836,-0.019692,1.9604,-8.5237,-0.1036,-19.595,0.59336,26.326,1.0094,-20.218
34.2,-0.022523,0.018031,0.0012834,-0.99216,0.0005337,-0.018897,-0.018564,2.1003,-9.0589,-1.8175,-19.979,-1.7498,27.693,-1.3863,-19.68,-0.062502,0.019475,-0.0038257,-0.98238,0.007102,-0.022355,-0.016958,1.0825,-9.948,-1.9705,-19.818,-0.69231,26.366,-0.19497,-19.676
34.3,-0.042023,0.010859,-0.030884,-0.99129,-0.0072436,-0.031932,-0.014128,0.63012,-8.0919,-1.4435,-22.905,-0.090519,25.039,-0.90044,-18.914,-0.033309,0.01389,-0.014572,-0.99496,0.0053932,-0.029748,-0.013216,1.4948,-10.031,-1.1807,-20.281,-1.0296,25.528,0.15638,-20.604
34.4,-0.0516,0.022537,-0.015166,-0.99692,0.0021744,-0.013373,-0.016091,0.367,-7.1523,-2.6244,-20.286,0.051678,27.727,-0.92002,-21.048,-0.054226,0.02234,-0.018999,-1.0051,0.0058103,-0.021755,-0.01594,-1.0532,-7.8106,-1.8872,-21.823,-0.57763,26.905,-1.0306,-19.989
34.5,-0.058081,0.032055,-0.015954,-0.99213,-0.0050632,-0.016528,-0.022272,-0.20105,-7.6258,0.89342,-19.978,0.095709,26.9,-0.4347,-19.999,-0.051362,0.018828,-0.021712,-1.0048,-0.0020337,-0.017456,-0.015336,1.9709,-8.5749,-1.2622,-20.986,0.093132,26.372,-0.093538,-20.369
34.6,-0.054492,0.019564,-0.031099,-0.98224,-0.00017227,-0.0089987,-0.029179,-0.066991,-6.5784,0.47115,-21.62,-0.30396,25.044,-0.23336,-21.915,-0.044272,0.033073,-0.024999,-0.99809,-0.0086376,-0.010926,-0.016038,0.78263,-8.8925,-2.1697,-21.988,0.29132,25.609,-1.1056,-19.471
34.7,-0.040474,0.014177,-0.036312,-0.99707,0.0023759,-0.0205,-0.021876,0.69006,-4.7827,-2.3486,-23.116,-0.77491,25.902,0.92925,-20.29,-0.041976,0.025788,-0.034732,-0.99093,-0.0071439,-0.021103,-0.01329,0.61917,-6.7841,-0.49438,-22.868,0.96564,25.369,0.37133,-19.536
34.8,-0.035342,0.027847,-0.020002,-1.001,-0.0036834,-0.015369,-0.0089404,-0.1625,-6.4049,-0.89183,-22.364,2.1993,25.6,0.22714,-20.645,-0.061403,0.025403,-0.017085,-0.98676,-0.0086161,-0.016195,-0.019768,0.15418,-5.6593,-1.9949,-24.149,1.5593,27.895,-0.74524,-21.16
34.9,-0.051676,0.025182,0.0041605,-1.0113,-0.0043868,-0.015809,-0.016446,1.5127,-7.41,-0.35546,-23.265,-0.84808,24.746,-0.97362,-19.545,-0.061441,0.007714,-0.023731,-0.99245,-0.00051331,-0.018301,-0.014493,0.76695,-6.7816,-1.5601,-21.823,0.77751,26.323,-1.0939,-21.582
35,-0.042368,0.028695,-0.014155,-0.99199,-0.0069656,-0.015096,-0.013163,0.66344,-5.5618,-0.24617,-22.201,-0.57997,27.42,1.3775,-20.263,-0.052911,0.022315,0.0081985,-0.99967,-0.0050033,-0.024065,-0.020322,0.13845,-6.1844,0.27991,-24.451,-1.2486,26.471,-0.71219,-21.904
35.1,-0.046534,0.010945,-0.0092433,-1.0066,-0.0041978,-0.015923,-0.019879,1.1482,-4.2763,-1.9009,-23.645,0.49746,24.953,-2.8518,-20.619,-0.04667,0.023129,-0.015606,-1.0046,0.0001075,-0.019018,-0.0076223,0.79952,-5.743,0.18112,-22.396,1.6267,26.018,1.3369,-21.137
35.2,-0.033883,0.018493,-0.0079816,-0.98184,-0.011798,-0.022365,-0.013857,-0.87077,-4.7999,-1.365,-25.934,-0.037592,25.533,-1.1439,-21.818,-0.044628,0.017925,-0.011793,-0.98301,-0.0016459,-0.012603,-0.011893,1.3279,-5.9308,-0.58431,-21.949,-0.589,25.021,0.36371,-21.672
35.3,-0.056091,0.034057,-0.011557,-0.99276,-0.023775,-0.012484,-0.013612,1.1936,-5.2415,-0.27815,-27.529,-1.3859,25.852,-1.5405,-20.782,-0.058183,0.042909,-0.022494,-1.01,-0.0023568,-0.021025,-0.01548,1.3754,-6.9575,-3.1723,-25.72,0.83782,24.719,-0.10316,-20.851
35.4,-0.042399,0.014994,-0.01356,-1,-0.015,-0.016041,-0.0081785,1.3698,-6.11,-4.0525,-23.481,0.063115,25.918,0.9132,-18.601,-0.05978,0.03894,-0.016015,-0.9841,-0.014782,-0.01566,-0.012507,1.9899,-6.1223,0.12249,-23.452,1.1493,26.958,-1.3905,-21.705
35.5,-0.059061,0.020239,0.0030152,-0.98944,-0.003454,-0.011046,-0.013827,1.6419,-4.74,-0.15427,-26.164,-0.59716,27.111,1.3238,-23.253,-0.054472,0.021942,-0.0052468,-1.0043,-0.0098874,-0.015817,-0.010385,-0.11678,-3.1565,0.84652,-25.584,-0.95975,26.596,-0.082009,-22.519
35.6,-0.046054,0.017602,-0.00089689,-1.011,-0.011163,-0.0061574,-0.0091096,2.0196,-5.8667,-0.055979,-24.665,-0.09826,23.869,-2.1273,-20.923,-0.052848,0.025881,-0.0081945,-1.0114,-0.017507,-0.0059518,-0.010194,0.50423,-4.545,-1.8754,-26.299,-0.72796,26.745,-0.86313,-21.946
35.7,-0.053122,0.011159,-0.015584,-1.0019,-0.013781,-0.0023803,-0.0049352,0.91399,-2.6689,-1.3534,-27.061,-0.85225,22.738,-2.4057,-23.348,-0.050767,0.01859,-0.012214,-1.002,-0.019086,-0.0067504,-0.013605,0.39591,-3.571,-3.1842,-25.366,0.76043,26.339,-1.2669,-21.73
35.8,-0.032418,0.023397,-0.015878,-0.98979,-0.014346,-0.017687,-0.011077,2.258,-1.5495,0.3683,-25.811,-1.2306,24.202,0.38185,-22.181,-0.044723,0.026922,-0.012944,-0.98723,-0.00891,-0.011125,-0.0088812,0.16335,-3.9101,-2.2528,-26.561,0.20079,24.728,-0.35035,-23.292
35.9,-0.039142,0.022913,-0.0069536,-1.0131,-0.018321,-0.0075733,-0.019297,3.1971,-2.5386,1.0591,-26.193,-1.3325,25.207,-1.334,-24.201,-0.055092,0.018757,-0.00053704,-1.0044,-0.014948,-0.0090116,-0.0052715,1.5814,-0.7409,-0.82339,-26.302,-1.1056,23.302,-0.090859,-21.874
36,-0.051889,0.030213,-0.015796,-1.0078,-0.020963,-0.010657,-0.020407,1.8792,-1.788,-1.0561,-27.864,-0.56133,23.87,-3.027,-21.601,-0.038841,0.038741,-0.0094522,-0.98749,-0.019027,-0.0084875,-0.011488,0.94391,-2.4402,-0.96801,-27.414,-0.34133,22.556,-1.2064,-20.717
36.1,-0.032265,0.035325,-0.011258,-1.0209,-0.017217,-0.0022141,-0.0097841,1.9719,-1.0223,-0.63148,-27.564,-2.9462,25.216,-1.4386,-21.567,-0.042118,0.0090181,-0.013174,-0.9958,-0.015645,-0.0010437,-0.014586,-0.31064,-1.5647,-3.3357,-28.278,-0.47203,24.77,0.27466,-20.538
36.2,-0.04523,0.044027,0.014999,-0.99207,-0.019974,-0.0095966,-0.0095758,1.4206,-3.3233,-0.72358,-28.407,-1.3338,25.062,-0.79017,-21.911,-0.01659,0.013376,-0.031467,-0.99218,-0.027916,-0.011058,-0.0051375,0.73982,-1.4377,-1.5466,-26.811,0.81116,22.787,0.86617,-20.18
36.3,-0.043557,0.051829,0.00088318,-1.0062,-0.023418,-0.0001367,-0.019278,2.0554,-2.4702,-0.31525,-29.47,-2.2225,23.659,0.19716,-21.129,-0.046125,0.038675,-0.01761,-0.9963,-0.013988,0.0032625,0.00053679,-0.39367,-0.9455,-1.732,-30,-1.631,24.709,0.21488,-22.963
36.4,-0.046183,0.021674,-0.020985,-0.99829,-0.022641,-0.0028056,-0.021129,0.076281,-0.50981,-0.16759,-29.13,-1.8636,24.179,1.4374,-20.874,-0.047832,0.023084,-0.0027771,-0.99216,-0.023249,-0.011274,-0.0037324,1.5234,-1.6782,-1.802,-28.998,0.08688,24.09,0.65658,-20.9
36.5,-0.026686,0.019504,0.0013072,-1.0087,-0.022929,0.004666,-0.001416,-0.39382,-0.68794,-0.45558,-30.559,-0.18776,21.673,-0.29717,-20.605,-0.050102,0.035159,-0.011256,-1.0012,-0.021453,0.0031462,-0.0088336,2.3896,-0.95745,-1.3085,-29.95,-0.22571,23.991,0.1369,-19.378
36.6,-0.044023,0.048049,-0.0075256,-0.99275,-0.02081,0.0015855,-0.013928,1.1177,-0.38547,-2.1369,-29.737,-0.30078,23.658,-1.2875,-20.803,-0.051071,0.023315,-0.021238,-1.0019,-0.020508,-0.0020986,-0.011121,2.2737,-1.6674,-0.80485,-29.006,-0.44941,22.72,0.25402,-21.396
36.7,-0.040926,0.023125,-0.018499,-0.99415,-0.023343,0.0021454,-0.015119,2.5229,0.14187,-1.1189,-32.039,0.26511,22.077,0.68531,-22.223,-0.046125,0.032544,-0.0077299,-0.99042,-0.018128,4.6592e-05,-0.011548,0.010629,-0.045582,-1.0511,-30.301,-1.1535,24.929,1.7749,-20.16
36.8,-0.029263,0.010513,-0.01047,-1.0133,-0.024118,0.0048439,-0.0021164,1.4641,-1.1202,-2.9093,-30.047,0.26173,23.134,2.0866,-18.273,-0.035445,0.01757,-0.0063506,-1.0001,-0.027249,0.0058871,-0.0080179,-1.0075,0.46884,-1.0327,-31.423,-0.49815,22.361,0.85945,-19.661
36.9,-0.032351,0.018062,0.012153,-0.98932,-0.028443,0.010159,-0.005436,1.5301,0.63548,-0.60681,-32.364,-2.3564,19.967,1.1668,-21.096,-0.049919,0.026556,-0.020443,-0.99741,-0.021125,0.0061925,-0.0070977,0.029486,-0.34912,-1.0396,-29.91,0.25543,23.563,0.78926,-20.412
37,-0.025067,0.026766,-0.0064096,-1.0012,-0.023074,0.0067914,-0.0099473,-0.32969,1.0089,-0.50218,-30.964,-1.8755,18.638,0.61886,-19.173,-0.024076,0.029535,-0.022531,-0.97845,-0.020906,0.01645,-0.012507,-1.5762,-0.016302,-1.5141,-31.827,-1.106,24.053,1.2473,-19.473
37.1,-0.020175,0.020102,-0.033056,-1.0115,-0.032693,-0.0040711,-0.0021686,-0.19259,0.98603,-1.7523,-31.45,1.4063,20.542,-0.65327,-19.679,-0.0095221,0.015755,0.011097,-1.0057,-0.027899,0.0073308,-0.0086068,0.66164,-0.45506,-1.0214,-30.858,-0.76817,23.263,-0.38743,-20.963
37.2,-0.034435,0.012778,0.0022249,-1.015,-0.018969,0.0098606,-0.0093838,1.5444,2.5272,-0.46914,-33.372,1.042,20.711,1.3696,-19.364,-0.036061,0.028539,0.0061109,-0.98369,-0.02208,0.0051843,-0.0051534,1.1725,0.22191,-1.1244,-31.712,0.68006,21.807,0.83787,-19.928
37.3,-0.030114,0.026099,-0.011909,-1.0002,-0.028623,0.017105,-0.005975,0.6823,2.5336,-3.2028,-33.051,-0.61271,18.505,1.9668,-18.424,-0.022557,0.040335,-0.012752,-0.99718,-0.025676,0.013353,-0.015028,0.72197,-0.089209,-0.44514,-32.261,-1.5607,21.784,1.2903,-20.196
37.4,-0.026442,0.021639,-0.0060528,-1.0059,-0.029285,0.018014,-0.0074812,-0.80083,2.3363,-2.2023,-31.95,0.38149,19.619,0.82255,-19.24,-0.031042,0.031733,-0.0055405,-0.99662,-0.028605,0.017491,-0.0041645,1.5539,2.151,-0.97658,-32.99,-0.33728,21.274,-0.71911,-18.496
37.5,-0.020453,0.036475,-0.0086406,-0.98531,-0.020544,0.020011,0.0061427,-0.37133,1.638,-0.28236,-33.633,-1.6447,19.454,1.7858,-18.93,-0.035164,0.0041979,-0.0058724,-1.0033,-0.033013,0.010174,-0.0069042,0.57247,4.0088,0.1902,-34.664,-1.649,20.218,-0.79853,-19.119
37.6,-0.0049247,0.022498,-0.012384,-0.99498,-0.02244,0.013867,-0.0056131,-1.2861,1.2962,-0.16263,-32.584,-0.61321,21.346,0.55213,-18.174,-0.025797,0.017835,-0.00017935,-0.97749,-0.026593,0.016326,-0.0096865,1.1893,1.3249,-3.0628,-33.275,-3.0423,19.129,3.896,-18.552
37.7,-0.01124,0.025951,-0.01944,-0.99963,-0.021574,0.012593,-0.0024364,0.27909,0.50035,-2.4415,-34.53,-0.044386,18.793,1.0789,-17.455,-0.030384,0.028884,0.010249,-1.0173,-0.023144,0.025657,0.00071229,-0.17495,2.6355,0.36554,-33.283,-2.3584,19.985,2.4654,-18.103
37.8,-0.013474,0.02886,0.011842,-0.99468,-0.025175,0.01649,-0.0076023,-1.8164,2.8236,-1.1058,-36.378,-0.79799,18.72,2.4984,-16.007,-0.011961,0.011361,-0.0039244,-0.99147,-0.023072,0.025206,-0.0038695,-0.19507,2.0806,-2.1525,-34.151,-0.85839,18.723,1.3903,-17.919
37.9,-0.032576,0.024468,0.0077266,-0.99925,-0.0224,0.027129,-0.0060027,-1.2947,0.73733,-1.0102,-36.486,-2.0346,20.229,2.0441,-16.57,-0.034148,0.027382,0.004048,-1.0054,-0.016785,0.023079,0.0090673,-1.1046,1.4302,-1.8176,-35.195,-2.9464,19.551,0.1374,-18.628
38,-0.0077303,0.011512,0.00034813,-0.9984,-0.017349,0.019178,-0.00092184,-1.051,-1.2311,-2.2962,-35.605,-1.3357,18.104,-0.54992,-16.644,-0.035079,0.02271,0.0015318,-0.99451,-0.02665,0.014107,-0.0098554,-0.44831,2.4087,-0.11158,-34.817,-0.49385,19.486,1.5247,-16.254
38.1,-0.02687,0.024183,0.0035506,-1.0035,-0.015401,0.023936,0.005659,-3.0805,2.175,0.21374,-35.373,-0.71676,17.954,-1.4903,-18.829,-0.022349,0.01557,0.010588,-1.0038,-0.0098789,0.015849,-0.00044329,-1.4044,-0.32666,-1.3494,-35.822,-1.3891,16.057,1.2545,-17.407
38.2,-0.0083795,0.014216,0.0076589,-0.98215,-0.020543,0.017327,-0.010402,1.2414,0.92328,0.2626,-35.565,2.9532,16.669,-1.137,-17.915,-0.026631,0.027235,0.003243,-0.99187,-0.01677,0.024881,0.0034415,0.29851,-1.145,1.6244,-35.071,-1.5704,17.693,1.6151,-16.439
38.3,-0.011113,0.017164,0.0040879,-0.97608,-0.022011,0.022718,0.0037747,-1.7195,-0.88612,0.77275,-34.109,1.397,17.29,0.74827,-18.656,-0.010378,0.030612,0.014739,-1.0036,-0.017975,0.020251,-0.0009864,0.11079,-0.5457,1.637,-35.974,0.1412,16.709,-1.4372,-17.558
38.4,-0.024796,0.0067202,0.004071,-0.99848,-0.024338,0.014526,0.0051296,-0.61916,0.13948,1.6923,-35.486,0.85496,17.542,-0.2353,-16.303,-0.0077797,0.015448,0.0020922,-1.007,-0.016506,0.015662,0.0018012,0.15975,0.11528,0.93321,-35.19,2.2682,17.67,-3.4129,-18.723
38.5,-0.043932,0.024324,0.0099073,-0.99524,-0.022104,0.02205,-0.0061768,-1.5007,-0.81846,1.2728,-33.705,1.5534,17.315,1.3594,-19.11,-0.0070722,0.031667,-0.023147,-0.99128,-0.015309,0.025656,-0.0056524,-1.135,-0.47945,0.092083,-36.294,-0.17237,16.451,1.133,-16.455
38.6,-0.0051578,0.012304,-0.0047663,-0.99648,-0.021049,0.013941,0.003487,-1.6196,-2.069,1.0722,-35.9,0.22699,15.831,-0.022167,-19.211,-0.01942,0.034251,-0.012472,-1.012,-0.024277,0.013883,0.0054759,-0.86054,-0.11991,0.68,-35.879,-1.4788,18.267,0.74633,-19.393
38.7,4.9153e-05,0.015863,0.0037978,-0.99705,-0.017749,0.0091619,0.0044827,-0.43538,-2.4096,-0.086173,-34.468,-0.89523,18.214,-0.27742,-19.017,-0.014086,0.015645,0.0025494,-1.017,-0.016413,0.019889,-0.006004,-2.7375,-2.5766,0.52544,-34.109,-0.037123,18.964,-0.23941,-19.045
38.8,-0.01588,0.012978,0.022995,-1.0041,-0.011563,0.0123,-0.00086371,-0.83938,-1.0667,1.0677,-34.321,1.6591,16.401,-0.61574,-18.785,-0.01969,0.017183,0.015284,-0.99399,-0.015719,0.016703,-0.0060277,-1.944,-1.6799,0.17821,-34.23,-0.91626,19.6,-1.5631,-17.502
38.9,-0.0014654,0.007665,-0.0087658,-1.0011,-0.016504,0.021052,0.0029741,-0.32333,-1.1429,1.1163,-33.633,3.0144,15.938,0.75011,-17.679,-0.029432,0.0095394,0.0063401,-1.0011,-0.007634,0.017562,0.0022646,-1.4791,-1.3787,1.9118,-33.543,0.04029,17.489,-1.0098,-16.966
39,-0.0062849,0.0091984,-0.016274,-1.0077,-0.01517,0.011585,-0.0089523,0.11909,-3.9265,-0.28634,-32.689,0.85916,19.796,0.064817,-16.313,-0.0012369,0.016018,0.0080106,-0.99551,-0.015523,0.01601,0.0041137,0.18545,-1.1512,1.2204,-32.912,0.34326,18.753,-0.87588,-17.302
39.1,-0.021799,0.010011,-0.013798,-1.0124,-0.011119,0.0088397,-0.0059307,-0.79353,-1.2012,1.8805,-32.107,-2.1706,18.376,0.41006,-17.502,0.0066661,0.0085645,-0.0055409,-1.0119,-0.014143,0.0078804,-0.0020619,0.78055,-3.7941,1.3745,-33.668,0.12992,19.538,0.69357,-19.875
39.2,-0.0158,-0.012448,0.011801,-1.0103,-0.0103,0.012757,0.0012899,-2.2026,-2.8431,0.49831,-30.741,-1.3095,18.15,-0.93681,-17.734,-0.0068479,0.02447,-0.011215,-1.011,-0.01532,0.012239,-0.00095648,-0.65299,-2.7393,1.8654,-32.613,0.55327,17.68,-0.47242,-17.962
39.3,-0.021552,0.017731,0.0038639,-0.9725,-0.0039621,0.011296,0.0052751,-1.4256,-3.3474,-1.1117,-31.256,2.7436,18.727,2.1556,-18.893,-0.0060333,0.0036269,0.0019767,-1.012,-0.006217,0.0084741,0.0048823,-1.2807,-3.0007,1.3997,-33.464,0.42686,18.28,0.29543,-18.197
39.4,0.0036204,-0.011914,-0.0063425,-0.99487,-0.010785,0.010217,-0.010206,1.3807,-2.8585,1.1547,-31.052,0.33585,18.439,-0.70268,-18.125,-0.015945,0.032711,-0.01313,-0.99125,-0.018191,0.013253,0.0024846,0.054254,-1.9512,-1.754,-32.811,-0.42882,19.107,0.1343,-18.513
39.5,-0.0065561,0.0015746,0.0039474,-0.99538,-0.015904,0.0080236,-0.0031929,-0.79236,-2.9118,0.16384,-31.734,-0.42222,17.348,-0.41688,-19.498,-0.014153,0.015345,0.010937,-0.99788,-0.0047758,0.015252,0.00029506,-0.68629,-1.8571,0.46191,-33.989,-2.0858,17.376,1.8761,-18.031
39.6,-0.011423,0.0086531,-0.010419,-0.99913,-0.0019912,0.0053646,-0.010839,-0.26777,-1.9151,-1.2393,-31.25,1.2087,18.338,1.3726,-17.548,-0.0044714,0.016384,-0.0078753,-1.0003,-0.017781,0.0040287,0.0029852,-0.90341,-2.6068,-0.40737,-32.092,0.63932,16.504,1.5593,-18.783
39.7,-0.002965,0.010622,0.0030507,-0.9992,-0.0039231,0.0074159,-0.00065731,-2.0705,-2.4838,-0.029313,-33.023,1.0442,18.891,0.2739,-17.995,-0.02558,0.0030689,-0.0019791,-1.013,-0.011282,0.0090532,0.0033761,-0.25786,-1.8243,-2.026,-35.137,0.5912,17.417,-0.18239,-18.264
39.8,-0.010034,-0.012431,-0.0099095,-0.97858,-0.0082083,0.0059623,-0.0023496,0.027038,-2.7618,-0.091058,-33.556,-1.7138,17.388,1.2842,-16.726,-0.0069796,0.0038863,0.01168,-1.0103,-0.0025402,0.011145,0.001021,1.0388,-3.3677,-1.5293,-33.525,-0.4736,18.007,-0.55759,-18.632
39.9,-0.029102,0.02583,0.0036113,-1.0068,-0.0042686,0.0044673,-0.0021495,-0.090392,-3.35,-1.7109,-30.363,-0.26864,16.678,0.86902,-18.447,-0.012569,0.018934,0.00034003,-0.99177,-0.0164,0.010406,0.00078189,-1.66,-2.2058,1.0779,-32.65,0.96626,16.785,0.49406,-18.529
40,-0.00089325,-0.00090338,-0.005618,-0.98902,-0.002404,0.0035343,0.00099652,2.1947,-4.2615,2.8327,-30.521,1.0956,18.877,2.1683,-17.09,-0.0025181,-0.0016989,-0.0017945,-1.0093,-0.01049,0.0065642,-0.0031257,-0.43,-2.5108,0.26647,-31.614,0.65124,17.892,1.1438,-18.723
40.1,-0.022709,0.019609,0.0014524,-0.9917,-0.00057699,0.0065815,-0.00084442,-0.93397,-3.4592,-0.93642,-30.379,0.70365,18.211,0.98918,-17.132,-0.00082468,0.019889,0.016538,-1.0211,-0.0073583,0.010787,0.0061264,-1.113,-3.7122,1.3278,-32.826,0.56922,17.854,1.2723,-17.263
40.2,-0.02065,0.0071203,-0.007069,-1.0163,-0.0027643,-0.0004104,-0.011339,-0.62006,-4.8497,0.020398,-31.697,-0.058094,18.449,0.421,-19.438,-0.0040731,0.025195,-0.013839,-0.99193,-0.0046665,0.0098595,0.0014655,-0.7084,-3.1235,2.1052,-30.113,-1.3881,18.966,-1.2355,-17.872
40.3,-0.010307,-0.0041865,-0.0039009,-1.0057,-0.0066482,0.0080131,-0.0080559,0.42273,-4.6145,0.43493,-31.61,1.0189,16.831,1.3211,-17.301,-0.01374,0.020677,-0.019307,-0.99417,-0.014884,0.0097965,-0.0036316,0.97299,-2.4495,1.354,-30.29,-0.64833,18.27,-0.62955,-17.934
40.4,0.0053884,0.0032216,0.0025353,-0.98877,-0.0049015,-0.0017153,0.0073294,0.47392,-4.0711,1.4573,-30.247,0.29399,16.233,-2.6204,-17.069,-0.0021167,-0.003846,-0.0041492,-1.0183,-0.0050171,0.012405,0.0039515,-0.42543,-2.9097,-2.5844,-32.04,-0.24495,17.726,-0.73562,-18.724
40.5,0.014324,-0.0079165,-0.0022441,-1.007,-0.011402,0.00539,0.0026661,0.58153,-4.8859,-0.78132,-33.258,0.45979,19.765,0.37806,-19.866,0.014812,0.019961,-0.011652,-1.0013,-0.014781,0.001724,-0.0042137,-2.1732,-2.5532,0.09428,-30.589,0.27634,17.034,0.90571,-18.164
40.6,0.0042995,-0.020965,0.0072452,-0.99899,-0.010256,0.003071,-0.0071072,-0.39686,-2.96,1.2546,-31.811,-0.94183,17.969,0.92239,-19.593,0.00076887,0.013832,0.0045395,-1.0116,-0.0019712,0.0026897,0.00024379,0.24747,-4.8234,1.3567,-31.562,-0.12335,16.551,1.1211,-17.845
40.7,-0.013149,0.0083415,0.0027408,-0.98083,-0.014581,0.0044908,0.0044226,-0.22233,-4.5286,-0.8053,-31.566,0.4412,18.247,1.6654,-18.467,-0.0099559,0.00066801,-0.0034139,-1.0056,-0.00088675,0.01314,0.0042039,1.1039,-2.6085,0.13576,-31.233,-1.1372,18.589,-0.32566,-17.468
40.8,-0.013663,0.012467,-0.0045981,-0.99231,-0.0082072,0.0053989,0.0021989,-3.3674,-4.6288,-0.066552,-29.592,1.6314,18.308,-0.89247,-17.943,0.00028437,0.0048658,-0.0046779,-1.0141,0.0031323,0.006033,-0.0031492,-0.60977,-3.9067,-0.17071,-30.991,-1.3718,17.748,-0.85346,-17.345
40.9,-0.023535,0.016231,-0.0093589,-0.97586,-0.0030884,0.011503,0.0027621,0.13772,-5.6355,0.2892,-31.575,0.45023,19.718,0.029141,-18.434,-0.0096786,0.024241,0.0057672,-0.99958,-0.014271,-0.0040954,-0.00019341,0.99859,-5.297,1.1766,-31.577,-0.18363,17.653,1.4132,-17.497
41,0.020692,0.0058684,-0.0048193,-1.0013,-0.0074395,0.0060698,-0.0014604,0.73951,-5.2527,1.3802,-30.899,1.328,18.889,-1.8952,-16.623,0.004467,0.014987,-0.0070403,-1.0089,-0.0082078,0.013868,0.015478,-0.21149,-3.9097,0.0073779,-29.515,0.08806,18.703,0.78183,-16.589
41.1,-0.016087,-0.010221,0.0083123,-0.99293,0.0013289,0.0074015,0.002213,-0.060166,-5.6681,1.3878,-29.167,0.40201,18.536,-0.59231,-18.494,-0.013034,0.0049397,-0.011422,-1.0064,-0.0055853,-0.0013908,0.0070489,0.2882,-2.709,-0.77611,-32.413,0.42083,18.697,-1.0225,-16.959
41.2,-0.020711,0.0063447,0.0094633,-0.99281,-0.0010609,0.0082474,-0.0072607,0.64122,-3.6405,-2.8245,-31.61,2.2238,17.66,-1.2864,-17.886,0.0085754,-0.0036339,-0.0024013,-0.9989,-0.0042389,-0.0020481,-0.0039166,-2.4147,-4.2557,-1.9405,-31.137,1.1253,20.656,1.0203,-18.591
41.3,-0.014719,0.0075168,-0.013158,-0.99616,0.00095577,-0.0016079,0.0032349,-0.84983,-3.0202,-1.7982,-30.02,0.15482,17.027,1.623,-19.33,0.0040427,-0.0015303,-0.0059359,-1.0053,0.0072678,0.001748,-0.0040184,0.15892,-3.5571,1.1325,-29.879,-1.531,16.984,0.11624,-18.108
41.4,-0.018635,0.024271,0.0074235,-1.009,0.0013212,0.011729,-0.0018637,0.6146,-5.3569,-1.5203,-30.878,0.89588,16.217,-0.056134,-18.355,0.0036059,0.012637,-0.0058079,-0.99494,-0.0027625,-0.002892,-0.0002946,-2.9411,-4.0971,-0.5299,-32.037,-1.6179,17.198,-1.2906,-18.487
41.5,-0.001343,0.0079216,-0.0069998,-0.99118,-0.0040107,0.0076456,0.0030197,0.84574,-3.837,-1.15,-29.09,-0.16962,18.075,-1.9021,-17.849,-0.009517,0.0072007,-0.0014518,-0.99996,-0.0028173,0.0034342,0.0021923,-1.7093,-4.7722,0.94208,-32.036,-0.32484,18.053,-1.3114,-17.357
41.6,-0.00089316,0.0060323,0.010061,-1.0031,-0.00479,0.0083663,-0.00077826,-1.6345,-5.7412,0.6209,-30.639,-0.83069,18.19,0.23119,-18.195,-0.0068524,0.003379,0.018252,-0.9916,0.0055563,0.0026284,-0.001503,-0.21774,-5.2494,0.50729,-30.164,0.27495,19.086,1.95,-17.796
41.7,-0.011186,0.019288,-0.0075181,-0.9883,-0.013085,-0.0020211,0.0055858,-0.60744,-3.4934,-0.32997,-31.153,-0.15832,20.455,2.0555,-18.47,-0.018791,0.0083623,0.0055751,-1.005,-0.0034818,0.013311,-0.0065713,0.61306,-3.553,0.13488,-31.191,0.7174,17.268,0.13628,-16.213
41.8,-0.014385,-0.0068742,-0.00718,-1.0025,-0.0020671,0.0089001,0.0030186,-1.6648,-5.7036,0.087091,-31.296,0.31456,18.78,-0.64495,-17.303,-0.0029297,0.0053215,-0.014903,-0.99538,0.0044123,0.00090206,-5.219e-05,0.60603,-3.4051,1.5346,-30.827,1.2821,19.461,0.076151,-17.991
41.9,-0.0041026,0.016759,-0.0022089,-0.99581,-0.0057174,0.0044163,-0.0010982,1.703,-4.3808,0.77534,-30.255,-1.3597,19.544,-1.291,-16.75,-0.0027762,0.0066329,0.0021643,-0.99388,0.0013922,0.0045211,0.0045582,-0.056526,-4.2508,0.86895,-29.685,-0.35489,18.144,1.0399,-17.799
42,-0.0099411,0.0095826,-0.014029,-0.97733,0.0026308,-0.0052053,0.0029505,-1.5326,-3.5127,-0.13882,-30.276,1.7219,19.778,-1.7708,-17.381,0.010063,0.014748,-0.0063128,-1.0055,-0.011698,0.0079866,-0.00075634,-0.55429,-3.2901,-0.85092,-30.824,-0.60612,19.426,-0.82349,-16.697
42.1,0.023552,0.0027013,0.0098866,-0.99323,0.0091145,0.0033828,-0.0036786,0.19857,-3.5975,1.0978,-30.472,0.46497,16.316,1.8521,-18.621,-0.015688,0.0055941,-0.00040305,-1.0084,-0.010622,0.0019529,0.0047243,-2.1788,-6.5067,-2.4121,-29.847,-0.38375,19.88,1.0477,-20.813
42.2,-0.014126,0.0061082,-0.0013663,-1.0096,-0.012884,-0.00040455,-0.0013887,-0.35326,-2.5235,1.3376,-30.127,0.8063,17.098,0.16858,-18.414,-0.029236,0.006223,0.008921,-1.0049,-0.001487,-3.0787e-07,0.0073392,1.2631,-6.5722,-0.60238,-29.135,0.17045,18.992,-0.43805,-17.577
42.3,-0.0099312,-0.00096474,0.004824,-1.0052,0.0012899,0.0064539,-0.0010715,-0.51343,-5.8033,-0.71242,-29.335,0.082831,17.162,0.27617,-17.5,0.0064467,-0.0056429,0.0030916,-0.99268,-0.0094438,0.0027863,-0.0028909,-2.1464,-5.2865,-1.3774,-31.022,0.79385,19.426,-1.9696,-18.47
42.4,-0.00263,-0.0072426,-0.0092298,-0.9883,-0.0028704,0.0043563,-8.6811e-05,-0.76157,-6,-2.3526,-31.281,-0.17604,18.181,-1.6302,-16.372,-0.012279,-0.0089933,0.0068713,-0.98655,0.0088666,-0.00017081,-0.0046112,2.7809,-4.7066,-0.15251,-30.598,-2.0904,18.595,0.040024,-17.784
42.5,-0.020338,-0.00046577,0.0015242,-1.0108,0.0028934,0.0055701,0.004622,0.43791,-2.9811,1.4994,-31.53,-1.3171,17.957,-2.0081,-16.979,0.00074046,-0.0042206,0.00095932,-1.0138,-0.012368,0.0017721,0.0056323,1.9343,-5.9337,0.34756,-30.88,-0.45722,18.932,-1.3712,-17.27
42.6,0.0064539,0.0022902,0.0093999,-0.9937,-0.00072221,0.0042437,0.00067555,-0.45935,-2.4224,1.1822,-30.492,0.14057,18.318,-0.19621,-18.903,-0.0044311,-0.0010415,0.010223,-1.013,0.00023011,0.0042982,0.007017,-1.5059,-4.7612,-1.4438,-30.124,-0.87611,18.123,1.5671,-19.055
42.7,-0.015219,-0.012308,0.011185,-1.0074,0.0009622,-0.0001457,-0.0048127,-0.64183,-6.0168,-0.97398,-30.568,-0.43264,17.193,1.992,-18.633,0.0093531,0.0077259,-0.0011355,-0.99324,-0.0037362,-0.0011639,0.0055757,0.23951,-4.7118,-0.53864,-29.562,0.11719,18.534,2.0676,-17.508
42.8,-0.0030065,0.0060372,0.010491,-0.99962,-0.011255,0.0059583,0.0023737,-0.53011,-3.2835,-0.36299,-28.691,-0.55915,17.651,-0.43814,-17.193,-0.016053,-0.016941,0.0092228,-0.99356,-0.0025558,0.0041756,-0.0025707,0.14471,-4.8714,-0.72084,-29.887,-0.29495,18.115,0.52628,-17.436
42.9,-0.021868,0.003567,0.0039179,-0.99172,-0.0011197,0.0028324,-0.0069998,2.821,-5.4905,0.14592,-30.213,-0.46661,18.619,0.2791,-15.767,-0.0010735,0.0034773,0.010231,-1.0183,-0.0054519,0.0027627,-0.0078756,-0.53782,-5.0099,-0.0073445,-31.61,0.42307,19.928,-0.23983,-18.195
43,0.011106,-0.0037714,0.015435,-1.0035,0.0073962,0.0028986,0.0035735,1.1031,-4.9207,0.83252,-29.942,-1.3348,15.775,-0.014844,-17.355,0.003063,0.0060395,-0.001204,-0.99357,0.0018001,-0.0076551,-0.0061941,-1.1248,-4.3406,0.9158,-30.815,-0.79197,18.436,-0.72143,-18.505
43.1,0.0051676,-0.0091336,0.005075,-1.0074,0.00092109,-0.0055035,0.0048033,-0.45701,-4.3847,1.1605,-30.32,1.1261,16.322,-0.58776,-17.008,-0.0011522,-0.0010829,-0.017185,-1.0075,-0.00097351,0.010181,0.0023838,-0.4989,-4.6967,-1.719,-32.09,0.89392,18.022,0.24262,-17.215
43.2,-0.012865,-0.015818,-0.0041715,-0.99843,-0.0033614,0.00094768,0.005474,-1.1973,-2.5908,-0.99622,-30.871,-1.8607,18.518,-0.058989,-17.657,-0.0063037,0.0088858,0.0045773,-0.99271,-0.0037948,-0.0075476,-0.0073478,0.073239,-2.6377,0.054644,-30.724,-2.0211,16.084,1.2566,-17.935
43.3,0.0087182,0.011456,0.011737,-1.0224,-0.00083506,-0.0023832,0.0044317,0.69644,-5.5722,-2.2161,-30.396,-0.8258,18.35,2.1598,-18.003,-0.0044286,0.00032323,-0.016399,-1.015,0.0044497,0.009936,0.00185,0.1312,-7.2383,0.61554,-31.333,-0.32593,18.305,-0.73366,-17.949
43.4,-0.014765,0.027151,-0.0043467,-1.008,0.00012207,-0.00052418,0.0021279,-1.0783,-5.4599,0.43316,-31.761,0.11976,18.835,0.7111,-17.634,0.0080089,0.00095295,-0.014255,-0.97218,0.0013703,0.0039823,0.008936,2.5403,-4.2006,0.10067,-29.195,-1.093,18.557,1.2891,-18.447
43.5,-0.0036782,0.0056813,-0.023401,-1.0079,-0.0075891,-0.0039269,-0.0014303,0.68745,-5.2137,0.62311,-30.974,0.48195,18.122,0.8804,-17.286,0.0010873,-0.0093725,-0.003256,-1.0293,0.0010014,-0.004045,-0.002237,-0.56396,-4.596,0.1809,-28.546,-0.76203,16.226,-0.12844,-18.597
43.6,0.0020038,-0.010635,-0.0033716,-1.0054,0.008494,-0.00090103,-0.0028323,0.55674,-4.479,-0.6082,-31.488,-0.8483,18.127,-0.76415,-15.791,0.010683,0.0019523,0.010085,-0.9904,0.00016915,-0.0032839,0.0029866,-0.37127,-3.9532,-0.65911,-30.734,0.42321,17.09,2.4132,-17.552
43.7,-0.010568,0.0024761,-0.012942,-1.0035,-0.0050706,-0.0012294,0.0033887,-0.16601,-5.5979,-1.3638,-30.885,0.88887,17.865,-0.72779,-15.782,0.014266,0.0033693,0.00056775,-0.99672,0.002538,0.0044662,0.0019818,-1.4135,-3.4054,0.25639,-30.771,-1.1079,19.04,0.55057,-16.866
43.8,0.0094542,0.022023,0.0075082,-1.0022,0.0051963,0.00029479,0.0065658,-0.38349,-4.2683,-0.066481,-31.877,0.98669,16.542,0.3839,-16.993,-0.016582,0.014302,-0.006428,-0.99797,-0.0057734,0.0031405,0.00373,2.578,-3.9543,-2.0836,-32.214,-0.42192,19.093,0.23303,-17.761
43.9,0.00051107,0.013683,-0.0088879,-0.985,-0.001154,-0.0025217,-0.0040818,-0.024908,-3.787,1.2371,-30.253,1.4027,18.677,-0.39107,-16.989,-0.015905,-0.0017372,-0.010449,-0.99484,0.0013576,0.00057724,-0.0038531,-0.43997,-2.5794,0.4495,-29.169,-0.14583,18.357,-2.3668,-18.009
44,0.016355,0.008749,0.0055015,-0.99033,-0.007672,0.0038378,0.0032862,1.0443,-2.8884,1.4219,-30.427,-0.48754,17.996,0.50507,-17.963,0.0055935,-0.0080046,0.024994,-0.97508,0.002179,0.0039425,-0.0063064,-0.15572,-4.7552,-2.8132,-29.891,-0.83929,18.879,1.0791,-17.802
44.1,0.012094,-0.0025072,0.012338,-0.99785,-0.0002885,-0.00098781,0.0035991,0.17322,-5.0859,0.94674,-32.008,-0.92324,18.703,-2.1765,-14.975,0.014055,0.016986,-0.0019734,-1.0126,-3.1789e-05,-0.0080601,-0.0038622,-0.62209,-5.2358,-1.0406,-30.849,0.50462,17.222,2.2509,-18.185
44.2,-0.0083657,0.0053968,-0.00088052,-1.0037,-0.0048229,-0.0040362,-0.0012019,1.1982,-5.006,0.29855,-30.756,0.93499,15.988,-0.74055,-15.305,-0.0097279,-0.0010457,-0.017902,-0.99724,-0.00070333,0.00016317,-0.0020589,-0.94042,-4.9923,0.1509,-32.086,1.9303,19.139,2.4738,-15.88
44.3,-0.011538,0.0028131,-0.005241,-0.99929,-0.0040357,0.0013033,-0.0018913,-1.9522,-4.2329,-1.5709,-29.687,-1.3817,17.063,0.040263,-17.897,-0.0052241,-0.0079086,-0.0037919,-0.99519,-0.0047534,-0.0090569,0.0011322,-0.23863,-5.7925,-0.30274,-31.515,0.3077,18.197,-0.73498,-16.59
44.4,-0.0021042,0.002934,-0.00041057,-0.9952,-0.0046252,0.00055415,-0.0055931,-2.0145,-4.604,-1.2934,-29.987,-0.23482,17.396,1.5972,-17.832,0.0096304,-0.011807,0.024963,-0.99535,-0.007472,-0.0014188,-0.0048049,-0.12331,-5.2079,0.30291,-32.216,-1.7487,17.958,-2.1464,-17.729
44.5,0.0031741,-0.002228,0.0054421,-0.98826,0.0025344,0.0042124,0.0002118,-0.1018,-5.7899,2.7396,-31.579,-0.2654,17.39,-1.4586,-17.089,-0.0091066,0.011434,-0.0058963,-1.0014,-5.7785e-05,0.00070075,0.0056813,-0.35733,-5.4604,-0.32079,-29.677,0.041548,16.16,1.0978,-17.574
44.6,0.0065343,0.023124,0.023028,-0.99724,-0.00065526,0.0038562,0.00010227,1.5583,-5.28,-0.27643,-31.919,-2.3716,16.434,-1.8239,-17.191,-0.013016,0.0096535,0.015287,-1.0041,0.0052998,0.0010166,-0.0013549,-0.88976,-4.9585,-1.5155,-30.63,1.4966,17.944,0.27727,-18.766
44.7,-0.014333,0.010356,-0.0062297,-1.0111,-0.008344,0.0013699,0.0014562,2.6513,-4.3639,-0.16388,-31.264,-0.64911,16.79,-0.80139,-17.585,-0.028497,-0.0018739,0.005456,-1.0003,0.0039891,-0.0034745,-0.0038922,-0.8407,-4.2771,1.8969,-31.374,1.0021,17.188,0.51981,-15.304
44.8,0.0079419,-0.015562,-0.0046157,-1.0044,-0.0062324,-0.0075135,-0.0029518,-0.65656,-4.5423,-1.3187,-30.78,-0.7406,16.925,-0.62514,-16.43,-0.0068784,-0.019755,-0.01229,-1.0031,-0.0069419,-0.0076206,-0.00021891,0.087164,-4.1798,0.059219,-32.311,-0.073649,17.327,0.50501,-17.809
44.9,-0.0091965,0.0041922,0.013779,-0.99963,0.0033391,-0.0079993,-0.0026269,-0.10057,-4.8289,-1.1742,-29.309,0.52976,17.961,1.3279,-19.355,-0.0012905,0.024842,0.0046569,-1.0147,0.0059383,-0.0059958,-0.00045467,1.5141,-3.9835,0.485,-30.898,-0.83438,18.972,-0.82688,-16.799
45,0.011581,-0.0058977,-0.0010831,-0.98878,-0.0085709,-0.0034133,-0.0087552,0.35929,-4.8006,-1.0303,-31.365,0.28913,18.489,0.12247,-17.858,0.013886,-0.0050621,0.0019242,-0.99956,0.00029358,-0.0030747,0.0024276,-0.70254,-5.1305,1.9562,-30.749,0.50901,17.13,-1.4542,-17.467
45.1,-0.016224,0.0080323,-0.0069471,-1.0109,-0.0086551,0.00072788,-0.0019772,0.26946,-5.7539,0.25532,-28.832,-2.0254,15.908,-0.26518,-15.887,-0.0067992,0.0094281,0.0010889,-1.0039,-0.00097132,-0.0042432,0.0025752,-0.54332,-3.4708,1.0102,-31.799,2.0549,16.421,-0.54774,-19.025
45.2,-0.006711,-0.0066601,0.011138,-1.0171,-0.0007494,-0.0016055,-0.0018691,0.92866,-3.773,0.88592,-30.636,-0.76085,19.166,-1.0078,-19.408,0.010069,-0.011583,-0.0088485,-0.99875,-0.00095665,-0.0041163,-0.00042077,1.2637,-4.9802,-1.8304,-31.724,-0.76172,18.507,1.0273,-16.719
45.3,0.0060072,-0.01115,-0.011408,-1.0136,-0.003267,0.0029517,0.00017511,-1.3205,-3.7972,0.54915,-32.681,-1.4825,18.317,1.7683,-15.806,-0.0011737,0.0048088,-0.0068483,-1.0206,0.0071457,-0.0049995,0.0086628,-0.29617,-5.0128,-2.8613,-32.232,1.69,17.731,1.7432,-17.451
45.4,0.011415,0.0051458,0.0062225,-0.99645,0.0041152,-0.00060161,0.0041832,-0.11371,-2.2254,-0.25819,-30.031,-0.0064776,19.496,0.3931,-17.977,0.0040579,0.010715,-0.0047608,-0.97515,-0.008935,-0.0042314,-0.0098744,-1.5171,-4.0685,0.088538,-31.038,0.25907,18.655,-0.91203,-17.603
45.5,-0.017069,-0.0070902,0.011696,-1.0019,-0.0022635,-0.0020986,-0.006884,1.7178,-5.0155,-0.0086608,-30.569,-1.7672,18.219,0.10819,-16.85,0.00096422,-0.001893,0.0032229,-0.99873,-0.0056416,0.00041713,0.0013207,0.72389,-4.6116,1.6552,-31.285,0.29646,19.795,-0.17693,-16.755
45.6,-0.0069921,-0.011292,-0.0080742,-0.98789,0.0029448,0.0017646,-0.0003495,0.94351,-6.0489,1.9415,-30.157,0.17968,17.356,0.002318,-18.802,0.0030411,-0.001692,0.0058886,-1.0117,0.0049122,0.0031638,-0.00036851,0.16816,-4.4132,-0.39276,-31.189,0.903,17.948,1.3548,-16.583
45.7,-0.011791,0.0097278,-0.0079602,-1.0054,0.010029,0.0021439,-0.00023478,1.9894,-4.201,1.4128,-30.566,1.4672,16.438,-0.28681,-17.052,0.014587,0.0031309,-0.0090421,-1.0099,0.0069869,0.0011681,-0.0022671,-0.87245,-6.0531,-0.94163,-32.043,3.028,18.261,1.2575,-17.75
45.8,0.0075728,0.0047805,0.022511,-1.0033,0.0081165,0.0040116,-0.0058103,0.75797,-5.4319,-0.33518,-31.09,1.8776,17.913,2.866,-17.098,-0.0025605,-0.018642,0.001925,-0.99639,0.00047464,-0.005167,0.0030621,-1.5515,-5.4931,-0.62906,-31.235,-0.063711,19.29,-1.1943,-16.778
45.9,-0.0036846,-0.0090077,-0.011311,-1.0142,-0.0022027,-0.00094304,-0.0038276,0.97567,-5.1988,-1.141,-31.626,-0.057652,16.973,-0.46263,-18.908,-0.0048372,-0.0035359,0.0093284,-0.99409,0.0032366,0.003436,-0.002333,-1.0839,-5.8922,1.2091,-31.826,1.0687,20.741,-0.13788,-17.615
46,0.0064325,-0.012837,0.0089713,-0.98666,-0.0065223,-0.00064153,-0.0054167,-0.065307,-3.757,-1.3765,-31.545,0.18426,19.586,-0.05714,-16.854,0.025005,0.0045841,-0.011861,-1.0066,-0.0013117,0.0028209,-0.0041567,0.13165,-3.4798,-0.035711,-31.561,0.14094,17.882,0.64379,-16.675
46.1,-0.0035335,0.003779,-0.0043498,-1.0154,-0.00865,-0.0037098,0.0029952,0.011275,-3.9929,-1.3811,-31.494,-0.80553,17.406,1.4815,-14.324,-0.0047691,-0.0025209,0.0059718,-0.99735,0.0089219,0.00011448,-0.0054057,-0.57404,-4.8893,-0.32983,-33.086,0.75714,18.574,-0.6674,-15.953
46.2,0.0046956,0.0062683,0.00034716,-1.0109,0.0017265,-0.003509,0.0046982,0.45293,-4.9947,-0.67769,-31.975,-0.39334,16.03,1.9726,-17.065,0.0094454,0.0087689,-0.0037718,-1.0058,0.0042614,0.0068043,0.0031501,0.12625,-3.1716,-2.4166,-31.111,-0.40611,17.996,-0.54598,-18.311
46.3,-0.020571,0.0091946,-0.025225,-0.99899,0.0046627,0.0064203,0.0041275,-1.2686,-5.4616,-2.0845,-29.652,0.84241,19.052,0.51469,-15.045,0.002981,-0.0083846,0.0048554,-1.0088,-0.0036089,-0.0092695,-0.0024853,1.7787,-5.6633,-0.019066,-31.386,-0.4343,16.63,-1.6697,-16.879
46.4,0.0084583,-0.0039062,0.0052622,-0.99056,0.0033342,0.0045188,-0.013571,0.16181,-3.551,1.4081,-31.282,0.90409,17.618,-1.4999,-16.222,0.00016977,-0.0054431,-0.015164,-0.99362,0.0024268,0.00076063,-0.0012173,-1.6753,-4.7589,-1.1569,-32.24,1.8651,18.069,-1.1675,-16.947
46.5,-0.026105,-0.0083976,-0.011871,-1.0147,-0.0027428,-0.0016919,0.0036962,1.4534,-4.9098,0.95341,-28.768,-1.9699,19.306,-1.2573,-18.234,-0.0025031,-0.0018911,0.0013718,-0.99993,-0.0019658,-0.0028724,-0.002417,-1.518,-4.6945,-0.88424,-30.251,-0.23501,18.326,0.68712,-17.621
46.6,0.005725,0.0090006,-0.0063948,-1.0021,-0.0024364,-0.0060073,-0.0037854,-0.071164,-4.6109,1.6722,-30.801,0.1976,18.873,1.2173,-16.903,0.0073155,-0.0012228,0.0067999,-1.0095,0.0021818,-0.0051467,-0.0071792,-0.057813,-4.2559,1.1265,-30.841,-0.47616,19.523,3.0346,-17.031
46.7,-0.0076858,-0.030595,-0.02061,-0.99983,-0.0015023,-0.00035517,0.0030944,-0.96979,-4.7883,-2.9703,-32.424,1.0379,17.525,0.81598,-14.879,0.0084055,0.020623,0.01115,-0.99884,-0.0031834,-0.0010714,-0.0050188,-1.5194,-6.0696,0.83343,-31.225,-0.80825,20.201,-2.0902,-17.159
46.8,-0.0040783,0.010936,0.0070787,-1.0084,0.0075451,0.0069388,0.00368,-1.3121,-3.4056,-0.81741,-31.042,0.75435,16.708,1.1518,-15.243,-0.012184,0.0026079,-0.0025858,-1.0058,0.0060318,-0.012907,0.0022055,1.4281,-7.7308,0.47109,-30.597,-0.60624,18.123,-2.1303,-15.889
46.9,-0.0089001,-0.0061504,-0.0019628,-0.98829,0.0029322,-0.0046808,-0.0092454,2.3039,-3.1429,-0.66172,-31.73,-1.0714,16.493,-0.96166,-17.746,-0.010795,0.0037394,-0.0055125,-1.0006,-0.010228,-0.0017944,0.0046954,-0.58351,-3.6847,-3.1611,-31.315,-1.4814,18.653,-0.73529,-19.123
47,-0.01861,-0.002726,-0.011218,-0.98121,-0.0015235,-0.0027423,-0.0016664,1.8207,-5.1221,-0.32528,-31.815,-2.2324,16.544,-0.92642,-17.381,0.0056626,0.0089376,-0.0024854,-0.99254,0.010532,0.0034679,0.0032663,-1.5329,-4.8925,-0.36374,-31.202,-1.8936,17.083,0.58284,-16.312
47.1,0.0041684,-0.01125,-0.0034707,-0.99454,-0.0047103,-0.0049374,-0.0039789,0.75696,-5.831,0.98281,-31.917,0.87675,19.278,-1.3051,-16.465,0.0015724,-0.013547,0.0056833,-1.0103,-0.0018631,-0.007537,-0.0022105,-0.77316,-3.844,-0.51402,-32.195,0.20313,18.806,-2.2495,-16.998
47.2,0.016749,0.001103,-0.0061344,-1.0095,-0.0020842,0.0087452,-0.0032846,-0.90604,-3.7293,-0.65256,-31.21,1.7444,17.21,-1.2213,-16.637,0.00016408,-0.016385,0.014171,-0.99953,0.005074,0.011886,0.012696,0.27599,-3.9796,0.4263,-32.557,-0.043035,20.2,-0.45029,-18.138
47.3,-0.0035697,-0.0048746,0.0021475,-1.0075,0.0015881,-0.0028495,0.0065502,-0.18591,-5.0538,-0.22849,-32.243,2.076,17.56,-1.1659,-16.224,-0.012489,0.010279,-0.0044838,-0.99464,0.0072851,0.0014481,0.0058566,1.6355,-5.4048,-0.93728,-31.236,-3.6173,19.165,-1.4788,-18.594
47.4,-0.017614,-0.0073417,0.0064748,-0.99276,-0.0029822,0.00021423,-0.0047607,-0.31054,-3.8235,-2.1128,-31.897,1.5912,18.57,0.14922,-17.097,0.0031858,0.0052886,-0.0027509,-0.99414,-0.0058581,0.0051471,0.0096343,2.7325,-4.1644,1.7612,-33.093,0.056817,17.363,-0.65614,-16.554
47.5,-0.0018873,0.0076199,-0.0079651,-0.99579,-0.0036281,-0.0098203,-0.0018331,1.1381,-5.5386,-0.079029,-33.149,-0.051035,17.908,0.13054,-18.688,-0.0060309,0.021752,0.0043553,-0.98447,-0.0041992,0.00074393,0.0085409,-0.32818,-4.1978,-0.77627,-33.07,3.2175,19.591,-0.2413,-16.064
47.6,-0.00019452,-0.014304,0.011567,-0.99366,-0.0027404,-0.00044142,-0.0049277,0.57376,-3.8094,1.2013,-31.904,-1.1271,19.167,-2.2517,-16.342,-0.016911,-0.0054541,0.0084435,-0.998,0.0038712,-0.00023492,0.0022545,-1.5901,-4.0543,-0.64366,-34.371,3.1246,17.459,0.77108,-17.65
47.7,-0.019808,0.0048039,0.0031398,-1.0099,-0.0017107,-0.0025644,0.0012382,-0.018904,-4.3304,-0.73592,-30.64,-0.61539,18.119,-1.3233,-17.356,0.0020129,-0.00025029,0.004569,-1.0072,0.0016364,0.0041345,-0.00045623,-0.4185,-4.0124,-2.8982,-32.474,1.074,18.098,1.5235,-16.904
47.8,-0.00030057,-0.0065975,-0.0094062,-0.99929,-0.0053211,0.0050921,-0.0031228,-0.16798,-3.7821,-1.8606,-29.903,0.091026,17.253,1.0687,-13.822,-0.012085,0.003628,-0.021014,-1.0047,-0.0084052,-0.002771,0.00082146,0.2073,-5.1658,-1.4127,-32.817,-1.955,18,-2.022,-15.656
47.9,-0.011041,-0.012609,-0.0072545,-1.02,0.00028265,-0.0028975,0.0018358,0.6519,-2.391,0.040676,-29.978,-0.92107,17.839,-2.4514,-16.084,0.0018715,-0.00095155,0.012526,-0.99997,-0.0045058,-0.0002184,-0.0027124,1.2215,-4.8342,2.5661,-32.423,-0.19109,16.139,-0.18495,-16.67
48,0.00045302,-0.0014716,0.0082755,-0.99864,-0.0031623,0.0025823,-0.0010716,1.105,-5.5201,0.086936,-31.976,-0.1052,18.713,-0.96496,-17.29,-0.0017575,0.0011564,0.0092279,-1.0055,0.0018877,-0.0030241,-0.0079003,-0.66546,-4.5411,0.42974,-31.877,-0.068823,17.836,1.3352,-16.867
48.1,-0.0057035,0.014419,0.011952,-0.998,-0.0010128,-0.012218,-0.0026403,-0.43789,-5.4095,-0.53937,-33.033,1.2189,16.539,-0.18954,-16.126,0.0030124,-0.0052939,-0.0019327,-0.98848,0.0066122,-0.00040906,-0.0037934,-0.55325,-4.7903,-1.1157,-31.962,-0.5672,19.012,2.4266,-16.557
48.2,-0.025063,-0.015535,-0.0072906,-0.99282,-0.0017544,0.0046657,0.0025298,-0.011522,-4.3604,1.0417,-31.762,-0.78593,17.885,0.38671,-16.265,0.00087738,-0.0019278,-0.0040927,-1.006,-0.002185,0.00053514,-0.0036292,-1.0241,-5.747,0.71405,-33.022,1.2526,19.318,0.46128,-18.688
48.3,-0.0027812,0.0033161,0.011873,-0.99888,-0.0018132,0.0033776,-0.00095603,0.44756,-6.1187,-0.91235,-31.841,-0.25336,18.727,0.06733,-15.88,0.011131,0.00014346,0.0055488,-1.0004,0.008598,0.0015944,-0.0021853,0.10871,-4.5764,0.70858,-32.719,-0.30362,17.572,-2.0972,-16.771
48.4,0.0084811,-0.005226,0.0041288,-0.97996,0.0026988,0.0054014,0.0080057,0.28793,-5.54,0.52754,-32.517,-0.70945,15.634,-0.51129,-16.42,8.4094e-05,-0.0033945,0.0011083,-1.009,-0.004976,0.0069189,0.010875,-0.46513,-5.2542,-0.28596,-32.701,-0.72682,17.897,-3.3284,-16.408
48.5,-0.010034,-0.0039294,-0.0051337,-1.0097,-0.0019723,-0.00075068,0.013666,-0.079631,-4.7811,-1.332,-30.631,0.87074,18.537,1.8068,-18.897,-0.00064279,0.0044307,0.020268,-0.9984,0.0030314,-0.0019456,0.0030901,0.3744,-2.488,-1.7234,-32.188,-0.099743,18.117,0.98314,-18.309
48.6,0.0059049,-0.0051886,0.0078795,-1.0129,-0.010008,0.0024988,-0.00078179,-2.3681,-7.1429,-1.7919,-31.949,1.3875,17.922,2.5522,-17.799,0.0029597,-0.0054025,-0.0012311,-0.99402,-0.0093501,0.0011943,0.0019125,0.27112,-3.5288,-0.76549,-32.902,-0.228,16.093,-0.14947,-16.374
48.7,-0.0080936,-0.0049785,-0.0012177,-0.99234,0.006475,0.0075185,-0.012211,-0.39346,-5.5871,0.018075,-33.091,0.79455,17.139,1.487,-16.645,-0.010037,0.0060172,-9.9078e-05,-0.98849,0.0081443,0.000787,-0.0043087,-1.8804,-2.5486,0.7028,-33.049,1.1984,18.429,0.83423,-17.31
48.8,-0.00090461,0.0076905,0.0013453,-1.0035,0.00031479,0.0013468,0.0031574,0.71398,-4.9093,-0.55136,-31.115,-0.83264,17.46,-1.3053,-15.269,0.0075442,-0.010775,-0.0055423,-1.0143,-0.0051535,-0.0060941,-0.0013022,-0.43957,-4.9473,-0.20224,-33.029,0.86356,19.352,-1.6329,-19.185
48.9,-0.0042596,0.0029421,0.0023156,-1.0071,-0.0012193,0.0043343,0.0025448,1.9548,-4.6559,1.4849,-31.897,-0.41652,18.738,-0.31598,-17.026,0.0012612,0.0033671,0.0027137,-1.0012,-0.00063872,-0.0046186,0.004339,1.1092,-4.1918,-0.4144,-32.24,-0.32368,17.67,-0.93855,-17.375
49,0.023563,-0.025651,-0.0049257,-0.99141,-0.00029646,0.0012598,0.0031435,1.0859,-5.5635,-0.84921,-32.31,0.69092,18.251,0.70325,-19.543,-8.2142e-05,0.015712,0.0037476,-1.0081,0.0017245,-0.0056831,0.0059457,0.08638,-4.4183,-1.811,-30.135,-0.35961,17.266,2.1817,-16.949
49.1,0.0066037,0.0016813,0.0056417,-0.98812,0.0040315,-0.0066572,-0.0035818,-0.2892,-3.9573,-1.6559,-32.016,0.22938,17.619,1.6964,-17.16,-0.0067597,0.013189,0.019298,-1.0076,-0.0010628,-0.0048739,-0.0023593,-1.7626,-4.2797,-2.5026,-32.199,2.7935,18.271,0.10576,-17.919
49.2,0.0077358,0.0094661,-0.0058802,-0.99889,-3.2703e-06,0.0042375,4.2887e-05,1.0879,-5.7227,-1.5279,-30.826,0.69129,18.949,0.62278,-17.614,0.0099268,-0.004237,0.012936,-0.99892,0.0053802,-0.0007809,-0.00097722,1.5917,-2.446,-1.8275,-32.403,0.28507,18.269,0.26018,-16.31
49.3,0.0049228,0.0026412,0.0042121,-1.0073,0.00097475,-0.0037098,0.0026285,1.4472,-3.7755,-1.5668,-34.194,-0.24127,18.852,-0.8856,-16.674,-0.010429,0.0019164,0.011588,-1.0054,-0.0042339,0.00051846,0.0046871,1.0143,-3.9726,1.2079,-32.685,-0.49082,18.278,0.63234,-16.459
49.4,0.0036634,0.013495,-0.018924,-0.99489,0.0013797,-0.0044113,-0.0018171,0.36872,-4.0503,-0.069587,-32.363,-0.89765,17.065,1.0124,-17.949,0.0063651,0.0086665,-0.0096711,-0.98592,-0.0032253,0.0020099,-0.0004866,1.291,-4.7312,0.37526,-32.727,-0.30952,18.157,-1.9991,-15.725
49.5,-0.0016182,-0.0027441,-0.0038713,-1.0119,-0.0034985,0.0047258,-0.0044037,0.67289,-6.5413,-0.14212,-32.239,0.58659,18.883,0.34165,-16.811,0.01621,-0.00034089,0.0056157,-1.0223,0.0061953,0.0070277,-0.0032537,-0.41033,-4.9304,1.2532,-33.405,0.67161,16.874,1.6513,-16.707
49.6,0.0025518,0.0093817,0.0045823,-1.0048,-0.0068046,0.0056986,-0.0026699,-0.0067478,-4.2124,-1.2987,-30.848,0.46529,17.231,0.074747,-14.18,-0.015173,0.010909,-0.010449,-1.01,0.0067729,0.0082196,-0.002924,0.93472,-4.0857,-1.6057,-30.945,-0.54973,17.848,0.27216,-17.198
49.7,0.0018587,0.00869,0.00060926,-0.99169,-0.0016249,-0.003633,0.0010921,-0.9716,-3.7704,-1.8565,-32.222,-0.21392,15.917,1.5806,-17.115,0.010132,-0.00052633,-0.0069784,-0.98956,-0.0044057,0.0041229,-0.00084055,1.2672,-4.2801,-0.37651,-32.258,-0.78648,15.999,-0.081647,-16.473
49.8,-0.024131,0.0027238,-0.011363,-0.99438,0.0088652,0.0014831,-0.0034956,-0.22364,-4.3974,-0.85528,-31.531,0.45889,18.777,0.46406,-16.953,-0.0036935,-0.007679,-0.0014093,-0.99609,0.0011265,-0.00017168,-0.0062245,0.68817,-1.8017,-0.61644,-32.954,0.11977,16.997,0.15183,-17.004
49.9,0.027276,-0.0001298,0.012353,-1.0078,-0.0023015,-0.0037882,-0.0058085,0.72776,-3.5876,0.023983,-32.623,-1.4502,18.33,0.26133,-16.288,0.0021997,0.0034484,0.0068549,-0.9978,-0.006003,0.00052507,0.0045576,1.192,-4.1233,1.2533,-31.947,-0.56708,17.209,-2.0681,-16.812
50,0.00077982,-0.014807,0.014606,-0.99094,0.011316,0.0052622,0.0049939,-1.7233,-5.3159,-0.17786,-32.582,1.203,17.105,1.7355,-16.853,-0.0073119,-0.0068879,-0.032428,-1.0075,-0.0047493,0.0027035,-0.0079389,-0.71527,-4.3554,-1.9304,-31.377,0.49473,18.773,0.90008,-16.578
50.1,-0.00069618,-0.011075,0.012654,-0.99541,-0.00069601,0.0023797,0.0014772,-0.91267,-6.2251,-2.0111,-31.062,1.405,18.718,0.088169,-15.555,-0.019841,0.0081896,0.0010506,-0.99332,0.0041663,-0.0023027,-0.0015657,-2.2365,-2.9747,-2.0405,-32.737,-0.20783,18.425,0.7651,-15.495
50.2,0.0066881,0.012353,0.010326,-0.98867,0.0053319,0.0010841,0.0087815,-1.0377,-5.0705,0.87934,-33.051,-1.2858,17.529,0.4376,-16.378,-0.0025802,-0.0051061,0.019837,-0.99652,0.0022499,-0.00093816,-0.0011732,-1.1313,-3.0946,-0.8394,-32.835,0.25178,19.796,2.2816,-16.796
50.3,-0.0061374,0.005943,-0.0036949,-1.0083,0.012371,0.0016502,-0.0044365,1.5181,-3.5291,0.38526,-31.599,-0.9072,15.925,-1.7657,-17.069,0.0072667,-0.008945,-0.014995,-0.99383,-0.0054355,0.0038507,-0.0033564,0.3618,-5.0814,1.0493,-32.729,-0.18981,19.144,-1.3709,-14.475
50.4,-0.0085433,-0.0065528,-0.0045264,-1.0107,-0.0076014,-0.0057852,0.00022278,0.18842,-3.8541,2.212,-33.274,-1.4068,18.141,-0.76964,-15.526,-0.0023203,0.0025525,-0.01535,-1.0041,-0.0005522,0.0061204,0.004809,1.2167,-5.2557,0.31505,-31.508,-0.99959,18.195,-2.0045,-15.307
50.5,-0.0086003,0.010302,0.004587,-1.006,-0.0017282,-0.0029753,-0.0022083,-0.9691,-2.2667,-0.08876,-33.231,-0.15857,16.693,1.7964,-15.922,0.0017594,0.0029714,-0.0067613,-1.0042,0.0060807,-0.0022652,0.0043607,-0.36813,-3.359,-0.3772,-31.978,-1.7853,16.845,-0.3686,-15.163
50.6,0.0054441,0.013914,-0.0067448,-0.99235,-0.0041429,-0.0011947,0.0029639,-2.1182,-2.9018,-1.0141,-33.919,0.5026,18.517,0.1147,-15.933,-0.0018302,-0.00058423,0.0069457,-1.0178,-0.0021412,0.0062389,0.0024518,-0.89582,-1.6287,-0.4432,-32.928,-0.4854,16.416,-0.48706,-18.25
50.7,-0.0028293,0.011984,0.0042869,-0.99714,0.0068377,-0.002046,0.0051494,0.1095,-5.033,0.80021,-33.515,0.24219,17.673,0.99606,-16.456,0.0083793,0.0041469,0.0026548,-0.99652,-0.0010951,-0.0012678,0.0042714,-0.13973,-4.9194,0.64218,-32.99,-0.94454,18.056,2.0066,-17.23
50.8,-0.002644,-0.0044986,0.0027734,-1.0029,0.0018062,0.0030988,0.001245,-0.29239,-2.8802,1.0435,-32.917,-1.2409,17.556,-0.18817,-16.251,-0.022926,0.0020432,0.0013341,-1.0191,0.00072757,-0.0043245,-0.0072854,0.23388,-3.9626,-0.73911,-31.084,-1.8781,18.893,1.256,-15.561
50.9,0.0025952,0.015143,-0.0091078,-1.0008,0.0037397,-0.0032115,0.0068622,0.086988,-3.1545,0.47909,-32.794,-0.30082,18.276,-0.99803,-16.668,-0.0046778,0.014205,-0.00016133,-1.004,0.0069913,-0.00020095,-0.00012781,-1.315,-4.936,-1.3123,-34.085,-1.763,20.027,0.89821,-18.17
51,-0.0011231,-0.0039655,0.0061337,-0.98691,0.005419,0.0084655,0.0046045,-0.40094,-2.9291,0.51478,-31.877,-1.095,17.361,-1.5841,-15.873,-0.0055534,-0.0038967,-0.01136,-0.99619,0.00052517,-0.00055013,-0.01228,-0.76738,-5.4224,1.3392,-32.207,-0.27382,17.977,1.4815,-16.185
51.1,-0.012046,-0.0073934,-0.0097316,-0.99822,-0.0015191,0.0058196,-0.003879,-0.18674,-2.4992,0.25683,-33.491,0.010576,17.561,-1.5643,-16.953,0.0086197,0.011139,0.0052687,-0.99319,-0.0014265,-0.0057338,-0.0073261,-0.38084,-5.8243,0.62267,-31.628,0.27211,17.963,-1.0772,-15.311
51.2,-0.0085986,-0.0001096,0.0066358,-1.0102,-0.00149,0.0054494,-0.0031948,-0.7105,-4.8863,0.082958,-32.749,-0.95066,19.14,-0.81444,-18.91,0.0019858,-0.0056108,0.013537,-0.99972,-0.0044735,0.0079976,0.0048387,-1.2079,-3.0846,-1.1319,-31.586,0.12951,19.808,2.1788,-18.384
51.3,-0.0072865,0.015194,0.012565,-1.0213,-0.0013255,0.0081019,-0.01003,-2.8074,-4.9512,-0.42422,-34.171,-0.59967,17.078,-1.2381,-16.166,-0.011044,-0.0040017,-0.003675,-0.99432,-0.0071796,-0.00029874,0.0010821,-1.386,-5.1902,-1.4012,-32.8,0.91659,19.615,1.3844,-17.306
51.4,0.0020131,-0.0031474,0.0020156,-1.009,-0.0046549,0.0031691,-0.0066979,1.0157,-3.5005,-0.54097,-33.159,0.29563,15.98,0.631,-17.668,-0.016497,0.00081782,0.017165,-1.0025,-0.00014915,-0.0011462,0.0036836,-0.67578,-4.4583,-1.6335,-35.05,0.98635,19.277,0.35378,-13.933
51.5,0.00065107,0.018729,-0.0064157,-0.99291,-0.00090696,0.0047697,-0.003984,-1.1168,-5.3635,2.0505,-34.079,-0.8213,18.73,-0.76197,-16.652,-0.0011077,-0.0052346,-0.0017305,-1.0005,0.0014241,0.0070709,0.0014454,-0.037523,-4.1767,-0.39352,-33.689,0.077854,19.091,-0.24699,-14.615
51.6,0.0021908,-0.0098032,0.0063542,-1.0077,-0.00078959,0.0057114,0.003615,1.6289,-4.1426,-0.90003,-31.885,2.0598,16.618,-1.3424,-16.511,0.0035122,0.0039156,0.010527,-0.99317,-0.0080321,-0.0029059,-0.0037852,-1.1543,-1.9968,1.4768,-32.106,0.11047,18.956,-0.90959,-17.846
51.7,0.0037398,0.0048945,-0.021541,-1.027,0.011812,-5.8538e-05,-0.00097539,-1.4825,-2.082,-0.49455,-31.484,0.028629,17.691,0.32488,-17.197,-0.011346,0.0059244,-0.012808,-1.0125,-0.014885,-0.0055867,0.0061746,0.55812,-4.4916,-1.946,-32.364,-0.14753,17.495,1.3087,-17.719
51.8,0.0015927,0.008795,-0.0086476,-0.99096,-0.0038271,0.0035473,-0.0015326,-0.62514,-2.6778,-1.1431,-33.718,0.19422,16.854,0.8286,-16.045,-0.003962,-0.011145,0.0074557,-0.99314,0.00050545,-0.0062111,0.0030619,-1.903,-4.3927,1.0098,-33.595,2.8907,18.752,-0.35942,-14.494
51.9,-0.0019721,-0.0081008,-0.0063289,-1,-0.0053786,0.0013839,-0.001034,-1.1815,-5.7794,-0.86322,-31.515,0.84698,18.314,-0.4536,-18.06,0.010014,-0.0014762,0.0011152,-1.002,-0.0014923,-0.0075649,-0.0016777,2.2842,-4.8403,-0.89446,-33.408,-0.01988,19.55,1.0341,-17.092
52,0.0070787,0.0030006,0.0020933,-0.99353,-0.0014603,-0.0020764,0.0041046,-0.2796,-4.9983,1.3989,-34.108,-1.8572,17.98,-0.079549,-19.185,-0.0063217,-0.0048951,-0.0053017,-1.0165,-0.00059822,-0.0049962,-0.0056596,0.29186,-5.2552,-2.2914,-33.571,-0.98981,18.415,2.049,-16.461
52.1,0.0092435,0.014184,-0.0090169,-0.99375,-0.0139,-0.0026275,-0.0022891,0.30677,-4.5182,1.6265,-33.734,1.0972,19.488,-1.3635,-16.917,-0.0048704,-0.0070076,0.022858,-0.97891,-0.0059113,-0.0049391,-0.0042557,1.9204,-3.5196,-0.42303,-32.107,-0.76601,17.449,0.41678,-17.806
52.2,-0.0020711,0.0047684,0.0073808,-0.98909,-0.0014284,-0.004905,0.00081969,-1.824,-4.0378,1.5936,-34.076,-0.96836,19.323,0.085031,-16.506,-0.0026644,-0.0010252,-0.010908,-0.98485,-0.0039674,0.0004719,-0.0068429,-0.95449,-3.8038,-1.4611,-32.738,1.4909,18.909,-0.059313,-17.389
52.3,-0.0053905,-0.01529,0.011359,-0.995,-0.0038513,-0.0070264,-0.00096161,1.088,-2.4054,-1.9549,-32.699,1.6262,17.204,1.0759,-17.699,-0.0049008,0.019818,-0.0099475,-1.0166,-0.0013244,-0.0030169,0.0021371,1.4046,-4.7781,0.21524,-32.251,1.1698,17.605,0.26493,-17.876
52.4,0.00073507,-0.0012518,-0.0073271,-0.99395,0.00086378,0.0045726,0.0069934,-1.384,-3.478,-1.4414,-32.902,0.92679,18.866,-1.1398,-17.368,-0.0010054,-0.0087174,-0.015573,-1.0056,-0.0060094,0.0022025,-0.0010082,0.30641,-6.0037,-0.44476,-32.339,-0.01132,19.086,-0.89832,-15.607
52.5,0.013819,0.010656,-0.012583,-1.012,-0.0041137,0.0002751,-0.0065619,0.085308,-3.8617,-1.2653,-33.197,0.74927,18.473,1.4936,-16.324,-0.022972,0.027789,0.0023278,-1.0076,-0.0028566,-0.011865,0.0021484,0.142,-4.0067,-0.50474,-34.5,-1.0515,18.021,-0.31454,-15.013
52.6,-0.0072663,0.0026434,-0.009431,-1.0112,0.0035783,0.004954,-0.004206,-0.052949,-4.9698,-0.24656,-34.812,-0.066328,19.413,0.7163,-17.861,-0.00018102,0.014252,0.010957,-0.99038,0.0040027,-0.0067615,-0.0021045,0.90127,-3.357,0.49837,-33.194,-0.68859,15.845,-1.4149,-15.719
52.7,-0.014067,0.0031858,-0.00029429,-0.99583,-0.00016145,-0.0043845,0.00040291,0.039437,-4.2311,1.2015,-34.309,-1.1696,18.005,-0.41427,-15.905,-0.014127,0.011613,-0.0099312,-0.98779,-0.0052071,-0.0044112,-0.0047125,0.55075,-3.0366,-1.2351,-33.936,0.18711,18.706,0.56323,-16.514
52.8,-0.0027264,-0.010046,-0.0047079,-1.0133,-0.0017097,-0.005328,-0.0055963,1.9475,-4.2538,-0.58833,-34.832,-0.96193,19.002,0.37489,-18.164,-0.0023293,0.001814,0.017404,-0.98207,-0.0031805,0.0052835,-0.001225,0.01908,-3.5418,-3.565,-34.229,0.52643,16.628,-0.98548,-17.501
52.9,0.008288,0.0039837,0.0034662,-0.99518,-0.0050677,-0.0020139,0.009689,-0.27525,-4.0032,-0.37207,-34.413,1.4064,19.56,0.10892,-17.401,0.013181,0.0042107,-0.0093693,-1.0003,-0.0029959,0.0034899,-0.0029176,-0.24147,-4.7343,-0.64625,-32.898,-0.28632,17.916,0.90809,-14.974
53,-0.0043028,-0.014729,0.0096764,-1.0079,-0.00080024,0.0056842,0.0020496,-1.864,-3.8739,-2.0568,-33.302,-0.48294,20.8,-1.0372,-14.293,0.0081085,-0.018905,0.00027324,-1.0161,-0.0061507,-0.001303,0.0036714,1.8554,-4.3084,0.45186,-32.738,0.97046,16.255,-1.8367,-16.132
53.1,0.005176,0.0062702,0.00022886,-1.0051,-0.0019545,-0.00093449,0.0023514,0.058295,-2.3284,-0.59589,-35.213,1.1797,21.055,2.2484,-16.75,0.001997,-0.010003,0.0090347,-0.99413,-0.001827,0.0093184,0.0049267,0.21972,-3.3204,-1.3587,-33.443,-1.504,18.365,-1.5849,-16.567
53.2,0.011799,-0.010412,-0.0068447,-1.0064,0.0069689,-0.00083448,0.00072179,1.0209,-4.2673,-1.2553,-34.901,0.7008,18.093,0.36371,-18.05,-0.014076,-0.006733,0.0037406,-0.99398,0.002108,-0.0030723,0.0023122,1.7011,-2.6287,-0.65339,-34.028,-0.44319,20.379,-1.6913,-18.534
53.3,0.010667,-0.014275,-0.0036216,-1.013,-0.0010136,0.010867,0.0070763,-1.3248,-2.2772,-0.61939,-32.831,-1.4762,19.525,0.90743,-16.758,0.0010236,-0.0044661,0.0031665,-1.01,0.0043965,-0.0023785,-0.0024461,-0.66821,-1.8806,-1.1478,-31.894,1.2083,19.205,0.48945,-18.403
53.4,-0.0026498,0.015187,-0.0040227,-1.0029,-2.697e-05,-0.0038078,-0.00019421,-1.2827,-2.5986,-0.51828,-35.423,-0.82263,21.053,-1.4589,-16.591,-0.011203,-0.0079377,0.022348,-0.99016,-0.00044126,0.0078026,0.0069287,-0.62919,-6.595,-1.7999,-33.952,1.5647,19.294,-0.18044,-16.626
53.5,0.0044829,0.005574,-0.009769,-1.0042,-0.00017002,-0.0079291,0.0043272,-2.4322,-2.225,-0.78363,-34.44,1.9757,18.757,0.59002,-17.012,-0.01067,-0.018078,0.01298,-0.99191,-0.0035566,-0.00022368,-0.010033,-0.32119,-4.2788,0.94874,-33.465,-0.34026,18.979,0.21955,-17.441
53.6,-0.01074,-0.0047007,0.0055113,-0.99674,0.0013569,-0.0030348,-0.010167,-1.6058,-3.6116,-0.71446,-33.961,1.3088,17.209,-0.2004,-17.003,-0.011456,0.013052,-0.0085134,-1.0004,0.0017001,-0.008383,0.0039103,-0.87516,-3.4589,2.408,-33.775,-0.10458,19.135,-1.6752,-17.415
53.7,-0.0043913,0.013508,0.010692,-0.99792,-0.00093656,0.00053002,-0.00036941,0.58693,-3.5022,-0.69988,-33.954,0.093455,18.746,0.57908,-15.871,0.012922,0.008858,0.0013651,-1.0057,-0.006049,0.0025613,-0.0039147,-0.20823,-4.5065,0.51553,-32.065,0.68533,18.515,0.66369,-16.741
53.8,-0.0022239,-0.0039833,-0.00055325,-1.0067,0.0072556,0.0025038,0.004104,0.83225,-4.4325,1.5019,-32.604,-1.3836,17.525,1.4623,-16.568,0.0043962,0.011952,0.0051494,-1.0198,0.0060343,-0.0061819,-0.00025525,-0.85461,-3.5504,-1.948,-33.495,-0.073752,17.378,0.77792,-17.22
53.9,0.0016457,-0.0031234,-0.00075496,-0.98787,-0.0066997,-0.0082605,-0.0025044,0.12051,-2.0622,-0.41225,-35.875,0.72084,16.361,-0.49125,-14.795,-0.0079119,-0.013848,0.0079843,-0.98514,0.0025653,-0.006161,0.00090205,-0.22526,-4.729,-1.5319,-34.109,2.1731,19.472,-0.59809,-15.673
54,-0.0052426,-0.012847,0.0036842,-1.0031,0.0053901,0.0037322,0.0027775,0.23799,-4.0572,-1.7445,-34.44,-1.3604,19.232,-0.075898,-18.796,-0.0052392,0.011108,-0.011342,-0.97694,0.0079161,-0.0032332,0.0087894,0.75492,-6.2708,0.8379,-34.849,-0.12618,19.568,0.82139,-16.524
54.1,-0.0039367,0.01103,-0.0061459,-1.0001,0.0026415,0.0037139,0.0049282,-0.77902,-6.1678,-1.9262,-34.286,0.18781,20.192,-1.2819,-16.524,0.011852,0.011779,0.010037,-1.0111,0.0016777,0.0049612,-0.0056374,0.73075,-3.7563,1.0512,-33.794,-0.63622,20.158,-0.13756,-15.227
54.2,-0.0067276,0.0087855,-0.0034615,-1.0145,-0.00011713,0.0027078,-0.0052678,1.2408,-3.9058,-1.0443,-33.606,0.56444,20.378,-0.87758,-18.542,-0.016441,0.016792,0.0054997,-0.98651,0.0017244,0.0064922,-0.0025883,-0.49241,-3.436,0.77957,-34.845,-1.2507,17.37,0.73104,-15.301
54.3,-0.0099048,0.014356,-0.014536,-1.0103,0.0049171,0.0013322,0.0045993,2.7648,-3.866,-0.014441,-34.377,-0.39396,20.199,-1.6657,-16.903,-0.018607,0.0079586,0.0097048,-1.0151,-0.0036433,-0.0036607,-0.0018759,-1.9312,-4.0199,-2.3354,-32.795,1.1255,18.614,-1.557,-19.079
54.4,0.0018149,9.7347e-05,0.0022826,-1.0076,-0.001054,-0.0082785,0.0058356,-2.097,-6.6189,-0.27648,-35.324,0.46673,18.106,1.2227,-17.119,0.0038881,-0.022504,-0.021214,-1.009,0.0064149,0.0079131,0.0066364,0.18591,-4.048,-0.31806,-34.819,-1.7528,18.447,0.45576,-15.785
54.5,-0.0085195,0.0041554,-0.011694,-0.99922,-0.011788,0.0062468,0.0064246,-0.56735,-6.5927,0.50236,-34.288,-0.76959,20.641,-1.9881,-16.287,-0.015592,0.017028,-0.016657,-1.0082,0.010978,0.00068764,0.00082879,-0.2684,-4.661,1.4259,-32.893,-0.5062,19.603,0.57232,-15.087
54.6,0.013672,-0.0072859,-0.011948,-1.0182,0.0033791,-0.002694,0.0022229,1.9231,-4.0067,-1.8139,-34.938,0.6693,17.614,1.1781,-17.869,0.014238,-0.0041542,-0.0068831,-1.0095,-0.0087909,-0.0034359,-0.00050638,2.5848,-4.5115,1.1714,-33.963,-1.6713,19.638,-0.55544,-17.481
54.7,0.0064494,0.0083829,-0.00097173,-1.0237,-0.0020172,-0.0051719,-0.0032892,2.4116,-5.6633,-2.2906,-34.202,1.2068,17.871,-0.66038,-17.438,-0.0097356,0.0064993,-0.010718,-0.9924,-0.0053213,-0.0011924,-0.0043349,0.045558,-4.3784,0.6747,-34.205,1.9839,19.439,0.37277,-17.787
54.8,0.003062,0.026153,0.0043929,-0.99483,-0.0068411,-0.0018668,0.00075514,0.43303,-3.5095,1.694,-32.933,0.3615,18.66,-2.6301,-16.976,-0.0067609,-0.012876,0.011569,-0.99824,-0.0095034,-0.0086768,0.0055252,-1.6913,-4.7958,1.2843,-33.304,0.69183,17.579,-0.85465,-16.798
54.9,-0.018158,0.013694,-0.0090813,-0.99955,-0.010167,-0.009445,0.0019005,-0.27899,-3.3713,0.24731,-34.63,0.42085,16.927,0.63981,-17.81,-0.0081431,-0.0026012,0.0026969,-1.0055,7.7629e-05,0.0018925,-0.0021688,-0.80963,-2.9824,2.0901,-32.877,0.19575,20.125,-2.4487,-17.818
55,0.008915,0.005513,0.01898,-1.0015,0.006633,-0.0017567,-0.0019572,-1.3357,-6.537,-2.4261,-35.555,0.6418,19.021,1.3632,-18.767,0.0078322,-0.0068303,0.004545,-1.0078,0.0014178,0.0044573,-0.0013737,-0.68609,-3.3698,0.59303,-34.128,0.20274,18.678,1.2643,-17.262
55.1,-0.010711,-0.0036169,-0.0033268,-0.99344,0.00065734,-0.0028927,-0.0058808,-0.32588,-4.5661,-0.69296,-35.172,1.0233,18.974,1.2004,-18.093,0.0084617,-0.012873,-0.0025108,-0.98558,0.0051958,0.0006301,-0.0048921,0.36464,-2.9732,0.22895,-35.17,-0.87885,21.308,1.7332,-18.604
55.2,0.0084993,-0.013031,0.0038862,-0.98965,0.0063172,-0.0032595,0.002349,0.74727,-3.5215,0.73264,-34.805,-0.51949,20.696,-0.17585,-15.311,0.004941,0.013256,0.0062384,-0.98591,-0.006417,0.00475,-0.0030828,2.0855,-3.6636,-0.040624,-34.426,-1.5636,16.943,-0.53751,-14.693
55.3,0.010856,0.0052348,-0.0013509,-1.0179,-0.0023775,-0.0003553,0.0074151,-0.61392,-4.3444,0.39745,-33.334,-1.2457,19.283,-2.0004,-17.92,0.013431,0.0052818,0.020172,-0.99758,-0.0044235,7.1539e-05,0.0054526,-0.41323,-3.0286,2.2349,-32.787,1.6788,18.691,0.068631,-17.11
55.4,-0.0072695,0.0096483,0.0029811,-1.0098,0.0048216,-0.0045052,-0.008829,1.3482,-3.6104,0.13658,-34.221,1.8759,18.214,-1.9896,-17.158,0.0077126,-0.00045298,0.012187,-1.009,0.0021461,-0.0038277,-0.0013848,-0.45597,-4.0859,-2.2898,-33.53,0.76909,18.464,1.1945,-19.162
55.5,-0.0090894,-0.0071356,-0.0040588,-1.0008,0.0037336,-0.0022932,0.0088542,-1.8421,-2.1049,-1.6989,-33.809,0.08078,21.343,-0.42913,-16.752,0.011256,-0.017541,0.0072372,-1.0036,0.0048032,-0.0082885,0.003261,-0.13438,-3.7189,-0.12677,-35.736,0.90218,18.673,-1.4447,-16.547
55.6,0.00078526,0.0019737,-0.012189,-1.0191,0.0083545,3.2109e-06,-0.010187,-1.0387,-4.183,-0.93642,-34.291,-0.12887,17.119,0.4939,-16.41,0.00052294,0.0096513,-0.024321,-1.0071,-0.002009,-0.007865,0.0055773,-3.7991,-0.75384,-0.3432,-35.351,-0.24688,18.58,1.0418,-15.685
55.7,-0.00087489,-0.01225,-0.0075185,-0.98665,-0.0052881,0.00494,-0.016791,-1.6939,-3.9013,0.71461,-32.613,0.14204,19.195,1.0458,-17.466,-0.011565,-0.012296,0.0090584,-0.99066,0.00049706,-0.010447,-0.0046137,0.81984,-2.1868,0.3088,-35.005,-3.5435,20.085,-0.87758,-14.723
55.8,-0.010513,0.015174,-0.027515,-1.0121,0.00034301,-0.0029724,0.0038409,0.086768,-6.6318,-0.70804,-35.036,-1.099,20.984,0.60607,-16.983,0.0044139,0.011262,-0.0061824,-0.99394,0.0063051,-0.015814,0.0083816,0.38903,-2.4314,0.66134,-35.747,-1.1096,18.81,-1.8422,-16.741
55.9,-0.003617,-0.028969,0.0089291,-0.99909,-0.0080901,0.0066052,-0.0098706,0.32642,-3.4358,-0.72713,-36.058,-3.3413,18.469,-0.016831,-17.695,0.00091199,-0.0094007,0.0055219,-1.0101,-0.0037159,0.0055712,0.0084825,0.6412,-3.2069,-1.78,-32.376,1.1885,18.388,0.37611,-16.747
56,0.010058,-0.0097958,0.0097306,-1.0064,-0.0044857,0.0018234,0.0040851,0.057487,-4.0964,-1.2735,-35.556,0.59191,18.549,0.21599,-16.78,-0.018937,0.003675,-0.0042263,-1.0049,9.769e-05,-0.003708,0.0039031,-1.8484,-3.5924,-0.60404,-35.057,2.031,20.591,0.548,-15.262
56.1,-0.0073332,0.006731,0.002989,-1.0135,-0.0021603,-0.0012525,0.00029224,0.70626,-3.8121,-2.277,-33.503,-0.37051,19.526,1.9311,-16.178,-0.020661,-0.0087271,-0.010153,-0.99773,0.004423,0.0014902,0.00035435,-0.42934,-4.3692,-3.0355,-34.197,0.31606,19.728,1.2826,-17.475
56.2,-0.023256,-0.002787,-0.00076611,-0.98569,0.0016065,-0.0033355,-0.0017313,0.30536,-5.111,0.085747,-34.754,0.48322,19.729,0.36904,-17.473,0.0077126,-0.020236,0.00065083,-0.99994,0.0046323,-0.0035618,0.0023637,1.6219,-4.2178,1.1448,-34.835,2.355,19.336,0.77299,-17.927
56.3,-0.010346,0.0074778,-0.0053513,-0.98726,-0.0066704,9.0481e-06,-0.010861,-0.16637,-3.7969,1.3678,-34.266,0.21687,20.44,-0.55004,-16.585,-0.00050006,0.0068811,-0.0006755,-1.0098,0.0066028,-0.0015114,-0.0020515,-0.74206,-3.7504,-0.1253,-34.479,-0.75685,19.061,-2.2016,-16.678
56.4,-0.026233,0.0075242,0.006747,-0.99555,-0.0055309,0.00017818,-0.0074617,0.03271,-4.481,1.1845,-36.594,-0.10195,17.925,-1.5037,-18.127,0.0038692,-0.0019276,-0.0076206,-0.98399,-0.0031264,0.0041614,0.00076855,0.16837,-3.0601,0.065815,-36.483,-0.64078,19.331,-3.2747,-17.876
56.5,-0.0065178,0.0040485,-0.015069,-1.0024,0.00015727,-0.0018127,-0.0022918,-0.82675,-2.9596,-1.7051,-36.523,0.55302,21.344,1.6472,-19.344,0.0036331,-0.0084172,-0.013195,-1.0182,-0.0049624,0.0021714,0.0045849,-1.2846,-4.2642,-0.39189,-33.086,1.1675,17.657,0.47933,-17.193
56.6,-0.00026467,0.011877,0.0037274,-1.0042,0.0022974,-0.0051,-0.0058055,-1.0383,-5.0324,0.3429,-36.026,0.20858,18.306,1.0647,-19.117,0.004035,0.00071248,0.00051527,-1.0008,0.0095737,-0.0065658,-0.0035401,1.3302,-2.6534,0.010002,-32.588,0.71094,19.733,0.25283,-16.681
56.7,0.0078628,0.012164,-0.00084644,-1.0048,0.00040047,-0.0070971,-0.0055784,0.73797,-4.6024,0.64671,-33.118,-0.070494,19.562,0.21097,-19.288,0.0049143,-0.004526,0.014072,-1.0036,0.001172,-0.0036043,-0.00058588,-0.67112,-5.4271,-0.69833,-36.098,-0.93611,20.233,-0.60833,-16.031
56.8,-0.0057344,-0.0045894,0.01826,-1.0044,0.0035654,0.0046364,0.0014406,1.6439,-5.256,2.0792,-35.084,-1.164,17.975,-0.081295,-17.513,0.017877,-0.00072895,0.0014944,-1.0056,-0.0010374,-0.0053797,0.0045463,1.3827,-4.1702,1.1871,-35.552,-3.0706,22.576,-0.32261,-18.223
56.9,0.013363,0.014163,-0.0065067,-1.0011,-0.0083931,-0.00014037,-0.015248,0.78105,-4.4182,-1.6865,-35.048,-2.6606,17.917,1.0553,-16.66,-0.0054768,-0.0097026,-0.0025382,-1.0062,0.0054823,-0.0086214,0.0023417,0.017204,-3.2295,-0.9439,-34.143,-0.079939,17.889,1.0311,-17.514
57,0.016462,-0.014095,-0.01689,-0.99697,0.0018479,0.0061354,-0.0030676,-1.0762,-3.0088,-1.2511,-36.079,1.3544,17.834,1.4409,-15.844,0.027705,-0.014914,0.013256,-1.0012,0.0031886,0.0054413,-0.0028655,-2.1243,-3.2859,-1.7051,-34.436,0.2809,20.936,0.78077,-16.3
57.1,-0.012206,0.0060644,0.013573,-1.0186,0.0019978,0.004033,0.0019672,-0.4343,-5.7527,-1.0558,-35.942,1.1058,18.8,1.8597,-17.949,0.018511,-0.010587,-0.0037142,-1.005,-0.0025002,-0.0046636,-0.0096475,-0.41336,-3.5832,-1.4564,-35.704,0.0047901,19.039,0.84585,-16.158
57.2,-0.005107,-0.001439,0.00099511,-0.99217,-0.0038651,-0.0048819,-0.0043238,-1.4168,-4.4544,-0.089892,-36.439,0.65803,19.131,0.0094876,-19.661,0.0063033,0.0055095,0.0070512,-0.99154,0.0070158,0.0052526,-0.0019814,0.8551,-5.2668,0.14653,-36.486,-0.70588,19.989,-1.1254,-16.753
57.3,0.0055945,0.0060347,-0.0031125,-0.99958,-0.0003782,-0.0068391,0.0044951,1.8376,-3.7539,-0.10778,-36.349,0.71054,18.732,0.38967,-18.318,-0.0050583,0.014082,-0.010793,-0.99756,0.0012541,-0.0063343,0.0053985,-0.72844,-3.6953,2.33,-35.708,-0.48941,19.943,-0.42494,-18.484
57.4,-0.0023165,-0.012554,0.0064362,-1.0152,0.00015071,0.0068221,-0.0030984,-0.6575,-1.9848,0.072139,-35.088,0.74098,18.094,0.50516,-16.434,-0.016152,-0.0044958,0.013289,-0.98858,0.0010202,-0.0035504,0.00302,-0.31226,-4.989,-1.0203,-36.858,-1.451,19.269,-0.83131,-16.117
57.5,-0.0046078,-0.013517,0.016737,-0.99298,-0.0047602,0.0042788,-0.0012074,0.85772,-2.9185,1.4304,-35.813,1.2703,18.212,0.62328,-17.228,-0.0020474,0.010253,0.0041335,-0.98779,-0.0058571,-0.0038541,-0.0013342,-1.0902,-3.2407,1.3076,-36.178,0.84086,19.14,0.30019,-17.941
57.6,0.0039884,-0.0014802,-0.0020064,-1.0084,-0.0019767,0.0015504,0.0013226,0.59214,-6.5428,-1.1032,-34.753,1.3848,19.356,1.8547,-14.793,0.0057823,0.01236,0.0081285,-1.0037,-0.0019047,0.006047,-0.0052684,-0.20924,-3.3831,-0.012737,-36.132,0.21727,18.346,0.087093,-16.291
57.7,-0.0024173,0.0015409,-0.0035349,-1.0068,-0.0019079,0.0042458,-0.0089373,0.015932,-5.0264,-0.42946,-37.336,2.0574,18.547,-1.2169,-15.876,0.010744,-0.0068113,0.0065689,-1.0001,-0.0010879,-0.0088842,-0.0033625,-0.70624,-4.1133,1.6875,-34.935,0.18169,19.478,0.83161,-15.219
57.8,0.0026757,-0.0071014,-0.0062366,-1.0087,0.0063249,-0.00023147,0.011009,-0.77976,-3.9921,0.81011,-33.517,-0.95117,20.451,0.4062,-17.62,-0.012027,-0.0024494,0.013212,-1.0141,-0.0077381,0.001237,0.0092541,0.63272,-2.5431,1.4656,-34.958,0.16915,17.84,0.39485,-15.319
57.9,0.0031009,-0.0013396,0.0086338,-0.99535,-0.0099079,0.002046,0.0096586,-0.58254,-5.0352,-0.24013,-35.24,1.4553,19.503,-0.90244,-16.201,0.011169,-0.010212,0.0021994,-0.98273,-0.0044353,0.0038418,-0.0081721,0.15783,-2.0078,1.118,-34.751,-1.4798,18.595,-0.17219,-16.161
58,0.0024193,-0.012371,0.0047446,-1.0006,-0.0070913,-0.0060859,0.0015593,0.36258,-4.3675,0.36208,-33.639,0.32478,19.054,-0.10515,-16.98,-0.0075599,-0.0086203,0.0025839,-1.0032,-0.0022546,0.00087782,0.0056649,-1.9082,-3.6767,0.018149,-34.82,0.87304,19.997,-0.49659,-16.055
58.1,-0.0014059,0.016061,0.010244,-1.0073,-0.0015572,0.0020439,-0.0006151,-0.14194,-3.7953,-1.0612,-35.77,1.0306,20.1,-0.29278,-17.252,0.0023774,0.0028006,0.012119,-1.0046,-0.0069305,0.0034487,-0.0024856,-0.95327,-4.3518,-0.64748,-36.409,0.77078,17.381,0.060442,-17.659
58.2,0.013653,0.01559,0.0025716,-0.98784,-0.011859,0.0077889,-0.0062549,-0.35947,-3.6134,-0.058338,-37.111,-0.37845,18.734,-0.19031,-17.529,-0.013245,-0.00020023,-0.014255,-1.0008,-0.0025246,0.0053046,-0.0044334,1.4088,-4.3877,0.73253,-34.278,-1.246,18.192,-1.5888,-17.731
58.3,0.01223,0.0057338,-0.028508,-0.99046,-0.0010808,-0.0010998,-0.0013954,0.083919,-3.4969,0.59721,-34.409,-3.2963,20.841,-1.6796,-15.944,-0.011136,0.0034232,-0.0067132,-1.0012,-0.0073964,-0.012812,0.01146,-0.067541,-2.2672,-0.067405,-34.992,-2.3279,17.891,-0.83083,-16.15
58.4,-0.0031679,-0.013527,0.0021122,-0.99817,0.00089899,-0.0067373,-0.0015775,-1.4032,-3.753,-0.56519,-34.198,0.12812,18.959,-0.16915,-17.551,-0.0030696,-0.0079746,-0.0045076,-0.9883,0.0011813,0.0026432,0.0042713,-0.71872,-2.8138,0.7292,-36.265,-0.72689,18.6,-0.8297,-16.858
58.5,0.016709,0.0084209,0.0057264,-1.0075,0.0046055,-0.0062749,-0.0080604,-1.0013,-3.4778,-0.57556,-35.292,-0.32617,19.379,1.0752,-16.969,-0.014096,-0.013863,0.0042273,-1.0019,0.00021204,0.0020119,0.0030667,-0.96026,-2.9287,0.69716,-33.487,1.0099,17.357,0.38031,-14.664
58.6,-0.011962,-0.0050249,-0.019553,-0.98909,0.0032625,0.0062285,-0.0039539,-2.1865,-6.3845,0.22263,-37.845,1.4486,19.663,0.3511,-17.684,0.0071891,0.00021757,-0.0076089,-1.0003,-0.0035658,0.002581,0.0030861,1.8545,-4.1282,-1.0138,-36.013,0.36159,18.618,2.3368,-16.052
58.7,0.0031218,0.011539,0.00083908,-1.0027,-0.0026882,-0.0012702,-0.0025684,1.7029,-6.0139,1.2184,-34.568,-2.2306,21.011,-0.84767,-16.891,-0.0013606,0.016086,0.00071704,-1.0111,0.0016531,0.009644,-0.0099375,-0.17526,-3.9659,2.2524,-34.984,0.71769,19.612,-1.833,-15.924
58.8,-0.014035,-0.017085,-0.0080152,-0.9892,0.00059758,0.0030819,0.0015311,-0.49689,-4.7485,-0.68329,-36.415,-1.2391,19.778,-0.91408,-16.13,0.0070617,-0.011539,-0.013241,-0.99975,0.0072217,0.0058619,0.0029791,1.2309,-3.4131,-0.068855,-35.671,-1.43,18.878,-0.87065,-15.36
58.9,-0.01266,-0.0039151,0.013489,-1.0027,-0.0032886,-0.013448,-0.0040873,0.60797,-3.5401,0.35128,-36.255,0.67314,19.722,-1.253,-18.126,0.005705,0.00015455,-0.0045042,-0.99217,0.00075153,-0.0052539,-0.0087035,0.9966,-2.045,0.53811,-35.982,0.2023,18.023,0.57347,-14.259
59,0.014393,-0.015229,-0.005465,-0.99959,0.0042214,0.0053294,0.00066908,-1.1158,-3.9262,0.31058,-35.08,0.044472,17.28,0.041374,-15.198,-0.016925,-0.010151,0.0097912,-1.008,0.0003543,-0.010177,0.0037387,1.0521,-3.6067,-0.41469,-35.728,0.17805,16.965,0.33707,-16.628
59.1,0.0016738,-0.0044921,0.0012502,-1.0149,-0.0021817,0.00063505,-0.0085318,-0.28059,-3.4508,-0.98881,-35.785,1.539,20.521,1.5088,-17.661,0.013982,0.0075551,-0.0060803,-1.0058,0.0016392,0.00059498,0.00050479,-1.5091,-4.3099,-0.50613,-34.098,0.15834,18.118,1.0631,-15
59.2,0.010527,0.0028682,-0.0194,-1.0069,0.0013462,0.0036529,-0.0061077,0.088926,-3.134,1.1322,-35.699,1.3703,21.315,0.67414,-15.66,-0.0045449,-0.0076641,-0.012691,-0.99764,7.9102e-05,0.010625,0.00015064,0.37202,-2.4988,1.6451,-34.4,-0.052272,19.082,0.27727,-14.127
59.3,0.0066421,0.010142,0.0034218,-0.99706,0.0003845,0.0020711,0.00015386,0.67465,-3.2254,0.84963,-35.418,0.77973,18.943,-0.20397,-17.807,-0.0061562,0.016219,0.0066485,-1.0164,-0.0078378,0.0070051,0.005373,1.9943,-4.374,1.7498,-33.809,1.0366,18.938,0.24265,-16.4
59.4,-0.0039321,-0.00069913,0.0012749,-0.99424,-0.00059949,-0.0033124,0.001832,-1.0269,-3.6211,-0.81871,-36.073,-0.20222,19.21,-0.62806,-17.11,-0.0040895,0.010435,-0.0059621,-0.99765,0.0039318,0.0011667,-0.0059679,0.17942,-3.6509,-0.42751,-36.292,-1.3378,19.011,-0.099268,-16.022
59.5,0.011328,-0.004019,-0.028321,-1.013,0.0015481,-0.0018642,0.0018148,0.77523,-3.6846,-2.6561,-36.304,-0.51608,19.55,0.41237,-16.302,-0.0040346,0.0025308,0.007246,-0.99418,-0.00087664,0.0035447,0.0055893,-0.89851,-1.451,1.4581,-34.521,0.72742,18.042,1.2405,-16.788
59.6,-0.0026767,0.0023555,0.00073184,-1.0102,0.0014636,-0.0058012,-0.0027542,0.60444,-2.9202,-0.66044,-35.868,0.26588,19.994,0.0452,-18.332,-0.0094956,-0.0055898,-0.0070722,-1.0124,0.0070763,-0.006444,0.00063455,-1.0483,-2.6352,-2.9095,-35.714,0.7864,19.771,1.5853,-15.815
59.7,0.0018412,0.0067895,0.0089223,-0.99763,0.0037107,-0.00044967,-0.00073508,0.75911,-4.0597,2.6026,-35.303,-1.0222,18.112,0.073637,-17.739,-0.0080402,-0.00077847,-0.0001699,-0.98267,-0.00055238,0.002904,-0.0028777,-0.48911,-5.8454,-1.3807,-37.099,0.64993,18.407,2.8072,-15.326
59.8,-0.0029111,-0.0027205,0.0029135,-1.0027,0.00088896,0.0073859,-0.0030972,1.1318,-5.4525,-0.029857,-36.921,-0.58295,17.429,-2.1787,-15.959,0.0039258,-0.017481,0.0020131,-0.99892,0.0011074,-0.0030405,-0.0031085,2.4242,-4.1681,0.81632,-35.669,-0.79868,18.475,-1.3292,-14.856
59.9,0.0075435,-0.016448,0.0036683,-1.0013,-0.0058449,0.0017619,0.0032448,-0.069967,-3.0057,1.0031,-35.102,1.9422,17.206,-0.18095,-17.126,-0.028648,0.0021825,-0.011379,-1.0008,-0.0031762,-0.0062696,0.0003515,0.3606,-2.6402,1.0487,-38.307,0.97021,18.548,-0.65618,-16.913
60,0.011203,-0.0044873,-0.0093368,-1.0213,-0.0066113,-0.0011745,0.0014759,-2.4478,-4.2095,-2.073,-36.351,0.79478,19.394,0.099967,-15.784,4.05e-05,0.0050738,0.012503,-1.0139,-0.0021213,-0.009639,0.0031798,-0.97043,-2.165,1.1988,-36.55,-2.0414,19.164,0.28441,-16.766
