time,q1_healthy,q2_healthy,q3_healthy,q4_healthy,omega1_healthy,omega2_healthy,omega3_healthy,wheel1_i_healthy,wheel1_w_healthy,wheel2_i_healthy,wheel2_w_healthy,wheel3_i_healthy,wheel3_w_healthy,wheel4_i_healthy,wheel4_w_healthy,q1_faulty,q2_faulty,q3_faulty,q4_faulty,omega1_faulty,omega2_faulty,omega3_faulty,wheel1_i_faulty,wheel1_w_faulty,wheel2_i_faulty,wheel2_w_faulty,wheel3_i_faulty,wheel3_w_faulty,wheel4_i_faulty,wheel4_w_faulty,
0,0,0,0,0,0,0,0,0,0,0,0,0,0,0,0,0,0,0,0,0,0,0,0,0,0,0,0,0,0,0
0.1,-0.73594,-0.00046465,0.10789,-0.68071,-0.0079419,-0.00055162,0.0048868,-0.69946,2.8569,0.37378,-0.24395,-1.2231,1.086,0.28289,0.27027,-0.69869,0.0072306,0.11696,-0.70716,0.0071964,-0.0071006,-0.0021515,-1.2492,-1.2826,1.5324,-0.99851,-0.020749,-1.6807,-1.8583,-0.51487
0.2,-0.7105,-0.0021041,0.12498,-0.70807,-0.00079156,-0.0020659,0.00048038,-0.57522,1.5969,-0.062087,-0.2687,-1.1863,1.8033,-0.58612,-0.71844,-0.71112,-0.0026292,0.11805,-0.71286,-0.0073506,-0.0029358,0.0065047,1.094,-1.3054,-0.86525,-0.69616,-0.99464,0.90668,-2.8793,-0.97364
0.3,-0.7135,-0.0033454,0.13881,-0.69785,0.0013559,-0.0032562,0.0045293,3.264,1.2865,-0.47144,1.3163,-1.8834,-0.62194,-1.4675,-1.8017,-0.70756,0.0094667,0.11926,-0.70724,-0.0023885,-0.0059435,-0.0033599,1.3369,2.1745,-1.9028,0.4743,-0.90319,-1.1423,-2.1662,-0.17567
0.4,-0.70737,0.0058414,0.10042,-0.67803,-0.0082357,-0.0010716,0.0047956,1.9351,0.23077,-0.14354,-1.0221,-0.49427,-2.1623,-1.3449,0.041893,-0.72123,0.018749,0.12892,-0.69699,-0.0074019,0.0064537,0.008472,1.3547,0.32113,-0.26861,-1.1643,-0.49976,-1.6555,-3.9188,1.0065
0.5,-0.68985,-0.008413,0.11711,-0.69713,0.00077867,0.00014138,0.0082702,-0.30545,1.8405,0.030389,-1.0832,-1.0902,0.49629,-1.5745,-0.92582,-0.72354,0.0075317,0.10833,-0.69634,0.00086686,0.0026936,0.0014408,-0.17626,2.5996,-0.55077,1.484,-2.6295,-0.20673,-1.8735,-0.77203
0.6,-0.71345,0.012221,0.11739,-0.6976,-0.0096847,0.001128,0.015061,1.6402,1.3923,2.3469,-0.33428,-1.004,-0.13246,0.96745,-0.65986,-0.7014,0.0054175,0.12649,-0.70192,-0.013649,-0.011237,6.8907e-05,0.7497,2.771,0.96955,-1.8237,-1.1642,-2.5452,-1.3408,-2.1449
0.7,-0.69441,-0.0052184,0.11481,-0.70739,-0.0044798,0.002227,0.018816,2.144,2.3818,0.82767,1.4645,-1.587,-3.8039,-1.4043,-1.669,-0.69026,0.0051369,0.12503,-0.69769,-0.0031389,0.0032177,0.0088754,1.142,1.7473,0.78986,0.26421,-1.5824,-3.2756,-1.085,-1.1787
0.8,-0.70366,-0.0035639,0.10613,-0.70613,-0.0076393,0.0037515,0.0050388,2.8297,3.9102,-1.207,-0.35262,-2.4756,-3.3259,-0.94209,-1.955,-0.70191,-0.0071065,0.12558,-0.69881,-0.0090624,-0.0035679,0.013339,-1.3149,1.2854,-0.77745,0.58207,-2.4237,-5.0522,-2.1167,-2.6744
0.9,-0.69918,0.010535,0.1112,-0.70862,-0.017798,-0.0049756,0.014034,-0.42067,1.6775,0.47077,-0.86498,-2.3497,-3.1229,-2.0979,-2.4795,-0.70875,0.0079149,0.11935,-0.69399,-0.012296,-0.0040963,0.010974,0.60229,2.8301,-0.30747,0.90403,-0.067186,-2.6575,-1.6703,-1.2098
1,-0.70559,-0.0010823,0.13358,-0.70082,-0.016718,-0.0047208,0.013092,-1.0634,2.8439,1.484,-0.28212,-0.41898,-2.1087,1.0096,-2.1207,-0.69667,-0.0098465,0.12782,-0.69907,-0.012063,0.0058351,0.010841,1.2055,1.9504,-0.87868,-0.85874,-0.55143,-4.3004,0.40783,-3.4382
1.1,-0.70094,-0.0038132,0.12087,-0.68632,-0.019468,0.0077132,0.012518,2.2856,2.7028,1.0802,-0.18771,0.91859,-2.1173,-1.2753,-3.7852,-0.71906,0.0088784,0.11693,-0.67919,-0.017434,-0.010795,0.019562,1.1145,1.5809,-0.21941,0.43359,-0.27229,-4.4437,-1.8633,-3.3989
1.2,-0.70707,0.020985,0.13568,-0.71195,-0.017437,-0.007193,0.01604,2.3777,2.8692,-2.0267,-1.166,-1.3788,-3.8218,-1.227,-2.4719,-0.71028,0.0055901,0.10476,-0.69949,-0.015337,-0.019696,0.023824,0.099261,2.4043,-0.73137,0.70973,0.52295,-4.7961,-0.54028,-3.9389
1.3,-0.70483,0.0023722,0.13615,-0.70902,-0.016551,-0.0051437,0.021915,-0.22692,4.0312,-0.30713,0.3064,0.023228,-5.1501,-0.63247,-4.0676,-0.70063,0.0039536,0.12852,-0.70343,-0.019268,-0.002174,0.018701,1.3124,2.738,-0.77941,2.1196,-1.3674,-2.7141,1.4014,-4.3821
1.4,-0.72693,0.014055,0.11931,-0.70391,-0.017211,0.0017746,0.016385,0.58762,3.4995,1.5788,-1.0829,-2.5381,-5.2272,-0.77021,-5.3135,-0.70199,-0.00030156,0.098143,-0.6947,-0.021331,-0.0076636,0.018526,1.0199,4.254,-0.72121,-0.18065,-1.7291,-2.9817,-2.5315,-3.6639
1.5,-0.69612,0.020818,0.10958,-0.71551,-0.020546,-0.0051776,0.022634,1.3491,3.6165,-0.58489,1.1139,-2.0015,-6.7354,0.69692,-5.0197,-0.67605,0.019655,0.12414,-0.70436,-0.022803,-0.0066364,0.029595,-0.69823,4.0787,-1.7426,-1.3136,-0.81602,-5.6947,-1.7244,-5.2672
1.6,-0.69865,-0.0047336,0.12309,-0.69436,-0.020914,-0.010315,0.031044,0.80274,4.0846,-1.091,-0.10342,-0.40158,-5.4633,-0.51421,-5.5819,-0.70734,0.0027487,0.12139,-0.71473,-0.021649,-0.0027727,0.025694,0.96081,4.5144,0.67887,1.2583,-0.063372,-5.2983,-1.8595,-5.5064
1.7,-0.71762,0.0015517,0.12331,-0.70383,-0.020991,-0.010943,0.037302,0.082071,4.1153,-0.14125,-1.2657,-1.4963,-5.0174,-0.1065,-6.7509,-0.70791,0.00023246,0.13935,-0.68995,-0.021345,-0.0067626,0.015845,1.172,3.4164,0.27162,-0.57009,0.46528,-4.8762,-2.254,-5.3637
1.8,-0.68298,0.0022891,0.12093,-0.69952,-0.013654,-0.011217,0.032525,1.4695,5.9846,-0.025725,-0.86029,-1.0464,-5.5899,-1.0729,-5.5126,-0.7096,0.021,0.12261,-0.70165,-0.036585,-0.0069878,0.028086,1.3736,4.4549,0.24946,-0.14997,-2.6477,-6.8239,-1.0896,-4.4247
1.9,-0.71519,0.017013,0.13956,-0.70883,-0.036068,-0.00286,0.031419,2.2143,5.5605,-2.9372,-1.3131,-1.4022,-5.9307,-1.4683,-6.7712,-0.68951,0.003822,0.12838,-0.71752,-0.023364,-0.0070611,0.031131,0.37581,4.6135,-1.8604,-1.8125,-3.2801,-6.5603,-0.7836,-6.187
2,-0.69311,0.010944,0.12736,-0.70983,-0.031776,-0.0082606,0.033085,1.3594,5.5695,-0.29468,-2.09,-0.56304,-8.4915,-0.33942,-6.9199,-0.70142,0.013438,0.11502,-0.69909,-0.026897,-0.0089784,0.027704,0.48838,4.2483,-1.4067,-1.0017,-1.8884,-4.7403,-0.45618,-7.7103
2.1,-0.70253,0.0061868,0.12766,-0.71798,-0.030823,-0.0096663,0.028322,0.92145,4.3833,-0.14173,-0.46701,-1.6612,-7.8441,-2.8679,-6.2421,-0.7018,0.024462,0.10806,-0.72261,-0.028955,-0.0083725,0.031847,0.96079,5.9187,-0.90303,-0.18383,-0.51848,-6.5732,-2.2383,-7.1835
2.2,-0.69007,0.023583,0.10626,-0.70148,-0.033979,-0.017368,0.036015,3.5487,4.9568,0.43637,-1.5167,-2.3777,-7.7234,-1.7851,-8.3127,-0.70282,0.017925,0.1465,-0.71744,-0.028408,-0.012541,0.02809,0.21591,4.3096,0.1732,-2.0015,-1.6883,-7.4815,-0.26092,-7.2236
2.3,-0.69452,0.010045,0.11872,-0.70858,-0.035466,-0.014784,0.04137,-0.94933,5.862,-0.32404,-1.5305,-1.016,-7.7534,-0.9091,-6.2732,-0.67661,0.01194,0.11396,-0.73065,-0.035704,-0.017168,0.024948,0.38334,3.5488,-1.0837,-2.0636,-1.2194,-6.9535,-0.12518,-6.7703
2.4,-0.69821,0.015693,0.10747,-0.71051,-0.029823,-0.012719,0.033687,2.822,5.8343,-0.87597,-0.29519,-1.0709,-8.4342,-2.9636,-8.7222,-0.70561,0.010948,0.089061,-0.70764,-0.034124,-0.0066108,0.029972,1.5277,8.1577,-1.2942,-0.93669,-0.442,-6.5752,-1.5111,-8.7014
2.5,-0.69134,0.0049606,0.11002,-0.72137,-0.036921,-0.010794,0.039645,1.7155,8.2829,-2.1908,-1.043,-1.4988,-7.1811,0.49935,-8.6612,-0.71485,0.0091137,0.10773,-0.72393,-0.039511,-0.0094661,0.026875,0.31672,5.5047,0.32418,-3.0936,-0.10464,-6.3718,-0.43912,-7.1466
2.6,-0.68541,0.018602,0.14065,-0.72047,-0.036788,-0.0098662,0.040576,0.90905,6.1169,-1.4154,0.23889,-1.7081,-5.0219,-2.22,-7.5924,-0.69737,0.029531,0.11806,-0.73604,-0.042586,-0.016313,0.043369,0.46604,8.6188,-0.43563,-1.5588,-1.9762,-7.8748,-0.6041,-8.949
2.7,-0.69586,0.0127,0.11359,-0.71697,-0.038513,-0.0047206,0.044468,0.66603,7.2881,-1.7309,-0.32061,-1.7862,-10.038,-1.2736,-9.2561,-0.68627,0.025542,0.10084,-0.71927,-0.038824,-0.0066632,0.038065,-0.069029,7.0231,-1.2422,-1.3176,-1.9705,-10.021,0.057667,-9.6451
2.8,-0.69195,0.025637,0.11651,-0.7349,-0.040378,-0.0044256,0.039557,-0.55814,7.9567,-0.64715,-1.8136,-0.89223,-10.968,-0.34325,-10.471,-0.7008,0.027821,0.10835,-0.705,-0.045604,-0.016322,0.045929,1.7773,7.6223,-1.9103,-0.74313,0.29923,-8.6989,-0.49859,-11.105
2.9,-0.68961,0.033855,0.10994,-0.72922,-0.03905,-0.0031774,0.045892,-0.32957,7.365,-0.23992,-1.1991,-2.7809,-9.5114,-0.23769,-10.09,-0.68644,0.03306,0.11759,-0.71149,-0.051301,-0.0019846,0.042052,1.6836,9.3237,-1.4428,-1.1692,-0.9928,-9.7399,-1.6366,-12.381
3,-0.67239,0.019282,0.10405,-0.72135,-0.054813,-0.010972,0.045017,-1.6179,7.2454,1.7144,-1.4157,0.062018,-9.0835,-1.2608,-9.6146,-0.67525,0.025027,0.10569,-0.7318,-0.038968,-0.020913,0.042204,1.2414,6.5931,-1.6379,-0.25943,-0.87803,-10.674,0.012052,-10.722
3.1,-0.68627,0.013203,0.1178,-0.72848,-0.060648,-0.018852,0.044353,0.77194,9.0119,-0.21221,-3.327,-0.80107,-11.265,-1.8227,-10.608,-0.66972,0.034231,0.093395,-0.72516,-0.050338,-0.015491,0.052932,1.2049,9.3084,-1.4802,-0.25464,0.15292,-8.9631,-1.9765,-11.079
3.2,-0.6754,0.015095,0.10388,-0.70414,-0.045006,-0.0071646,0.051499,0.036352,7.3496,0.21649,-3.1385,-1.8877,-10.932,-1.0594,-10.925,-0.68689,0.023346,0.10068,-0.71393,-0.049745,-0.010478,0.055713,1.3209,10.19,-2.0437,-3.2129,-3.4981,-10.744,-1.3519,-11.164
3.3,-0.66686,0.035595,0.11005,-0.71003,-0.048756,-0.014198,0.050819,-0.21247,7.9042,0.12094,-2.947,-1.5202,-10.031,-1.1204,-11.717,-0.69592,0.030156,0.11201,-0.72588,-0.050672,-0.015857,0.04202,2.853,8.9608,-1.5872,-1.8112,-3.3457,-11.143,-0.68952,-12.109
3.4,-0.68012,0.031697,0.090052,-0.71999,-0.052212,-0.022442,0.052977,2.0874,9.2554,0.78615,-3.8344,-1.7491,-10.856,-1.3546,-11.73,-0.68322,0.04169,0.10458,-0.71872,-0.056107,-0.017284,0.054163,1.0071,7.407,-1.8475,-3.1388,0.63258,-10.988,-1.9433,-12.722
3.5,-0.68015,0.024267,0.10169,-0.74413,-0.055362,-0.013171,0.046899,1.8948,10.285,-1.5777,-3.4392,-1.574,-11.219,-3.135,-13.854,-0.68682,0.033491,0.11578,-0.73098,-0.050072,-0.0071547,0.046751,1.3281,8.3615,-0.85049,-3.1681,0.030904,-9.5177,-0.93433,-10.83
3.6,-0.69104,0.026159,0.087004,-0.72295,-0.04968,-0.0067071,0.058948,1.1822,9.0427,0.31925,-0.83706,-0.59764,-10.628,-2.9628,-13.55,-0.67312,0.037094,0.098842,-0.74066,-0.051574,-0.016691,0.060121,2.3417,10.272,-1.2022,-3.3081,-0.21656,-10.269,-1.1484,-13.487
3.7,-0.66712,0.045427,0.089021,-0.75763,-0.053217,-0.0070156,0.050451,0.14567,10.315,-1.0127,-2.9545,-0.14324,-12.835,-2.3354,-14.046,-0.65939,0.038847,0.090248,-0.71543,-0.052795,-0.0097034,0.05581,1.3182,10.95,-0.43798,-2.2395,-0.72875,-12.132,-1.6168,-13.614
3.8,-0.66859,0.040486,0.09923,-0.73157,-0.058946,-0.023578,0.053351,1.0514,8.9451,0.82366,-1.9048,-0.070643,-12.676,-0.89581,-13.735,-0.67499,0.035207,0.086317,-0.75064,-0.058087,-0.018066,0.046766,0.44229,10.124,-1.9032,-2.9995,-1.2013,-13.217,-0.56587,-13.236
3.9,-0.66398,0.051883,0.099085,-0.76602,-0.046677,-0.016743,0.048752,3.2016,11.059,-0.1419,-3.0787,0.41951,-13.57,-1.219,-13.476,-0.64749,0.064167,0.10042,-0.74355,-0.053674,-0.012178,0.059298,-0.62768,9.6725,-1.384,-4.179,1.0795,-13.556,-0.79259,-13.776
4,-0.64821,0.045318,0.086654,-0.75454,-0.05459,-0.028689,0.052294,0.26019,10.142,-0.0661,-4.5052,-2.2258,-13.91,-2.952,-12.95,-0.67673,0.053167,0.10896,-0.74292,-0.057415,-0.010939,0.058325,1.1276,12.745,-1.8911,-4.0131,-1.368,-11.177,-2.0035,-16.48
4.1,-0.65393,0.036877,0.082707,-0.72366,-0.057591,-0.0048873,0.063909,1.1883,8.7512,-2.2682,-4.801,-1.1267,-12.883,-0.27471,-12.375,-0.65332,0.049437,0.087786,-0.75046,-0.058932,-0.016233,0.055896,-0.11714,12.234,-0.28608,-3.6345,-0.10196,-12.507,-1.7132,-14.303
4.2,-0.65412,0.045177,0.10872,-0.74343,-0.055867,-0.016371,0.059555,1.3355,10.084,-1.4915,-4.3357,0.1024,-11.817,-1.847,-14.771,-0.65454,0.044925,0.079903,-0.76006,-0.060367,-0.01505,0.058779,0.47086,8.719,-1.5982,-4.6061,-0.45559,-14.256,-1.1279,-14.878
4.3,-0.64471,0.043602,0.075944,-0.73667,-0.060554,-0.00031531,0.059043,0.49134,12.167,-0.49232,-5.7415,1.6194,-14.512,0.021132,-14.543,-0.66265,0.066049,0.097953,-0.75013,-0.065647,-0.012994,0.055333,1.957,11.772,0.015954,-7.218,-0.78384,-13.643,-0.89094,-17.035
4.4,-0.65956,0.053815,0.096974,-0.7396,-0.061938,-0.014178,0.064397,1.9346,11.569,0.15112,-5.546,0.75188,-12.262,-0.67285,-15.891,-0.65755,0.050254,0.085716,-0.76908,-0.059908,-0.013814,0.064112,1.2591,11.767,-0.32101,-6.7776,-1.5262,-12.372,-1.5922,-13.329
4.5,-0.65311,0.055294,0.095178,-0.75325,-0.06701,-0.019338,0.06345,-0.76086,10.956,-1.3995,-5.7801,1.1032,-12.284,0.73474,-16.57,-0.65975,0.069072,0.082433,-0.74695,-0.072302,-0.015007,0.061063,2.0588,11.096,0.10763,-5.8076,-0.095209,-14.685,-0.57169,-17.093
4.6,-0.65076,0.023316,0.099675,-0.77404,-0.068498,-0.014798,0.069204,2.2256,12.273,-3.7231,-5.5486,-0.97272,-13.596,-0.77091,-16.857,-0.66206,0.049472,0.080939,-0.74887,-0.061542,-0.009405,0.062354,2.7736,13.067,-0.61204,-8.1338,-0.78925,-12.504,-0.15033,-14.041
4.7,-0.64271,0.071144,0.078912,-0.75439,-0.071578,-0.015387,0.062353,-1.3777,13.29,-0.90647,-6.5571,-1.4859,-13.24,0.34041,-17.404,-0.6493,0.078511,0.091952,-0.74104,-0.071181,-0.01545,0.060783,0.41914,11.436,0.18282,-7.7272,-1.66,-14.096,-0.28427,-16.71
4.8,-0.6459,0.061462,0.07418,-0.75848,-0.07386,-0.011928,0.073108,0.43386,13.053,-0.90028,-6.2391,1.1258,-12.982,-1.1564,-18.872,-0.63995,0.065493,0.10218,-0.76521,-0.06509,-0.012233,0.070134,1.3514,13.833,-1.7357,-8.1052,-0.56079,-13.204,-0.15725,-18.188
4.9,-0.63462,0.069371,0.075674,-0.75659,-0.07646,-0.020477,0.070248,1.7372,14.193,-0.63664,-7.5205,0.46356,-13.334,-1.2989,-17.93,-0.6275,0.066948,0.077316,-0.75537,-0.066777,-0.013023,0.05431,0.045686,10.655,-1.7065,-6.4553,0.52284,-13.326,-1.1263,-15.844
5,-0.63633,0.069559,0.078815,-0.77117,-0.071172,-0.012072,0.074557,-0.083742,15.093,-1.9865,-5.1975,-1.2664,-12.3,0.61488,-17.433,-0.6244,0.073045,0.081009,-0.76933,-0.081552,-0.011104,0.070415,0.979,12.284,-1.108,-8.2528,-1.6559,-12.558,-1.48,-17.482
5.1,-0.63041,0.068789,0.07577,-0.77495,-0.074794,-0.01605,0.060574,0.74708,14.432,-0.33998,-8.654,0.72595,-14.923,-1.2953,-18.668,-0.63871,0.060262,0.074374,-0.77495,-0.08033,-0.012231,0.058985,2.3672,12.673,-1.6083,-8.7887,-0.6988,-13.906,-0.72965,-18.644
5.2,-0.62505,0.059349,0.060372,-0.75945,-0.077962,-0.016862,0.072323,-0.87973,12.334,-1.6339,-7.0987,0.049132,-14.132,0.67565,-18.683,-0.62963,0.097167,0.07084,-0.75614,-0.076752,-0.002307,0.065886,0.54968,13.657,-2.3095,-8.1407,-1.0872,-13.273,0.43167,-17.779
5.3,-0.62796,0.070746,0.073224,-0.7805,-0.075262,-0.01297,0.074513,2.003,14.794,0.44035,-8.5181,0.42758,-11.686,-0.76,-20.067,-0.65824,0.083167,0.067186,-0.75721,-0.084156,-0.014626,0.071831,1.2222,16.313,-2.4186,-7.5104,-0.60187,-13.364,-0.56669,-20.373
5.4,-0.62108,0.076431,0.066045,-0.78395,-0.07342,-0.017806,0.077308,-0.0083647,15.464,-0.72359,-8.8687,-1.2243,-16.551,-1.1524,-20.212,-0.62683,0.065803,0.059284,-0.77491,-0.077067,-0.011421,0.073733,0.58524,15.075,-1.6904,-9.0274,0.60969,-13.496,-4.3793,-19.897
5.5,-0.62155,0.092925,0.07006,-0.77682,-0.079613,-0.014823,0.072733,0.11628,14.165,-0.21966,-7.8082,0.028049,-14.389,-0.43005,-18.524,-0.59768,0.069709,0.057318,-0.78453,-0.082111,-0.01394,0.062923,0.43036,15.161,-1.0206,-8.6175,-1.7449,-15.042,0.099531,-18.57
5.6,-0.63134,0.094908,0.072817,-0.76032,-0.088734,-0.014,0.071455,0.65026,14.421,-2.9746,-9.7116,0.22989,-14.89,1.4304,-21.567,-0.62397,0.092537,0.066998,-0.77991,-0.085004,-0.012581,0.080328,1.1554,14.309,-2.8152,-10.437,0.40466,-13.783,-1.5611,-20.921
5.7,-0.59736,0.096476,0.062918,-0.77641,-0.078141,-0.009368,0.06117,2.8251,15.411,-2.7572,-9.1587,-1.0143,-14.322,-4.0428,-20.198,-0.61377,0.097893,0.05063,-0.78514,-0.078486,-0.020097,0.065452,0.88243,14.911,-1.3926,-10.173,1.8946,-14.381,-1.0005,-20.233
5.8,-0.61647,0.088248,0.070481,-0.78712,-0.087665,-0.012879,0.072735,0.6598,15.471,0.24544,-10.401,-0.093558,-14.702,-0.057821,-22.499,-0.61499,0.087964,0.060698,-0.79423,-0.08589,-0.0097687,0.073213,0.4338,15.121,-0.94429,-10.038,-0.20512,-12.954,-0.94068,-20.501
5.9,-0.6248,0.093312,0.064382,-0.79752,-0.088136,-0.011033,0.08668,-1.5525,14.115,-1.0438,-9.107,0.41979,-12.693,-0.75838,-22.12,-0.61826,0.088698,0.051844,-0.78928,-0.087137,-0.010002,0.07739,2.5057,15.936,-2.5735,-9.4788,-0.16336,-12.247,-0.52455,-21.269
6,-0.58936,0.095702,0.050198,-0.79495,-0.092111,-0.014639,0.070123,1.6435,14.87,-3.7924,-10.392,-0.35907,-13.098,-0.77517,-21.797,-0.61195,0.08334,0.04938,-0.79168,-0.092537,-0.0074842,0.084543,-0.072219,15.577,-1.6573,-12.567,-0.26698,-14.588,-0.54455,-22.789
6.1,-0.5827,0.080787,0.05492,-0.76803,-0.096455,-0.011828,0.071439,1.8394,16.264,-1.3428,-12.207,-0.032376,-13.156,-2.0693,-22.592,-0.58496,0.088262,0.05478,-0.81809,-0.088438,-0.005117,0.075279,2.0246,16.519,0.24342,-12.228,-0.4626,-14.418,-0.12326,-23.413
6.2,-0.59811,0.098593,0.038995,-0.79213,-0.084472,-0.0070111,0.077652,0.23947,15.227,-1.9032,-11.78,1.0342,-15.5,-0.29962,-22.563,-0.58258,0.10187,0.064914,-0.79641,-0.093035,-0.018102,0.071559,0.32489,15.592,-1.804,-10.411,-1.323,-13.695,-0.013924,-21.995
6.3,-0.59223,0.091655,0.04475,-0.79626,-0.094738,-0.0055462,0.090698,0.69402,15.955,-2.4607,-13.501,-0.90139,-13.546,-1.1306,-24.375,-0.57026,0.10105,0.043042,-0.82411,-0.10514,-0.0061032,0.078763,1.2282,16.596,-1.2761,-13.442,0.43343,-12.984,-1.7165,-23.159
6.4,-0.59527,0.11369,0.034222,-0.79003,-0.089703,-0.0098732,0.077779,0.84586,15.202,0.57811,-11.915,1.6528,-13.538,-1.0128,-22.504,-0.56422,0.10498,0.051928,-0.80006,-0.096297,-0.0011176,0.068452,0.9588,18.479,-0.8224,-13.102,-0.61434,-13.661,-1.06,-22.378
6.5,-0.58666,0.10289,0.047666,-0.8175,-0.083064,-0.01301,0.085546,0.72707,15.764,-2.0708,-13.12,1.032,-13.72,-0.74551,-23.771,-0.57458,0.12007,0.044253,-0.81033,-0.095616,-0.0094993,0.081064,-0.081841,16.743,-1.5004,-11.16,0.6925,-11.853,-1.8829,-22.554
6.6,-0.57365,0.10023,0.044392,-0.80462,-0.087897,-0.005242,0.07041,0.76304,17.749,-0.98982,-13.494,0.063555,-13.435,-0.91337,-24.035,-0.57598,0.085023,0.052537,-0.81015,-0.096709,-0.0049251,0.086116,1.8362,16.485,-1.8248,-13.737,-0.61229,-14.697,0.099539,-24.125
6.7,-0.56334,0.11387,0.045833,-0.79944,-0.091484,-0.021573,0.078031,0.44446,16.99,-2.6214,-14.591,-0.059866,-12.496,0.13259,-25.637,-0.57868,0.13889,0.02561,-0.82873,-0.096715,-0.01732,0.069322,1.1373,17.301,-1.3922,-14.04,-0.23617,-13.563,-0.089555,-26.629
6.8,-0.5498,0.1103,0.032157,-0.80694,-0.094212,-0.0020921,0.071347,1.5756,16.465,-0.54633,-14.034,-0.1975,-13.848,1.2715,-26.446,-0.57622,0.10273,0.04271,-0.81004,-0.10539,0.003111,0.083698,1.4702,16.608,-1.9389,-13.7,1.2507,-12.746,-1.548,-23.425
6.9,-0.57361,0.11567,0.022191,-0.81501,-0.10545,-0.0083746,0.077621,1.0469,16.745,-0.97798,-15.753,-0.099626,-14.256,-3.07,-27.051,-0.55754,0.10947,0.026135,-0.82322,-0.099074,-0.015399,0.087048,-0.82794,15.778,0.43681,-14.917,2.3473,-14.19,-0.97012,-25.261
7,-0.55172,0.10133,0.0078809,-0.82819,-0.10255,-0.0083995,0.082311,0.25041,17.218,-1.7206,-15.503,2.2982,-11.094,-3.818,-27.115,-0.53532,0.11293,0.036961,-0.84406,-0.10878,-0.0084309,0.08132,1.3663,17.649,-0.32345,-14.507,-0.22149,-12.333,-1.7814,-26.711
7.1,-0.56181,0.11478,0.047677,-0.83659,-0.097822,-0.0008884,0.077665,-0.52144,17.441,-0.68103,-15.198,0.23267,-12.9,-1.8575,-25.263,-0.55589,0.12475,0.048366,-0.8296,-0.10146,-0.00486,0.081778,0.17317,17.819,-0.74259,-15.924,-0.82205,-12.68,-1.6172,-25.464
7.2,-0.54348,0.12961,0.033924,-0.82319,-0.10827,-0.013422,0.086449,1.0859,18.09,-1.5467,-15.821,-0.12115,-13.162,-1.3282,-26.325,-0.52731,0.11667,0.041316,-0.81893,-0.11069,-0.0099697,0.078089,0.7149,19.494,-0.94379,-14.637,0.66005,-13.356,-2.673,-26.249
7.3,-0.54917,0.12609,0.022525,-0.83315,-0.11624,-0.0063723,0.078527,0.82387,21.084,-1.3581,-15.058,-0.43291,-13.803,-2.4229,-26.885,-0.54351,0.14038,0.030038,-0.81698,-0.10875,-0.0039536,0.090251,1.4951,19.961,-0.49433,-15.309,1.0744,-13.623,-2.0843,-27.741
7.4,-0.53341,0.12219,0.042286,-0.83147,-0.11627,0.0049659,0.089784,1.3664,16.863,-0.81179,-17.411,1.1373,-11.228,-1.5132,-26,-0.5492,0.13765,0.025305,-0.81687,-0.10204,-0.0042155,0.081417,-0.14985,19.58,-2.2678,-17.683,0.11581,-12.791,-1.4227,-28.209
7.5,-0.53293,0.14476,-0.0074598,-0.8143,-0.10892,-0.00088145,0.082114,1.9142,18.351,-2.2872,-17.138,-0.043836,-12.547,-0.78342,-27.131,-0.52617,0.14403,0.0083111,-0.8242,-0.10552,0.00093763,0.07874,-0.29547,19.351,-1.1722,-18.603,1.2837,-13.818,-2.2009,-30.167
7.6,-0.52191,0.12799,0.030079,-0.83585,-0.1199,-0.0004488,0.082284,-0.47137,18.936,-0.48014,-17.566,2.2477,-11.161,-2.3854,-27.65,-0.53522,0.12206,0.013572,-0.82931,-0.10949,-0.006708,0.076017,0.66896,19.795,1.0751,-18.62,1.9387,-13.905,0.55623,-27.744
7.7,-0.52975,0.12733,0.016594,-0.828,-0.11691,-0.010302,0.083411,0.39526,20.337,0.3374,-17.867,0.034172,-11.373,-0.75895,-29.474,-0.5396,0.14263,0.010386,-0.84354,-0.11338,-0.00078666,0.08559,0.75601,18.901,-1.727,-16.718,0.053625,-12.527,-1.6903,-27.835
7.8,-0.51324,0.13715,0.0019247,-0.82755,-0.11016,0.0049797,0.082565,1.9358,21.239,0.40446,-16.519,1.9315,-10.852,-1.1141,-30.072,-0.50921,0.14431,-0.0057124,-0.84434,-0.11271,-0.0060611,0.079595,-1.2197,19.985,-1.6764,-17.114,0.49153,-12.149,0.14458,-28.769
7.9,-0.52945,0.1407,0.0049584,-0.84708,-0.11618,0.00051231,0.082446,1.0861,19.867,-0.060516,-20.061,-0.14709,-10.04,-1.0156,-28.746,-0.50698,0.1359,0.0085731,-0.83244,-0.111,-0.010196,0.081644,0.54215,19.572,-0.6136,-19.562,0.2976,-12.454,-1.8207,-30.043
8,-0.51337,0.14911,0.01438,-0.84273,-0.11421,-0.0078769,0.078841,0.93755,20.681,-0.90611,-18.798,1.699,-10.109,-2.1431,-29.407,-0.50252,0.12886,0.016782,-0.85152,-0.12008,-0.0044234,0.080318,-0.62585,21.77,-1.3506,-19.043,1.9687,-12.385,-0.88595,-29.951
8.1,-0.51517,0.14379,0.025351,-0.85158,-0.11751,-0.0093015,0.086711,-0.22706,20.6,-1.6436,-18.294,1.2886,-11.292,0.14849,-31.747,-0.5044,0.13135,-0.0092409,-0.85826,-0.11357,-0.002412,0.081553,0.94952,20.325,-0.33719,-18.766,1.2602,-12.001,0.6052,-29.993
8.2,-0.48863,0.13198,-0.0086208,-0.85326,-0.10979,-0.0018091,0.072254,-0.77209,21.798,-2.0396,-20.243,-0.88879,-7.4403,-2.174,-29.333,-0.50076,0.15264,-0.016277,-0.86237,-0.12289,-0.00020705,0.080736,0.9566,21.602,-2.3902,-19.073,2.1775,-8.9925,-0.92414,-32.304
8.3,-0.49097,0.14822,0.0085325,-0.85565,-0.12454,-0.0090648,0.074793,0.63081,21.837,-2.1135,-20.514,1.0591,-10.194,-1.0909,-29.824,-0.51124,0.15707,-0.00039911,-0.86224,-0.13275,-0.010513,0.087709,-0.17264,22.048,-0.68492,-18.073,0.69451,-10.407,-1.4174,-32.778
8.4,-0.47315,0.1354,0.00059571,-0.8578,-0.12739,-0.011694,0.080277,-0.50852,22.537,0.19562,-19.889,0.41711,-8.021,-1.9119,-31.228,-0.50478,0.15208,-0.018334,-0.85304,-0.12591,0.0027461,0.093528,1.1928,20.331,0.60327,-20.315,2.1406,-9.3396,-1.5043,-31.852
8.5,-0.47324,0.14926,0.0011382,-0.85203,-0.1248,-0.0069096,0.068531,2.1544,20.762,-1.7919,-20.369,0.034965,-9.6671,-1.4112,-33.025,-0.46536,0.1288,0.0054618,-0.85669,-0.12321,0.00040027,0.080558,1.4651,22.75,-0.058272,-20.587,1.7995,-9.9517,-1.3437,-32.393
8.6,-0.48611,0.16478,0.0039549,-0.87608,-0.11991,-0.0070741,0.084894,0.79558,20.578,-1.1706,-20.891,-0.41375,-10.543,-1.4831,-32.988,-0.46236,0.15837,-0.014103,-0.87549,-0.12719,0.0051348,0.089318,-1.0862,22.212,-1.5281,-20.552,0.72591,-9.7996,-0.32253,-32.866
8.7,-0.47374,0.16235,-0.0052113,-0.869,-0.12221,-0.0067278,0.078297,0.81232,21.622,-1.7268,-21.402,2.0196,-8.1571,-0.63451,-32.502,-0.46596,0.16571,0.0034325,-0.87759,-0.12244,-0.00049422,0.080914,-0.63603,23.342,-1.0274,-21.273,-0.074128,-8.7971,-2.4891,-33.173
8.8,-0.46655,0.15644,-0.016839,-0.87024,-0.11511,0.0010299,0.079321,0.80733,22.246,-1.6072,-20.604,0.21448,-7.748,-1.3201,-32.375,-0.46261,0.15801,0.012819,-0.88607,-0.12899,-0.0052852,0.082474,2.0681,21.281,-0.70277,-22.243,-1.2121,-11.349,-0.50206,-32.699
8.9,-0.46714,0.141,-0.017869,-0.8629,-0.12794,0.01075,0.080833,1.2759,23.342,0.10074,-22.838,1.444,-6.4919,-0.25857,-33.559,-0.46747,0.15163,-0.012062,-0.87717,-0.13056,-0.0034835,0.086745,0.16983,22.991,-0.9231,-22.955,-0.53211,-9.3827,0.57655,-31.709
9,-0.44743,0.16139,-0.009728,-0.87767,-0.12074,0.0012804,0.079858,2.4792,22.337,-1.2952,-21.874,0.91142,-6.2617,-0.25193,-32.955,-0.43523,0.17494,-0.021068,-0.88189,-0.13562,-0.0018147,0.088786,-0.018734,23.113,-1.2165,-23.52,-0.11447,-7.6524,-1.0495,-31.35
9.1,-0.45474,0.15811,-0.01018,-0.87954,-0.1285,-0.011105,0.081357,1.0789,23.637,-1.9983,-22.931,1.1272,-7.639,0.3028,-33.994,-0.45428,0.17272,-0.033745,-0.8721,-0.12399,0.0012901,0.083327,1.0894,21.285,-1.8079,-23.816,1.4724,-8.3797,2.1279,-33.623
9.2,-0.4417,0.16923,-0.025033,-0.89764,-0.1268,-0.0010379,0.082941,1.0176,23.1,-1.2502,-23.32,1.1141,-7.191,-0.50972,-33.795,-0.45121,0.15517,-0.030568,-0.87268,-0.12996,-0.0030538,0.073468,-0.26367,23.461,-1.0124,-23.556,1.2014,-8.3519,-1.1616,-36.395
9.3,-0.43749,0.17102,-0.037682,-0.90087,-0.13466,-0.011217,0.072521,1.6455,23.452,-0.90368,-23.258,2.7892,-5.2801,1.0704,-31.94,-0.42845,0.17708,-0.035084,-0.87835,-0.12987,0.0078521,0.086525,-0.14099,24.761,-1.4913,-23.131,1.4883,-7.9155,1.2156,-33.228
9.4,-0.41481,0.16815,-0.03326,-0.88036,-0.13237,-0.0028588,0.064741,-0.79587,23.513,-1.129,-23.659,-0.73076,-7.3441,-0.72829,-32.612,-0.43933,0.17118,-0.021877,-0.86599,-0.1266,0.004087,0.078202,0.23484,25.111,-0.34599,-23.164,1.9408,-7.517,-1.9488,-33.53
9.5,-0.41069,0.18806,-0.024151,-0.89451,-0.12672,-0.0079291,0.080846,-0.44693,23.362,-1.7587,-23.954,0.36355,-5.1429,-0.84594,-32.952,-0.39975,0.17522,-0.040167,-0.88823,-0.12715,-0.0044755,0.080611,2.0065,25.14,-0.11151,-25.501,-0.11277,-8.4746,0.35067,-32.039
9.6,-0.41298,0.18597,-0.010777,-0.89111,-0.13318,0.0060109,0.073345,0.75456,25.992,-2.7573,-25.582,2.4161,-5.9366,1.5397,-34.174,-0.42007,0.17037,-0.049039,-0.90335,-0.13369,0.0036742,0.078504,2.4621,23.35,-2.931,-26.001,0.12082,-8.0779,1.1373,-31.677
9.7,-0.41846,0.15552,-0.040077,-0.88053,-0.13899,0.00096172,0.073697,1.5266,24.029,-0.21963,-23.996,1.0221,-3.3836,-0.93934,-33.556,-0.40402,0.17436,-0.03634,-0.90126,-0.12938,-0.00027394,0.08053,2.3285,25.184,0.56529,-24.74,2.4915,-7.5868,-0.15155,-32.051
9.8,-0.39379,0.17793,-0.039188,-0.88941,-0.13503,0.011965,0.074515,1.8316,23.85,-2.0281,-23.948,0.71356,-5.5867,-0.39775,-34.274,-0.39299,0.16079,-0.048127,-0.8933,-0.13948,0.0037336,0.0791,0.78835,24.382,-1.3613,-25.159,0.73064,-6.4891,0.78353,-32.579
9.9,-0.38939,0.1772,-0.021644,-0.90751,-0.13116,0.0029639,0.074192,0.24665,23.717,-0.6294,-24.505,0.22678,-3.6315,-0.1453,-33.924,-0.40012,0.18222,-0.018144,-0.92892,-0.12742,0.011062,0.075066,-0.67504,25.578,-1.9434,-28.537,0.38693,-8.7336,0.069521,-30.362
10,-0.37552,0.15681,-0.030982,-0.91606,-0.14154,0.0082044,0.065628,1.1598,26.374,-1.5276,-25.738,1.7945,-4.2571,0.50219,-30.999,-0.38874,0.17783,-0.046248,-0.90458,-0.14123,0.011954,0.07159,-0.054539,25.381,-3.2229,-26.854,0.29279,-6.2273,1.2585,-32.888
10.1,-0.37664,0.17799,-0.047423,-0.89581,-0.12929,0.011124,0.073693,1.4692,24.98,-1.8854,-27.953,1.7001,-2.7322,0.65829,-34.544,-0.37456,0.18813,-0.045834,-0.88759,-0.13799,0.010932,0.068265,-0.09949,26.494,-3.3528,-26.669,1.5204,-6.1779,0.85344,-32.74
10.2,-0.37658,0.16203,-0.055229,-0.91364,-0.13749,0.012523,0.070629,0.5585,25.193,-1.8813,-27.083,-0.14169,-3.6304,1.3805,-33.197,-0.35281,0.18761,-0.051214,-0.91234,-0.14715,-0.00031791,0.073483,0.20914,26.242,-1.9041,-24.74,0.35789,-7.6668,0.71139,-31.084
10.3,-0.37061,0.18414,-0.049299,-0.91328,-0.1364,0.006403,0.055104,1.1577,26.893,-0.56886,-26.77,-0.38796,-4.0735,-0.83109,-31.973,-0.36217,0.18184,-0.059298,-0.89352,-0.1344,0.010651,0.067679,1.0442,25.849,-1.3679,-29.106,1.4286,-7.3761,0.4055,-31.513
10.4,-0.35109,0.19082,-0.044857,-0.90725,-0.13544,0.0072285,0.065687,0.19625,25.732,-0.93189,-28.755,-1.2442,-1.3219,1.3499,-32.742,-0.36864,0.17798,-0.05274,-0.91837,-0.13862,0.0085548,0.076373,1.3176,27.12,0.23751,-28.362,-0.015697,-4.2798,2.1601,-31.369
10.5,-0.36196,0.1861,-0.05487,-0.89791,-0.14535,0.018418,0.059873,1.1932,27.71,-1.2507,-28.525,0.54407,-1.2028,-0.65186,-31.041,-0.34814,0.1721,-0.051954,-0.89281,-0.14677,0.021696,0.075954,0.6221,27.709,-1.4735,-27.852,0.81214,-6.2352,1.1104,-33.069
10.6,-0.34487,0.1843,-0.063798,-0.92206,-0.14047,0.014039,0.059629,1.1687,27.875,-2.1802,-29.899,1.469,-2.7911,2.2331,-31.562,-0.34682,0.16951,-0.051909,-0.91613,-0.14063,0.0092296,0.072188,-1.4712,26.406,-1.4249,-28.003,0.66595,-5.2446,0.40335,-30.963
10.7,-0.32942,0.18709,-0.045133,-0.91735,-0.14219,0.014995,0.055428,1.0211,27.159,-1.9038,-28.716,-0.19222,-2.2187,-0.6153,-32.059,-0.34324,0.18495,-0.068623,-0.92163,-0.13075,0.016409,0.069456,2.269,26.729,-0.77181,-30.614,0.99709,-3.7311,0.80412,-30.841
10.8,-0.33407,0.18009,-0.061782,-0.92222,-0.13846,0.016135,0.064369,0.3685,26.63,-1.5903,-30.157,0.01936,-0.80747,-0.95349,-30.604,-0.32197,0.17006,-0.045583,-0.92535,-0.13714,0.02137,0.064082,-1.1142,26.757,0.2345,-29.275,3.1476,-5.0559,0.031693,-29.232
10.9,-0.31608,0.19793,-0.040359,-0.93121,-0.14171,0.019007,0.056076,0.83479,25.366,-0.66432,-29.388,1.2576,-0.57743,2.6674,-31.416,-0.31018,0.20901,-0.075042,-0.9487,-0.14069,0.019032,0.053343,1.8097,26.532,-1.1958,-29.2,1.3987,-4.4114,-0.55412,-29.595
11,-0.31732,0.19948,-0.060112,-0.95532,-0.14646,0.016624,0.058314,-0.20432,28.066,-1.4325,-30.3,0.70108,-0.39567,1.3603,-29.524,-0.32857,0.19548,-0.062405,-0.93525,-0.13341,0.019784,0.063044,-0.54991,27.841,-2.2731,-31.531,1.195,-3.5833,0.28144,-29.833
11.1,-0.29606,0.17324,-0.04897,-0.90846,-0.13806,0.028793,0.054494,-0.22956,28.964,0.1602,-31.134,0.03556,0.87964,0.20421,-30.662,-0.3114,0.18377,-0.0802,-0.93972,-0.14479,0.023897,0.060196,0.71356,28.206,-1.3008,-31.352,1.0289,-3.2072,0.019139,-29.453
11.2,-0.30709,0.18818,-0.05777,-0.93936,-0.1365,0.023721,0.051928,-0.48198,27.349,-2.4808,-30.007,-0.80263,-0.03445,0.30248,-30.712,-0.30997,0.1796,-0.067928,-0.93637,-0.14311,0.023738,0.049337,1.179,28.675,-1.8368,-31.377,1.3149,-3.3862,0.3398,-30.093
11.3,-0.29376,0.18939,-0.077459,-0.91561,-0.13892,0.018429,0.049847,1.8783,28.933,-0.43645,-31.7,0.52094,-0.010635,-0.31988,-29.883,-0.30407,0.19625,-0.046689,-0.9515,-0.14252,0.029286,0.052942,0.78749,27.889,-2.8643,-30.937,-0.12706,-1.3999,0.25301,-29.093
11.4,-0.26915,0.17329,-0.059366,-0.93249,-0.13701,0.02398,0.053105,0.5744,28.945,-1.6441,-32.992,-0.83246,-0.81256,-0.13758,-29.178,-0.28427,0.20291,-0.059414,-0.9309,-0.13999,0.013464,0.053903,1.4295,29.07,-0.51196,-31.079,-1.251,-2.9741,0.67766,-28.623
11.5,-0.28274,0.17237,-0.070147,-0.9385,-0.1464,0.023387,0.046017,2.0704,29.78,-1.1285,-33.252,-0.61549,0.4549,0.56276,-29.312,-0.27274,0.18895,-0.071272,-0.93394,-0.13608,0.023824,0.053535,-1.0579,26.73,-3.355,-31.661,1.3914,-1.8805,-0.48309,-28.694
11.6,-0.28489,0.19709,-0.05751,-0.93283,-0.14086,0.021567,0.047461,0.27447,28.687,-0.009669,-32.285,1.9897,1.3012,2.9275,-27.81,-0.27306,0.18571,-0.074514,-0.96179,-0.14157,0.028649,0.056393,0.11536,30.026,0.94342,-32.92,-0.22733,-1.9559,1.8153,-28.399
11.7,-0.25196,0.18539,-0.074203,-0.93742,-0.13775,0.031555,0.047645,0.8449,29.457,-0.1108,-34.674,-0.45632,2.0098,0.060009,-27.376,-0.23826,0.20351,-0.085745,-0.94556,-0.13938,0.029757,0.055245,0.34568,29.66,-1.673,-32.165,2.2814,-2.5511,0.23952,-27.947
11.8,-0.24265,0.17949,-0.073999,-0.93573,-0.14451,0.027442,0.039324,0.46147,31.282,-0.70539,-32.503,1.1885,2.3054,0.2112,-29.609,-0.25068,0.19876,-0.08643,-0.95149,-0.13649,0.032224,0.063433,1.7549,28.546,-1.3839,-33.945,-0.69624,-1.8043,-0.23252,-27.013
11.9,-0.25834,0.19651,-0.078675,-0.94008,-0.14043,0.024803,0.0413,1.2229,29.432,-1.0904,-35.043,-0.13348,4.0366,1.3735,-28.275,-0.25365,0.20473,-0.093233,-0.95012,-0.12313,0.02822,0.052766,0.80061,29.148,-3.547,-32.576,1.7454,-1.8294,0.74292,-25.559
12,-0.24333,0.16759,-0.080744,-0.94798,-0.14161,0.042415,0.042189,-0.73327,27.429,-1.3798,-33.862,2.5031,3.1143,1.6068,-27.869,-0.24113,0.19054,-0.082673,-0.9569,-0.13805,0.031677,0.046278,-0.061897,30.377,-1.4121,-33.976,-0.60147,-0.17028,-1.414,-25.611
12.1,-0.22474,0.18029,-0.075135,-0.956,-0.14869,0.04244,0.037222,2.9941,29.602,-1.3844,-35.733,0.99289,3.1648,1.2558,-25.893,-0.24581,0.19907,-0.094013,-0.95056,-0.1441,0.039056,0.048582,2.1566,30.414,-0.27935,-35.774,-0.73294,-1.8853,2.7132,-24.619
12.2,-0.2158,0.18524,-0.083986,-0.95595,-0.12991,0.04626,0.039863,-0.4545,29.159,-0.19535,-36.444,0.6939,4.0351,0.021333,-26.206,-0.23374,0.18119,-0.073744,-0.95184,-0.14395,0.036681,0.047001,2.2035,28.879,-2.3239,-35.528,1.2187,-1.7706,2.3668,-27.056
12.3,-0.22891,0.17079,-0.070593,-0.96589,-0.14184,0.035046,0.043095,-0.83852,30.186,-1.2065,-35.681,0.084537,2.2536,0.16342,-24.821,-0.22511,0.19123,-0.087431,-0.95633,-0.15104,0.036323,0.042046,0.54316,31.464,-2.2285,-35.273,-0.094124,-1.9478,-0.3086,-25.777
12.4,-0.19731,0.18989,-0.085409,-0.95604,-0.14824,0.042946,0.030752,0.16458,30.649,-0.6075,-36.936,0.46517,2.7645,1.4877,-25.09,-0.20453,0.19241,-0.10254,-0.95393,-0.14906,0.042148,0.039193,1.1648,31.873,-0.2697,-37.199,0.8892,-2.7956,1.687,-24.215
12.5,-0.20121,0.1693,-0.080595,-0.95326,-0.14666,0.03971,0.036134,0.81998,30.104,0.87864,-34.623,0.67948,4.983,3.2027,-24.369,-0.20016,0.19246,-0.082753,-0.95987,-0.14755,0.037714,0.047381,2.9994,30.771,-0.96822,-34.525,-1.1339,-0.61371,1.186,-25.832
12.6,-0.19896,0.18255,-0.059867,-0.96429,-0.14386,0.044005,0.032067,0.3497,30.199,-1.3676,-37.486,2.4104,4.0502,1.4167,-24.363,-0.18715,0.17945,-0.088117,-0.95964,-0.13685,0.040302,0.050126,0.058571,31.417,-2.0008,-36.212,-0.093682,-1.0106,0.58477,-23.805
12.7,-0.17955,0.17778,-0.074902,-0.96749,-0.14671,0.033338,0.028124,1.2228,33.444,-0.97973,-38.386,0.51869,5.151,-0.56717,-24.446,-0.19945,0.17864,-0.1005,-0.94956,-0.13701,0.039512,0.043152,1.9247,32.528,-1.1848,-37.197,-1.5754,1.1215,1.0811,-25.464
12.8,-0.18243,0.17623,-0.093082,-0.95106,-0.14836,0.0492,0.037925,-0.58464,30.52,-0.55019,-36.806,-1.5034,2.8549,-0.82324,-24.418,-0.17637,0.20382,-0.098223,-0.96996,-0.15009,0.049075,0.042948,-0.2041,32.607,-0.80927,-38.271,1.6941,-0.18527,1.4968,-24.309
12.9,-0.17277,0.17744,-0.081837,-0.97193,-0.14737,0.036492,0.045126,0.72465,30.682,-1.6892,-36.482,0.98069,4.7059,1.7417,-22.909,-0.1718,0.17465,-0.075738,-0.96233,-0.13862,0.046155,0.042114,0.87696,31.695,-1.31,-37.753,-0.34618,-1.0405,0.0017854,-24.778
13,-0.16114,0.18751,-0.091101,-0.95191,-0.14278,0.05452,0.0344,-0.42582,34.308,-1.1907,-36.669,1.7807,5.5662,4.1995,-24.586,-0.16215,0.18682,-0.087207,-0.9614,-0.1434,0.043721,0.045502,-0.26015,33.203,-1.7956,-36.857,1.1651,0.51772,0.44338,-22.677
13.1,-0.16471,0.20028,-0.078613,-0.97103,-0.13833,0.04163,0.032576,-1.0728,34.402,0.64949,-37.634,0.54895,3.6347,-0.057788,-24.151,-0.14661,0.18584,-0.083167,-0.95037,-0.14386,0.053085,0.034908,-0.39118,32.978,-2.9113,-37.769,1.1193,0.79181,2.6321,-25.09
13.2,-0.14697,0.15784,-0.077344,-0.97184,-0.14141,0.049607,0.033992,0.15713,31.841,-0.60592,-39.379,0.99028,5.4954,0.49935,-24.275,-0.14698,0.18915,-0.10003,-0.9989,-0.1458,0.048914,0.038989,2.7893,33.255,-1.76,-38.021,2.2226,1.1025,1.5701,-22.764
13.3,-0.16357,0.16696,-0.079918,-0.967,-0.15161,0.052267,0.02573,-0.0097168,31.903,-2.109,-38.756,0.32063,6.0059,0.80689,-23.389,-0.13064,0.19042,-0.11068,-0.96573,-0.14698,0.062556,0.033188,-1.1182,33.125,-1.2912,-39.971,0.31878,1.5264,0.64586,-22.097
13.4,-0.14581,0.17002,-0.085664,-0.9893,-0.14152,0.053496,0.030934,0.19383,33.121,-1.7752,-39.967,0.57863,6.005,-0.54736,-23.126,-0.15097,0.19443,-0.10683,-0.95409,-0.14224,0.046233,0.039371,0.65493,32.25,-0.8255,-39.771,2.0455,1.6816,1.6354,-22.067
13.5,-0.1432,0.17233,-0.088155,-0.97823,-0.14262,0.047265,0.02682,0.58802,32.218,-1.9072,-40.783,2.0227,5.8535,1.4883,-22.321,-0.1229,0.17739,-0.1105,-0.96513,-0.14503,0.065275,0.04018,2.0189,32.636,-2.2147,-38.588,-0.97814,0.82248,1.9013,-22.496
13.6,-0.10709,0.15756,-0.065445,-0.96653,-0.14974,0.051172,0.025318,0.020309,33.753,-0.080648,-41.183,3.0736,6.7894,0.018381,-22.958,-0.13052,0.17586,-0.10171,-0.96413,-0.14775,0.050248,0.031234,-0.87794,30.844,-1.9523,-42.168,-0.55976,4.16,-0.37718,-22.044
13.7,-0.12535,0.1621,-0.078533,-0.98357,-0.14341,0.058379,0.020608,-2.0659,31.579,-0.576,-40.911,0.84759,7.8484,0.57025,-22.51,-0.11507,0.16227,-0.10596,-0.95731,-0.13874,0.05544,0.027181,-0.73402,30.952,-1.4736,-39.637,1.9364,3.1756,0.19034,-19.633
13.8,-0.10673,0.16467,-0.055811,-0.97991,-0.13832,0.062175,0.015546,-1.0332,30.741,-1.0593,-42.125,0.85348,6.8383,0.39888,-21.49,-0.11994,0.17178,-0.10513,-0.96094,-0.13029,0.059271,0.041125,-2.6338,32.795,-0.45778,-42.414,1.2307,1.7233,-0.80955,-21.159
13.9,-0.10579,0.16725,-0.098273,-0.97178,-0.1269,0.0572,0.025306,-0.31233,31.252,-1.3274,-42.339,2.3855,7.8323,0.11561,-20.959,-0.091339,0.16891,-0.091409,-0.96486,-0.12967,0.066604,0.030054,-2.1805,29.166,-0.39153,-40.398,1.4246,2.7323,1.1727,-19.475
14,-0.10594,0.16989,-0.078347,-0.97277,-0.13114,0.052637,0.019905,-1.7841,30.05,-1.3883,-40.733,1.3487,7.1179,0.74611,-20.438,-0.10337,0.19206,-0.10926,-0.95822,-0.13269,0.061065,0.029297,-1.3464,31.495,-2.1824,-42.083,1.6559,2.1471,0.78143,-19.501
14.1,-0.084608,0.14782,-0.066253,-0.97911,-0.13014,0.066818,0.025775,-1.0389,29.026,-1.3181,-40.4,0.42419,8.7926,0.72555,-20.516,-0.082876,0.16009,-0.098703,-0.98457,-0.12286,0.059412,0.038646,-1.2541,29.676,-1.5716,-43.947,0.28623,5.3503,1.1384,-19.996
14.2,-0.071114,0.16904,-0.094141,-0.98867,-0.13153,0.063862,0.021805,-1.1834,29.838,-1.4884,-44.75,2.3288,6.7793,0.32738,-19.841,-0.050849,0.15359,-0.1013,-0.9994,-0.12567,0.05475,0.025081,-2.7704,30.328,0.42491,-41.033,2.198,3.6629,1.8036,-17.849
14.3,-0.059635,0.14586,-0.10202,-0.97616,-0.13067,0.058013,0.021575,-0.7124,29.057,-0.42306,-43.424,1.8332,8.5612,1.157,-21.444,-0.081403,0.14751,-0.090095,-0.98604,-0.12086,0.066821,0.022895,-0.90239,29.141,0.030194,-44.091,-0.0065484,4.0335,1.7286,-19.547
14.4,-0.053651,0.14912,-0.09218,-0.98427,-0.12285,0.073559,0.0054457,-0.96872,28.951,-0.98136,-43.688,0.99804,9.6993,2.4195,-18.884,-0.068814,0.14661,-0.11114,-0.98715,-0.12944,0.075397,0.032087,-2.3568,29.141,-0.50036,-43.274,0.014514,3.2045,1.8454,-18.094
14.5,-0.051435,0.143,-0.073207,-0.98243,-0.13687,0.07017,0.0079502,-0.93747,27.789,-2.2342,-44.313,0.046807,9.3796,-0.11312,-18.037,-0.06941,0.15406,-0.086721,-0.97322,-0.12217,0.067328,0.03778,0.20648,27.89,0.16131,-44.252,1.069,4.6972,0.97323,-18.742
14.6,-0.04047,0.14517,-0.088612,-0.96249,-0.1176,0.070282,0.0067408,-0.29973,28.072,-0.99044,-45.234,1.3483,10.229,0.20137,-18.448,-0.069313,0.15365,-0.085841,-0.96112,-0.12572,0.068908,0.026677,-0.95948,28.14,-0.66785,-43.688,2.1827,5.4292,2.3549,-20.775
14.7,-0.028925,0.12856,-0.092264,-0.97608,-0.11558,0.065103,0.0079111,-2.3531,27.106,-1.7606,-46.425,0.3701,9.5217,0.018867,-18.586,-0.048031,0.14728,-0.098305,-0.98881,-0.125,0.071509,0.021145,-1.673,26.903,-1.2524,-46.045,2.707,5.354,2.3084,-16.992
14.8,-0.045674,0.14011,-0.080037,-0.97758,-0.11724,0.080362,0.012928,-2.5953,26.591,0.40369,-46.029,0.9192,9.0267,1.4015,-16.908,-0.03201,0.14378,-0.10099,-0.98366,-0.12717,0.075473,0.017126,-1.2345,27.18,-2.6907,-45.644,0.86806,2.7629,1.1447,-18.48
14.9,-0.041212,0.12971,-0.061394,-0.97228,-0.11916,0.077977,0.00078855,-2.0177,26.697,-2.9827,-46.836,1.1895,8.4992,1.1992,-19.67,-0.034953,0.14798,-0.11028,-0.98749,-0.12276,0.071332,0.024534,0.45997,27.954,-1.3871,-44.5,-0.39463,3.2475,1.2214,-17.255
15,-0.034828,0.12654,-0.1023,-0.99778,-0.11777,0.083555,0.008289,-0.82505,25.954,-0.97549,-45.935,0.32113,10.164,2.3768,-16.715,-0.025029,0.14081,-0.10955,-0.98784,-0.11237,0.08214,0.018491,-0.22043,24.353,0.81109,-46.289,1.891,5.8128,1.9099,-16.927
15.1,-0.020418,0.12356,-0.083357,-0.99351,-0.1127,0.082422,0.0061035,-2.3706,26.717,-1.571,-45.772,-0.12929,12.514,1.0872,-16.001,-0.022233,0.14399,-0.097336,-0.97386,-0.11228,0.068315,0.017266,-0.53761,26.743,-2.6582,-46.999,1.8471,5.1862,1.3501,-17.352
15.2,-0.016282,0.12814,-0.08947,-0.99908,-0.11476,0.070674,0.010249,-1.7173,24.742,-0.27095,-46.911,1.8151,12.506,0.88627,-16.8,-0.0048342,0.14316,-0.1185,-0.97712,-0.10405,0.07816,0.019528,-1.0024,25.618,-2.2772,-47.297,-0.20125,3.9125,0.18813,-15.153
15.3,-0.024494,0.12214,-0.060252,-0.98968,-0.10591,0.087666,0.0038353,-0.5081,25.394,-1.722,-48.956,0.78552,10.663,2.0725,-18.656,-0.0026031,0.14489,-0.1291,-0.98643,-0.10418,0.070622,0.02251,-2.4719,25.646,-1.4831,-46.735,-1.0175,6.0753,0.74361,-14.175
15.4,-0.0056312,0.094289,-0.071076,-0.991,-0.10748,0.084627,0.011432,-0.0046987,23.514,-0.6804,-47.032,-0.16022,9.7017,1.2974,-16.024,0.0009138,0.14206,-0.09176,-0.99906,-0.10334,0.084099,0.025127,-2.7686,23.717,-0.50434,-48.908,0.60265,5.527,0.13234,-15.674
15.5,0.014316,0.10891,-0.07175,-1.0026,-0.10233,0.088584,-0.00039371,-1.4127,22.663,-1.4031,-46.971,-0.099686,11.325,1.9957,-16.692,0.023767,0.11819,-0.1063,-0.96571,-0.10306,0.081156,0.015786,-1.3406,22.305,-1.6761,-48.954,-0.40294,3.8013,0.68273,-13.512
15.6,0.025568,0.11337,-0.088451,-1.0071,-0.10596,0.083789,0.0086346,-1.3585,22.993,-2.3219,-49.349,1.3863,13.907,-1.857,-16.161,0.0093009,0.12891,-0.11591,-0.97987,-0.10277,0.078915,0.010762,-1.0767,21.215,-0.7107,-48.24,1.6759,6.3045,1.2328,-14.644
15.7,0.0092285,0.095815,-0.077852,-0.99707,-0.10604,0.097665,-0.005808,-0.25891,21.495,0.12754,-48.806,-0.49943,12.083,0.91467,-15.953,0.02986,0.13393,-0.10844,-0.98844,-0.093916,0.07383,0.0027939,-0.30234,23.248,-0.96881,-49.353,0.7848,6.1722,2.4838,-15.21
15.8,0.014869,0.080061,-0.078255,-0.98994,-0.10546,0.079166,-0.0030656,-0.48131,22.652,-0.97004,-47.732,1.8241,11.266,0.38354,-16.533,0.029564,0.10395,-0.11291,-0.99306,-0.098814,0.071005,0.009863,-0.8861,22.325,-1.2277,-47.873,1.1202,5.0896,0.86717,-13.131
15.9,0.020675,0.11262,-0.080034,-0.9923,-0.098467,0.07827,0.0025102,1.2273,22.198,-0.073547,-49.741,1.5682,12.545,1.0583,-14.669,0.025875,0.11049,-0.1022,-0.99209,-0.097524,0.083014,0.014054,-1.559,21.23,-0.1955,-50.014,0.40484,7.3221,-1.3173,-14.63
16,0.028162,0.074991,-0.06959,-0.9987,-0.082676,0.083985,-0.012496,-0.86374,19.648,-1.2286,-49.758,1.555,12.739,1.5026,-14.171,0.035977,0.10693,-0.10444,-0.97156,-0.095324,0.08665,0.016169,-1.3554,20.869,-2.517,-49.059,1.5395,6.1417,-1.2028,-15.423
16.1,0.011492,0.095936,-0.07482,-0.97528,-0.091923,0.095333,-0.013474,-0.57465,21.696,-0.067041,-46.923,0.59728,10.691,0.065864,-15.856,0.042448,0.093447,-0.11236,-0.99435,-0.093374,0.088248,0.0036935,-1.8349,20.417,0.52661,-52.199,1.7328,6.3878,2.0642,-13.559
16.2,0.051803,0.098599,-0.062913,-0.98831,-0.095134,0.10079,-0.0040076,-1.1986,18.834,-0.18604,-51.221,2.41,14.036,1.5814,-13.027,0.05851,0.11813,-0.11116,-0.98017,-0.085842,0.091231,0.014859,-0.48181,19.878,-0.84349,-50.442,1.1227,7.4303,-0.41587,-13.469
16.3,0.039177,0.080864,-0.077175,-0.9874,-0.077753,0.081615,-0.0061565,-1.2338,19.823,-0.51957,-50.916,0.2617,13.705,1.9484,-13.961,0.033298,0.10751,-0.091286,-0.9968,-0.083249,0.094488,0.013013,-1.3202,17.945,-0.33502,-51.772,1.1411,6.4563,0.53073,-13.444
16.4,0.035786,0.062897,-0.076254,-0.98489,-0.08379,0.093687,-0.0099271,-1.9704,19.135,-0.23015,-51.557,2.1222,13.809,0.95266,-13.968,0.041901,0.081912,-0.10997,-0.96628,-0.082549,0.094946,-6.9282e-05,-1.1605,19.069,-0.9491,-50.065,1.1623,7.0633,0.26076,-13.215
16.5,0.051959,0.074488,-0.08275,-0.99101,-0.08004,0.083728,-0.0062194,-0.71878,21.038,-1.0123,-48.436,1.0832,16.178,-0.59054,-12.291,0.052267,0.082662,-0.12001,-0.98135,-0.084239,0.093335,0.0055543,1.2154,19.456,-0.53656,-52.202,1.884,7.1007,1.6097,-13.032
16.6,0.048096,0.070971,-0.0772,-0.97587,-0.073842,0.089502,-0.01559,-1.3863,19.364,0.63148,-48.817,0.086991,13.869,0.89385,-12.183,0.075162,0.08769,-0.1062,-0.98397,-0.083275,0.092011,0.0067867,-1.5796,18.263,-0.16798,-50.354,0.0015011,8.8267,1.3922,-11.578
16.7,0.058053,0.058623,-0.067461,-0.98831,-0.072444,0.092134,-0.017478,-0.51207,17.177,-0.59578,-49.025,0.60716,15.094,0.75316,-12.926,0.060347,0.059503,-0.10362,-0.98783,-0.076645,0.10247,-0.003542,-1.5653,17.139,0.67053,-49.824,1.0061,8.5828,1.5096,-11.583
16.8,0.070333,0.065439,-0.051686,-0.99354,-0.077881,0.093054,-0.022415,-2.6325,16.604,1.8145,-48.994,0.061705,16.535,1.2407,-13.882,0.067121,0.075035,-0.1174,-1.0021,-0.071207,0.096952,0.0080385,-3.4991,17.477,-0.20216,-51.617,0.32432,7.0977,0.33754,-10.878
16.9,0.054301,0.048695,-0.083291,-0.99615,-0.072002,0.094584,-0.0088295,-2.7866,16.944,1.8746,-49.13,-0.78902,15.722,0.49008,-11.168,0.06138,0.071213,-0.087075,-0.9805,-0.07797,0.0979,-1.8301e-05,0.088099,17.888,1.44,-50.705,2.1793,8.9135,-0.11318,-9.1526
17,0.077736,0.055447,-0.058967,-1.0037,-0.065312,0.093054,-0.0078809,-0.62655,15.975,-0.40943,-48.622,0.20969,14.106,1.7877,-10.747,0.077707,0.049257,-0.10183,-0.99716,-0.077081,0.1007,-0.0073398,0.084538,15.813,0.95494,-50.054,1.6875,9.8566,0.21448,-10.176
17.1,0.089009,0.042385,-0.073758,-0.99901,-0.074046,0.088046,-0.011884,0.44766,15.793,1.2767,-48.377,-0.11926,16.49,1.6799,-10.729,0.066261,0.038565,-0.10814,-1.003,-0.06193,0.099111,-0.0013722,-1.5287,15.737,0.91091,-52.096,1.2193,8.7852,0.88264,-12.847
17.2,0.072934,0.038059,-0.050393,-1.0027,-0.070333,0.083473,-0.020976,-0.064441,15.216,0.3787,-46.492,0.050977,16.027,1.7839,-11.044,0.079244,0.068009,-0.10804,-0.99543,-0.059068,0.091005,-0.0022465,-2.4518,15.714,-0.77149,-50.349,-0.72543,11.523,0.21431,-9.0348
17.3,0.093757,0.01621,-0.051359,-0.99049,-0.066241,0.086951,-0.015911,-1.6556,15.393,-1.0324,-46.45,-0.20701,16.322,0.55025,-10.835,0.093604,0.035964,-0.098342,-0.98396,-0.069597,0.099308,-0.0073841,-1.7279,14.507,0.4089,-49.251,0.68438,10.515,3.1915,-9.5749
17.4,0.086059,0.043055,-0.051596,-0.98303,-0.069481,0.089032,-0.015909,-2.2499,17.11,0.52784,-48.451,0.26316,17.567,2.2028,-10.733,0.10129,0.048355,-0.10107,-0.97657,-0.064328,0.090831,-0.0049571,-1.6764,14.842,2.1615,-48.178,1.6878,9.9516,-1.1189,-7.7274
17.5,0.087409,0.017374,-0.052492,-0.98151,-0.067062,0.07482,-0.033014,-2.8714,15.724,1.4748,-48.672,0.89485,16.027,1.3153,-10.56,0.099732,0.041325,-0.098618,-0.998,-0.058167,0.095213,-0.010147,-1.415,14.016,2.4461,-48.581,-0.99801,10.009,-0.46121,-8.6806
17.6,0.08899,0.039777,-0.078579,-0.97265,-0.056483,0.091462,-0.015531,0.50179,15.228,1.5451,-45.856,0.4856,17.667,1.1346,-9.09,0.10595,0.040908,-0.090691,-0.99718,-0.060298,0.093624,-0.0061681,-0.54371,13.298,1.2982,-50.108,-0.34088,10.524,1.7003,-7.4375
17.7,0.097033,0.024615,-0.043804,-0.98387,-0.050496,0.089149,-0.017125,-0.33903,12.89,1.3489,-47.724,-0.14557,16.467,-0.14526,-7.8329,0.10016,0.026989,-0.090269,-1.0021,-0.061829,0.098651,-0.0071438,-0.87489,13.561,1.3965,-47.596,0.55728,10.513,0.13409,-7.1312
17.8,0.090397,0.017242,-0.046295,-0.98373,-0.061276,0.088357,-0.017993,-0.059442,12.243,0.087607,-47.406,0.86918,17.895,-0.51846,-7.1053,0.11299,0.027309,-0.094953,-0.99411,-0.060896,0.08436,-0.0089624,-2.2396,12.406,-0.30525,-47.165,1.1462,11.855,1.364,-8.7779
17.9,0.11587,0.008876,-0.072881,-0.99,-0.056279,0.086462,-0.01893,-0.94729,14.061,0.89181,-46.129,1.1182,16.318,0.41489,-8.3955,0.097729,0.025622,-0.098211,-0.98763,-0.05211,0.093546,-0.011807,-1.9669,12.629,1.8628,-47.729,0.24734,12.674,0.22934,-8.4705
18,0.089621,-0.0010652,-0.050396,-0.98644,-0.055151,0.08294,-0.033781,-0.49725,14.464,1.2724,-46.614,2.0911,17.453,1.1673,-8.2384,0.1207,0.021559,-0.092628,-0.98935,-0.05415,0.095087,-0.01742,-0.84396,11.803,2.437,-45.408,1.5275,11.186,1.0753,-6.2444
18.1,0.10743,0.008137,-0.054787,-0.99881,-0.044587,0.084578,-0.029074,-1.6327,11.877,-0.0020797,-44.773,0.55117,18.841,-0.0074506,-5.3849,0.11427,0.016215,-0.088301,-0.97049,-0.055149,0.091067,-0.010014,-1.3135,11.423,0.94728,-47.139,0.17913,9.551,1.4776,-7.1669
18.2,0.12205,-0.0044275,-0.052879,-0.99407,-0.049918,0.084746,-0.035487,-1.0837,12.526,0.83508,-45.553,0.027035,17.577,2.8354,-5.9215,0.14139,0.0048219,-0.097229,-0.9965,-0.042992,0.099623,-0.0051765,-1.1738,11.221,0.57545,-47.199,0.12221,9.7196,2.6814,-6.8331
18.3,0.13538,-0.00069197,-0.04289,-0.9965,-0.033966,0.09096,-0.028121,-0.28806,10.064,0.80338,-46.072,-0.58128,18.6,0.57401,-7.6349,0.095427,0.0082288,-0.11882,-0.96172,-0.042956,0.090441,-0.022634,-0.38467,9.8621,0.58797,-47.711,-0.14488,11.13,1.543,-4.5403
18.4,0.1245,-0.015416,-0.057555,-0.99392,-0.054541,0.081584,-0.028326,-1.9211,9.8593,-0.22324,-44.007,-0.4521,17.95,-0.25618,-6.1939,0.13654,0.0012725,-0.097968,-0.99381,-0.050538,0.079886,-0.016344,-1.3502,10.257,-0.55869,-46.572,-0.84555,11.719,0.13032,-5.24
18.5,0.10136,-0.028132,-0.061501,-1.0017,-0.035065,0.081016,-0.027083,-0.51627,9.7918,0.52072,-44.907,0.2767,20.415,-0.93764,-5.1365,0.1236,0.0082109,-0.094864,-0.98549,-0.035366,0.089076,-0.022343,-0.31928,9.067,1.8222,-46.866,1.0359,12.822,1.2042,-5.6948
18.6,0.11444,-0.0054151,-0.045903,-1.0142,-0.034402,0.076669,-0.033546,0.55255,11.182,0.34057,-44.84,1.2043,19.711,-1.6271,-5.217,0.12483,-0.0052843,-0.071951,-0.97107,-0.048022,0.07377,-0.017317,-1.1582,11.158,2.3737,-46.312,0.36842,12.57,0.13244,-5.5395
18.7,0.12755,-0.0025787,-0.04088,-0.99071,-0.030352,0.083804,-0.031703,-0.44371,9.7544,0.97726,-44.874,-0.13594,17.174,0.26061,-5.8305,0.12225,-0.012278,-0.080576,-1.0007,-0.040724,0.084059,-0.025346,-0.54701,9.0454,-0.40812,-47.158,1.5989,13.229,1.7112,-6.4851
18.8,0.12316,-0.037977,-0.041199,-0.98962,-0.0353,0.08872,-0.035238,-1.9369,9.6027,0.60556,-41.73,1.6667,18.55,2.7837,-6.2017,0.12775,-0.0040938,-0.089477,-0.98485,-0.036276,0.083036,-0.019063,0.16399,7.4451,3.3876,-44.968,0.51862,15.411,1.5209,-6.7078
18.9,0.12404,-0.022195,-0.033849,-0.98894,-0.044341,0.087079,-0.031634,-1.5644,8.4466,1.8613,-44.742,-0.47186,18.3,0.60612,-3.8383,0.13863,-0.030765,-0.078449,-0.98448,-0.035976,0.081333,-0.027545,-1.2206,7.4277,1.1355,-45.222,0.17116,13.21,1.1727,-4.0826
19,0.13977,-0.031,-0.019776,-0.98024,-0.030524,0.080362,-0.029279,-2.6358,7.2428,1.9658,-41.926,-0.77854,19.327,1.4923,-5.74,0.13366,-0.025219,-0.071994,-1.0058,-0.029464,0.084307,-0.021757,-0.9736,9.4116,1.6007,-45.513,0.31836,14.3,1.4786,-4.2422
19.1,0.11122,-0.031727,-0.01738,-0.99925,-0.024487,0.082712,-0.035191,0.47573,7.2078,1.3366,-40.805,2.2977,18.246,1.0917,-4.4781,0.13811,-0.028715,-0.067177,-0.99014,-0.030341,0.081574,-0.020423,-2.4535,4.457,0.18082,-46.181,1.09,16.02,1.5121,-4.3084
19.2,0.11913,-0.0472,-0.012734,-0.97185,-0.026789,0.078915,-0.037672,-1.3505,7.9345,0.75254,-42.571,0.14206,18.112,0.44404,-5.1724,0.14205,-0.032804,-0.095376,-0.9671,-0.034808,0.086639,-0.026295,-0.66225,5.5189,1.7947,-43.884,0.40436,14.668,1.3713,-3.3941
19.3,0.13212,-0.041367,-0.017079,-1.0057,-0.031007,0.078119,-0.039691,-1.5451,6.4175,0.57521,-42.191,1.2674,18.092,1.8239,-5.5757,0.15411,-0.020944,-0.052984,-0.99424,-0.01761,0.089122,-0.031108,-1.95,6.2951,2.2361,-44.837,0.80561,15.572,0.55996,-3.1152
19.4,0.11588,-0.043946,-0.016041,-0.98434,-0.018934,0.078604,-0.028658,-1.5396,6.1687,-2.1437,-44.067,-1.4947,17.308,1.2689,-3.4868,0.12402,-0.033433,-0.087393,-0.97823,-0.015309,0.077527,-0.02551,-1.5263,6.5272,1.668,-44.016,0.33856,13.57,2.4658,-1.7933
19.5,0.1354,-0.042659,-0.029466,-0.98862,-0.021325,0.082028,-0.031805,-1.6527,5.9856,1.4091,-41.08,-2.2119,18.277,-0.79725,-2.9888,0.15204,-0.039745,-0.066865,-0.99808,-0.018683,0.078802,-0.032929,-1.4618,5.1378,0.81879,-42.259,1.489,14.39,2.8135,-1.8387
19.6,0.13168,-0.036479,-0.042122,-1.0023,-0.0089001,0.0687,-0.034035,-1.2667,4.311,0.43149,-39.094,-0.12711,18.113,0.59464,-2.8945,0.15498,-0.033934,-0.073919,-0.9938,-0.024911,0.077521,-0.034953,-0.80823,6.1498,-0.84235,-42.719,1.941,14.655,-0.13302,-2.5377
19.7,0.12787,-0.067127,-0.014952,-0.98501,-0.012967,0.067624,-0.03218,-1.4063,4.7514,-0.028331,-40.185,0.050672,16.402,0.28845,-4.8958,0.12982,-0.039866,-0.06903,-0.97936,-0.013712,0.079252,-0.027679,-1.5786,2.9978,-0.55502,-44.585,-0.20817,17.329,1.2709,-1.6173
19.8,0.11776,-0.073134,-0.0059844,-0.99199,-0.020582,0.078529,-0.023052,0.73304,4.0264,1.4835,-40.349,-1.2788,15.872,-0.10834,-3.5758,0.14155,-0.047319,-0.0713,-0.97944,-0.020585,0.084524,-0.032002,0.64626,6.1427,-1.0917,-42.572,1.3835,14.205,1.0606,-1.8814
19.9,0.12171,-0.047896,-0.013911,-0.96582,-0.0096086,0.072905,-0.023174,-2.9834,5.1865,-0.07678,-39.712,0.45062,16.991,0.861,-6.0451,0.15008,-0.063413,-0.051801,-0.98845,-0.0022949,0.090796,-0.02965,-1.7557,4.5908,0.38805,-41.437,-0.39327,16.306,0.34249,-1.0571
20,0.12264,-0.086948,0.00087233,-0.99736,-0.010601,0.07704,-0.030797,-0.4159,3.5743,1.2836,-41.079,-0.38906,16.558,0.34567,-3.5766,0.14356,-0.079139,-0.059041,-0.98791,-0.0035214,0.076322,-0.027228,-2.0611,3.5209,-0.24598,-41.703,1.7782,16.669,1.0069,-0.32395
20.1,0.1186,-0.067987,-0.014448,-0.99373,-0.013994,0.073856,-0.024245,-1.1163,2.9384,0.94982,-39.083,0.012978,16.257,0.52373,-4.4968,0.15973,-0.051728,-0.058554,-1.0069,-0.0089373,0.074697,-0.038773,-2.2975,2.4183,1.2626,-42.388,1.2853,17.427,1.4993,-0.80217
20.2,0.12026,-0.065907,-0.021165,-0.99898,-0.014879,0.067315,-0.032635,-2.9804,1.9385,0.63228,-39.67,0.34043,14.677,-0.21879,-4.9119,0.13323,-0.071913,-0.058417,-0.9713,-0.0016467,0.076137,-0.047304,-1.0074,2.0561,1.2628,-41.565,0.14453,15.342,0.26978,-0.93515
20.3,0.14622,-0.072199,0.0082523,-0.99009,-0.0060267,0.068916,-0.030523,-1.0701,1.9719,0.81595,-39.084,-0.30804,16.475,0.012934,-3.7993,0.13664,-0.057446,-0.055931,-0.98338,-0.001264,0.081739,-0.048818,-0.61001,3.0595,0.27116,-40.272,1.8281,15.895,-0.34444,-0.69889
20.4,0.13137,-0.092428,0.0026146,-0.99532,-0.015843,0.052599,-0.029394,-0.27833,2.0717,0.61717,-37.632,-1.2408,14.37,-0.96271,-4.5189,0.14406,-0.06842,-0.051776,-0.97235,0.0028242,0.076727,-0.026676,-1.1299,1.3139,0.34305,-40.127,0.55792,17.444,0.24605,1.3246
20.5,0.1508,-0.080246,-0.0066324,-0.98894,-0.0085372,0.070165,-0.031748,0.87355,-1.5757,-0.48512,-37.165,-0.041808,14.782,-0.34434,-5.687,0.15431,-0.075144,-0.061038,-0.97927,-0.0031716,0.078973,-0.032783,-0.1706,1.2298,0.92958,-40.144,0.43754,16.798,-1.3256,0.76964
20.6,0.14578,-0.084229,-0.0038643,-0.99165,0.00099834,0.061957,-0.024687,-0.95635,0.030042,0.29566,-36.435,0.14746,13.441,-2.126,-4.3065,0.15278,-0.088308,-0.056358,-0.98349,0.0059108,0.073189,-0.028233,0.1683,-0.12847,0.44284,-40.948,-0.69176,14.583,0.18065,-0.28626
20.7,0.14312,-0.087666,-0.0059795,-0.99773,-0.0033944,0.05898,-0.021036,-2.8233,1.2512,-0.02841,-36.262,-1.3447,16.443,0.38566,-5.1402,0.15385,-0.076769,-0.059325,-0.97669,-0.0028396,0.07649,-0.030224,-0.33072,-0.015546,1.5246,-40.885,0.51976,17.479,1.6565,-1.7354
20.8,0.14476,-0.076468,0.0029271,-0.98084,0.0030856,0.061244,-0.027977,-1.9198,0.52518,-0.57715,-38.551,-0.98062,13.952,-0.88194,-5.0951,0.15788,-0.080425,-0.028601,-0.96612,0.0023891,0.081992,-0.036774,-1.0649,-1.1672,2.1619,-38,-1.2539,19.451,1.0027,1.8967
20.9,0.14534,-0.089687,0.0078604,-0.96614,0.0018405,0.067025,-0.027552,-1.6014,0.35449,0.44856,-37.091,-1.5905,13.581,-2.0347,-4.2374,0.14889,-0.091534,-0.036728,-0.99353,0.014728,0.073988,-0.031541,0.22743,-0.66956,1.1852,-37.017,-1.9909,17.409,0.76092,0.096692
21,0.17181,-0.097331,-0.0055924,-0.9779,-0.0030362,0.054756,-0.018945,0.50159,-1.3966,-0.52803,-36.343,-0.92826,14.051,-1.1916,-6.6589,0.15284,-0.093232,-0.041923,-0.97481,0.0018873,0.072658,-0.037046,-1.2465,-0.22003,1.4776,-38.435,-0.32082,17.571,-1.8999,-1.0572
21.1,0.14596,-0.094628,0.0089453,-0.96956,-0.0035351,0.057938,-0.017193,-2.4157,-0.35946,-0.45421,-36.131,-0.96983,13.333,-0.54088,-6.6003,0.16039,-0.093259,-0.045616,-0.96621,0.010328,0.062038,-0.043646,0.56199,-1.7295,1.3851,-38.265,0.11301,17.129,-1.5777,0.63112
21.2,0.14941,-0.1251,0.0058176,-0.97571,0.0037261,0.055145,-0.021198,-0.73441,-2.1851,2.0601,-34.433,-1.4072,12.91,-0.1268,-5.8858,0.13946,-0.11384,-0.039249,-0.99159,0.0067364,0.06798,-0.039966,-1.1561,-0.71819,1.6471,-38.375,-1.8947,15.109,0.84823,-1.0001
21.3,0.14924,-0.090576,0.013356,-0.98945,0.0034307,0.053035,-0.011399,-0.062867,-2.5218,1.8671,-35.866,0.80838,14.113,-1.4398,-7.5647,0.14155,-0.10138,-0.031899,-1.006,0.012304,0.055801,-0.032757,-0.68714,-3.1435,1.3316,-38.069,0.52345,14.608,-0.81046,0.56031
21.4,0.14393,-0.10387,0.01989,-0.97858,-0.0049853,0.052205,-0.018224,-0.51828,-1.1953,-1.2796,-35.81,-1.2436,10.04,-0.070098,-3.7955,0.15465,-0.091263,-0.041933,-0.98619,0.013541,0.070032,-0.035551,-1.2581,-2.8982,-0.40603,-36.944,0.74071,17.308,0.93587,0.34461
21.5,0.15854,-0.1219,0.011184,-1,-0.0085395,0.054857,-0.0070631,-2.0809,-2.2803,1.2873,-35.199,-0.40572,13.114,-1.7841,-5.8719,0.14218,-0.11197,-0.025976,-0.98773,0.0062061,0.069707,-0.052011,-1.2866,-3.5798,0.19999,-36.059,-1.3091,15.384,1.3946,-2.0069
21.6,0.13007,-0.10682,0.0095521,-0.98868,0.00073317,0.055456,-0.007848,-0.18826,-1.9704,0.99062,-32.919,-2.6678,11.812,-3.6293,-6.3476,0.14663,-0.08976,-0.020836,-0.97394,0.014994,0.053783,-0.035507,-2.1784,-1.9579,0.4787,-35.516,1.7777,15.276,-1.011,-0.40094
21.7,0.14208,-0.11825,-0.0030442,-0.97485,-0.0072991,0.056552,-0.015476,-1.4681,-2.0304,0.25793,-32.918,-1.7107,10.175,-0.76777,-6.7763,0.17216,-0.11858,-0.027095,-0.98176,0.015916,0.066044,-0.025039,-0.37396,-3.4959,0.91567,-36.715,1.1266,15.699,-0.95474,-2.6294
21.8,0.14929,-0.10587,0.0072249,-0.99471,0.010419,0.051651,-0.012957,-0.86332,-3.1331,-0.024999,-34.674,0.5437,10.699,-0.85372,-7.6134,0.17114,-0.11275,-0.011319,-0.99673,0.014912,0.064457,-0.030916,-0.88501,-4.6031,1.254,-35.926,-0.42193,14.613,1.6034,-2.2679
21.9,0.12387,-0.095706,0.003957,-0.97207,0.0093972,0.053896,-0.012754,-2.0619,-2.8671,-0.59502,-33.827,-0.12659,12.01,-1.6684,-8.9684,0.16697,-0.12594,-0.015122,-0.98237,0.021251,0.070104,-0.03075,-2.7367,-5.4933,0.53635,-35.901,-0.6082,14.297,-0.34678,-1.1036
22,0.15752,-0.10971,0.011136,-0.99471,-0.0020645,0.044861,-0.002008,0.074167,-4.4891,1.6819,-33.251,-2.7075,9.7083,-1.4805,-9.4114,0.14757,-0.12782,-0.023688,-0.98428,0.015122,0.061498,-0.027715,-0.8413,-4.9423,0.56135,-35.413,-0.071734,15.593,-1.9418,-3.4828
22.1,0.15883,-0.11909,0.0044384,-0.96028,0.015964,0.047027,-0.0081784,-0.10841,-5.4845,0.60343,-32.76,1.4783,11.875,0.024425,-7.25,0.14621,-0.12987,-0.0041465,-0.97779,0.02627,0.056969,-0.029098,-0.31044,-5.4348,1.3891,-35.628,2.9046,15.284,0.12185,-1.0651
22.2,0.14301,-0.12274,0.022735,-0.97556,0.013545,0.048532,-0.018253,-0.51616,-5.1183,0.47792,-32.035,-2.627,10.442,-3.1101,-8.0982,0.15379,-0.12798,-0.019081,-0.9695,0.025901,0.057015,-0.029835,-1.7989,-5.279,2.4529,-34.013,0.58429,15.577,-1.8736,-1.7872
22.3,0.14528,-0.13052,0.01453,-0.99063,0.013958,0.033712,0.0041797,-1.9494,-6.7417,0.85257,-32.47,-1.1986,9.7411,0.3732,-9.2688,0.14157,-0.13446,-0.011533,-0.9835,0.020607,0.058378,-0.025327,-1.2568,-4.1547,2.3857,-35.37,1.4108,16.631,0.27384,-1.5855
22.4,0.13561,-0.14766,0.047208,-0.98912,0.0061512,0.045956,0.00011642,-1.7813,-5.0227,-0.13353,-31.633,-0.70708,9.9947,-1.3535,-9.6332,0.14677,-0.12617,-9.3093e-05,-0.9758,0.011239,0.050908,-0.030533,-2.0094,-4.9709,1.4629,-35.182,1.4201,13.253,-1.5867,-2.7467
22.5,0.14673,-0.13371,0.02257,-0.98845,-0.0010002,0.027209,0.0064432,-1.9201,-4.5007,1.8175,-31.921,-0.60769,8.3377,-2.6293,-9.0903,0.15842,-0.12735,0.012128,-0.97663,0.011199,0.05565,-0.023161,0.76025,-6.1048,1.7713,-34.906,0.36865,16.116,-0.038706,-2.46
22.6,0.12989,-0.1303,0.037076,-0.98123,0.011066,0.026411,0.0026297,-1.0877,-4.306,-1.1528,-31.482,-2.212,9.5503,-0.67006,-10.828,0.15483,-0.12778,-0.021927,-0.97646,0.01902,0.054822,-0.016856,-2.107,-7.2352,-0.1569,-33.878,1.428,13.029,-0.21375,-4.351
22.7,0.13085,-0.13733,0.011301,-0.9882,0.012006,0.029982,-0.0010042,-0.077147,-7.494,1.2092,-31.884,-0.82222,9.1448,0.13048,-9.6976,0.14249,-0.13907,-0.014759,-0.98687,0.01581,0.038005,-0.015437,-1.1453,-8.8205,0.49189,-33.873,-2.1096,14.845,-1.1027,-3.1372
22.8,0.14794,-0.14343,0.040086,-0.9853,0.014128,0.037796,0.0082698,-1.1331,-7.9495,0.44229,-29.483,-1.8944,8.7864,-1.8509,-11.214,0.15658,-0.13654,0.0046128,-0.98777,0.025719,0.050372,-0.0011982,-2.5494,-7.5151,1.6155,-32.606,-0.91207,13.177,-2.1542,-5.8303
22.9,0.11417,-0.14289,0.022252,-0.99131,0.01115,0.028443,-0.0086745,-2.0769,-5.5166,0.84678,-29.242,-0.051578,6.5339,-1.4667,-11.245,0.15963,-0.14507,0.0010297,-0.96641,0.025639,0.033981,-0.015121,-1.9707,-6.9881,1.3377,-32.17,-1.2276,13.987,-1.8126,-3.6471
23,0.12119,-0.12949,0.029618,-0.98858,0.011702,0.03626,0.0022491,-0.5001,-6.7033,-0.1872,-31.402,-2.2016,9.6559,-0.7775,-10.875,0.14394,-0.14139,-0.0023535,-0.97215,0.024068,0.036468,-0.024791,-1.8751,-9.9885,0.40374,-32.732,-0.7731,12.426,-1.7647,-6.6848
23.1,0.13467,-0.1443,0.028872,-0.98543,0.012573,0.029831,5.8417e-05,-1.0416,-9.1636,-0.58313,-31.736,0.50871,6.6969,-1.1536,-11.293,0.13671,-0.15759,0.0030564,-0.9937,0.031884,0.043671,-0.022302,-0.54154,-7.8817,0.97671,-32.301,-0.85303,13.437,-2.8581,-5.1115
23.2,0.11526,-0.15046,0.03063,-0.96592,0.010583,0.037881,0.0080725,-1.3469,-7.7069,1.8806,-29.27,-0.12137,7.5083,0.082269,-12.236,0.14107,-0.15796,-0.0015892,-0.96844,0.017794,0.050846,-0.012539,-0.61639,-10.196,-1.6631,-32.422,-0.71551,12.927,-0.60396,-5.0751
23.3,0.11883,-0.14153,0.010268,-0.97885,0.0083464,0.023433,0.0098533,-1.4861,-7.1989,1.1352,-28.27,-0.18331,8.0081,-0.66533,-12.906,0.12886,-0.16578,0.010776,-0.97262,0.018178,0.033819,-0.012196,-0.3567,-8.6521,2.1923,-29.239,-1.2219,13.846,-2.1431,-4.9277
23.4,0.14324,-0.16533,0.029498,-0.97687,0.018943,0.026143,0.0051451,1.632,-10.515,-0.49964,-29.227,0.055086,5.9007,-1.1352,-12.407,0.1323,-0.12971,-0.0043411,-0.98368,0.026458,0.041932,-0.0044622,-0.19074,-10.105,1.3226,-29.693,0.058388,10.205,-1.0353,-3.3217
23.5,0.13997,-0.13695,0.031877,-0.98945,0.0087159,0.024164,0.013528,-3.0062,-12.284,1.3798,-29.449,-0.92258,6.2155,-1.6104,-11.454,0.13542,-0.14466,0.022323,-0.99548,0.028255,0.039755,-0.0061924,-1.1499,-8.3438,2.2906,-31.155,-1.115,11.581,-1.629,-6.0784
23.6,0.11131,-0.15399,0.0076666,-0.98688,0.015997,0.028408,0.0084714,-1.2105,-10.683,-0.025762,-30.243,0.040628,6.3597,0.050494,-12.242,0.144,-0.15218,0.026797,-0.98957,0.033187,0.036075,-0.007035,-0.71877,-9.9333,2.9069,-29.407,1.8506,11.733,-2.2853,-5.9775
23.7,0.12197,-0.13904,0.02558,-0.99198,0.028308,0.014396,0.0058038,-1.2678,-9.9209,1.0582,-29.634,0.85512,6.5959,0.53126,-12.005,0.13959,-0.14789,-0.0088903,-0.97066,0.037402,0.033563,-0.0080056,-1.288,-10.331,-0.15503,-30.379,-1.514,8.7473,0.41123,-7.5321
23.8,0.11369,-0.14377,0.0048449,-0.97343,0.010029,0.018142,0.013252,1.3061,-9.6591,0.69835,-26.34,-0.7686,6.613,-2.4364,-12.989,0.12897,-0.16896,0.0050402,-0.98558,0.028285,0.03027,-0.01423,-2.0905,-11.796,-0.0033077,-29.592,-0.77485,10.291,-1.2386,-9.2028
23.9,0.12993,-0.14851,0.029531,-0.98172,0.01513,0.01191,0.024918,1.9094,-12.781,1.1247,-28.673,-1.2398,5.0353,-0.17272,-13.241,0.12527,-0.17218,0.0037959,-0.96373,0.030534,0.031174,-0.011272,0.89087,-12.611,0.4555,-29,-0.6807,9.4185,-2.2608,-8.0916
24,0.1141,-0.15159,-0.0032116,-0.95781,0.015203,0.021041,0.016195,-2.4462,-11.632,0.37633,-28.051,-0.55167,6.1743,1.5803,-15.949,0.13238,-0.1538,0.0031591,-0.9836,0.033804,0.030597,-0.0026629,-2.7756,-11.043,1.229,-28.494,-0.091059,12.962,-3.001,-9.4952
24.1,0.11315,-0.15509,0.0071586,-0.9888,0.026919,0.018079,0.017167,0.8514,-14.999,-1.8638,-28.281,-1.7602,7.3809,0.33996,-14.406,0.12584,-0.14512,0.0056071,-0.9847,0.02961,0.033848,-0.011701,-1.5351,-11.838,1.5058,-30.324,-0.86605,9.5733,-0.57515,-7.2192
24.2,0.12344,-0.15169,0.027142,-0.97366,0.032215,0.011542,0.020733,-1.8311,-11.275,-1.3628,-26.36,1.6934,5.0535,-0.49869,-14.482,0.1255,-0.17958,0.0084331,-0.98426,0.03034,0.021877,-0.0073173,-1.3558,-12.806,0.48668,-28.645,-2.211,8.5693,-1.5992,-9.8022
24.3,0.12027,-0.17436,0.012719,-0.97292,0.026075,0.0097803,0.020689,-1.8891,-13.033,1.6388,-26.513,0.43583,6.4704,-1.3428,-14.378,0.11577,-0.16556,0.010856,-0.98912,0.035737,0.022424,0.0011512,-1.3678,-13.17,1.5906,-26.014,-0.32095,9.7917,0.20509,-9.255
24.4,0.13323,-0.15555,0.01268,-0.97886,0.021425,0.01383,0.016141,-1.1956,-13.485,1.3189,-25.164,0.56941,6.8037,-0.37563,-16.845,0.14049,-0.16396,0.016888,-0.99648,0.037536,0.025882,0.0026769,-1.6193,-13.305,1.4351,-27.238,-1.0129,9.829,-1.696,-10.073
24.5,0.11843,-0.15623,0.02645,-0.96405,0.024661,0.0024859,0.017708,-1.5977,-12.7,0.8719,-24.386,0.2277,5.687,0.017235,-14.986,0.12285,-0.16032,0.0095701,-0.96609,0.02874,0.015873,-0.0090024,0.58065,-12.914,0.25416,-27.879,-0.09079,9.1263,-0.069231,-10.803
24.6,0.1169,-0.17036,0.023411,-0.99251,0.026726,0.0062502,0.022745,-1.5506,-14.645,0.86099,-25.806,0.3322,4.3902,-1.9076,-16.436,0.13364,-0.16859,0.0069423,-0.9695,0.032578,0.020672,0.0050882,-0.9205,-14.53,0.43078,-29.113,-0.82555,8.3769,-0.44771,-11.013
24.7,0.10893,-0.16229,0.004807,-0.99072,0.029049,0.0097443,0.021367,-1.4241,-16.18,1.1791,-26.152,-0.79749,5.9453,-1.1496,-16.038,0.1213,-0.14774,0.0072678,-0.97581,0.040691,0.017058,-0.00027191,-1.3386,-15.857,1.8461,-24.773,0.30896,9.3352,-0.03715,-11.598
24.8,0.11816,-0.17809,0.0016274,-0.98421,0.015086,-0.0010071,0.028889,-0.91559,-13.739,0.13974,-24.725,-0.43848,5.8104,-1.2586,-18.659,0.12766,-0.16796,0.035145,-0.97899,0.029756,0.01444,0.0034936,-0.081883,-15.25,0.36796,-26.511,2.4595,8.7988,-1.8858,-12.235
24.9,0.11106,-0.12849,0.022059,-0.97481,0.034351,0.0088851,0.017981,0.27793,-14.028,0.90097,-25.509,-0.47649,5.9863,-1.1816,-17.652,0.10017,-0.17777,0.018422,-0.97341,0.042139,0.011719,0.01133,-0.36674,-13.709,-1.7521,-26.91,0.26439,7.868,-2.5091,-11.713
25,0.10129,-0.17703,0.022335,-0.98174,0.023714,0.010016,0.020136,-2.2544,-15.75,1.604,-24.951,1.3957,6.65,-1.0759,-16.983,0.098799,-0.14907,0.018275,-0.98632,0.044476,0.0099616,0.0070037,-0.85441,-15.267,-0.19364,-25.093,-1.8208,9.5077,-0.58584,-10.839
25.1,0.10965,-0.16862,0.01554,-0.97803,0.030468,0.0049982,0.020771,-0.9014,-17.112,0.021359,-23.836,1.3897,4.6507,0.69522,-18.546,0.11312,-0.16392,-0.0014072,-0.98088,0.038755,0.0036734,0.0081137,-0.61996,-15.215,0.43019,-26.313,-0.77416,8.7353,1.1975,-12.372
25.2,0.10916,-0.14089,0.0083468,-0.97303,0.043361,0.0067932,0.02608,-1.3265,-16.863,0.15451,-22.234,1.049,4.3774,-0.22445,-18.671,0.12199,-0.16507,0.0012746,-0.9548,0.03671,0.016245,0.014972,-1.9538,-16.269,-0.53638,-25.339,0.89404,7.1366,0.28127,-13.843
25.3,0.094085,-0.15881,0.015945,-0.98303,0.030594,-0.0085355,0.017431,-1.4881,-18.226,0.27401,-22.173,0.7584,6.5367,-1.5271,-18.615,0.10724,-0.17307,0.024698,-0.98243,0.029404,0.0028643,0.0036696,-1.4721,-15.142,-0.037973,-24.505,-0.38751,9.6282,0.11429,-15.599
25.4,0.12401,-0.1475,0.0048016,-0.98294,0.030384,-0.009845,0.018271,1.2331,-17.911,0.49642,-23.232,0.16674,6.3869,-2.1307,-18.245,0.096945,-0.16976,0.013408,-0.97296,0.045068,0.0070819,0.016393,-2.1516,-18.119,0.99824,-23.379,-1.0251,6.1896,-2.4944,-12.95
25.5,0.095761,-0.17273,0.012786,-0.98696,0.031928,-0.0022274,0.026512,-0.70893,-18.391,1.5834,-23.179,0.68125,5.6321,-1.8887,-19.498,0.099159,-0.18285,0.020777,-0.97126,0.041347,0.01521,0.0095156,0.66803,-18.042,0.19072,-25.677,1.0287,6.5319,-0.96451,-12.886
25.6,0.10493,-0.16541,0.027871,-0.9715,0.030399,-0.0072734,0.016939,-0.42169,-19.47,1.3379,-21.472,0.62182,6.5221,0.39578,-20.419,0.11438,-0.17917,0.011032,-0.9685,0.038922,0.0030858,0.023573,-0.69104,-17.982,1.2893,-24.343,-0.055362,4.9699,-0.21636,-14.558
25.7,0.098886,-0.14418,0.005679,-0.98974,0.034393,-0.0057211,0.026282,-0.40037,-18.441,2.3439,-20.302,-0.49477,5.1783,-1.2909,-20.269,0.083468,-0.16578,0.018156,-0.96914,0.048245,-0.002844,0.016879,-0.8937,-18.384,1.2347,-23.74,-1.113,7.0182,-2.1205,-14.031
25.8,0.10265,-0.15598,0.012049,-0.97023,0.045515,-0.021206,0.024471,-0.54821,-17.988,-0.36498,-22.39,0.11615,4.6179,-0.79346,-19.817,0.084773,-0.17366,0.018529,-0.99308,0.052131,-0.002517,0.014775,-1.0082,-18.047,1.9236,-24.494,0.83186,6.9975,-0.97868,-14.586
25.9,0.098447,-0.13175,-0.013793,-1.0018,0.035362,-0.012353,0.016504,-1.5451,-19.741,1.0284,-21.646,2.5787,6.7481,-0.75008,-19.976,0.10277,-0.18269,0.017238,-0.98917,0.048706,-0.0024222,0.016588,-3.6139,-20.177,1.7417,-23.147,-0.10072,7.9314,0.013215,-17.119
26,0.095422,-0.16469,0.006496,-0.97657,0.032545,-0.023858,0.026544,-2.1218,-19.943,2.3912,-20.191,0.16456,6.0693,-1.5767,-22.531,0.095422,-0.17116,0.016388,-1.0012,0.05271,-0.0010582,0.016471,-0.050539,-18.491,3.4347,-21.43,0.15531,8.5313,-0.8845,-18.683
26.1,0.094897,-0.15332,-0.008311,-0.98187,0.038939,-0.018638,0.027787,-2.2294,-22.413,0.76748,-19.749,0.021893,5.3768,-1.1353,-20.701,0.088257,-0.18023,0.018787,-0.97866,0.044626,0.0039605,0.01738,-2.4664,-20.266,1.4337,-22.662,0.81487,8.173,-2.0288,-15.443
26.2,0.091806,-0.15751,-0.0044913,-0.98301,0.03781,-0.018179,0.034459,-0.89407,-19.103,-0.19654,-19.699,1.0858,5.5873,-1.7904,-21.583,0.078376,-0.17704,0.01847,-0.98455,0.043955,-0.012051,0.017655,0.19626,-21.012,1.1982,-22.66,0.44423,5.0753,-2.4088,-17.006
26.3,0.089784,-0.14002,-0.010713,-0.99968,0.034221,-0.017037,0.028057,-1.4083,-21.811,3.3817,-19.701,1.517,10.296,-0.80493,-22.315,0.088036,-0.16669,0.020549,-0.9904,0.051554,-0.0020245,0.020236,-1.0532,-21.738,2.1344,-23.81,-0.38156,6.0352,0.40386,-17.39
26.4,0.084061,-0.15645,-0.0069257,-0.98513,0.047954,-0.025702,0.018886,-3.2153,-22.605,0.99987,-20.714,1.0945,6.4481,-1.0291,-22.636,0.065414,-0.1839,0.0088901,-0.98699,0.046595,-0.010234,0.021708,-0.83502,-21.141,0.80518,-21.432,-1.0189,6.2175,-1.176,-15.889
26.5,0.074114,-0.15315,-0.0050555,-0.99558,0.032291,-0.025066,0.020599,-0.8282,-20.884,-0.67771,-19.506,-0.84881,6.4241,-0.9888,-22.067,0.076584,-0.15351,0.010481,-0.98169,0.044833,-0.0088799,0.033318,-0.51057,-21.257,1.4088,-21.448,0.12617,5.4206,-0.43882,-18.229
26.6,0.085086,-0.16618,-0.011889,-0.97915,0.036551,-0.016413,0.031561,-1.1391,-21.764,2.9746,-18.677,-0.68097,7.6986,-1.452,-22.504,0.079653,-0.16689,0.017839,-0.98501,0.048612,-0.016368,0.016997,-0.98872,-22.137,0.98167,-21.617,-0.47333,7.3038,-0.88722,-18.675
26.7,0.067032,-0.14229,0.0058777,-0.99697,0.048401,-0.025034,0.020809,-0.87073,-23.116,3.029,-18.386,2.0927,7.9979,-1.9262,-22.278,0.071724,-0.17696,0.0096397,-0.98588,0.051965,-0.022984,0.017334,-0.61189,-21.902,2.5736,-21.912,-1.6391,6.1918,0.70906,-19.914
26.8,0.083276,-0.14454,-0.00775,-0.98172,0.051019,-0.027198,0.023661,0.31612,-23.875,-0.068321,-17.759,0.14203,9.4209,-1.5654,-24.962,0.080782,-0.16109,0.01886,-0.98541,0.051976,-0.034693,0.017527,-0.14876,-23.155,1.9463,-21.601,-0.74733,7.2267,-0.43382,-17.852
26.9,0.08553,-0.15898,-0.0034098,-0.96448,0.040781,-0.027926,0.02207,-0.28526,-24.604,1.2984,-16.914,0.97003,10.092,0.079515,-23.993,0.06128,-0.17041,0.010565,-0.96808,0.04385,-0.030198,0.024621,-0.89209,-23.92,-0.46235,-19.945,-0.13593,6.9334,-1.4187,-20.602
27,0.07682,-0.14167,-0.001961,-0.97802,0.048933,-0.02475,0.021924,-0.74474,-22.406,1.0728,-17.321,0.42585,9.9411,-2.4363,-24.958,0.079843,-0.166,-0.0050121,-0.97944,0.048357,-0.019917,0.024177,-0.28713,-22.566,1.4557,-18.914,2.2236,8.2056,-0.36217,-18.763
27.1,0.073706,-0.14795,0.0090001,-0.9733,0.047522,-0.027119,0.024462,-0.82368,-22.746,0.87441,-18.633,-0.37317,8.3074,-2.3562,-26.378,0.053155,-0.14785,-0.016293,-0.99773,0.047494,-0.018632,0.032608,-0.58414,-22.518,1.4174,-19.33,-1.635,7.6521,-0.39106,-19.287
27.2,0.070377,-0.14939,-0.022961,-0.97614,0.050404,-0.022102,0.023271,-2.3417,-24.289,1.636,-17.204,0.28205,10.37,-3.2977,-23.656,0.055971,-0.16732,-0.0089125,-0.99404,0.061256,-0.019899,0.016734,-0.57941,-22.59,3.8259,-18.606,0.2729,6.2954,-1.8593,-21.254
27.3,0.081884,-0.15942,-0.015632,-0.97948,0.048006,-0.03077,0.029272,-2.3385,-24.726,0.98282,-15.97,1.8201,8.4515,-0.8833,-24.556,0.043979,-0.17402,-0.014301,-0.97477,0.055902,-0.020073,0.02498,-0.94215,-23.311,1.8352,-18.705,-0.068267,7.8197,0.033467,-20.349
27.4,0.063213,-0.14232,-0.01973,-0.99463,0.045407,-0.032959,0.03068,0.84019,-23.611,-1.1888,-18.821,1.4536,9.7846,-2.0504,-26.969,0.053256,-0.17349,0.0047618,-0.97383,0.050922,-0.03102,0.023475,0.08883,-23.08,0.23854,-18.8,1.91,7.7735,0.64932,-21.815
27.5,0.058978,-0.14093,-0.01005,-0.99084,0.04263,-0.028563,0.024927,0.88002,-26.235,-0.048899,-13.867,-0.040671,10.315,-0.11348,-22.838,0.038144,-0.16477,0.015957,-1.008,0.050526,-0.022358,0.026061,-1.4726,-25.544,1.876,-19.576,0.57671,7.2885,-2.3383,-22.881
27.6,0.055114,-0.13323,-0.036684,-0.98568,0.056283,-0.034361,0.023937,-0.0062623,-23.768,0.45583,-15.801,1.2875,11.58,0.11938,-26.155,0.04302,-0.16441,-0.010754,-0.96896,0.04563,-0.034566,0.019775,-0.3758,-22.706,-1.2228,-18.315,-0.025239,7.1298,-1.5078,-21.904
27.7,0.064992,-0.14999,-0.009016,-0.98799,0.044251,-0.039234,0.034024,-2.7548,-25.317,2.3023,-15.558,0.87114,11.95,0.57908,-26.175,0.065381,-0.16115,-0.0069729,-0.97098,0.03548,-0.039616,0.028529,1.6921,-24.772,0.82459,-18.112,-1.1475,6.5059,-0.056871,-23.182
27.8,0.047425,-0.12434,-0.025279,-0.98094,0.050551,-0.048961,0.019597,-1.4052,-27.261,2.9565,-12.886,1.7241,10.57,-0.42191,-26.007,0.049225,-0.16606,-0.012632,-0.9667,0.045982,-0.036364,0.022719,-0.031595,-24.059,1.0514,-17.355,-0.38207,9.635,-0.1667,-22.194
27.9,0.050634,-0.1198,-0.018972,-0.97944,0.047281,-0.043719,0.023072,-0.71053,-27.434,1.0451,-15.425,0.1504,8.7295,-1.5321,-26.632,0.031286,-0.16331,0.013444,-0.97989,0.042491,-0.034544,0.032099,1.2351,-25.162,2.094,-16.781,0.36777,8.3037,-1.5222,-24.756
28,0.048224,-0.11011,-0.00532,-0.98917,0.041306,-0.038667,0.022053,-0.15809,-25.144,-0.22349,-14.246,2.4977,11.848,-0.95675,-26.809,0.036404,-0.16666,-0.0050359,-1.0009,0.038706,-0.037744,0.028858,-0.58661,-24.192,-0.38905,-17.886,1.4506,6.8069,-2.3818,-24.816
28.1,0.044889,-0.135,-0.015458,-0.98703,0.044464,-0.053329,0.02257,0.44235,-25.632,1.3652,-15.523,1.3141,12.983,0.52984,-26.202,0.049876,-0.15457,-0.024048,-1.0079,0.049573,-0.030208,0.027615,-1.1627,-26.09,1.3188,-15.267,0.52473,8.5031,1.6163,-23.715
28.2,0.032853,-0.14963,-0.013174,-0.97903,0.046134,-0.054896,0.022883,0.37568,-24.696,0.91648,-13.347,1.1849,11.484,0.47063,-25.279,0.042754,-0.16302,-0.013431,-0.97749,0.046562,-0.043853,0.019169,-0.31305,-23.69,0.4072,-15.488,-0.24423,8.9641,0.19963,-25.515
28.3,0.030825,-0.1109,-0.035606,-1.0071,0.057723,-0.056004,0.021564,-0.59131,-26.429,1.8805,-13.091,0.46007,12.488,0.22527,-25.601,0.040556,-0.14616,-0.0098736,-0.98423,0.044397,-0.036226,0.020426,-0.51661,-23.166,1.0922,-13.787,0.46009,9.8318,-1.8686,-24.108
28.4,0.021274,-0.0965,-0.036606,-0.98129,0.047652,-0.046389,0.02288,-0.08552,-25.567,0.43665,-13.668,2.3673,14.528,-0.6246,-28.043,0.022701,-0.15542,-0.0081702,-0.9967,0.04681,-0.038964,0.027002,0.39046,-25.475,0.90019,-13.379,-0.3303,9.847,-1.9167,-26.243
28.5,0.033767,-0.10786,-0.011222,-0.99394,0.03946,-0.053868,0.015983,-0.17315,-26.729,1.2782,-12.688,-0.54952,14.156,-1.2486,-27.746,0.038114,-0.14477,-0.0059534,-0.99555,0.034468,-0.039563,0.019567,0.16423,-24.591,1.5534,-13.511,1.6079,9.5727,-1.6597,-25.705
28.6,0.0728,-0.09649,-0.024395,-1.008,0.042731,-0.052472,0.023855,0.60733,-26.065,0.63746,-13.478,-0.38482,14.735,-1.3581,-29.159,0.022642,-0.13524,-0.017217,-1.005,0.041317,-0.040412,0.025073,1.966,-24.703,-0.27094,-14.02,0.92651,9.5023,-1.0276,-24.626
28.7,0.020464,-0.10537,-0.016027,-0.99742,0.041231,-0.049983,0.021827,0.99674,-24.517,0.40038,-13,-1.0109,12.745,0.11557,-26.336,0.010636,-0.13541,-0.021961,-0.98726,0.040077,-0.054554,0.028378,-0.21798,-23.963,1.5001,-13.678,0.19523,12.258,-0.11744,-26.655
28.8,0.021461,-0.1158,-0.035526,-0.97546,0.032627,-0.053858,0.026427,0.65364,-24.201,1.6083,-10.669,0.84063,15.002,-0.63177,-29.776,0.01751,-0.12367,-0.016553,-0.97716,0.056785,-0.048144,0.035863,0.63953,-22.929,-0.54273,-14.038,0.22515,11.283,-1.9031,-25.378
28.9,0.042239,-0.096792,-0.029895,-0.98606,0.042507,-0.057444,0.010239,2.0524,-26.881,0.78338,-12.073,-0.73927,13.847,-0.47,-27.917,0.013998,-0.12633,-0.013386,-1.0031,0.042785,-0.046388,0.031638,0.15277,-22.307,2.0967,-13.555,-0.62302,11.176,-0.68394,-28.053
29,0.023895,-0.096861,-0.023779,-0.9989,0.048229,-0.050517,0.017,0.5138,-24.534,1.5448,-10.931,0.72969,16.439,-0.55134,-28.831,0.019124,-0.12752,-0.0098111,-0.98501,0.030334,-0.056562,0.023801,1.1322,-21.77,0.12993,-14.704,-1.4878,10.898,-1.0893,-27.308
29.1,0.029944,-0.094981,-0.010111,-1.003,0.041907,-0.057171,0.014325,2.0833,-23.979,2.0354,-9.9437,0.43154,15.261,0.6024,-26.388,0.020865,-0.14292,-0.001855,-0.98942,0.026299,-0.056729,0.028222,2.0752,-21.532,1.4273,-13.686,-0.48012,13.585,0.16126,-30.392
29.2,0.013875,-0.1046,-0.055124,-1.0054,0.041231,-0.058064,0.017256,2.0726,-23.079,0.85428,-10.739,1.7196,14.902,0.75208,-27.199,0.037345,-0.11125,-0.028633,-0.99937,0.032156,-0.054962,0.033405,1.5213,-21.326,0.64057,-12.679,0.74071,13.46,-0.070203,-29.694
29.3,0.0003045,-0.086162,-0.02606,-0.99707,0.036616,-0.059701,0.0098765,1.4165,-24.223,0.82922,-13.289,0.055865,13.571,0.9576,-28.373,-0.0044479,-0.098818,-0.0052306,-0.9925,0.031427,-0.06418,0.030866,0.28714,-21.868,-0.52206,-12.845,1.3653,12.255,0.0021861,-29.297
29.4,0.0037507,-0.088911,-0.037554,-0.99498,0.045383,-0.067996,0.019894,0.2287,-23.578,1.3002,-10.03,-0.38971,14.541,0.92791,-28.452,0.016786,-0.13024,-0.0034819,-1.0051,0.015081,-0.060102,0.037439,0.21073,-21.512,0.2432,-12.783,1.5896,13.268,-1.8958,-27.639
29.5,0.018,-0.10007,-0.019645,-0.97563,0.035645,-0.055975,0.024799,-0.043435,-23.519,1.2316,-9.8016,1.7288,16.509,0.12331,-25.607,-0.011195,-0.12426,-0.011616,-0.98379,0.025125,-0.058259,0.030715,1.4322,-20.139,1.6815,-12.071,1.351,13.134,-0.99427,-28.186
29.6,0.020205,-0.084113,-0.026756,-1.0091,0.035115,-0.062644,0.014962,2.3736,-24.457,-0.45265,-9.1943,2.8887,16.194,0.26188,-29.452,-0.0030194,-0.10715,-0.049138,-0.99877,0.020526,-0.062817,0.029254,0.66749,-22.57,0.88408,-11.733,1.1885,13.783,-0.0045018,-29.336
29.7,0.025173,-0.093374,-0.027353,-0.99391,0.047077,-0.071427,0.02185,0.67857,-23.859,0.3938,-8.8022,-0.62331,15.59,-0.0034129,-27.297,-0.010751,-0.11102,-0.030568,-0.99156,0.024814,-0.054285,0.030155,0.18555,-18.918,1.8813,-10.588,-1.8822,12.853,-0.64128,-28.603
29.8,0.00244,-0.076381,-0.035151,-1.0103,0.038132,-0.06052,0.019958,2.1709,-23.652,0.48598,-8.3547,-0.46355,15.338,-0.35571,-28.243,0.016251,-0.098592,-0.0049536,-0.98943,0.013955,-0.061039,0.018139,1.0085,-20.791,1.351,-10.858,1.5477,12.399,-0.18639,-30.021
29.9,-0.0010871,-0.089256,-0.041551,-0.9922,0.04668,-0.07115,0.015863,-0.546,-21.818,1.2977,-9.037,0.6423,16.85,1.4597,-25.972,0.0027901,-0.084088,-0.024562,-0.99451,0.025504,-0.065552,0.029372,0.85358,-18.233,1.311,-10.266,1.2726,13.191,-0.14275,-29.121
30,-0.00026665,-0.065116,-0.034165,-0.99256,0.027636,-0.070176,0.018563,0.47887,-21.401,1.0787,-7.2807,-0.2278,18.101,1.4654,-26.222,-0.015107,-0.087276,-0.021778,-0.99465,0.014716,-0.07055,0.029199,1.9643,-19.279,0.73708,-10.025,1.7383,14.803,0.57094,-28.692
30.1,-0.0091931,-0.070772,-0.039109,-1.0056,0.026414,-0.059686,0.0089506,-0.50912,-22.393,1.1389,-6.7302,0.035058,16.207,-0.80889,-25.134,-0.00064363,-0.10559,-0.038333,-0.98865,0.019034,-0.070993,0.025262,0.36987,-19.629,0.18147,-10.693,-1.202,14.345,-0.85296,-29.902
30.2,-0.015425,-0.070478,-0.032938,-1.0077,0.037596,-0.05244,0.0090504,1.5339,-20.495,-1.7231,-7.7961,2.4637,18.272,1.6957,-27.056,-0.019913,-0.10876,-0.021052,-0.99853,0.02032,-0.063708,0.025357,0.76994,-19.874,0.96176,-8.7153,0.24208,15.581,0.14877,-28.299
30.3,0.010598,-0.063613,-0.038343,-0.9912,0.028009,-0.057846,0.014643,1.8684,-20.828,-0.44914,-6.258,2.6933,16.69,-0.11611,-27.068,-0.0037708,-0.095421,-0.02305,-0.97817,0.019016,-0.062652,0.030804,0.27527,-18.135,0.40067,-9.9221,0.9707,16.176,-0.28737,-29.026
30.4,-0.011931,-0.057075,-0.047485,-0.98935,0.037804,-0.065388,0.018652,-0.35412,-19.298,0.093585,-8.2709,2.1129,18.06,-2.1412,-24.556,-0.012838,-0.075124,-0.026499,-0.99176,0.019041,-0.066088,0.028324,1.3478,-18.632,-2.2431,-9.8037,1.164,14.416,-1.3938,-29.714
30.5,0.0052634,-0.048298,-0.05173,-0.98492,0.035233,-0.065572,0.0099479,-0.12451,-20.134,-0.046216,-7.1109,2.607,17.817,1.7312,-26.767,-0.015447,-0.072288,-0.02612,-1.0077,0.015211,-0.070992,0.018609,1.1718,-17.056,2.5147,-9.0219,2.4629,15.578,0.31895,-28.097
30.6,0.0040439,-0.047391,-0.041208,-0.98227,0.03887,-0.065744,0.0071159,1.1829,-20.01,-0.67143,-6.6526,0.69577,20.643,-0.27081,-24.532,-0.0075786,-0.063008,-0.026979,-0.98638,0.017387,-0.062844,0.013523,1.1559,-17.644,-1.2928,-7.6854,0.098764,16.438,1.8274,-26.439
30.7,-0.012391,-0.065396,-0.05229,-0.981,0.031387,-0.05695,0.0085253,0.64895,-20.746,0.58182,-6.5477,0.13912,18.725,1.2015,-24.433,-0.013177,-0.086522,-0.040288,-0.99561,0.02905,-0.07482,0.019979,0.26935,-16.645,1.5679,-8.7482,2.4401,18.284,0.16364,-29.209
30.8,-0.027744,-0.054461,-0.045535,-0.98475,0.029802,-0.05641,0.01517,2.9402,-17.555,-0.023063,-8.3985,0.56351,17.237,1.0421,-25.62,-0.01489,-0.054254,-0.031862,-0.99613,0.023394,-0.080273,0.029097,-1.325,-16.759,0.029396,-6.9608,1.1692,17.453,1.4919,-26.35
30.9,-0.015318,-0.069721,-0.0758,-0.985,0.029923,-0.065384,0.0069741,0.64541,-18.974,-0.30894,-8.5651,-0.90829,19.348,0.52734,-24.22,-0.013539,-0.06484,-0.031174,-0.99371,0.0091063,-0.063923,0.024487,1.0614,-15.906,-1.61,-7.097,1.0301,16.769,1.9425,-27.403
31,-0.0075188,-0.040191,-0.041577,-1.0097,0.022586,-0.060879,0.010548,0.22901,-18.747,-0.18936,-9.9148,-0.44077,18.774,1.6904,-22.099,-0.009589,-0.06929,-0.047671,-1.0183,0.017558,-0.074684,0.023138,-0.53864,-15.986,-1.1726,-6.8535,1.1339,16.157,0.37568,-26.863
31.1,-0.0097205,-0.049444,-0.043642,-0.99835,0.023234,-0.066699,-0.0020226,-0.14795,-18.626,-1.6361,-8.4831,0.56886,19.35,0.53502,-22.381,-0.024276,-0.063374,-0.041677,-0.98577,0.019148,-0.072642,0.014903,0.049552,-16.93,0.32937,-6.253,0.68267,16.188,-0.54705,-27.025
31.2,-0.018283,-0.041969,-0.045449,-0.99921,0.03255,-0.060566,0.010852,-0.050185,-17.829,-1.9229,-7.5061,0.40161,20.643,-0.70646,-21.693,-0.024282,-0.057877,-0.050983,-1.0106,0.010913,-0.068175,0.012913,0.011965,-16.522,0.67702,-7.1244,0.45972,17.463,1.1379,-26.213
31.3,-0.0074672,-0.030437,-0.032855,-0.98808,0.025137,-0.061235,-0.001862,0.2676,-17.549,-0.45999,-7.6735,0.0085574,18.867,0.74429,-23.182,-0.024209,-0.05267,-0.039329,-0.98758,0.022989,-0.069096,0.012129,0.19478,-14.4,0.26204,-9.4397,0.6249,17.772,0.87213,-25.228
31.4,-0.020706,-0.043695,-0.037001,-1.0078,0.0099205,-0.062385,-0.0011132,-0.94938,-17.413,-1.9167,-9.9609,1.1342,20.589,-0.35454,-24.161,-0.020167,-0.056724,-0.036361,-1.005,0.01276,-0.065181,0.007645,1.379,-13.632,-2.2345,-8.5214,1.4934,17.689,-1.1229,-25.908
31.5,-0.026486,-0.024715,-0.035799,-0.99075,0.029156,-0.057462,-0.0037072,0.14952,-17.692,0.69591,-8.7612,1.674,23.887,-0.25511,-21.346,-0.01739,-0.06047,-0.035208,-0.98378,0.0065241,-0.069804,0.0094866,-1.1592,-14.358,-0.83685,-6.1122,1.6527,18.763,-0.48532,-25.295
31.6,-0.024161,-0.02348,-0.060122,-1.0178,0.028735,-0.041768,-0.0033601,1.541,-14.926,-2.9788,-9.1127,0.21973,18.771,0.48442,-22.204,-0.018151,-0.043688,-0.032243,-0.99317,0.014574,-0.074134,0.010329,-0.70825,-14.958,-1.6542,-9.7402,-0.011216,17.077,1.2536,-27.548
31.7,-0.042587,-0.02425,-0.023321,-0.99241,0.019066,-0.047599,-0.00091256,0.3081,-16.553,1.064,-9.9083,0.21778,19.47,0.41046,-22.254,-0.0099358,-0.051037,-0.025383,-0.9964,0.012438,-0.052961,0.0084596,0.55955,-14.305,-0.95993,-8.8258,1.4409,18.196,0.20979,-25.527
31.8,-0.014575,-0.035973,-0.043437,-0.99923,0.037976,-0.043907,-0.010575,2.6802,-15.292,-2.1343,-11.597,2.5545,20.013,-0.25378,-22.409,-0.012421,-0.033574,-0.056617,-0.99743,0.0028212,-0.075067,0.016187,0.57042,-12.055,0.30977,-8.6657,1.5278,18.148,0.12992,-25.387
31.9,-0.028425,-0.012271,-0.01751,-1.0051,0.030925,-0.039159,0.00049691,1.7535,-15.732,-2.0334,-12.003,2.9169,21.889,3.0311,-21.28,-0.033803,-0.01836,-0.024336,-1.0039,0.016594,-0.061826,0.0022016,-0.77886,-12.807,-0.47793,-9.0099,3.4164,18.779,-0.37588,-24.565
32,-0.017214,-0.0069391,-0.032964,-1.0133,0.023885,-0.047231,-0.0086071,-0.53266,-15.608,0.18355,-12.123,0.95583,21.834,1.1566,-21.124,-0.0071264,-0.049001,-0.046386,-1.005,0.017314,-0.063808,0.0040719,1.127,-12.972,1.946,-10.23,0.65966,19.28,1.5829,-23.706
32.1,-0.02995,-0.027412,-0.040744,-1.0085,0.019924,-0.042384,-0.008657,-0.50172,-14.789,-1.4488,-14.158,-1.9101,20.54,0.6655,-18.46,-0.026353,-0.026136,-0.042399,-1.0041,0.013172,-0.060919,0.0057628,1.6167,-13.735,-1.3141,-10.738,0.32858,18.858,-0.29584,-23.991
32.2,-0.036954,-0.016001,-0.031421,-1.0137,0.024973,-0.042948,-0.0079799,0.21295,-15.596,-1.8402,-11.628,2.7027,21.266,0.98658,-19.866,-0.016223,-0.055328,-0.035093,-0.98893,0.0096175,-0.049246,-0.0018395,-0.49248,-12.909,-1.326,-11.909,1.6332,20.696,1.3952,-22.592
32.3,-0.028002,-0.02514,-0.039763,-0.99261,0.017915,-0.038225,-0.0018423,2.6658,-13.611,-1.0781,-11.689,-0.40186,22.732,0.48438,-19.906,-0.029181,-0.020263,-0.048179,-1.0031,0.0096295,-0.05935,-0.0022521,2.3748,-9.8743,-0.6373,-10.322,-0.059029,20.786,0.95715,-22.819
32.4,-0.018293,-0.014061,-0.033003,-1.0066,0.013444,-0.038266,-0.0052453,0.37608,-14.016,-2.7575,-12.907,0.87954,22.547,-0.53548,-21.087,-0.027678,-0.0082753,-0.014073,-0.9822,0.011839,-0.048535,0.002876,2.079,-11.38,-1.6513,-12.411,0.93105,20.596,-0.54409,-22.765
32.5,-0.041289,-0.0051651,-0.031904,-1.004,0.016381,-0.040622,-0.011852,1.9836,-13.109,-1.4549,-14.815,-1.0837,23.73,-0.28105,-18.607,-0.014967,-0.016241,-0.026048,-1.0104,0.013251,-0.045724,0.0011355,0.76952,-12.147,-1.0149,-10.923,-0.061205,19.653,1.6556,-21.236
32.6,-0.018065,-0.0079812,-0.032807,-0.98602,0.024509,-0.041434,-0.012017,-0.33523,-12.519,-2.6643,-13.305,-0.0068279,24.006,-1.2117,-20.129,-0.021645,-0.010839,-0.047023,-0.99216,0.0034474,-0.047686,0.0028936,0.16168,-10.486,-0.82376,-12.549,1.2709,21.18,0.88039,-21.327
32.7,-0.029985,-0.0095524,-0.02731,-1.0136,0.018213,-0.039141,-0.021654,0.4507,-12.502,-0.79275,-14.251,1.402,23.871,0.56615,-19.221,-0.021205,-0.016643,-0.050038,-1.0138,0.0054126,-0.044136,0.00061411,0.27106,-11.565,-0.6814,-12.783,1.9259,21.303,-1.1934,-22.614
32.8,-0.037104,-0.0056149,-0.047934,-0.99867,0.018145,-0.043699,-0.0094777,0.61752,-12.217,0.62292,-15.176,-0.3565,21.641,-1.1108,-19.629,-0.0242,-0.017426,-0.046566,-0.98267,0.012474,-0.041703,0.0031914,-0.81141,-12.05,-3.7656,-13.458,1.1303,22.164,1.869,-22.345
32.9,-0.048587,0.012301,-0.036157,-0.99753,0.015234,-0.043868,-0.0086682,0.32639,-12.888,-1.9735,-16.502,1.1926,24.242,0.41336,-19.846,-0.012529,0.0046842,-0.042524,-0.9879,0.004714,-0.039179,-0.0050304,0.06752,-10.037,-0.78065,-12.246,0.12195,21.511,0.32633,-21.139
33,-0.039743,-0.0012462,-0.031667,-1.0006,0.018611,-0.038907,-0.012199,0.2276,-11.13,-2.7318,-15.749,0.87686,24.14,-0.18856,-18.002,-0.024554,-0.023227,-0.045327,-1.0156,-0.006578,-0.045113,-0.013725,1.4157,-10.335,-0.51466,-12.37,0.90528,21.469,0.97658,-18.132
33.1,-0.042014,-0.0019102,-0.047197,-0.98796,0.020007,-0.032541,-0.015447,0.37476,-11.392,-1.0056,-17.421,0.15058,24.647,0.89488,-18.699,-0.046151,-0.012923,-0.044379,-1.007,-0.00032116,-0.046307,-0.0082995,0.7174,-8.8644,-0.1565,-15.576,0.28719,21.926,1.2451,-21.183
33.2,-0.042061,0.0093597,-0.037135,-1.0011,0.012989,-0.029205,-0.015132,1.5219,-12.822,-3.1417,-16.696,0.97086,24.611,0.22037,-18.429,-0.02013,-0.010848,-0.043847,-1.0098,0.0083172,-0.040346,-0.009509,1.5345,-10.255,-1.0775,-13.674,2.3664,20.681,-1.5848,-20.216
33.3,-0.049033,0.0064387,-0.035156,-1.0039,0.011676,-0.032941,-0.011602,-0.10618,-10.41,0.38041,-17.15,-0.3287,24.715,0.48787,-18.731,-0.03103,0.0017872,-0.048287,-0.9828,0.0041766,-0.035357,-0.0063087,0.3883,-8.7582,-0.91419,-14.242,1.7965,20.653,2.487,-19.455
33.4,-0.023103,0.014022,-0.020026,-0.99695,0.01191,-0.034304,-0.020585,1.308,-11.731,-0.9444,-18.391,-0.19181,22.996,-0.22017,-17.86,-0.017693,0.014701,-0.038928,-1.0117,0.0014282,-0.036938,-0.011055,1.1465,-7.9806,-2.1082,-15.076,1.6343,22.259,0.65541,-17.902
33.5,-0.046091,0.0048558,-0.043123,-1.007,0.0053868,-0.026467,-0.026041,0.78437,-10.556,-1.9089,-17.957,2.0253,25.82,-0.96887,-19.134,-0.0242,-0.012183,-0.040917,-1.0018,0.0053888,-0.034091,-0.0071864,1.2363,-7.8159,-0.3807,-17.409,2.6224,21.843,0.64486,-18.929
33.6,-0.031086,-0.0029326,-0.027719,-1.0002,0.012348,-0.027083,-0.024613,-1.109,-11.507,-2.1333,-18.781,1.3311,25.857,0.70273,-19.012,-0.02347,0.0055813,-0.021261,-0.99891,0.0058178,-0.03508,-0.015877,0.21526,-7.3314,-0.88919,-15.839,0.4711,23.28,-0.39953,-18.834
33.7,-0.035745,0.019654,-0.041184,-0.99848,0.011238,-0.039686,-0.019463,1.9116,-9.5923,-0.55618,-16.988,0.71709,24.774,-1.9117,-20.122,-0.031197,0.0031122,-0.053159,-1.023,0.005561,-0.027553,-0.025527,1.9198,-7.0227,-1.5523,-16.481,0.80848,23.295,2.0006,-17.374
33.8,-0.049875,0.032544,-0.038227,-0.99901,0.011229,-0.018313,-0.017519,-0.27063,-8.8972,-0.67935,-19.084,1.6757,25.356,-0.29756,-19.216,-0.03503,0.016445,-0.025202,-1.0001,-9.1351e-05,-0.022797,-0.012452,0.26851,-6.1794,-0.59912,-17.977,1.5849,23.401,1.9774,-16.172
33.9,-0.034488,0.0016213,-0.034376,-0.99322,0.012291,-0.022075,-0.017645,0.069772,-9.4436,-1.5655,-19.397,-0.6266,25.879,0.39438,-16.357,-0.028925,0.0073006,-0.032552,-1.0124,-0.0072604,-0.039025,-0.0093563,1.8673,-5.6255,-1.8213,-17.196,2.5338,23.387,1.3388,-17.676
34,-0.050793,-0.0011481,-0.022958,-0.99987,-4.7376e-05,-0.023009,-0.023244,0.39697,-8.8633,0.19102,-20.508,2.1625,27.411,-1.0047,-20.358,-0.030484,0.0069008,-0.04862,-0.99687,0.0026342,-0.028027,-0.020597,1.2661,-5.9261,-1.2834,-17.994,1.3928,24.555,0.53665,-18.038
34.1,-0.056382,0.0033012,-0.019379,-0.99956,0.0053727,-0.032406,-0.018383,2.4073,-8.0851,-2.3427,-19.743,0.48936,26.112,-1.0373,-18.68,-0.020456,0.0031272,-0.03473,-1.0092,0.010192,-0.033127,-0.025019,-0.74205,-5.1924,-3.2083,-18.81,0.074376,25.757,0.63532,-16.978
34.2,-0.045485,0.02107,-0.014385,-1.0011,-0.0019124,-0.027007,-0.022565,-0.65418,-8.3308,-1.0537,-20.119,0.97285,26.994,-0.52037,-18.619,-0.020174,0.013383,-0.040675,-0.98822,0.0057363,-0.020465,-0.024437,0.31322,-4.8836,-2.7883,-17.963,-0.030961,21.995,1.0171,-17.351
34.3,-0.042156,0.03183,-0.012004,-1.0073,-0.0034827,-0.020482,-0.012667,0.81201,-8.2773,-0.24557,-22.262,-0.034436,24.838,0.015467,-18.955,-0.0057007,0.025179,-0.020022,-1.0052,-0.0028618,-0.023611,-0.019423,1.1522,-5.3075,-0.43829,-19.175,1.0055,25.965,1.4544,-17.174
34.4,-0.038179,0.0256,-0.023347,-0.99914,0.00049313,-0.017593,-0.023687,-0.87264,-7.4609,-0.95724,-20.206,0.31905,26.623,-0.89511,-18.393,-0.020751,-0.0010326,-0.032231,-0.99226,-0.001632,-0.025516,-0.026858,2.7316,-4.9905,-2.3451,-19.295,0.097097,24.844,1.3168,-16.239
34.5,-0.031567,0.0022423,-0.033726,-0.99049,0.0020696,-0.027902,-0.011322,0.086334,-6.3828,-0.86411,-20.311,-0.49719,27.246,-1.31,-20.925,-0.014241,0.023689,-0.026792,-1.0039,-0.0069219,-0.026203,-0.019314,0.38413,-4.5877,-2.0249,-19.707,-0.7754,27.231,0.093528,-17.757
34.6,-0.047031,0.017165,-0.03221,-0.99778,0.012309,-0.02378,-0.020497,0.059766,-7.3221,-0.87962,-19.908,0.93747,27.141,-0.13028,-20.41,-0.039839,0.0049984,-0.01434,-1.0001,0.0044832,-0.01398,-0.02411,-0.81533,-5.1891,-1.6063,-19.492,-0.39148,24.49,-0.79834,-14.926
34.7,-0.048707,0.0031823,-0.0091857,-1.0033,-0.001325,-0.013682,-0.021603,0.36395,-5.2016,-0.83297,-22.112,-1.4199,26.242,-0.079543,-20.522,-0.018627,0.012735,-0.037762,-0.99924,-0.0050996,-0.024071,-0.025948,-0.33261,-3.0981,-1.7432,-21.463,0.12011,26.724,0.11484,-17.287
34.8,-0.054545,0.014212,-0.032027,-1.0131,-0.0064039,-0.01661,-0.014256,0.41225,-7.5558,-0.87661,-22.645,0.44664,25.623,-1.6588,-22.179,-0.020785,0.010113,-0.04439,-0.99079,-0.00068582,-0.017681,-0.024735,-0.414,-5.4285,0.53018,-20.815,1.4171,27.117,-0.71549,-15.655
34.9,-0.054667,0.016422,-0.033328,-0.98036,0.0043964,-0.02114,-0.027181,0.6693,-5.4678,-3.6142,-23.334,0.80208,25.419,-1.4249,-19.012,-0.010088,0.014017,-0.021012,-1.0126,-0.0080376,-0.010323,-0.032781,-0.55613,-3.5419,-0.60637,-19.682,-0.81652,24.707,1.5675,-13.897
35,-0.063075,0.033752,-0.021717,-0.99773,-0.0082616,-0.0083515,-0.021732,2.2043,-5.2114,-1.5367,-24.628,-0.33293,27.461,0.081822,-21.52,-0.0047241,0.022625,-0.03056,-0.98724,-0.0063188,-0.020849,-0.032842,0.30745,-3.2608,-1.1771,-22.947,-0.54672,22.825,1.4128,-14.175
35.1,-0.05048,0.022291,-0.023904,-0.99952,-0.010506,-0.015565,-0.018565,0.24469,-4.4832,-2.4613,-24.942,0.85282,27.831,-0.26957,-21.571,-0.04018,0.038649,-0.024918,-1.0016,-0.007016,-0.007368,-0.022258,2.8389,-2.1433,0.431,-21.634,0.17188,24.927,-1.5677,-14.375
35.2,-0.025809,0.036231,-0.027298,-1.0085,-0.0053455,-0.014888,-0.010037,1.9293,-6.3469,-0.9585,-24.716,-0.92127,26.263,-0.60995,-21.264,-0.022542,0.029266,-0.025091,-1.0073,0.0025298,-0.015028,-0.024625,-0.36372,-3.5955,-2.4585,-21.455,-0.31318,23.935,0.56692,-16.167
35.3,-0.055263,0.027493,-0.011671,-1.0085,-0.010669,-0.0084522,-0.018967,0.93106,-3.46,-0.58666,-26.151,0.41054,25.998,0.81369,-20.906,-0.026042,0.025181,-0.019987,-0.97909,0.0010601,-0.010441,-0.025511,0.088455,-0.31308,0.17724,-23.183,0.38438,23.966,-0.84279,-14.258
35.4,-0.039366,0.035329,-0.0063406,-0.99904,-0.0067283,-0.0093369,-0.019817,1.4625,-2.8215,-1.6867,-25.391,-0.5634,24.488,-0.58969,-24.108,-0.024122,0.02988,-0.01332,-1.0092,-0.00026913,-0.012369,-0.02617,1.9906,-3.5168,-2.5493,-22.166,-0.79556,23.333,-0.41986,-13.18
35.5,-0.046059,0.016076,-0.0061956,-1.0123,-0.017648,-0.0053986,-0.017995,-0.13295,-4.2874,-0.93883,-26.984,-0.16866,25.463,0.35428,-21.868,-0.016862,0.02398,-0.0053464,-0.99102,-0.013504,-0.012847,-0.024983,1.9588,-0.99642,-0.62164,-24.026,-0.95609,23.963,-1.2697,-14.281
35.6,-0.01817,0.040008,-0.0045486,-0.99621,-0.021315,-0.0049115,-0.018977,3.7555,-2.9923,-0.41624,-24.506,-1.8719,23.864,0.057498,-21.238,-0.039134,0.017859,-0.014838,-1.0209,-0.0072703,-0.0090801,-0.01501,0.087934,-2.7138,0.5336,-24.303,0.30164,22.934,1.3096,-13.796
35.7,-0.062117,0.022325,-0.010368,-0.99904,-0.012904,1.0477e-05,-0.0041668,-0.016962,-3.1199,-0.84878,-25.843,-0.88271,23.884,-1.1224,-21.397,-0.028152,0.02077,-0.031179,-0.99488,-0.011455,-0.0058242,-0.022005,1.2897,-1.0189,-1.8769,-22.836,0.24008,19.429,-0.54544,-14.24
35.8,-0.050421,0.033283,-0.012187,-0.99728,-0.0094705,-0.0071614,-0.023134,0.76439,-1.4829,-1.2359,-27.581,-0.57974,25.671,0.89591,-20.223,-0.041144,0.011557,-0.0074079,-0.99407,-0.012844,-0.0096466,-0.018634,1.556,-1.0807,-2.208,-23.821,0.11588,22.812,-0.35131,-14.098
35.9,-0.043204,0.041114,-0.00076494,-1.0063,-0.024462,-0.0070802,-0.021159,-1.8854,-4.1193,-1.9229,-26.508,1.2911,25.566,-2.8119,-22.218,-0.0093071,0.016923,-0.0052282,-0.9869,-0.016806,-0.0033081,-0.026058,0.20567,1.658,-0.19291,-25.259,-0.68805,21.585,-1.2023,-13.059
36,-0.063617,0.01506,-0.019029,-0.9966,-0.016413,-0.0069353,-0.01108,0.14797,-1.9944,1.3223,-27.682,-0.33412,22.28,1.9638,-19.682,-0.024215,0.042942,-0.011319,-1.015,-0.02056,-0.00769,-0.024668,0.58459,0.61523,-0.039418,-23.435,-0.15125,21.933,-0.8241,-15.187
36.1,-0.053873,0.04124,-0.013939,-0.99752,-0.022832,-0.0013255,-0.0076207,1.8373,-2.3542,-1.979,-28.692,-0.62652,24.63,-0.85356,-21.054,-0.014339,0.030378,-0.023532,-0.99127,-0.0080729,-0.0074115,-0.013393,0.46982,-0.88997,-1.4579,-25.093,-1.8971,21.751,-1.0714,-15.054
36.2,-0.039594,0.044042,-0.011513,-1.0049,-0.02449,0.0027547,-0.0072963,0.62029,-1.3052,-0.96307,-29.085,-2.6328,24.326,0.2366,-20.76,-0.030837,0.026701,0.002298,-0.99287,-0.00095862,-0.0055217,-0.025029,1.9866,1.033,-2.4583,-26.808,-1.2411,19.762,-0.44942,-13.78
36.3,-0.037266,0.026653,-0.0098086,-0.99146,-0.018927,-0.0074082,-0.011949,1.4133,-2.5192,-2.2319,-29.827,0.73813,23.418,0.10113,-22.45,-0.016434,0.044425,-0.019669,-0.99634,-0.018141,-0.0050782,-0.011033,1.6774,-0.86545,-0.81515,-26.751,-2.1018,20.12,-0.16203,-10.644
36.4,-0.047031,0.029611,-0.021196,-1.0102,-0.019586,0.0077487,-0.010524,0.16316,-0.56552,0.030029,-28.813,-1.2356,22.754,0.51478,-21.317,-0.016985,0.020086,-0.031789,-1.0037,-0.020001,0.0052561,-0.013454,-0.82493,-0.62798,-1.7455,-28.019,-2.3843,18.844,0.24049,-12.783
36.5,-0.030195,0.026675,-0.014073,-0.99901,-0.021507,0.0094029,-0.017878,1.5446,1.0501,-1.9685,-27.899,0.27282,22.096,-0.40376,-21.032,-0.01897,0.019703,-0.032666,-0.99449,-0.022799,-0.0015589,-0.012157,-1.1339,-0.075787,-0.49471,-26.529,-0.24657,19.19,2.3162,-13.849
36.6,-0.031558,0.025623,-0.018533,-1.013,-0.023233,0.004051,-0.0023741,-1.2126,-0.57168,-1.5917,-29.715,-1.4339,22.833,1.4455,-20.579,0.00034003,0.0017156,-0.0042734,-0.98844,-0.023983,0.011087,-0.0096885,1.2285,1.7576,-0.96515,-29.345,-0.63217,18.655,-0.80281,-12.907
36.7,-0.037467,0.012863,-0.0030021,-1.0013,-0.017279,-0.0050335,-0.0038208,1.9224,-1.7988,-0.86775,-31.346,0.25069,22.297,1.9334,-17.806,-0.029754,0.028268,0.017385,-0.99269,-0.018647,0.0032787,-0.017738,0.55209,1.1278,-2.1014,-27.248,-0.05081,18.514,0.1494,-13.173
36.8,-0.051576,0.034605,-0.016358,-0.98808,-0.026158,0.0056999,-0.011399,0.77069,0.3776,-0.77975,-30.376,-0.0035332,21.809,0.99373,-19.792,-0.0059639,0.017788,0.0055198,-1.0122,-0.011071,0.0089656,-0.0066676,0.76779,2.165,-0.94739,-29.379,-3.3976,18.653,0.56534,-11.882
36.9,-0.04111,0.023505,-0.0042053,-1.0135,-0.019079,0.007887,-0.014138,-0.47753,0.21581,-2.9582,-29.947,-0.76048,21.505,1.5144,-20.327,-0.037183,0.011282,0.006498,-1.0051,-0.012772,0.0031501,-0.0050947,-0.28166,2.1676,-3.048,-28.182,-2.6237,17.338,1.4024,-11.903
37,-0.040965,0.016608,0.00036564,-0.99436,-0.035385,0.0048944,-0.0091255,1.2668,0.14015,-1.9327,-30.98,-1.5196,21.367,0.39284,-20.245,-0.010437,0.033671,-0.011028,-0.98008,-0.014511,0.0127,-0.009606,1.5093,2.0754,-0.70184,-28.906,-0.40755,15.728,0.43827,-10.714
37.1,-0.030353,0.027763,0.0086047,-0.98821,-0.025918,0.0093048,0.0038052,1.1319,0.20827,-1.9254,-31.01,-1.0025,20.929,1.9147,-19.479,-0.0035899,0.021098,-0.0062469,-0.98566,-0.0080819,0.0032277,-0.0045347,0.51674,-0.18011,-0.22436,-29.056,-1.6086,15.665,0.72909,-13.507
37.2,-0.043561,0.028245,-0.0084946,-0.99066,-0.033894,0.0032212,-0.0056341,0.56889,2.2876,-0.49684,-30.198,-0.80708,22.371,1.3845,-17.203,-0.013105,0.002882,0.0040956,-1.015,-0.017968,0.01125,-0.010719,-1.3555,2.1178,-1.128,-30.862,-1.3984,14.786,-1.8234,-11.949
37.3,-0.019316,0.014309,-0.027558,-0.99391,-0.035485,0.0047933,-0.0015761,-0.16188,2.4463,-1.4123,-31.903,-0.67446,18.747,2.1209,-19.695,-0.011709,0.036246,0.0056481,-0.99471,-0.013411,0.0094795,-0.012732,-1.2067,3.1655,-0.1948,-31.209,-1.1395,15.25,-0.81723,-13.108
37.4,-0.018203,0.027322,-0.010689,-1.0042,-0.025717,0.016777,-0.0014475,1.0523,1.5363,-0.4337,-33.846,-1.5424,21.059,1.3371,-20.328,-0.018289,0.019672,0.010711,-0.99615,-0.017549,0.016215,-0.010441,0.98571,1.8495,-1.2774,-30.549,-0.51625,15.82,-1.4648,-11.614
37.5,-0.03032,0.04138,-0.0086932,-0.99509,-0.015453,0.027255,-0.0034039,-0.62882,2.3311,-0.97385,-31.386,-2.8207,20.024,0.31738,-17.59,-0.016773,0.024522,0.0053938,-1.0102,-0.015587,0.017099,-0.0071144,-0.80307,0.58385,-0.88676,-30.096,-0.91907,15.28,-1.3827,-10.095
37.6,-0.019906,0.039085,0.00070999,-1.0003,-0.025039,0.013381,-0.0019944,0.11336,2.0341,-1.4108,-33.062,-0.39212,20.04,-0.362,-16.939,-0.007027,0.0046818,-0.0022683,-0.98701,-0.010868,0.016357,-0.0088477,0.39871,1.3077,-2.9266,-32.037,-1.3959,13.825,-1.0843,-10.932
37.7,-0.051348,0.031495,9.331e-05,-0.99902,-0.017015,0.017334,-0.0034247,-0.48988,-0.73273,-0.88177,-34.453,-1.6777,20.254,-0.88461,-18.118,-0.021483,0.021864,0.0066904,-1.0137,-0.0093318,0.015974,-0.0040659,-1.7171,-0.13344,-2.6624,-32.579,-1.6082,12.674,1.272,-9.3257
37.8,-0.010636,0.0066486,0.0017556,-0.9905,-0.023477,0.012473,-0.011998,-1.1066,0.0014134,-1.5285,-35.407,-2.5628,17.819,-0.2876,-18.548,0.006271,0.025827,-0.0095071,-1.001,-0.012049,0.022494,0.0077242,-2.198,-0.91515,-1.9276,-32.297,-1.4535,14.256,0.37795,-12.935
37.9,-0.029524,0.037968,0.001049,-1.0128,-0.016651,0.027106,0.0028838,0.95993,-1.5136,0.23187,-35.855,-3.0087,17.79,1.0528,-18.254,-0.010357,0.0274,-0.0085949,-0.9986,-0.0087607,0.01698,0.0016109,-0.96913,-0.74103,-2.095,-32.667,1.3193,13.547,-1.3792,-12.554
38,-0.018333,0.015175,-0.011175,-1.0017,-0.018166,0.0099434,-0.0062341,0.96234,1.4058,-0.65434,-32.902,-1.5872,18.699,0.061195,-16.435,-0.021543,0.031472,0.00041816,-0.99916,-0.004014,0.019772,-0.0052877,-0.22183,-1.5342,-1.1824,-32.664,0.78027,13.467,0.12763,-13.288
38.1,-0.016733,0.026379,-0.0088734,-0.99069,-0.032783,0.024216,-0.0093391,-0.71935,-0.78381,-0.30598,-34.579,0.087457,16.342,-1.8769,-20.035,-0.022243,0.012282,0.0088083,-0.99938,0.00029426,0.020057,0.00098189,0.3758,-0.44099,-0.80938,-29.977,2.1663,11.747,-0.23352,-12.036
38.2,-0.021877,0.025646,-0.0035217,-0.99895,-0.023015,0.026966,0.011804,-1.5258,-0.70173,-0.20893,-36.014,-0.64176,17.446,-0.48564,-16.056,0.0094194,0.02946,-0.00078038,-0.99994,-0.0096858,0.013094,-0.0039217,-1.2878,-0.91569,-0.36048,-31.963,1.0314,12.022,0.28041,-11.328
38.3,-0.0081111,0.01899,-0.0025538,-0.98635,-0.014146,0.012754,-0.0049019,-1.3515,-0.49343,1.6333,-33.895,0.62311,15.501,0.61728,-19.424,-0.0068764,0.021541,0.0064378,-0.99196,6.0231e-05,0.0079189,-0.00090231,-2.095,-0.072022,1.5618,-33.361,1.342,12.261,-1.7637,-10.829
38.4,-0.015644,0.026187,-0.0057355,-1.006,-0.018866,0.023348,-0.00012563,-1.1347,0.76212,1.0839,-34.832,0.64166,18.915,0.46434,-19.045,-0.010625,-0.0058855,-0.0067396,-1.0052,-0.012012,0.011742,-0.0022333,-1.2047,-0.53305,1.1542,-32.299,2.2055,13.802,-1.4544,-13.195
38.5,-0.024824,-0.00098624,-0.0018106,-0.99005,-0.025561,0.0055486,-0.0029505,-1.5795,-0.30719,1.8318,-33.513,0.68137,19.427,-0.7652,-17.884,0.0043418,0.013359,-0.019211,-1.005,-0.00045902,0.014644,0.007292,-1.325,-1.2201,1.4745,-30.057,-0.59389,12.682,0.64125,-12.846
38.6,-0.019103,0.027831,-0.0032062,-0.99543,-0.0083042,0.018976,0.0027053,1.5545,0.50495,0.24082,-33.42,-0.31996,17.964,0.3905,-17.298,-0.0087261,0.017815,0.0073848,-1.0059,0.00087741,0.0013379,-0.003146,-0.60644,-2.5985,0.22549,-30.24,0.44184,14.098,-0.77411,-13.338
38.7,-0.031339,0.0094403,-0.011792,-1.0065,-0.016466,0.016353,0.013696,-1.7161,-1.4266,-0.16155,-32.505,0.70295,17.567,-0.64015,-17.759,-0.003298,0.022492,0.009847,-1.0082,-0.0031816,0.010832,0.0090548,-2.546,-0.62914,2.5849,-32.707,0.63609,14.509,-0.59288,-12.199
38.8,-0.015862,0.026233,-0.010032,-0.9883,-0.010656,0.024086,-0.0043133,-0.55032,-0.97374,-0.71517,-32.854,0.58983,19.885,-1.1524,-19.917,0.00092206,0.0042398,-0.007688,-0.99973,-0.012259,0.012697,-0.0063161,-2.612,-2.0644,2.6473,-30.666,0.068904,14.259,-0.65619,-13.283
38.9,-0.021138,0.0089634,0.00013076,-1.0101,-0.0078568,0.013322,-0.0030865,-0.67007,-0.59542,1.0715,-33.088,1.1736,16.014,0.55153,-17.732,-0.0066724,0.0044403,-0.013053,-0.99985,-0.01284,0.0071975,0.0025901,0.88012,-3.5357,0.96909,-31.344,-0.10324,12.98,-0.40146,-12.61
39,-0.0046308,0.020365,-0.0012459,-1.0138,-0.0046309,0.012902,-0.00087288,-0.17762,-1.9812,1.5203,-31.169,-1.0915,18.478,0.78689,-18.87,-0.010597,0.025066,0.0083047,-0.99699,-0.01182,0.016271,-0.0027314,1.017,-0.11738,-1.3903,-28.809,1.5174,13.795,-1.5088,-13.82
39.1,-0.0012826,-0.0059329,0.0039854,-1.0061,-0.0066719,0.0072933,0.0010861,-3.0633,-1.7576,0.9029,-33.544,0.49601,17.979,-1.0337,-17.299,-0.0025018,0.01749,0.0026934,-1.0119,-0.014168,0.012687,0.0063387,0.10692,-1.6953,-0.9158,-31.147,0.32668,12.633,-0.20246,-12.197
39.2,-0.015611,0.0287,0.0065723,-0.99622,-0.013915,0.018424,-0.0017093,-1.9412,-4.9523,-0.98583,-32.509,-0.70172,17.066,1.1092,-19.145,-0.003593,0.0006241,0.0096487,-0.99533,-0.0015549,0.008065,-0.0072024,-1.3021,-2.6012,1.0848,-31.521,2.2672,15.796,0.82527,-12.406
39.3,-0.0069882,0.0037435,-0.0056999,-0.99818,-0.0080064,0.0098043,0.0097852,-1.0061,-3.7975,0.36386,-32.665,0.090344,18.677,-1.0692,-16.552,0.001247,0.008434,0.0030236,-0.99882,-0.0041561,0.012175,-0.002912,-1.0164,-1.7214,1.3839,-31.045,0.10544,13.822,0.76945,-11.794
39.4,-0.017867,0.0042501,-0.0061097,-0.99422,-0.0097064,0.013619,-0.0021344,-0.63242,-2.3032,-0.084697,-30.759,0.98668,18.272,-1.0913,-18.398,-0.0015389,0.027318,0.0041797,-1.0109,-0.0051117,0.0029356,0.00078757,-1.0054,-2.6656,-0.38848,-33.482,-0.066524,14.945,-0.86623,-12.962
39.5,0.0041493,0.00073986,0.0060123,-1.0039,-0.0030253,0.012496,0.0033728,0.51482,-3.3096,0.84703,-32.802,1.5437,16.63,0.86529,-18.007,-0.0084293,0.02126,0.0025922,-1.0006,-0.015026,0.0033091,-0.0094651,-0.70702,-1.9789,4.0887,-30.278,-1.6306,14.394,-0.64077,-12.617
39.6,-0.015645,0.0095644,-0.0126,-1.0141,-0.011251,0.0037488,-0.0033792,-1.6116,-2.4088,-0.016976,-31.792,0.7169,16.99,1.1886,-18.047,-0.018269,0.018414,0.015229,-0.99259,-0.0043008,0.0023729,0.0076633,-0.21578,-3.2043,0.61757,-30.071,-0.48618,13.053,1.3703,-13.165
39.7,-0.017468,0.017623,0.027517,-1.0114,-0.0092018,0.0029988,0.0030704,0.26078,-2.9243,1.294,-30.853,0.78132,17.696,0.62486,-16.819,0.0098874,0.016892,-0.002319,-0.99118,-0.0080954,0.0057701,-0.002001,-0.83514,-1.9794,-0.84453,-28.184,0.85276,14.377,0.018714,-12.773
39.8,0.00076564,0.019215,-0.011766,-0.99698,0.00078589,0.0037938,-0.011689,-1.3962,-4.0225,-1.269,-34.019,0.61683,18.695,-0.8616,-15.597,0.0083801,0.0018067,0.0099502,-0.99837,-0.0006148,0.0056093,-0.0027242,-0.37795,-2.1273,0.28228,-29.461,0.50404,12.919,1.857,-13.351
39.9,0.0055807,0.010687,0.018088,-0.99767,-0.012115,0.0056147,-0.0032838,0.96865,-3.4183,1.249,-31.724,0.19198,17.297,-0.68005,-16.392,-0.016675,0.016647,0.016602,-1.0076,0.00059671,-0.00079636,0.010162,-1.3292,-4.7623,-1.2362,-30.317,-3.0739,14.57,0.11017,-12.694
40,-0.0097031,0.006957,0.0053797,-1.003,-0.011686,0.0081366,0.0011523,0.92921,-1.2024,-0.52277,-33.411,0.74886,18.404,-0.57045,-17.884,0.0037867,0.012738,-0.0079607,-1.0052,-0.0058372,0.0037889,0.00058525,-0.38895,-3.5526,2.0919,-27.822,-2.9258,14.069,-1.1274,-13.184
40.1,0.00083506,0.014076,-0.0091623,-0.99048,-0.012218,0.0092069,-0.0054816,0.39308,-4.0578,-0.21492,-31.383,1.1801,16.347,0.75619,-17.936,-0.0038826,0.022757,0.033293,-1.008,-0.01414,8.5958e-05,-0.0036325,0.19175,-1.6469,-0.65248,-29.377,0.15275,14.183,-0.92623,-13.211
40.2,-0.0088717,0.022234,0.0040251,-0.99052,-0.013905,-0.0044606,0.004403,-0.73917,-1.9023,0.70608,-30.974,-0.36506,18.458,0.63998,-17.267,-0.0094452,0.0059906,0.015214,-0.99103,0.00071121,0.0084975,-0.0070523,0.75584,-2.5242,-0.80834,-29.869,0.012381,14.702,-0.32651,-13.748
40.3,-0.016521,-0.00088573,-0.0013404,-0.9959,0.0028426,0.0067499,-0.0088923,-1.7352,-3.2232,-1.2656,-30.196,0.94345,17.607,0.48144,-18.185,0.017367,-0.016142,-0.0034657,-0.99662,-0.003319,0.0030052,0.0037914,-2.8159,-2.2491,-0.38784,-30.278,-0.27589,14.19,0.28465,-11.94
40.4,0.0011814,4.2334e-05,0.0063785,-1.0029,-0.0032791,0.0065147,0.0038369,0.74452,-3.7256,-0.61712,-30.803,-0.5256,18.682,-0.44665,-17.639,-0.0062952,0.016492,0.0066612,-0.99909,-0.00033591,0.00663,-0.0057755,-1.6039,-1.7222,-1.2882,-30.349,2.0352,14.887,2.1078,-12.334
40.5,0.0037162,0.011874,0.012633,-0.99964,-0.0036957,0.0050597,-0.0020091,-0.44631,-5.311,1.4569,-31.475,-1.5438,18.711,1.1111,-20.901,-0.0048387,0.0034597,0.0077373,-1.0205,0.00087295,0.0059663,0.002712,2.4067,-2.1081,-0.13905,-30.921,-0.5307,14.15,-0.53509,-11.401
40.6,0.0019006,0.012842,-0.0057582,-0.99714,-0.0083754,0.0088575,0.0016647,-0.78482,-5.1139,1.4929,-31.406,0.96142,17.474,-0.20021,-15.905,-0.0049076,0.018319,-0.0043419,-1.0006,-0.0011567,-0.006539,-0.0018038,1.2923,-2.2595,1.471,-29.186,0.36239,14.189,-0.57491,-11.371
40.7,-0.0037025,0.0018537,-0.021861,-1.0013,-0.0058399,-0.00047783,0.0025596,-2.5911,-4.9655,-1.0921,-31.994,0.81718,17.664,-0.46373,-17.877,0.013811,0.010862,-0.011554,-0.99412,-0.0083384,0.008981,0.00011124,-0.83024,-3.0231,0.93975,-30.937,0.19201,15.107,0.85711,-11.665
40.8,-0.0060762,-0.0073787,0.0063909,-0.99634,-0.0054157,0.0063138,-0.0095012,-2.0627,-5.1014,-0.80002,-32.049,0.63977,18.125,0.99873,-17.844,-0.019431,-0.024291,-0.0010866,-1.0165,0.0010415,0.0018873,-0.0011933,-0.1807,-3.1813,-0.56555,-29.114,1.0593,15.565,-0.56114,-12.553
40.9,0.010505,0.01459,-0.0089192,-0.98037,0.00089185,0.0066739,0.0022576,0.32112,-4.8019,-0.46105,-30.719,-1.2136,18.337,-0.96981,-15.414,-0.014115,0.0021797,-0.016236,-1.0035,-0.0021184,0.0038494,0.0095542,-2.4022,-2.7933,0.83338,-29.539,1.4195,14.538,1.5771,-10.552
41,-0.010299,-0.0028872,0.015135,-0.98758,-0.010042,0.004018,-0.0029279,-1.6804,-4.2753,2.4575,-30.269,1.0565,18.497,-0.40351,-18.505,0.0093536,0.0019123,-0.0064231,-1.0087,0.0050897,0.0093302,-0.011511,0.3501,-3.308,-0.26986,-28.084,-1.7014,14.764,0.35125,-12.763
41.1,0.0046953,-0.00051142,-0.015915,-0.9983,-0.0044288,0.0081643,0.0045313,-0.79508,-3.6928,0.48032,-30.703,-0.018447,18.716,-0.91911,-16.337,-0.013706,0.006095,0.0051223,-0.99683,-0.0053767,0.0030219,0.0059939,-0.79484,-3.0652,2.0648,-31.145,-1.0015,12.818,-2.7169,-14.881
41.2,-0.0052764,-0.002533,0.0099154,-1.0069,-0.0067213,0.016327,-0.0031376,-0.3737,-2.4388,-0.95594,-28.043,1.7593,17.591,0.78732,-17.433,-0.0046388,-0.0031755,-0.0048043,-1.0004,0.0050335,0.0052951,0.00019736,1.9467,-1.7465,2.2075,-29.058,-0.19658,12.563,-0.72929,-13.789
41.3,-0.007634,-0.016682,0.017287,-0.99415,-0.0020138,0.0087477,0.00030879,2.0515,-6.0999,0.078002,-30.55,0.5306,16.856,-0.56871,-16.72,-0.0093377,0.014425,0.0026261,-0.99701,-0.011378,0.0043682,0.0038886,0.2713,-1.2084,-0.35249,-28.92,0.072706,14.76,-1.2837,-13.992
41.4,-0.0021145,0.016749,-0.010365,-1.0019,-0.0069865,0.0062024,0.0017936,0.0009973,-6.5996,1.4435,-30.311,-0.23761,17.482,-1.2633,-17.996,0.012034,0.024002,-0.0075532,-1.0101,-0.0033391,0.0077162,0.00047324,-0.82479,-1.6396,-1.2368,-30.099,0.87349,12.391,1.3531,-14.634
41.5,-0.012637,-0.007364,0.0064478,-0.9997,-0.0021795,0.010431,-0.002328,0.2878,-4.3216,0.99393,-30.774,-0.094979,18.719,-1.8663,-15.302,0.013245,0.0047652,0.014793,-1.0151,0.00040866,0.0079396,-0.0088157,0.16456,-2.7544,-1.316,-29.017,-0.556,15.18,2.3745,-12.407
41.6,-0.0060093,-0.015329,0.0089657,-0.99647,-0.011021,0.0053825,-0.0016768,0.50652,-2.6303,2.1209,-29.943,-0.47045,16.156,0.092948,-20.624,-0.0014948,-0.01565,0.0014871,-1.013,-0.00049555,0.0021084,-0.00069921,-0.67277,-1.7493,-0.51759,-27.951,-0.65103,15.551,0.31096,-11.497
41.7,0.0030535,0.0068939,-0.010151,-0.99133,-0.0073357,-0.0050439,-0.00084163,0.12904,-3.4482,-1.4699,-30.076,-1.4286,18.741,-1.9695,-17.108,0.00032996,0.0052926,0.0043007,-1.0016,-0.0022674,0.00297,-0.0036308,1.8764,-3.2511,1.3864,-28.964,-1.5382,13.615,0.2443,-12.52
41.8,-0.018025,-0.00030922,-0.010987,-1.0171,0.0023832,0.00097322,-0.0012567,-1.1001,-4.6234,-1.8443,-29.113,0.72348,18.613,1.5159,-16.474,-0.012819,-0.0064034,-0.00043096,-0.99139,0.0020782,-0.0033022,0.0030346,2.0385,-3.8802,-1.0157,-29.112,0.036953,12.742,-1.5305,-13.094
41.9,-0.013303,-0.0066304,0.0042962,-1.0074,-0.014199,0.00033208,-0.0058221,0.32586,-3.5124,0.99322,-32.762,0.63079,16.937,-0.36623,-17.844,0.019392,-0.0041071,-0.0017413,-1.0048,0.0039476,-5.0877e-05,-0.0032124,-0.22125,-1.8833,-0.46489,-29.049,0.4381,13.683,2.6412,-12.76
42,-0.0052751,0.0044865,0.0034267,-0.98814,0.0034505,-0.0016767,0.0070267,0.32321,-4.8568,-0.30041,-29.91,-1.1885,18.317,-0.45836,-17.081,0.012143,0.0050822,-0.0067366,-1.0159,-0.0031833,0.00071381,0.0081945,0.72335,-2.4285,1.339,-30.981,-1.6828,14.763,0.87779,-12.955
42.1,-0.0050629,-0.0060771,-0.0029813,-1.0122,-0.0035067,-0.0057789,0.0093146,1.1302,-4.0444,0.239,-32.52,0.25271,18.469,0.4513,-18.142,0.0028341,0.026318,-0.0079959,-1.0097,-0.00071125,0.0022834,-0.0029302,-0.096131,-2.2941,0.96436,-30.002,-0.48785,14.036,-0.70504,-10.146
42.2,0.0012608,-0.0046673,-0.017724,-0.97067,0.00028147,-0.0059574,0.0034254,-2.7326,-2.4489,-0.76594,-29.444,0.69247,18.98,1.3364,-16.754,-0.009848,0.015119,0.0080611,-0.99056,0.0013942,0.00075881,0.00037853,0.55972,-1.9308,2.1029,-29.877,-2.8791,14.167,-1.1347,-13.298
42.3,0.023646,0.0063085,0.011015,-0.99242,0.0028736,0.002297,-0.0026265,0.072076,-3.4927,-0.35565,-30.717,-0.29477,18.464,-0.57913,-18.931,0.00088795,-0.0031452,-0.0085519,-0.99489,0.0069891,-0.0082304,-0.0047569,2.1042,-2.5503,1.0259,-27.532,2.0886,14.792,-0.81929,-13.332
42.4,-0.0072821,0.012158,0.0045208,-0.99558,0.0019122,0.0016126,-0.001378,-0.83787,-4.1648,-1.4509,-30.249,-0.96585,16.512,-0.64218,-17.498,-0.017553,0.0061059,-0.0086631,-0.99574,0.0023892,0.0070047,0.0069766,-2.5427,-2.5911,-0.61561,-28.111,-0.082858,14.335,0.77502,-12.833
42.5,-8.5579e-05,-0.012332,0.0010513,-1.0027,-0.0054028,-0.00064066,0.007171,1.8306,-6.0321,0.76264,-30.439,-1.9612,18.29,-1.9898,-16.469,-0.0011663,0.015788,0.014233,-0.99074,-0.0014559,-0.0010451,-0.0067178,0.36597,-2.0073,-3.6773,-28.145,0.93709,13.399,-1.6658,-12.659
42.6,-0.021406,-0.0043878,0.0060983,-1.0071,0.001208,0.015706,0.0047155,1.3369,-3.7471,0.95573,-30.83,2.1214,17.493,1.1031,-17.697,-0.0091131,0.014103,-0.0018857,-1.0089,-0.014859,0.00066024,-0.0080987,1.047,-3.1726,0.048748,-29.553,-0.89027,13.917,1.5769,-12.789
42.7,-0.01094,0.014772,0.00095516,-1.0118,0.0017877,0.0038649,-0.0057337,-0.78076,-4.2481,-0.87755,-31.333,-0.41893,17.038,-1.3411,-17.918,0.0039598,-0.022065,-0.012198,-0.98745,0.0031878,0.0059041,0.00092202,2.9639,-2.9786,-0.99946,-27.623,-0.77992,13.361,-1.17,-10.978
42.8,-0.0076484,-0.0084521,0.0023426,-0.98355,-0.0053623,0.0047923,0.0062977,0.063616,-4.311,-1.4052,-29.557,0.52343,19.483,-0.3815,-17.452,0.015691,0.015625,-0.012858,-0.9938,-0.0031461,0.0015887,0.0087792,-0.26127,-2.5849,0.82956,-29.493,-0.60712,14.942,-0.80702,-13.6
42.9,-0.019989,-0.013092,0.0027621,-0.98522,-0.0012361,0.0027089,0.0047608,1.0191,-4.7495,1.0572,-31.12,-0.31605,17.114,1.3794,-15.02,0.010225,-0.0064702,-0.00078084,-1.0004,-0.00037773,-0.0010136,-0.00062989,-0.16369,-3.4198,-0.0082941,-29.128,0.41375,13.355,-0.48303,-12.567
43,-0.00089737,-0.010745,-0.0022043,-1.0006,-0.0016009,-0.0029506,-0.0028227,2.7391,-4.0621,-0.11435,-30.391,-1.2908,17.216,-0.63976,-16.754,0.0011942,-0.0064964,-0.0032354,-0.99885,-0.0049643,0.0042869,0.0011308,-1.0471,-3.8866,-0.15294,-29.492,1.0691,14.046,-0.57066,-11.206
43.1,0.014461,0.0018883,-0.020903,-1.0043,-0.0044767,-0.0066104,0.0092519,-0.4249,-3.3646,0.075473,-29.182,0.30395,17.442,1.209,-16.924,-0.017172,-0.0027376,0.0050179,-0.99669,-0.0078402,0.00084792,0.0055267,-0.19894,-3.2898,-0.52884,-27.057,0.57616,14.301,-1.1032,-13.028
43.2,-0.0074691,0.015788,0.0078382,-1.0155,-0.0077728,-0.0026569,0.00048024,0.32752,-2.9142,0.24307,-32.114,0.51819,17.731,-0.36845,-15.789,0.010943,-0.0052006,-0.01719,-1.0179,0.0024599,0.0025135,-0.00030766,2.6257,-2.5337,0.70656,-27.349,-1.5455,13.851,-1.014,-11.691
43.3,0.0053901,0.0014542,0.0028541,-1.0174,0.0026328,-0.0023134,0.00090415,-1.1738,-4.5684,-0.5686,-31.391,0.32505,18.414,1.8528,-15.72,-0.0048684,0.021724,-0.012743,-0.98193,0.00091805,-0.0049674,0.0053552,-0.80016,-0.52834,1.0777,-26.131,0.42728,13.382,0.28506,-12.806
43.4,-0.0066034,0.0052308,0.0038547,-1.0078,0.00020636,-0.0036928,0.0042741,-0.73889,-4.3396,-1.2998,-30.749,0.077666,17.444,1.0659,-18.551,0.0038503,0.0075021,0.015195,-1.0053,-0.0065496,-0.0035623,0.0083498,-0.66965,-2.7815,1.76,-28.054,-1.0014,13.447,1.1082,-13.125
43.5,-0.0084824,0.0035661,-0.0088689,-0.98941,0.0028227,0.0063863,0.0044767,0.66424,-5.2949,0.53709,-32.873,1.712,16.282,-2.6907,-17.721,-0.026865,-0.002825,0.0025348,-0.99436,0.0029401,0.0016368,0.0078489,0.47091,-1.9097,-1.5829,-28.626,-0.95075,15.8,0.16625,-12.763
43.6,-0.024581,0.010025,-0.025268,-0.99647,-0.0016233,-0.0060513,0.0019753,0.56936,-5.0709,0.96211,-31.992,-0.82816,17,-1.3489,-17.785,-0.0046386,0.0067518,-0.0005327,-0.98578,0.0043884,0.0033892,-0.003503,1.356,-2.75,0.042167,-29.036,0.30447,13.122,-1.1768,-11.656
43.7,0.0058513,-0.0044306,0.0045597,-0.9831,-0.0065696,-0.011362,-0.0019684,-2.0475,-5.6792,-0.067676,-29.787,-1.1743,16.515,0.45646,-17.366,-0.011215,-0.0024566,0.028499,-0.99784,-0.011398,0.0056562,-0.0014712,0.64348,-3.2294,2.5377,-30.058,0.087127,12.743,-2.4112,-12.036
43.8,-0.010053,-0.005152,-0.010476,-0.9906,-0.0064718,0.010987,-0.0093863,-1.1673,-4.376,-0.69335,-31.157,-1.191,16.416,0.51,-16.331,0.0095002,-0.0061233,-0.020122,-0.99781,0.0052656,-0.0027672,-0.00041269,0.0084094,-1.6888,-1.066,-28.017,0.19148,14.273,-1.4795,-11.595
43.9,0.0061537,-0.00866,0.0036668,-0.98987,-0.00079301,0.0024297,-0.0069801,-1.2701,-5.331,-0.95204,-29.942,1.9053,18.595,0.68065,-16.328,-0.0079744,0.0061771,-0.0073199,-0.99032,-0.0030713,0.0069251,-0.0013336,-0.37042,-4.578,-0.1233,-28.572,1.3854,15.938,0.43318,-12.053
44,0.02268,-0.0091479,0.0058653,-0.98453,0.00647,0.0058497,-0.0021212,0.39687,-3.5484,0.43541,-32.702,-0.63127,16.494,-0.36266,-16.551,-0.00087573,0.018454,-0.0027915,-0.98248,0.0020483,0.0021907,0.0063889,-0.23284,-2.8349,0.62664,-26.286,-0.90788,14.064,-0.72877,-12.138
44.1,-0.0052138,0.01271,-0.0077101,-0.9996,-3.2026e-05,0.0050184,0.0064138,1.3412,-4.2899,-0.70697,-31.272,-0.91445,16.801,-3.1857,-17.62,0.023505,0.0045957,0.012491,-1.0021,0.0040646,-0.0078834,0.0041327,0.19655,-1.4263,0.33583,-28.338,-0.16712,15.019,-0.092142,-10.911
44.2,-0.010529,-0.0092519,-0.006697,-1.0084,-0.00054331,-0.0015668,-0.00078289,-0.84177,-3.7221,-0.00031823,-30.985,0.60271,15.606,0.46517,-17.491,-0.0019035,0.0018739,-0.01812,-0.99527,-0.0069029,0.0060602,-0.0054387,0.49828,-1.1811,0.76005,-29.546,-0.3774,13.751,-1.3816,-13.083
44.3,0.0045969,-0.0063224,0.000293,-0.99921,0.0046561,-0.0068903,-0.00023815,-1.9556,-3.6032,-0.2122,-31.482,-0.29125,17.763,1.6194,-16.118,-0.0041525,0.011444,-0.0036915,-1.0031,-0.0034255,-0.0054538,0.0034207,-2.4813,-2.4325,0.59517,-28.979,-0.96289,14.251,0.089914,-11.622
44.4,-0.0026072,0.0068932,-0.00070978,-1.0087,0.0050214,0.0032789,0.0078827,0.99112,-4.9348,0.8655,-30.578,-3.2039,18.622,0.59833,-16.085,0.0091423,-0.020856,-0.0021997,-0.97871,-0.0053198,-0.0027827,0.0010446,-2.0799,-1.5868,-0.79872,-29.543,0.9771,13.85,1.4668,-11.424
44.5,0.0025443,0.0060975,0.0054344,-0.9914,0.0055402,0.0029891,-0.00039194,0.77342,-6.4027,-0.2504,-29.737,-0.33316,17.3,-0.68478,-17.3,0.022543,-0.0052915,0.0080024,-0.99827,-0.0043076,0.0041718,-0.0001632,-0.3665,-1.5919,-1.4113,-30.683,-0.3687,12.521,1.0305,-12.45
44.6,0.0043605,0.0024373,0.0036952,-1.0008,0.0016919,5.194e-06,-0.00094016,-0.086641,-4.1815,0.72011,-30.536,0.088018,15.888,0.24679,-17.901,-0.016703,0.0033443,-0.0017809,-1.0064,0.0057513,-0.0017692,-0.0026085,-0.91212,-3.1251,0.83232,-28.945,0.3063,11.474,-0.86385,-12.848
44.7,0.0075594,0.0060017,0.0012592,-1.0008,0.0037867,-0.00328,0.010701,2.5829,-4.3486,-0.30386,-30.284,0.54718,17.769,1.1761,-14.08,0.0034061,-0.023505,-0.0089839,-0.99838,-0.0062897,-0.0089679,-0.0037954,2.2961,-3.7373,1.0344,-29.051,-0.13894,14.303,0.02421,-10.003
44.8,0.0025268,-0.011078,0.0058594,-0.98655,0.0091235,-0.0050472,0.0071254,1.7543,-2.9922,-0.27989,-31.63,-0.91622,18.412,-1.3213,-16.238,0.00078136,-0.0098048,-0.0018443,-0.96875,-0.00060888,-0.0056977,0.0040597,0.64345,-1.1628,-0.64608,-28.385,-1.3453,12.329,-0.19136,-12.555
44.9,-0.004817,0.025533,-0.021858,-1.0201,-0.0061751,0.00083701,-0.004597,1.1082,-3.089,-0.94039,-31.527,1.0191,17.822,1.5634,-17.478,0.025164,0.005304,-0.010614,-0.99767,-0.00044921,0.008574,0.0040822,0.15068,-4.1734,-1.3576,-30.425,1.0063,14.069,0.88281,-10.942
45,0.0028991,-0.0112,0.017077,-0.9983,-0.0066179,0.0052268,-0.0099735,0.058485,-3.8155,1.028,-31.2,0.64466,18.515,0.52194,-18.282,0.0036473,0.010235,0.0060383,-1.0102,-0.0010887,-0.0011755,0.0015638,-1.041,-2.678,0.27363,-29.322,0.85655,13.361,1.3279,-12.518
45.1,-0.011691,0.0032903,-0.0006354,-0.99469,0.0042937,0.00030528,-0.0064089,-0.87897,-5.1427,1.2482,-31.315,-0.25286,16.233,-0.99334,-16.492,-0.016347,-0.0015805,0.00097568,-0.99286,-0.0024178,-0.0046353,0.0095472,0.47222,-2.426,-0.29126,-29.801,-0.81793,14.03,-1.1954,-10.494
45.2,-0.01672,-0.0051837,0.0045107,-1.0012,0.001829,0.0014861,-0.0098748,-1.8567,-6.2003,2.6654,-30.072,0.19107,18.343,0.7312,-17.78,-0.019183,0.001296,0.0085735,-1.0019,-0.015373,-0.00075882,0.003811,-0.34454,0.64357,0.058245,-29.729,0.36866,13.394,-0.22592,-10.534
45.3,-5.6395e-05,-0.016383,-0.019303,-0.99694,-0.0008816,-0.00029241,-0.0051155,2.1887,-6.2347,-1.6525,-30.73,1.975,16.693,0.89074,-18.23,0.014632,-0.00041931,0.0035701,-1.0075,-0.0035482,-0.00094109,0.0048823,-0.69127,-2.9658,0.21665,-28.099,-1.1829,13.354,0.52219,-10.874
45.4,-0.0059319,0.0018803,-0.0066467,-0.99717,0.001769,-0.013312,-0.0001381,-0.085264,-6.338,-2.8727,-31.992,0.93407,16.916,-1.3152,-14.977,-0.0080042,0.0049335,-0.010585,-1.0059,-0.00038339,-0.0014405,-0.0020104,-1.0482,-0.68485,-0.58254,-30.126,0.70112,12.472,0.6489,-11.371
45.5,-0.011535,-0.014712,-0.0035562,-0.99132,0.0054487,0.0053349,-0.00058743,1.1724,-6.1774,0.32207,-30.267,-1.2093,17.621,-2.2008,-17.991,-0.017608,-0.010419,-0.0041162,-0.997,0.003258,0.0039063,0.0074114,-0.95488,-1.4503,-2.7632,-29.144,0.30763,13.549,-1.1749,-10.697
45.6,0.0054541,-0.005762,-0.0040651,-0.99869,-0.0084975,0.0028605,0.0028383,0.59542,-4.3709,-1.1217,-31.147,0.73846,17.872,1.0498,-16.383,0.011314,0.00044361,0.002393,-1.0059,-0.009997,0.0047805,-0.0035714,0.11944,-0.90587,1.354,-29.469,-1.625,13.621,-0.76558,-10.935
45.7,-0.014873,-0.0053416,-0.0089817,-1.0074,-0.0036285,-0.0041758,-0.009244,-1.423,-5.3318,-1.732,-31.574,0.30002,17.601,-0.8523,-17,-0.0014444,-0.0052578,-0.0050154,-1.0012,0.0028822,0.0010473,-0.0078935,1.3186,-2.3034,1.8729,-29.595,-0.29952,12.908,-0.063897,-10.136
45.8,-0.0085308,0.015597,0.015164,-1.0121,0.0051127,0.0058375,-0.0047028,1.5754,-4.5604,1.8355,-29.156,-1.746,18.354,-0.39738,-17.546,-0.0068598,0.022125,0.0025634,-0.9891,-0.010017,0.003641,-0.001014,-0.10922,-0.65164,0.6138,-29.145,-0.4154,12.542,1.2293,-11.595
45.9,-0.0026963,-0.0075959,-0.010287,-1.0018,-0.0021538,0.0030621,-0.0061416,0.36301,-4.4043,0.099044,-29.477,-0.27448,15.989,-0.71547,-16.321,-0.0039749,-0.0094473,-0.0062909,-0.99225,0.003461,-0.0042671,0.0044939,-1.3214,-3.8578,-1.5874,-27.377,-0.56032,13.606,2.0854,-10.575
46,-0.011055,0.013186,-0.0077514,-1.0021,-0.001444,-0.0080988,0.00024295,0.99562,-3.868,0.1283,-32.524,-1.8744,17.428,-2.1347,-17.679,-0.0012317,0.0081347,-0.010887,-1.0001,-0.004667,0.0099377,-0.0024435,-1.501,-1.6858,-2.0499,-29.026,2.3829,14.553,-0.74772,-11.751
46.1,-0.00088634,0.0043079,0.012319,-1.0017,0.00098828,-0.0035734,-0.0087765,-0.25901,-4.6626,-0.31461,-29.53,0.60639,16.9,1.6226,-17.207,-0.01054,-0.017784,0.0026226,-0.99437,0.0041683,0.00077733,-0.0051586,-0.92455,-2.7828,-0.28695,-28.539,0.36737,12.581,0.12103,-11.516
46.2,-0.017108,-0.0027158,0.0077023,-1.0164,-0.0055143,-0.00088915,-0.0030414,-2.1949,-5.0111,-0.55459,-32.018,-1.4386,17.755,0.37348,-17.406,0.0079123,0.0060753,0.0059603,-1.0252,0.013132,-0.0037112,0.0068265,0.56074,-3.081,0.08794,-27.618,-1.925,13.587,-1.8003,-9.5053
46.3,0.0084993,-0.0028197,-0.0047823,-1.0029,-0.0057756,-0.004247,-0.0017003,0.77996,-4.6525,-1.7219,-31.279,0.81336,17.767,0.25496,-16.262,0.015779,-0.0058546,-0.010635,-1.0068,-0.0017885,-0.0021706,0.0011697,1.8897,-1.4182,0.28532,-27.181,0.51623,13.504,-0.14923,-10.376
46.4,-0.010901,0.006288,0.0084147,-0.99677,-0.0036999,0.0002093,-0.00021743,-0.26391,-4.6204,0.99177,-31.881,-1.2635,17.324,-0.89224,-16.524,-0.019252,0.012837,0.00068268,-0.99636,0.0019225,0.0054768,0.0047424,-1.8254,-1.0714,-0.51844,-29.287,0.87626,13.578,-0.45974,-10.879
46.5,0.0017063,-0.0018402,0.0019596,-0.99912,-0.001129,0.011137,0.0055988,2.4448,-5.0873,0.57318,-32.179,-1.2187,17.671,-1.1902,-17.031,-0.0036081,-0.0059508,-0.00057466,-1.0022,0.0020917,-0.00034185,-0.0019651,-0.62694,-1.3808,-2.793,-30.061,0.9799,14.656,3.6271,-10.393
46.6,0.0069906,-0.0095321,-0.00065483,-1.0085,-0.0044113,-0.014633,0.0040281,0.56982,-4.6463,1.9015,-30.161,0.86319,17.642,1.3738,-17.035,-0.016241,-0.015887,0.00076709,-1.0034,0.0087858,0.00024523,-0.0047167,0.30643,-0.96472,0.2109,-30.53,-1.9666,13.325,-1.8152,-10.191
46.7,0.0061531,0.0022541,0.0063543,-0.98775,0.0037218,0.002145,-0.0078694,0.16413,-5.2619,0.44627,-30.48,0.51582,16.407,0.55595,-16.946,0.012293,-0.023959,0.011592,-1.0053,-0.012474,0.0010167,-0.00061778,1.1429,-1.3633,0.045883,-26.594,-2.566,13.226,1.4991,-10.012
46.8,-0.0080918,-0.005901,0.0089256,-1.001,-0.0017467,0.0015783,0.0039437,-0.7129,-4.0156,-1.9923,-30.544,-0.47506,17.218,0.3872,-15.727,-0.00081585,-0.0020141,-0.0015238,-0.99129,-0.0069847,-0.0082586,0.00033943,0.52134,-1.3915,-0.13048,-28.598,0.60021,14.116,-1.471,-10.316
46.9,-0.009939,-0.0059191,-0.0076265,-0.98455,0.0012718,0.0048506,0.0086811,0.2131,-5.5677,-0.23144,-30.606,-0.19073,18.485,-0.53187,-16.151,0.012259,0.0073782,0.01527,-1.0051,-0.0078849,0.0024897,-0.00044146,-1.7458,-0.79373,0.95454,-29.368,1.5716,11.968,0.92521,-9.4688
47,-0.010281,0.0029322,-0.0047821,-0.9809,-0.00015952,0.008744,0.0084599,0.72592,-5.5225,0.63452,-30.134,-0.31578,16.255,0.43859,-18.41,-0.0087191,0.011867,0.0047027,-0.9958,0.0021089,0.0011999,-0.0042543,-0.028605,-2.542,-1.0918,-27.115,-0.97312,11.794,1.5161,-11.154
47.1,0.0095864,-0.018345,0.015952,-0.98362,-0.010706,-0.009332,0.00029845,0.35051,-3.8288,1.0764,-30.869,0.84948,17.088,-0.18876,-17.959,0.0010933,0.00058339,-0.0075592,-1.0109,0.0011169,0.006101,0.00062359,1.5946,-0.98765,0.15426,-28.995,-0.023054,13.871,-0.13804,-8.2858
47.2,0.012219,0.013654,-0.0025987,-1.0048,0.00078826,-0.00092113,0.006431,1.6587,-4.3195,-0.84578,-29.668,-0.4418,17.606,-0.41176,-16.385,-0.0026709,0.023152,9.5577e-05,-0.98958,0.0036227,-0.0021777,-0.001448,0.13249,-2.689,0.47429,-28.011,-2.5842,13.685,-0.057951,-11.087
47.3,-0.011211,-0.015481,-0.0030997,-1.0227,-0.0012317,0.005372,-0.012701,-2.5854,-4.3483,0.13522,-30.63,1.1346,15.811,0.60976,-15.831,0.0057753,-0.0044109,0.0078484,-0.9957,-0.00066638,-0.0047572,-0.0029827,0.33857,-0.41501,2.5908,-30.2,-0.23568,13.159,-0.397,-10.593
47.4,-0.007352,0.002443,0.00471,-1.0015,-0.0020474,0.0034882,-0.0057274,-0.66951,-5.4934,-1.3075,-31.537,0.48546,18.211,0.17923,-17.454,0.0081283,0.010161,-0.022347,-1.0008,-0.0065399,0.0047534,-0.00040767,0.16006,-0.58464,0.098711,-28.291,-0.39,12.827,-0.54795,-11.27
47.5,-0.018375,0.0090441,-0.0054346,-0.98687,-0.0017281,-0.011472,0.00043178,2.0641,-4.9612,0.066925,-30.754,-1.0876,16.521,0.67965,-16.539,-0.0072521,0.0070527,-0.0053823,-1.0125,0.011336,-0.00217,-0.0012291,-1.381,-0.2104,-2.3069,-27.52,1.2028,13.624,0.63476,-10.8
47.6,-0.0078178,0.0093036,0.012981,-0.98782,0.0074189,0.00056513,0.0053525,0.98158,-4.6406,0.92055,-32.255,-1.9872,17.899,-1.8707,-17.981,-0.0073469,0.015986,-0.0046134,-0.99675,-0.0025634,0.0049743,-0.0061933,-1.6124,-2.8801,-2.4605,-28.517,-0.37017,14.066,0.73178,-9.3961
47.7,-0.0059623,0.0051677,0.0065207,-1.002,0.014346,0.0012425,-0.0073713,-0.24766,-3.7508,-0.40546,-31.378,0.78556,17.972,0.21189,-17.244,-0.00047758,0.0099216,0.01196,-0.98178,-0.0039765,-0.0014921,-0.0099004,-0.32857,-2.2711,1.3013,-30.065,-1.5825,12.935,-1.385,-10.521
47.8,-0.0084575,-0.012036,-0.0014373,-0.99352,-0.007172,0.0047825,-0.0025549,0.41147,-5.1753,-0.9075,-31.644,-0.42498,18.101,1.262,-16.5,-0.0097099,-0.0030113,-0.00070107,-1.0019,-0.0020897,-0.0075176,-0.0097124,2.2201,-1.26,0.096259,-28.831,0.59102,11.42,-0.3041,-10.667
47.9,-0.0037469,0.013383,0.0012641,-0.98606,0.0015854,0.0059755,-0.0008354,0.35743,-3.7892,1.1357,-31.103,0.72475,19.092,-1.1599,-16.146,0.0071724,-0.012942,-0.0045408,-0.99587,0.0045255,0.0043439,-0.0019093,0.79775,-3.3686,-1.2463,-30.943,0.95766,12.859,0.065117,-10.208
48,0.0078503,-0.022836,0.0079419,-0.99156,-0.0040173,0.0080554,0.00044515,0.57859,-3.4392,0.082136,-33.851,1.4081,18.893,-2.3054,-16.56,0.0035966,0.023743,-0.010844,-0.99159,0.00075804,-0.0011727,0.0085699,-1.7512,-0.60752,-0.24016,-30.276,2.6958,12.991,0.095231,-10.54
48.1,0.0064699,0.014419,-0.0024874,-0.99518,-0.0038917,0.0077005,-0.0020673,-2.1481,-3.4793,1.5763,-33.667,0.3848,19.102,-0.71875,-17.854,-0.018857,0.010421,-0.0081576,-0.99333,-0.0099096,0.0034879,-0.0072114,1.2532,-1.9177,0.87114,-29.485,-1.3721,12.639,0.61837,-9.3241
48.2,0.0019613,-0.0056005,0.0057581,-0.99579,0.0098994,0.0018542,-0.011022,-0.72624,-3.2917,-0.88993,-31.488,-0.89375,18.441,0.19191,-16.288,0.020471,-0.021924,0.011025,-0.98573,0.0036829,0.0013262,0.00087727,2.5868,-1.6977,0.0324,-28.933,-0.79507,11.769,-2.6161,-10.176
48.3,-0.0012883,-0.00083887,-0.011871,-0.99681,-0.00061201,0.00016985,0.00093664,-0.21115,-4.8558,0.064413,-32.809,-0.69911,19.253,0.56016,-15.743,0.025522,-0.017273,-0.0014861,-0.99472,-0.00057819,-0.0041313,-0.0066035,1.0327,0.78939,0.13189,-29.337,1.1112,14.651,0.69821,-10.076
48.4,-0.0013154,-0.015798,-0.0027568,-0.98772,-0.0074714,-0.0014989,0.010426,-0.66911,-4.284,-1.1038,-32.61,-1.278,16.257,-1.5664,-19.407,0.011367,-0.0013279,0.0026808,-0.9982,0.0025247,-0.0072476,0.00034635,-1.3805,-2.1317,-0.74031,-29.74,-2.0443,12.224,-2.0373,-10.319
48.5,0.0024423,-0.0079814,-0.014697,-0.99883,-0.00077629,-0.0066183,0.0022511,0.62307,-4.6846,-1.5797,-33.151,0.18148,16.496,-1.3235,-16.5,0.0010227,0.00070003,-0.00029544,-1.0032,0.012668,0.0088447,0.0036928,-0.8318,0.0013831,-0.22347,-29.854,2.5675,13.037,0.67972,-11.181
48.6,0.0051912,0.0017584,0.0057507,-0.99634,0.0080521,-0.00045116,0.0080422,0.35857,-6.3862,-1.1196,-32.071,1.2363,17.897,0.76646,-17.96,0.0068464,-0.0089707,-0.026013,-0.99823,0.0010339,0.00096832,0.0020094,-0.069234,0.09685,0.69322,-29.917,0.045105,11.73,-0.99322,-8.0766
48.7,-1.0208e-06,0.0036379,-0.00024571,-1.003,-0.00011627,0.0016641,0.00075186,-1.0063,-4.6142,-0.22434,-31.857,0.85618,19.262,-0.97243,-17.894,-0.0014851,-0.0039313,-0.011544,-0.9948,0.0068881,-0.002905,-0.0010623,0.77088,-1.2011,1.3525,-29.658,-0.54986,14.918,-0.098562,-11.274
48.8,-0.019704,0.0029148,-0.01652,-1.0025,0.0055124,-0.0018996,0.0033742,3.1139,-5.5846,1.9853,-32.317,0.2797,17.59,-0.31348,-17.785,-0.011153,0.014473,-0.0010847,-0.99825,0.0069867,-0.0019011,0.0076287,0.3525,-1.3075,1.8456,-30.197,1.1984,12.582,-0.84866,-8.3331
48.9,0.028194,0.0021865,0.0074946,-1.0152,-0.00060685,-0.0069116,-0.005106,2.2941,-5.0779,3.1299,-31.939,0.55469,18.238,-0.90819,-16.265,-0.022098,-0.0032899,0.018143,-1.0012,-0.0017948,0.0078481,-0.0018963,0.20491,-2.2122,-1.5685,-29.33,0.52817,11.505,0.40273,-8.1755
49,-0.0062827,-0.0050039,-0.0093548,-0.99374,-0.0033817,0.00030053,0.0078655,2.2742,-2.619,-1.1508,-33.11,1.1846,16.055,-0.052711,-16.668,-0.016453,-0.0059092,0.010799,-1.0105,0.0040308,-0.0010742,0.0041559,-1.3546,0.20118,-1.9748,-29.54,0.14303,14.347,1.0346,-9.9331
49.1,0.0044727,0.0056303,0.0075585,-0.99238,-0.0059914,0.00016516,0.0012044,-1.9578,-3.6451,0.79563,-30.425,-0.1328,18.314,1.4401,-16.779,-0.0052088,-0.012258,-0.0063401,-1.0115,-0.00081265,0.0012629,0.0031431,-1.4193,-0.32468,1.935,-30.302,0.43877,13.657,-0.77809,-8.6165
49.2,-0.0055888,-0.00092289,-0.0071345,-0.98649,0.0044596,-7.9963e-05,0.0018531,0.62854,-4.2846,-1.1281,-33.252,-0.38956,18.773,0.98192,-16.017,-0.0038365,0.0036554,-0.010211,-1.0114,0.00044865,-0.0037162,-0.00464,-0.52331,-2.2939,0.45127,-29.123,-1.4049,12.83,-1.1306,-8.3832
49.3,-0.010634,-0.0053748,0.0032643,-0.98498,-0.003763,-0.010768,-0.0076802,-0.93029,-4.1042,0.46293,-31.898,-1.4432,19.186,-0.34828,-14.912,0.004648,0.0058124,-0.00060129,-1.0144,0.0076445,-0.0066062,0.00021749,0.56878,1.2122,0.65251,-31.043,1.2584,13.363,0.49629,-10.898
49.4,0.0039604,-0.0063121,-3.1639e-05,-1.0022,0.00014281,0.0027686,0.0016935,-0.25443,-4.3003,-0.10082,-30.369,-2.3125,20.304,-0.22483,-17.643,0.0146,0.004578,-0.018065,-1.0088,-0.001969,-0.002968,-0.0020195,-0.057522,0.15726,-1.5754,-30.083,-1.7341,13.778,0.12911,-8.7296
49.5,-0.0017233,-0.0089416,0.009003,-0.98613,-0.0074685,-0.002191,0.0027603,0.018106,-3.2246,0.92767,-32.486,-0.027483,17.825,0.87597,-15.998,0.015357,-0.0019435,-0.011339,-0.96596,0.0071819,-0.0036998,-0.00097405,2.3988,-0.39409,0.81057,-28.971,1.9823,14.014,0.77741,-9.5568
49.6,0.013834,-0.016422,-0.0088475,-0.99675,-0.0019134,-4.0466e-05,-0.0019418,-0.12614,-5.4879,1.394,-33.856,0.56855,17.905,1.2183,-16.928,0.00053319,-0.0068963,0.0077971,-1.0072,0.00043502,-0.0010971,0.0030743,0.80157,-2.1406,1.2802,-30.375,-1.5636,12.551,1.0252,-9.3672
49.7,0.005649,0.013437,-0.0045763,-1.008,0.0059489,-0.00036289,0.0050655,-1.6366,-2.2718,-0.93531,-31.39,0.079737,17.955,0.77571,-17.579,0.015044,0.020724,0.0091319,-1.001,-0.004943,0.0023054,0.003291,-0.8129,-0.27407,1.3127,-28.333,2.4474,12.15,-2.1906,-9.9229
49.8,-0.0043399,-0.0016556,0.010518,-0.99053,0.0096503,0.0037502,0.0059506,-1.0861,-4.296,0.6018,-30.961,0.53393,20.092,0.71508,-18.275,0.0062395,0.0061722,-0.013965,-1.0171,-0.0057901,-0.0035233,0.0029117,-0.88774,-1.6042,0.66282,-28.62,0.58913,12.455,0.4442,-9.4498
49.9,-0.0088545,0.023214,0.016269,-1.0005,-0.0034961,0.0021455,-0.0016433,0.65861,-3.0207,1.6581,-32.623,-0.76357,18.83,-0.25718,-18.23,-0.023025,-0.013516,0.0074093,-0.99686,-0.0006398,-0.0028548,-0.0065587,0.65618,-0.8076,-1.1675,-29.678,-0.28593,13.182,0.62588,-9.8205
50,0.0022144,0.0017831,-0.012869,-0.99156,-0.0058231,-0.005754,0.013351,-0.56384,-5.6025,-1.2788,-30.916,1.3659,16.143,0.10495,-18.755,0.0053816,0.0072766,-0.00037831,-1.0025,-0.0084075,0.0080413,-0.0071286,-1.5807,-0.95654,-2.1426,-28.47,1.2952,13.084,0.9037,-9.1613
50.1,-0.0019659,0.003006,-0.0014257,-0.99571,0.00077715,-0.0046623,0.0020221,0.28291,-2.9781,-1.4146,-29.035,0.44963,17.503,0.17048,-17.839,0.020409,0.0094871,0.0048732,-1.0037,-0.0012126,0.012154,-0.0063812,0.72084,0.85847,2.3895,-29.878,0.41606,13.59,0.23881,-9.0772
50.2,-0.0039035,0.0050136,0.01991,-0.99982,-0.0017954,-0.0086171,-0.0043854,-0.17922,-5.6273,-0.12449,-31.001,0.24578,16.745,2.0883,-16.439,0.0091093,-0.0011395,0.014104,-1.0027,0.0038017,0.0036164,-0.0015844,0.41944,-0.4063,-0.02169,-29.884,-0.8642,13.142,0.11397,-7.7138
50.3,-0.0030116,-0.0035652,0.022251,-1.0082,-0.00046736,0.00028122,0.00038357,0.3513,-4.4491,0.44572,-31.601,-0.94004,18.392,-1.7216,-16.83,-0.015233,-0.03097,-0.006789,-1.006,-0.0033663,0.004345,0.0068359,1.976,0.65566,-0.16345,-28.677,0.48859,10.681,-2.0967,-10.891
50.4,0.0092054,0.005759,-0.0075896,-1.0054,-0.0025288,0.0035704,0.0034635,0.34727,-4.31,-0.10815,-33.353,-2.6712,17.754,-1.6544,-17.507,0.0059155,-0.00064668,0.0044346,-1.0096,-0.0070515,-0.0046683,0.00091796,-1.48,-0.58393,-0.28736,-28.519,1.6502,13.592,0.79695,-9.0856
50.5,-0.0049949,0.0056994,-0.034731,-0.99876,0.00088006,0.0015509,-0.0024644,0.64752,-4.5897,-0.11834,-32.661,1.6897,18.68,-0.68574,-16.027,-0.00075578,-0.0071826,-0.0034051,-0.9964,0.0039535,0.0010875,0.0043519,-1.5373,-1.4399,-0.52362,-29.639,0.75291,13.888,0.70864,-10.078
50.6,0.012444,0.0066553,-0.0070808,-0.98402,-0.0010167,-0.0020492,-0.0014059,-0.53213,-4.2959,-0.1227,-31.741,0.94818,17.057,-0.17945,-16.76,0.0134,-0.0086701,0.015287,-0.999,0.0038325,0.0031765,-0.0042411,0.050836,1.8791,-1.5192,-27.902,-0.55132,11.312,-1.6696,-7.6707
50.7,-0.0060214,-0.0041679,-0.0014873,-1.0064,-0.0010019,0.0077877,0.0027396,-1.7371,-4.8626,-0.12854,-32.555,1.3351,17.362,-0.71345,-16.109,-0.020309,-0.011933,-0.010473,-1.0142,0.00062676,0.0058667,0.0045187,1.4433,0.69199,1.7115,-30.208,-1.0881,13.531,-2.355,-10.279
50.8,0.00061368,-0.011209,-0.0054567,-1.0154,-0.0038289,0.0098212,0.0017695,1.0524,-3.6847,-1.5587,-31.213,0.89079,18.172,-2.5039,-14.405,-0.0011588,-0.012154,-0.013937,-1.0205,-0.0027838,0.00077393,0.00020226,0.7277,-1.6688,1.3385,-29.213,-0.069104,13.035,0.76955,-7.6737
50.9,0.0035097,0.0046557,0.0069709,-0.99137,0.0050169,-0.0011201,0.00051923,1.0352,-4.0456,-0.02223,-33.791,-1.318,16.987,-1.2174,-17.114,0.0061919,-0.00034013,0.011715,-0.99379,-0.0021315,0.0046596,-0.0023735,-0.9014,3.5567,-0.033421,-30.59,-0.10283,12.87,0.29353,-10.439
51,0.0077276,-0.020131,-0.0018162,-0.98985,-0.00018497,-0.0012897,-0.0023531,-0.63657,-4.7479,1.101,-33.729,-0.1588,20.149,0.25074,-16.393,-0.0086026,-0.014801,-0.0011465,-0.98903,0.0043367,0.0027528,0.0019265,-0.91698,0.13073,-0.49898,-29.498,2.2651,12.028,1.7453,-8.8133
51.1,-0.012798,-0.019161,0.015106,-1.0081,-0.0030074,0.00078365,0.00082829,-0.86207,-4.6003,-1.1891,-32.676,2.0001,16.47,-0.24221,-18.541,-0.0069794,-0.0042643,-0.0033721,-1.0008,-0.0014471,-0.0059669,0.0016303,0.54006,-0.30022,0.089433,-30.215,-0.52699,12.634,1.5207,-7.628
51.2,-0.0131,0.0070789,-0.0102,-1.0056,0.00071848,0.0075309,0.011123,-0.50051,-5.6833,-1.9666,-33.41,0.17292,17.588,0.5218,-17.373,-0.0011163,-0.0074902,0.0094717,-1.0161,0.00071359,-0.00027554,-0.005622,-0.30673,-0.80986,-0.81328,-29.334,0.76649,11.242,-0.55136,-8.9538
51.3,-0.0088704,-0.0041121,-0.0047573,-0.98103,0.0014337,5.647e-05,-0.0048297,-0.37376,-4.4106,-0.024094,-35.769,1.3149,18.721,1.2215,-16.252,-0.00030915,0.0028546,-0.006384,-1.0006,-0.0062707,-0.0069103,0.00021062,1.0647,-0.52598,-1.0089,-30.095,-0.081438,9.6063,-0.070989,-8.2915
51.4,0.0028938,-0.013034,0.012727,-1.0036,0.0015297,0.00074416,-0.0068362,-1.1038,-4.6081,-0.67317,-33.369,0.0037483,18.826,-0.37161,-16.398,0.010756,0.0022906,0.0071921,-0.99667,-0.0052743,0.0060605,3.9857e-05,-0.73576,-0.34356,-0.78454,-29.303,0.30586,12.523,-0.80218,-7.0593
51.5,-0.0034256,0.0040618,0.0011932,-0.98879,0.0076155,0.0047403,0.0027795,0.09444,-4.1989,-0.57769,-33.864,-1.8054,17.436,0.36189,-17.057,-0.026031,0.0060811,0.00045792,-1.0016,0.010209,-0.000366,-0.0011847,-2.2684,-1.8829,-1.3554,-30.98,0.24094,13.716,0.44203,-10.665
51.6,0.0049079,-0.010352,-0.003417,-1.0004,-0.0084192,0.0075708,-8.2777e-05,-0.18026,-2.5123,-0.26892,-34.035,-0.56843,18.091,0.20703,-18.824,0.011967,0.0021626,-0.0029682,-1.0054,0.0099551,-0.0068766,-0.0050795,-0.62757,-1.3757,-0.4826,-30.383,2.1487,12.507,-0.016138,-9.3856
51.7,-0.0042737,-0.017079,-0.016327,-1.0101,0.0039164,-0.0015493,-0.0045256,-1.2393,-4.2573,0.49578,-33.105,1.6724,17.939,1.3775,-17.443,0.004536,0.0013509,0.0084545,-1.0196,-0.0017578,0.0039244,0.0040751,-0.99678,-0.56183,0.41729,-29.909,-1.895,11.51,0.59586,-7.6392
51.8,-0.0010987,-0.0015929,0.0034326,-0.9936,-0.0039396,-0.0034102,0.0071957,0.15605,-2.6173,-3.2162,-32.568,0.35385,18.346,0.86274,-14.724,-0.0023809,0.019904,0.0042051,-1.0113,-0.0062116,-0.0026143,0.0022255,1.8204,-0.13145,-0.63075,-29.721,-2.4377,13.797,-0.16393,-9.2169
51.9,0.013867,-0.010681,0.0028529,-0.98581,-0.0015347,-0.0023419,0.00045879,-0.034325,-4.7332,-0.03321,-33.207,-0.71949,17.826,0.91347,-18.34,-0.0046905,0.0022878,0.0144,-0.98352,-0.0035145,-0.0027319,-0.0023525,-0.25829,-1.2403,0.11033,-30.559,2.1294,12.951,0.29463,-7.9164
52,-0.0044288,0.0071728,0.0092322,-1.0037,0.0055496,0.00022215,-0.0062631,-0.63238,-3.511,2.2868,-33.194,-0.27253,19.137,-0.21319,-16.71,-0.0032394,0.0061082,0.00035358,-1.0185,-0.0046717,-0.0026636,0.010628,-0.3836,-1.25,-1.987,-30.135,0.97668,10.919,0.35206,-7.6763
52.1,0.0094367,-0.0058287,-0.0094669,-0.99662,-0.0033053,0.004374,0.0048432,-0.55484,-4.4046,-1.021,-34.186,-0.20151,17.899,-0.69176,-16.825,-0.0053363,0.0012417,-0.008737,-1.0025,0.0038538,0.0029175,0.0014936,0.17446,-0.50274,-1.3278,-30.335,-0.03629,12.904,-0.4965,-8.8754
52.2,0.0024789,-0.01155,-0.0048489,-1.0003,0.0010935,-0.0044543,0.0065539,0.27003,-5.1927,0.91851,-34.899,2.0523,17.465,-0.31341,-17.218,-0.0083923,-0.0042129,0.014232,-1.005,0.00067388,0.0023269,0.0048281,0.4826,0.029039,0.63315,-30.629,-0.88777,14.388,-1.1461,-8.3494
52.3,0.012518,-0.0017365,0.0078014,-1.0187,-0.0097157,0.00042992,-0.0019465,-0.057428,-3.691,-0.65043,-34.723,-0.41798,18.813,-0.0037368,-16.636,0.014285,-0.00062279,-0.00055828,-0.9821,-0.0031249,-0.00072531,-0.0055431,-0.69677,0.04787,-0.31476,-31.246,0.14569,10.704,-0.30155,-6.9227
52.4,-0.0023112,0.010759,-0.0095704,-0.98486,7.8914e-05,0.00019428,-2.5149e-05,0.36769,-3.4155,-2.9359,-33.029,0.30974,19.16,1.396,-18.348,-0.0042936,-0.00083919,0.0092352,-0.99723,-0.0096699,0.0066427,-0.0067065,0.4639,-0.16873,-1.0788,-28.495,-0.70236,12.08,-0.46151,-6.9522
52.5,0.0061075,-0.010816,0.0055295,-1.0041,-0.0088705,0.0012028,8.0966e-05,-0.59954,-5.2672,-1.9834,-33.357,2.3779,17.349,2.4843,-17.593,0.019489,0.0019883,0.01856,-0.99601,-0.011344,-0.0078837,0.0033305,0.6694,0.054089,-1.1907,-31.531,-0.0092985,13.22,-0.67489,-6.1788
52.6,0.0062721,-0.0025299,0.0052033,-1.0078,-0.00020308,0.0035354,0.007173,-0.95626,-5.2035,0.43082,-33.578,0.92992,19.438,-0.41404,-16.154,-0.019483,-0.0047521,0.0052085,-1.021,-0.0051472,0.0046454,-0.0015929,-0.64374,-1.3556,0.82883,-28.099,-0.73139,12.321,-1.4458,-9.0883
52.7,0.0026151,-0.0092266,-0.018655,-1.0075,-0.0023572,0.0050714,0.002608,-0.70839,-5.0618,-0.13263,-34.586,0.41401,18.951,-0.84584,-15.95,-0.00098109,0.0028859,0.0047986,-0.99109,0.0053343,0.0021945,-0.0006281,1.1689,0.41013,0.4938,-29.577,-1.6331,11.365,-2.217,-8.4014
52.8,-0.00016755,-0.0064208,-0.0088457,-1.0084,0.0020343,0.010172,0.0099212,-0.28636,-3.9341,0.029538,-33.43,-0.23687,18.394,0.31697,-17.791,-0.010687,-0.026627,-0.0061986,-1.0003,0.00035372,0.0020028,-0.0033164,0.61688,1.2239,0.15237,-28.693,-0.85803,12.279,1.6005,-8.3424
52.9,-0.0097401,-0.013645,-0.0056498,-1.0084,-0.0027397,-0.011687,-0.0025796,-0.027133,-4.7745,0.20447,-33.306,1.6852,19.724,0.37006,-15.991,0.006186,-0.00043931,-0.010961,-0.99047,-0.0018993,0.0040647,0.0035766,-1.012,-0.20837,-2.0871,-31.596,1.7919,11.546,0.50178,-8.5576
53,0.0036991,-0.0060134,0.0071667,-0.99152,-0.00782,-0.0030517,0.0017703,-0.8668,-4.5153,-1.8298,-35.595,1.6341,19.491,0.50282,-16.09,0.01455,-0.0072162,0.001934,-0.99534,5.2606e-05,-0.004258,0.00044348,-1.1758,1.437,-0.42924,-29.657,2.142,12.848,-1.0517,-7.7101
53.1,0.0019378,0.00031248,-0.0048782,-0.99855,0.0097924,0.00054906,0.0038971,-0.084551,-5.5338,0.065418,-31.479,-0.81161,20.655,2.7637,-15.446,0.0040452,-0.014406,0.010471,-0.9999,-0.0018363,0.003161,-0.00054718,-0.65144,-0.041236,0.50268,-30.959,0.61587,11.432,1.1347,-8.1318
53.2,-0.0048531,0.00051345,0.0066373,-0.9993,-0.0033783,0.0027309,-0.0012561,-0.31557,-2.9273,-0.19618,-33.427,-0.62957,20.544,-1.8208,-16.692,-0.015744,0.01189,-0.0082026,-0.99918,0.0022825,-0.0067831,0.010361,1.056,1.1698,2.4884,-29.463,-1.0214,10.698,-2.1466,-10
53.3,-0.001523,-0.0095558,-0.0072574,-0.99227,-0.0095719,0.0030125,0.0020393,0.60937,-4.25,2.4239,-36.537,-0.6521,19.87,-0.93722,-17.014,-0.001845,-0.0089509,-0.0063355,-1.0032,-1.3955e-06,-0.00925,0.0089664,0.84039,-0.63099,-1.1409,-30.778,0.71138,13.373,1.5536,-8.1505
53.4,0.0051635,0.0030892,-0.0023731,-0.9871,-0.00024681,-0.0080255,-0.0011192,-2.7631,-5.1285,-0.92818,-35.867,-0.49574,18.02,0.15743,-18.624,-0.01379,0.001702,0.0069888,-0.98943,-0.0064086,0.0080834,0.0019713,-1.0383,1.6193,2.0785,-29.233,1.0397,12.878,-0.42974,-7.1207
53.5,-0.0043144,0.013573,0.0062214,-0.98892,-0.0021493,-0.00082756,0.0029068,-1.0231,-4.7795,-1.5373,-33.697,0.42873,18.001,0.87413,-18.115,0.013276,-0.010805,0.0024163,-1.0101,-0.0030601,-7.0477e-05,-0.0015525,-1.7428,0.59528,-0.12406,-30.446,0.93591,12.306,0.4465,-8.3302
53.6,-0.011982,0.0078724,0.0092622,-1.002,-0.001841,0.0011871,-0.013555,0.81678,-5.2097,-1.3814,-33.356,0.92586,20.15,0.32564,-16.432,-0.014797,0.0091642,-0.022951,-0.99206,-0.0041951,0.00010302,-0.0024225,0.69637,0.96113,0.34052,-31.547,0.28151,13.525,0.91021,-6.195
53.7,0.0012589,-0.0036458,0.0011858,-0.97696,0.011194,-0.0014077,-0.0037797,0.80272,-6.2702,0.67012,-34.511,-0.71367,19.28,-0.026634,-15.729,-0.0089894,-0.0046604,0.0053427,-0.9887,-0.0027856,0.00021781,-0.0017371,0.53146,0.25128,1.4067,-29.683,-1.9677,13.928,-2.2276,-10.004
53.8,-0.018069,-0.0015533,-0.0045976,-0.99933,0.0022691,0.0024623,-0.001924,1.2643,-5.0067,2.5591,-34.996,0.68943,19.427,-0.67875,-19.18,-0.011614,0.011486,0.0068973,-1.0221,-0.0041671,-0.0071832,-0.0012859,0.72203,0.60774,0.70304,-29.707,-1.2162,12.172,-0.086668,-8.8173
53.9,-0.0078933,0.00022234,0.0040403,-1.0015,0.0056857,-0.0059469,0.0067169,1.0258,-4.0972,-0.65868,-32.877,0.63,18.57,-1.3271,-17.677,-0.0063837,0.00070495,0.011861,-0.9931,-0.0091249,0.00091084,-0.0023282,-0.73819,0.79223,-1.644,-32.146,0.38448,11.594,-0.6379,-9.0898
54,0.01627,0.0072177,-0.0031163,-1.0162,0.0036457,0.0053224,-0.010205,0.95689,-5.5953,1.3555,-35.617,0.19807,18.564,0.5819,-18.297,0.014004,0.013366,0.015148,-1.0151,-0.0014179,0.0011261,0.0010407,-0.77679,-0.21959,-1.9976,-29.114,0.85797,11.949,-0.28306,-8.7822
54.1,0.005551,0.0032339,-0.0037237,-0.99497,0.0067114,0.001753,-0.005368,-0.8387,-3.6028,-0.53171,-34.279,0.54906,20.327,1.7221,-19.889,-0.0072624,0.010562,-0.0066423,-0.99033,-0.002797,0.00048055,0.0067809,0.67657,2.3356,-1.0869,-30.407,2.5713,10.018,-0.14558,-5.6962
54.2,-0.0010459,-0.018273,-0.00038063,-0.99638,0.0066932,-0.0070695,0.00055577,1.505,-5.3176,-0.64178,-34.868,0.22607,18.508,0.046765,-16.138,-0.0060687,0.016775,0.0051998,-1.0147,0.00030275,-0.0060676,0.0012097,0.62407,-1.6844,0.15132,-31.096,-1.2589,12.766,0.15896,-7.7497
54.3,0.015927,-0.0017611,0.0030594,-0.98908,0.0014159,-0.0035621,-0.0094664,1.5512,-5.1754,0.14954,-32.97,-0.62776,20.16,-1.8652,-18.075,-0.0025519,-0.00029462,0.0089219,-0.99123,-0.00617,0.0082392,-0.00236,1.9212,0.97309,0.41765,-30.806,0.28247,11.832,1.1471,-10.108
54.4,0.01115,-0.011849,0.0069728,-1.0146,-0.0053231,0.0024104,0.0002335,0.68191,-3.281,1.8513,-32.131,2.6514,17.781,-0.81837,-16.277,-0.0044898,-0.025952,0.00072813,-0.98443,-0.00094841,0.0041301,-0.0005397,-1.0137,-1.1496,0.1846,-30.912,-0.31888,11.317,-0.10274,-8.6746
54.5,-0.016467,0.013441,-0.001375,-1.0036,-0.0030353,0.0065278,0.0006069,-1.1225,-4.1653,-1.1059,-32.004,0.72108,19.192,-0.17219,-17.14,0.014517,-0.0091109,0.0084989,-1.0085,0.0039498,-0.0076939,0.0025683,-3.1393,-0.7527,-0.74211,-31.37,0.074622,12.625,1.5382,-7.5709
54.6,0.0033377,0.013633,0.0053262,-1.0039,0.0018224,-0.0078341,-0.0055174,0.059475,-2.5533,2.2009,-31.98,0.59865,19.19,0.32696,-17.312,-0.010748,-0.004504,0.00028017,-0.99823,0.0056037,-0.011615,-0.0020567,1.9922,-0.58472,-1.5948,-30.501,2.3792,11.485,0.02856,-9.1725
54.7,-0.0008263,0.0072086,0.01012,-0.9874,-0.0040083,-0.0036009,0.0093215,0.10694,-6.5738,-0.85418,-35.941,0.12596,19.935,0.64941,-17.053,-0.0091331,-0.0047123,-0.0063472,-0.99682,0.0062241,0.002345,0.0032014,0.94286,-0.29574,-3.0341,-28.529,-0.31214,12.427,-0.79973,-9.0772
54.8,-0.0082468,-0.0012927,0.00014843,-0.98767,-0.0030361,0.0016703,0.0051694,1.1165,-4.8397,1.7006,-33.667,-2.666,17.665,-0.90518,-18.186,-0.011768,-0.0027006,0.0036843,-1.0189,0.0038646,0.0017026,-0.002266,0.35174,-0.33084,-1.2011,-30.958,-1.2956,10.69,-2.6058,-8.0524
54.9,-0.0031915,0.017985,-0.00124,-1.0015,-0.00098332,-0.0044883,0.0022323,-0.4588,-3.6589,0.10221,-34.954,-0.52864,18.669,1.3212,-18.815,-0.0036144,-0.0027112,0.0075089,-1.0096,3.0522e-05,-0.0010215,-0.0014773,-0.70705,1.3753,0.31501,-31.813,0.73478,11.901,0.28388,-7.1853
55,0.014675,-0.0012505,0.007063,-0.99589,0.00090571,-0.0024104,0.0053601,-1.4523,-3.7792,-0.77851,-32.686,0.059402,17.857,2.5246,-17.282,-0.0031884,-0.0020166,-0.010742,-1.0103,0.00060621,0.0028192,0.00024095,-1.4468,-0.98277,-1.4108,-30.911,-0.72773,11.569,-0.28633,-7.4144
55.1,0.005377,0.0023002,-0.012297,-0.99949,-0.0018627,-0.0040371,0.0023282,-1.7152,-3.5718,-1.2761,-33.044,2.5519,19.629,-1.0344,-15.874,0.00038563,-0.0063599,-0.0012588,-1.0016,0.0023597,-0.0025061,-0.0027099,0.62507,0.59566,-0.78894,-31.639,0.94599,13.098,-0.091445,-6.9883
55.2,0.01388,-0.0061858,-0.016075,-1.0079,0.0041804,0.0064798,0.0047458,0.11756,-5.965,-1.0596,-35.494,1.3239,21.106,0.48317,-16.497,-0.018662,-0.010251,0.010831,-1.0051,0.0027554,-0.0042511,0.0011547,1.4907,-0.2592,0.70009,-28.387,-2.0231,14.79,0.3618,-6.8887
55.3,-0.014196,-0.013628,-0.010088,-0.99598,0.0054418,-0.002335,0.0095042,1.1138,-3.9737,1.6025,-33.496,-1.2639,18.195,-2.8396,-19.167,-0.0014995,-0.0066645,0.00047806,-0.99493,-0.0036734,0.0031611,0.0011849,0.70695,2.0943,-0.95244,-30.218,-1.1315,13.623,-1.9745,-7.8609
55.4,0.014302,0.0032454,0.022533,-0.99316,0.0069796,0.00031612,-0.0022134,0.20896,-1.9464,0.68889,-32.672,-0.30964,19.672,-2.1173,-16.719,-0.017886,0.0089563,0.0036762,-1.0074,-0.0068555,-0.0045712,0.0050229,0.54333,1.4388,-0.58619,-28.709,-1.448,12.408,-0.70956,-5.9922
55.5,-0.00087364,0.00080829,0.0052294,-1.0163,-0.01241,-0.0016083,-0.0070133,-2.4989,-2.5802,-0.19513,-33.371,0.53705,20.038,-0.85652,-17.244,0.020577,0.018842,-0.011073,-1.0144,-0.0075811,-0.0024625,-0.0030949,0.08597,-0.93022,0.056112,-30.548,-0.34052,12.792,2.7598,-8.9121
55.6,-0.0010242,-0.0033251,-0.0060216,-1.0154,0.0014337,0.0070514,0.0042884,-0.40238,-2.9444,-1.6784,-35.15,2.348,19.008,0.78817,-18.637,-0.0065517,-0.005214,0.00074007,-1.0214,-0.004861,-0.0027248,0.0019726,0.22062,0.10331,-0.74894,-31.284,1.9904,11.287,1.265,-8.0455
55.7,0.0024981,0.0009026,0.011056,-0.9957,0.0018647,-0.00077922,-0.00096432,-1.2552,-3.8862,1.377,-34.207,-0.35965,19.966,2.4822,-15.39,0.002312,0.011008,-0.0050363,-0.98991,-0.0037053,0.0012554,0.0017557,-1.363,0.19175,-0.010237,-30.453,0.87375,12.592,-0.098632,-9.0911
55.8,-0.0018574,-0.0021655,0.0056932,-0.99917,0.0069944,0.010758,0.0041481,0.85657,-2.611,0.90092,-33.509,-0.31103,19.141,-0.51154,-15.269,0.0083543,-0.0099353,-0.00014795,-0.98734,0.0011613,-0.0031447,0.0050026,0.78571,1.4848,0.68856,-31.888,-2.3493,12.515,-0.83113,-6.5452
55.9,-0.0032601,-0.0056057,0.0027345,-1.0026,0.00057075,0.0017297,0.0072882,2.4539,-3.7364,0.96594,-36.226,-0.37503,16.77,-0.15978,-16.758,0.0012997,-0.0026618,-0.0042549,-1.0149,0.0045965,0.0013141,-0.0038028,0.29443,0.95056,0.67451,-32.078,-0.62428,11.316,0.87454,-8.2441
56,0.0019432,0.011552,-0.010725,-0.98065,-0.00068485,-0.0047837,0.00025709,1.7495,-5.8286,0.76089,-33.677,-0.19725,17.392,-0.60291,-18.516,0.0023929,-0.012908,0.0036687,-0.99204,0.0050714,-0.0067785,-0.0024169,-1.3574,2.6048,0.092069,-31.371,1.9621,11.03,-0.38028,-8.0021
56.1,-0.0063189,0.0024257,0.0052058,-0.99249,-0.0011991,0.0046347,-0.0031227,0.43898,-3.9343,-0.26953,-33.091,1.35,19.23,-0.53334,-16.543,-0.0052362,-0.002957,-0.0085259,-1.0097,0.0026519,-0.00039294,-0.0025805,0.07505,1.5709,-0.24473,-30.868,-0.64937,11.32,0.41177,-7.8551
56.2,0.0031228,0.020516,0.00037757,-1.0057,0.0023563,0.0066497,-0.0020535,-0.4767,-2.7875,-1.3266,-35.027,-0.40774,20.226,-0.11318,-18.05,-0.0080491,0.0091634,0.010768,-0.99137,-0.0091164,0.0071028,0.0017329,0.83739,-0.65251,0.95608,-31.193,-0.27024,12.908,-0.51218,-9.0583
56.3,0.0067715,-0.0010267,-0.024963,-1.0066,0.0055267,-0.010011,-0.0096219,0.7438,-4.7142,0.10273,-33.574,-1.9111,19.051,0.72893,-18.146,-0.0174,0.0085481,0.023066,-0.98656,-0.0052263,0.0023583,0.0015243,1.0586,0.71318,-0.41088,-30.519,-1.3934,11.577,-2.6843,-7.7604
56.4,0.016071,-0.0097946,0.0074301,-1.0013,-0.0026993,-0.015211,0.0053045,1.6389,-3.6198,0.65792,-35.206,-2.226,21.063,-0.31472,-18.189,0.0063058,-0.0088471,0.0044929,-0.99536,-0.0076656,-0.0052548,-0.0050155,-1.2857,2.2208,0.61218,-29.938,-0.39329,11.587,2.1903,-6.5638
56.5,-0.003703,-0.0049898,0.017883,-0.98837,-0.0055463,-0.0031983,-0.0033145,-0.47081,-2.1598,0.2523,-35.972,-0.94907,20.411,0.61598,-17.691,-0.0083438,-0.017957,0.0097772,-1.0118,-0.0065822,0.0063181,0.0010432,-1.7438,-1.1243,-2.9144,-31.079,-1.193,11.526,0.30143,-7.8361
56.6,0.0035198,-0.0020209,0.0028688,-0.99219,0.0044723,0.0052617,-0.00055044,-1.6378,-4.5761,-1.8171,-34.576,-0.60599,18.164,0.090723,-16.978,-0.0055757,-0.0088759,-0.011882,-1.0029,0.010634,0.00068168,-0.005928,-0.63625,1.6928,-0.065689,-32.175,0.31112,12.417,1.1037,-6.2277
56.7,0.0062071,0.01577,0.0092513,-0.99518,0.010969,-0.0066776,-0.0056919,-1.7117,-2.2538,0.9405,-35.68,0.8013,17.693,-0.70839,-18.29,0.0073126,0.003222,-0.0033794,-0.98534,0.0074429,-0.0016893,-0.0019562,1.9166,-0.022496,1.2529,-30.562,-0.50534,12.073,-0.083116,-5.9773
56.8,0.0096549,0.00069757,-0.00036242,-0.99485,-0.00091835,-0.0033695,0.0072852,2.1357,-5.3074,-0.83962,-35.97,-0.79986,18.921,-2.8072,-18.06,-0.001335,-0.012642,-0.011617,-0.99159,-0.0019203,0.0033546,0.011845,0.85414,1.3816,0.63469,-29.768,-2.0161,12.096,-0.91948,-6.6885
56.9,-0.01097,-0.0023832,-0.003569,-1.0182,0.0025303,-0.0059581,0.010128,0.36574,-4.6292,-0.68777,-34.654,-1.9275,19.51,-1.148,-17.418,0.013095,-0.004461,-0.0028452,-0.98521,0.0026119,-0.0010784,0.0059134,0.41383,-0.84751,1.2878,-32.499,0.95058,10.898,0.39763,-6.8717
57,-0.00068791,0.011166,-0.005263,-0.98768,-0.0096309,-0.0030722,0.0054945,0.0089407,-2.5297,0.075107,-37.423,-0.38234,18.851,1.3637,-16.963,-0.0045094,-0.010117,-0.0050714,-1.0031,0.0021145,-0.0015103,0.00069652,-1.7494,-0.098662,-0.67181,-31.591,-0.76859,13.152,2.0522,-7.4227
57.1,-0.0021928,0.013061,0.00045439,-1.0054,-0.0029905,0.0067536,0.0085735,-1.6433,-3.8815,0.025226,-34.86,-1.8741,18.896,-1.1972,-17.415,-0.0032379,0.011365,-0.0020411,-1.0003,0.0047744,0.00014323,-0.0041267,1.4355,1.544,-1.4148,-32.595,1.8702,10.928,1.1856,-7.7837
57.2,0.00056706,-0.0098972,-0.0082293,-1.0086,4.3878e-06,-0.001311,0.0036663,-0.18963,-3.2729,0.25577,-33.927,0.028878,18.415,-1.4826,-17.975,0.018885,-0.0010476,0.00083198,-0.99934,0.0058814,-0.0063976,0.0043007,-1.3143,0.60129,-0.48353,-30.861,-0.19462,13.605,0.21899,-8.7026
57.3,-0.0077431,0.0042216,0.016818,-1.0066,-0.0031079,-0.0024434,0.0025084,-0.14949,-1.4076,0.31054,-34.767,0.05423,19.796,-0.26614,-16.484,0.0047722,-0.0093141,0.0028638,-1.0093,0.0089616,-0.0068457,0.0034583,-0.21796,-0.70449,1.1221,-29.401,-1.0415,10.9,-0.64901,-7.5175
57.4,-0.0021827,0.0025637,0.019747,-1.0104,-0.001888,-0.0025603,-0.00054592,0.17048,-3.7472,-2.24,-34.12,1.6291,20.18,-0.72296,-16.195,-0.0068417,0.0031858,-0.0059356,-0.9925,-0.00052382,-0.0039222,0.0054203,2.5594,-0.21635,-1.8447,-32.204,0.2016,11.923,-0.30059,-5.2908
57.5,-0.015439,0.0022305,0.010477,-1.0017,-0.0017124,0.0041373,-0.015239,0.2649,-3.5086,-1.2239,-34.214,1.9087,18.597,1.6007,-17.289,0.0012045,-0.0015813,0.0049078,-1.0099,-0.0088636,-0.0068525,-0.0018571,0.69626,0.30414,-0.12497,-32.682,1.5916,11.906,-0.84714,-8.2927
57.6,0.00020272,0.0072014,-0.0078542,-1.0033,0.011038,0.0037109,-0.007789,1.8096,-3.9349,-1.4893,-33.397,1.2746,21.109,-0.88038,-16.117,-0.024944,-0.0077986,0.01714,-0.99755,-0.0064481,0.0044464,-0.0018296,-0.20113,0.57562,-0.029767,-32.547,2.576,13.411,1.4444,-6.9128
57.7,0.014377,0.010487,0.0039481,-1.0003,0.00076335,0.0024923,-0.0012683,1.9274,-4.5799,-2.0279,-35.562,1.8186,20.003,0.092202,-15.333,0.0084626,0.0071331,-0.004694,-1.0012,0.0040875,0.0021398,-0.0017135,-1.427,-0.13545,0.049811,-33.086,0.088485,13.459,-0.067695,-8.3063
57.8,0.01146,-0.014541,0.00291,-0.99524,0.0049065,0.0095024,0.0038705,0.75638,-4.4504,1.3491,-36.477,-0.80475,18.969,-1.0004,-17.756,0.00092935,-0.0058156,0.013805,-1.0116,-0.0044164,-0.0073794,0.0044109,-0.78507,1.0841,0.51164,-32.083,-0.11573,13.364,-1.0772,-7.8588
57.9,-0.00062033,0.011406,-0.027898,-0.99587,0.00065992,0.0049951,-0.0032252,-0.33602,-2.3081,0.8549,-34.233,2.2262,17.763,-1.1089,-18.689,0.015263,0.0094478,-0.0043909,-1.0087,0.0045238,-0.0016825,0.0080085,-0.51751,1.5926,1.4385,-32.648,0.86469,11.364,-1.3509,-7.7162
58,0.016188,-0.019913,0.0042823,-0.98405,-0.006242,-0.0014404,-0.010023,-0.28361,-2.9935,0.8594,-35.536,0.46182,18.315,-0.30946,-17.982,0.0010247,0.0003104,2.3423e-05,-1.0121,0.0026378,0.00069704,-0.0049589,-0.85465,2.1587,-0.17348,-30.641,0.6462,11.712,-0.94981,-8.1028
58.1,-0.0026191,-0.00080389,-0.0046323,-0.98422,0.0013069,-0.003943,0.00072622,1.1233,-2.823,-0.33577,-35.575,0.86495,19.528,0.16671,-16.033,0.0044886,0.0095368,-0.0037664,-0.99835,0.0038162,0.0068642,0.00018889,-1.0751,1.0205,-2.1975,-32.24,0.79776,12.183,-0.33996,-7.6294
58.2,0.014812,-0.0039096,-0.01174,-0.99695,0.0050159,0.0027547,0.004677,2.1283,-2.3312,1.0455,-35.952,-1.5001,19.269,-1.6625,-17.934,-0.0038161,0.0071804,0.014623,-1.0078,-0.0027224,0.0018142,-0.0037781,0.0066831,1.1188,0.20119,-31.623,0.78902,11.153,-1.3464,-8.0073
58.3,0.0082233,0.011272,0.003703,-1.004,0.00052157,0.0068009,0.010402,-1.3816,-2.7065,2.2936,-35.336,-1.7324,18.299,-1.9866,-17.87,-0.0028082,0.0054984,0.019269,-1.0126,0.0042913,-0.0041048,0.004591,2.8695,0.82224,1.249,-30.68,-0.20292,12.304,-2.4523,-7.5058
58.4,-0.0041173,0.0094507,-0.010813,-1.0042,-0.00052644,0.0075943,-0.0012224,-0.97617,-4.8581,1.3786,-37.367,-0.56614,20.138,-0.97099,-17.894,0.0015302,0.0032023,0.018417,-0.99147,0.00061184,-0.013127,0.0083752,0.5338,2.1854,0.32097,-32.591,1.6651,12.773,-0.92139,-7.5131
58.5,0.0044616,-0.0038028,-0.0057785,-1.0151,-0.0076621,0.0013325,-0.0097545,-1.7244,-3.6876,-0.89403,-35.815,0.00053688,19.222,1.0874,-16.014,0.0048982,-0.0035327,-0.01189,-1.0022,-0.0043331,-0.0066755,0.0075649,1.5041,0.63198,-1.7963,-31.441,2.7593,14.278,-0.32719,-6.6593
58.6,-0.0016538,-0.020427,-0.0056854,-0.99596,0.003113,0.0034699,0.0023732,-0.051674,-3.841,-1.0892,-36.227,-0.081759,18.371,3.4062,-16.964,0.010638,0.0052147,-0.0052009,-1.0043,0.00020711,-0.00099081,0.00092331,-0.77603,0.75328,-3.8723,-32.775,1.0806,13.5,2.2006,-8.0362
58.7,0.011178,-0.0079262,0.0040387,-0.98469,0.0037961,0.0014071,-0.0013475,1.2321,-3.9475,-0.1144,-36.153,0.55258,19.38,-0.12221,-16.33,0.0027081,-0.011824,-0.0012222,-1.0078,-0.001938,0.00075953,0.00048731,0.42053,0.209,-1.4087,-32.181,-0.35482,14.3,-0.51573,-4.8687
58.8,-0.0019545,-0.0095517,-0.00061976,-0.98615,0.00045917,0.00064876,0.0022388,-0.11758,-3.6109,1.0882,-36.36,-2.5179,17.497,-0.23662,-16.66,-0.0043069,-0.014771,0.016306,-0.97451,0.00091074,-0.004523,0.0013865,-0.43341,1.7269,0.2483,-31.331,-1.5365,12.634,-1.5558,-6.0937
58.9,-0.016263,0.022777,0.00098033,-1.0025,-0.0091782,-0.005904,0.0085466,0.20817,-4.1903,-0.79941,-35.723,0.45055,19.746,0.71375,-18.278,-0.0012601,0.0052165,-0.0065482,-0.98736,-0.0028474,0.0082214,-0.00040194,-0.85746,0.055697,-0.4657,-32.547,-1.4099,11.096,-0.31608,-9.0174
59,0.015679,-0.016972,0.012061,-0.98538,-0.0045666,-0.0010314,0.011581,-1.289,-3.1917,-1.083,-34.538,2.115,20,1.6612,-18.017,-0.017662,0.01235,-0.011213,-1.0021,-0.0058726,-0.0083554,0.00020361,-0.85967,1.2929,-0.70362,-31.569,-0.73121,13.011,-0.66941,-6.4295
59.1,0.00071021,0.0043816,0.0022176,-0.99886,0.00045852,-0.0022213,-0.0024566,-1.7715,-4.2061,-2.0042,-36.333,0.1699,19.37,1.304,-15.922,0.018963,-0.0051663,0.018663,-0.98785,-0.006037,0.0051843,0.005646,-1.8146,1.1383,0.66175,-32.816,-0.049651,11.896,1.4064,-6.6214
59.2,-0.0075559,-0.0021801,0.0039251,-1.0096,-0.0048571,0.00038351,-0.0015236,-0.61996,-3.3045,0.22873,-36.487,-1.6305,18.588,-0.6892,-17.165,-0.0029486,0.0025091,0.010978,-0.99788,0.0020696,0.0084753,0.0027262,-0.17086,0.18972,-1.179,-32.033,0.61699,11.316,-0.24073,-7.2477
59.3,0.0078773,0.0041328,0.010954,-0.99468,-0.0041628,0.00050103,-0.00058518,0.97908,-3.2041,2.0021,-36.837,0.29303,19.93,-0.41882,-16.217,0.0043735,-0.0010623,-0.00013182,-0.99476,-0.00038582,-0.0039258,-0.0045838,-0.3197,-0.47956,-1.1878,-32.928,-1.3022,12.404,0.28693,-8.0175
59.4,0.016504,-0.001539,0.011786,-0.99554,-0.0050226,-0.012182,0.0072956,-0.57791,-2.5291,-1.4368,-33.904,-1.8997,20.079,0.16384,-17.155,-0.0022236,-0.0017146,0.017593,-0.99844,0.0012362,0.0015787,0.0015638,1.1638,1.2977,0.24022,-31.991,0.098173,13.005,-1.0834,-7.2089
59.5,0.019135,0.00062045,-0.012571,-1.001,-0.0020578,-4.2952e-05,0.0094129,-1.4801,-3.3141,-0.71773,-36.758,1.7117,18.673,0.49453,-16.848,0.018563,0.011154,0.0024922,-0.99638,0.0016382,-0.0012834,0.0021955,-2.2552,1.7787,0.71868,-34.253,-0.16004,13.968,-0.52747,-7.8308
59.6,0.021905,0.011319,-0.0031728,-0.99212,0.0016035,0.00096284,-0.0039195,-0.23224,-4.3138,-1.0344,-36.388,0.25375,18.445,0.32584,-15.505,0.0073268,-0.0037937,0.0030098,-0.99352,0.0057374,-0.0016478,0.0029095,-1.4999,2.8064,0.09331,-32.119,-0.020608,11.885,1.0847,-7.0139
59.7,-0.010765,0.007299,-0.033422,-1.0037,-0.0051801,-0.0021804,0.0039128,1.425,-1.9993,-0.054154,-38.041,0.8185,19.915,-0.1065,-15.969,-0.0076995,0.00051661,-0.0066486,-1.0079,0.0056101,0.0094996,-0.0042292,-0.35628,1.0263,0.15343,-32.413,0.81058,12.693,-2.2445,-7.0438
59.8,0.00072632,0.0043854,0.014373,-1,-0.00407,0.0034525,0.0042113,0.96982,-3.3498,0.49078,-34.793,-0.067103,19.484,-4.1259,-15.28,-0.00017278,0.013991,0.014568,-0.99781,0.0081563,0.0047087,-0.0024222,1.1357,1.6151,-0.000418,-32.036,0.36961,12.945,-0.87963,-7.303
59.9,-0.0070641,-0.0036785,0.0012085,-1.0135,0.00067546,-0.0096409,-0.0057951,0.87378,-3.3027,-0.61607,-36.496,3.0964,18.438,-2.4594,-17.458,0.0016058,-0.0087822,0.019793,-0.98381,0.00059204,0.0051942,-0.004571,1.9842,1.9322,0.52839,-32.274,1.0114,13.738,-0.77554,-8.4171
60,0.0058443,-0.0097546,-0.0028161,-1.0134,0.00039493,-0.0053259,0.0021612,0.45593,-3.5901,-0.29997,-35.847,-0.43652,19.575,0.79338,-16.136,-0.004151,-0.014845,0.021514,-1.0075,-0.0095054,0.00020284,-0.0011844,-0.44268,1.7642,0.4567,-31.362,1.786,13.303,-0.38902,-8.2271
