time,q1_healthy,q2_healthy,q3_healthy,q4_healthy,omega1_healthy,omega2_healthy,omega3_healthy,wheel1_i_healthy,wheel1_w_healthy,wheel2_i_healthy,wheel2_w_healthy,wheel3_i_healthy,wheel3_w_healthy,wheel4_i_healthy,wheel4_w_healthy,q1_faulty,q2_faulty,q3_faulty,q4_faulty,omega1_faulty,omega2_faulty,omega3_faulty,wheel1_i_faulty,wheel1_w_faulty,wheel2_i_faulty,wheel2_w_faulty,wheel3_i_faulty,wheel3_w_faulty,wheel4_i_faulty,wheel4_w_faulty,
0,0,0,0,0,0,0,0,0,0,0,0,0,0,0,0,0,0,0,0,0,0,0,0,0,0,0,0,0,0,0
0.1,-0.69903,-0.01287,0.13442,-0.68733,-0.0068493,-7.7584e-05,-0.0031482,-0.47321,-0.37937,-0.69798,1.3802,-2.2959,-1.2139,-0.96389,-0.18981,-0.70253,0.00098125,0.1311,-0.68322,0.0044067,1.3561e-06,0.00054823,0.44158,-1.0508,1.8382,-2.0095,-0.61423,-0.11825,-0.07906,0.98909
0.2,-0.71266,-0.011506,0.11914,-0.71181,-0.0087511,-0.0051608,0.00043196,0.57663,0.26017,-3.5684,-2.8645,-0.27185,-1.1464,-1.1452,-0.93999,-0.71421,0.0083255,0.143,-0.68295,0.0029533,0.00092664,0.0068202,1.2835,0.69981,0.23224,-0.68468,-0.54596,0.029283,-0.91246,-1.6514
0.3,-0.70788,0.0065206,0.1186,-0.70127,-0.0011666,0.0070071,0.006869,0.60583,-0.9945,-0.11933,2.0153,-0.97663,-0.90353,-0.74032,-1.5475,-0.71158,-0.004459,0.12067,-0.71456,0.002637,-0.0090499,0.0073855,-0.40376,-0.42171,1.7499,-0.77629,-2.6706,-0.13318,-1.5146,-1.7809
0.4,-0.71171,-0.0060602,0.12687,-0.68911,-0.011472,-0.0011996,0.0066294,0.68294,1.2372,-1.7469,0.35213,-0.96752,-1.2833,-3.8003,-2.6968,-0.70215,0.01256,0.137,-0.70189,-0.0063526,0.0042804,0.0062912,-0.93197,1.799,0.55621,0.84019,0.43814,-0.45893,-2.3628,-2.3982
0.5,-0.71109,-0.0017809,0.12959,-0.68789,-0.003127,-0.0030634,0.0031737,2.006,3.9352,-0.8728,-0.10839,-1.1173,-0.72968,-0.33456,-2.0294,-0.71685,0.013526,0.11925,-0.69762,-0.0054758,-0.0056023,0.0030604,0.44412,2.2839,-0.16733,0.4864,-2.7924,0.33014,0.88169,-2.5964
0.6,-0.72517,-0.0014912,0.12022,-0.69216,-0.0089066,0.00015462,0.012637,2.3553,1.5079,-1.4262,0.23972,-0.67883,-0.74787,-1.939,-1.5281,-0.70488,0.018964,0.12282,-0.70145,-0.011987,0.0033552,0.007487,2.9358,2.1165,0.65784,0.1697,-1.1862,-1.4891,-1.7723,-1.4929
0.7,-0.72159,-0.005387,0.1253,-0.70252,-0.0088358,-0.012006,0.0057831,1.8788,1.3747,-0.26746,0.28107,-0.76967,-1.2077,-2.2128,-1.6693,-0.70387,0.017186,0.11484,-0.70216,-0.015467,-0.0027423,0.017569,0.60395,1.7905,0.46458,0.94071,-1.4711,0.41223,-0.49295,-0.82569
0.8,-0.6961,-0.007033,0.14618,-0.69281,-0.014972,-0.012207,0.0063929,1.2348,1.9706,-2.3272,1.1334,-3.1056,-1.3839,-0.58753,-2.801,-0.69245,0.017932,0.1317,-0.68356,-0.011319,-0.0021375,0.010094,2.093,2.9159,-0.58004,-0.90686,-1.057,-3.1606,-0.79886,-4.309
0.9,-0.70501,0.0013813,0.1226,-0.70013,-0.013865,-0.0046516,0.0098226,1.6197,2.0304,0.6684,1.2678,-2.0571,-0.617,-1.2898,-1.5404,-0.70876,-0.0030686,0.12618,-0.7046,-0.017437,-0.0060845,0.011071,-0.20386,1.3132,1.348,-0.98298,-1.0917,-3.6121,-2.7188,-3.8817
1,-0.69438,0.005933,0.11275,-0.69204,-0.01564,0.0042194,0.018737,1.4111,2.7634,0.36786,-1.3532,0.47373,-1.9224,-1.292,-3.4443,-0.71662,0.00049748,0.11204,-0.69591,-0.01324,-0.0087346,0.013822,-0.011662,0.29696,-0.67122,-1.7671,-2.7661,-2.4472,-1.5571,-4.0085
1.1,-0.70201,0.013165,0.11808,-0.69684,-0.019436,-0.010927,0.015874,1.1756,2.4067,-1.1999,0.10288,-1.6299,-2.7308,-0.011503,-3.6258,-0.7013,0.0053685,0.11398,-0.71025,-0.013259,-0.00020837,0.022299,1.6615,4.0351,0.73335,-0.9832,-0.71474,-4.6718,-0.71942,-4.8696
1.2,-0.70293,-0.0022463,0.10564,-0.7134,-0.014617,-0.0082385,0.0092627,0.61897,2.084,-1.0546,-0.9586,-0.19068,-4.2101,-2.0134,-4.1841,-0.70105,-0.010985,0.11742,-0.69326,-0.019578,-0.0013232,0.011277,-0.41384,3.4836,0.87101,1.3337,-1.5792,-4.3028,-1.0435,-4.9271
1.3,-0.70128,0.002962,0.13091,-0.69658,-0.013964,-0.0046407,0.025006,1.4159,4.3454,-0.24256,0.39878,-2.9529,-4.1529,-0.49734,-5.4909,-0.69646,0.0083165,0.11575,-0.70112,-0.020068,-0.01106,0.011271,2.6646,4.341,-0.6946,-0.54877,-1.4249,-4.4361,-0.50237,-3.3219
1.4,-0.69559,-0.0036584,0.11886,-0.70087,-0.023539,0.00095756,0.022906,0.50574,2.7282,-0.10795,-0.17344,-1.3913,-4.6223,-2.3004,-4.5488,-0.70914,-0.0046407,0.12915,-0.68587,-0.016357,-0.0029004,0.015989,-0.6073,5.0848,-0.067952,0.49969,-0.99551,-3.1937,-1.6884,-5.1616
1.5,-0.70909,0.011632,0.1317,-0.69478,-0.024695,-0.0097604,0.018797,0.5352,4.7499,-1.0746,1.3415,0.085942,-3.2614,-0.94321,-6.0605,-0.69274,-0.0050445,0.12026,-0.70271,-0.014175,-0.010642,0.017355,-0.11428,4.7856,0.19965,-0.44508,-1.7105,-5.7676,-0.22227,-5.7091
1.6,-0.69725,0.011366,0.12161,-0.69607,-0.016596,-0.0040262,0.025817,0.11694,4.7802,-0.51749,-0.44449,-0.34289,-5.4033,-2.186,-5.6733,-0.71911,0.0055505,0.12767,-0.6982,-0.023615,-0.011738,0.029709,1.5704,3.8661,-0.35513,0.18497,-0.25215,-5.5286,0.30309,-5.0475
1.7,-0.69601,-0.0029037,0.12728,-0.70002,-0.027391,-0.01223,0.018968,0.86173,3.173,0.6646,-1.0465,-0.9191,-6.2636,-2.2999,-6.571,-0.70829,-0.001071,0.11055,-0.69248,-0.025106,-0.013838,0.025019,0.77595,3.9913,0.67686,-2.5882,-0.26385,-6.1556,-2.1058,-5.0707
1.8,-0.70001,0.0077131,0.11803,-0.71938,-0.028635,-0.011099,0.030805,2.3365,3.9204,0.24496,-0.52497,-0.95614,-7.8758,-0.98924,-6.2679,-0.68382,0.012586,0.12296,-0.71585,-0.023673,-0.007497,0.021276,0.81201,5.5202,-0.31281,-1.1784,-0.73012,-6.8448,-0.84424,-7.61
1.9,-0.706,0.0093048,0.12108,-0.70644,-0.024648,-0.020095,0.028973,2.286,4.9602,-1.2326,-0.58021,-1.2018,-7.4488,-1.148,-7.0772,-0.67574,0.0017178,0.11332,-0.68722,-0.024166,-0.011756,0.029815,1.5683,3.4796,-0.56097,0.46325,-3.372,-6.1794,-0.12218,-7.5447
2,-0.69878,0.027127,0.11878,-0.71703,-0.033233,-0.0048846,0.024872,1.9571,5.0062,-0.84959,-1.2528,-0.56379,-9.1475,-0.77552,-6.8243,-0.70652,0.013521,0.1181,-0.73207,-0.031786,-0.0038439,0.036456,-0.49184,4.8007,-1.5323,-1.1419,-2.5358,-6.2058,-0.21348,-6.9486
2.1,-0.68262,0.012112,0.12604,-0.70385,-0.030826,-0.012136,0.033236,0.94802,6.4862,0.81533,-0.51267,-1.8189,-6.7083,-2.702,-8.1632,-0.68497,0.01708,0.14036,-0.73062,-0.041906,-0.011389,0.027673,0.80814,5.4077,1.6855,-0.85899,-0.84587,-6.3971,-2.4573,-8.0079
2.2,-0.68848,0.014308,0.12676,-0.69687,-0.033623,-0.011255,0.028566,0.3928,4.4651,-0.27595,-0.65436,-0.99109,-8.5708,-1.452,-7.9253,-0.68967,0.018947,0.1447,-0.71587,-0.031275,-0.013603,0.03884,0.70864,3.2949,0.29072,-0.48001,-2.572,-7.3856,-2.5437,-5.3055
2.3,-0.70032,0.018483,0.12696,-0.70457,-0.034759,-0.011653,0.035679,1.6237,6.119,1.1834,-1.4084,-0.94901,-10.632,-0.84965,-8.4512,-0.69143,0.015687,0.1087,-0.70558,-0.033692,-0.0026994,0.036763,0.59729,5.5096,0.22368,-0.7136,-1.0181,-8.0888,-0.30421,-8.1679
2.4,-0.67575,0.024433,0.10954,-0.7096,-0.033756,-0.02067,0.045826,1.7981,6.0644,-0.27475,-0.36163,-0.51659,-8.9764,0.14619,-8.5635,-0.69634,0.015433,0.11407,-0.72373,-0.034996,-0.0054124,0.035637,1.4594,7.5132,-0.62222,-0.58916,-0.5244,-10.011,-1.7425,-6.5589
2.5,-0.69749,0.0052961,0.11312,-0.69856,-0.030447,-0.0071992,0.039939,0.99956,7.7529,-1.3423,-1.4743,-1.0824,-9.6381,-1.337,-7.7429,-0.70779,0.031528,0.12852,-0.71402,-0.039997,-0.0048959,0.039003,1.8132,7.478,0.0981,-2.0333,1.0534,-8.3724,-0.80295,-9.508
2.6,-0.69624,0.015396,0.11249,-0.7175,-0.044012,-0.0028377,0.037886,-0.049245,8.2734,1.1138,-1.227,-1.6659,-10.276,-0.87925,-8.7228,-0.71185,0.023845,0.11129,-0.71835,-0.033828,-0.0086598,0.032014,1.3179,7.5724,-0.92494,-2.8228,-0.35542,-11.08,-0.67758,-9.4364
2.7,-0.69285,0.021541,0.10889,-0.72217,-0.042978,-0.015573,0.042424,-0.42548,7.2768,1.4757,-0.73401,-0.47879,-10.352,-2.4888,-10.637,-0.67848,0.025592,0.12976,-0.72883,-0.041686,-0.0071735,0.043702,0.61201,7.9597,-1.1643,-1.0461,-0.6114,-8.2154,-1.0892,-10.659
2.8,-0.68704,0.014659,0.112,-0.71366,-0.045436,-0.014449,0.045948,0.71677,7.3153,-0.098482,-1.2548,-0.32445,-10.489,-0.9676,-8.1341,-0.70017,0.012143,0.11211,-0.71448,-0.044,-0.0082171,0.040063,0.93037,7.0673,-1.655,-3.0376,-1.3719,-9.4389,-2.7859,-10.185
2.9,-0.68861,0.018356,0.11454,-0.70058,-0.0502,-0.017481,0.044635,1.232,8.9039,-0.64694,-2.8108,-0.79798,-9.7179,-0.77053,-9.5982,-0.67014,0.015069,0.090689,-0.72126,-0.04581,-0.0079374,0.048075,0.45916,8.0846,0.23067,-2.3918,-0.074311,-9.6004,-1.2092,-9.8726
3,-0.67976,0.019974,0.10713,-0.72881,-0.037228,-0.0086366,0.034291,-0.73501,7.8694,-1.1274,-1.4156,0.75139,-9.5442,-2.2426,-12.985,-0.68035,0.042248,0.12212,-0.72508,-0.05408,-0.0169,0.055885,1.5757,8.0231,0.071999,-1.0538,-0.33643,-10.294,-0.94877,-11.618
3.1,-0.6765,0.017844,0.1067,-0.72379,-0.045958,-0.018462,0.047766,1.7775,8.4799,-1.3561,-2.6218,-1.3972,-9.6828,-0.24186,-9.8817,-0.6917,0.021688,0.10055,-0.72381,-0.050193,-0.020359,0.047744,0.64813,9.8636,-1.4731,-2.4389,-1.4782,-11.754,-2.97,-9.5923
3.2,-0.68297,0.052783,0.10167,-0.72564,-0.048214,-0.0078275,0.05147,0.65237,9.8506,-1.7333,-1.4001,-1.6168,-11.176,-0.66262,-12.264,-0.68535,0.0096133,0.11316,-0.73711,-0.049482,-0.018593,0.050206,1.9681,7.4898,-1.2628,-0.64687,-1.2693,-10.074,-0.19039,-10.625
3.3,-0.67565,0.037056,0.11695,-0.73368,-0.05069,-0.020414,0.052278,0.28236,8.4051,-0.37188,-1.1595,0.23718,-11.238,-0.64269,-11.693,-0.6674,0.025684,0.10425,-0.72509,-0.047141,-0.01354,0.048935,-1.3913,9.1589,-0.28832,-3.1645,-0.849,-10.824,-2.4712,-11.529
3.4,-0.67177,0.038993,0.10202,-0.72785,-0.060969,-0.018342,0.052323,0.88626,10.81,-0.99651,-2.3886,0.32463,-10.271,-2.494,-12.36,-0.66655,0.029145,0.10466,-0.7089,-0.050531,-0.016351,0.047809,1.3925,9.1961,0.33017,-3.4331,-1.4039,-12.438,-0.93034,-13.398
3.5,-0.66207,0.025966,0.079787,-0.74257,-0.043625,-0.014392,0.044483,0.067943,9.4533,-0.42151,-2.1401,-1.1048,-11.001,-1.5871,-11.576,-0.68458,0.019971,0.097052,-0.74431,-0.054789,-0.021503,0.052669,0.078102,7.8772,-1.8665,-1.7546,-1.9125,-11.948,-2.3707,-13.547
3.6,-0.65527,0.027909,0.09945,-0.75614,-0.055145,-0.012828,0.056737,0.72511,10.153,-0.42166,-2.5217,-0.23127,-11.251,-0.38556,-11.844,-0.68959,0.037571,0.08254,-0.73341,-0.049057,-0.016668,0.051657,-0.5518,10.169,0.096961,-4.3805,-0.45175,-11.78,-1.0489,-11.779
3.7,-0.68507,0.045485,0.10024,-0.72987,-0.053314,-0.018891,0.055703,2.0252,8.0835,0.81114,-3.5638,-1.3356,-11.754,-0.28552,-14.445,-0.65851,0.036255,0.088741,-0.72758,-0.053499,-0.015929,0.056946,-0.3295,11.898,-0.43842,-2.058,-1.0185,-12.534,-2.3745,-11.781
3.8,-0.67712,0.04746,0.11449,-0.73418,-0.052413,-0.017605,0.051038,2.4152,10.068,-0.063901,-2.4063,0.2421,-13.335,-0.89208,-11.778,-0.66407,0.057888,0.085999,-0.73606,-0.052616,-0.013714,0.05843,-0.94513,9.9184,-1.119,-2.6989,-1.3306,-11.397,-1.5115,-14.087
3.9,-0.67991,0.037468,0.1139,-0.75774,-0.055606,-0.017965,0.061469,-0.24094,10.483,-1.1552,-4.4175,0.47297,-13.479,-2.6533,-13.662,-0.67225,0.054149,0.086952,-0.76405,-0.05676,-0.0098154,0.059164,2.1807,10.966,1.5562,-4.6024,-1.1375,-11.386,-2.3486,-14.114
4,-0.64913,0.045802,0.085913,-0.74406,-0.05752,-0.020499,0.060564,1.4404,10.883,-2.0709,-4.2517,-0.74132,-12.971,-2.6488,-14.658,-0.64748,0.032154,0.10408,-0.73519,-0.054402,-0.016599,0.056607,0.91972,11.482,-0.38785,-4.6859,-1.2338,-13.431,-2.2,-14.099
4.1,-0.65128,0.051619,0.10981,-0.7409,-0.053431,-0.024019,0.061036,1.3899,9.5349,-0.41265,-3.3712,0.28962,-13.338,-2.5343,-14.853,-0.66602,0.047619,0.10436,-0.7456,-0.057968,-0.010059,0.056124,2.3039,10.773,-0.2629,-3.8116,0.16936,-12.732,-1.6016,-14.602
4.2,-0.67319,0.065284,0.085319,-0.75068,-0.059076,-0.011069,0.059918,0.97855,12.92,-0.4661,-3.9996,0.46916,-14.056,-1.8246,-16.327,-0.66446,0.065713,0.085365,-0.75229,-0.05552,-0.015579,0.060301,2.1796,8.7722,-1.333,-3.5759,-0.88493,-13.084,-1.0528,-13.562
4.3,-0.66124,0.048451,0.093155,-0.74883,-0.070253,-0.015071,0.060743,0.53978,10.134,-2.4098,-8.4525,0.88075,-12.875,-1.0306,-17.183,-0.66216,0.053015,0.097449,-0.75883,-0.060303,-0.016167,0.062685,-0.90253,10.793,-2.2621,-6.1968,-2.8716,-12.448,-0.066114,-16.07
4.4,-0.65028,0.065601,0.088398,-0.75882,-0.065677,-0.015507,0.066259,1.0286,12.484,0.99271,-5.7456,-0.40672,-12.832,-2.9047,-15.073,-0.67168,0.064059,0.089157,-0.74851,-0.066339,-0.016803,0.060019,2.2183,13.107,0.35747,-5.6974,-1.4286,-13.86,-2.7216,-16.748
4.5,-0.64677,0.047769,0.096378,-0.75431,-0.0641,-0.014361,0.061314,-0.028411,12.487,-2.3885,-6.2249,-1.9422,-13.578,-0.96186,-14.92,-0.6415,0.07365,0.099499,-0.76709,-0.078306,-0.0047511,0.062497,0.11438,11.838,-1.8777,-4.0894,-1.0636,-13.385,-0.57645,-16.377
4.6,-0.63433,0.051608,0.085375,-0.73402,-0.06387,-0.010619,0.066619,0.7789,13.99,-1.149,-5.322,0.11757,-13.118,-0.54577,-17.334,-0.64608,0.059301,0.087812,-0.75788,-0.063527,-0.013063,0.068884,0.34123,13.137,-0.75273,-6.7094,-1.4613,-14.164,-1.8515,-17.914
4.7,-0.63114,0.052912,0.074078,-0.7501,-0.07183,-0.023091,0.070253,0.80116,11.705,-0.86068,-5.2804,-2.3272,-13.915,-1.2408,-15.975,-0.63389,0.055909,0.084445,-0.76568,-0.070312,-0.017931,0.068307,1.4502,11.595,-1.7422,-4.0781,-0.56876,-13.448,-0.37136,-17.677
4.8,-0.63628,0.064545,0.056309,-0.7627,-0.065505,-0.011506,0.063027,0.72096,13.211,-2.5132,-8.0629,0.4625,-12.571,0.17194,-18.967,-0.62418,0.058069,0.078471,-0.7534,-0.06387,-0.020955,0.068605,-1.032,13.826,-0.19011,-5.8844,-0.076507,-13.64,-3.2828,-18.672
4.9,-0.6356,0.075152,0.082279,-0.77682,-0.065054,-0.009499,0.065607,0.25137,12.567,-1.768,-8.3766,-1.6755,-13.994,-0.52153,-18.364,-0.63387,0.050228,0.068193,-0.75834,-0.065902,-0.021835,0.066945,0.51462,13.203,-1.4491,-6.5065,-1.1637,-13.704,-1.8115,-18.94
5,-0.63727,0.066083,0.07448,-0.75643,-0.082657,-0.0064287,0.069144,-1.3987,12.9,-0.6873,-5.7238,-1.0557,-15.224,-2.3465,-18.067,-0.64026,0.066144,0.085247,-0.76046,-0.076399,-0.012111,0.077054,2.379,11.411,-0.61391,-7.7502,-0.18698,-12.594,-1.1263,-20.783
5.1,-0.6137,0.071663,0.087733,-0.7667,-0.073404,-0.016112,0.078184,-0.3336,12.409,-0.55472,-7.1125,0.083754,-14.096,-0.17985,-18.429,-0.62606,0.069381,0.074041,-0.76333,-0.074085,-0.012378,0.076131,-0.14809,12.847,-1.2182,-7.6164,0.5023,-13.443,-0.81185,-18.532
5.2,-0.63663,0.070435,0.081586,-0.80651,-0.073962,-0.013048,0.068843,0.96351,13.109,-1.0774,-8.2361,-0.056642,-13.053,-3.4019,-19.048,-0.64174,0.086787,0.074541,-0.76546,-0.067893,-0.017975,0.073175,2.1698,14.655,-2.9244,-8.9003,-0.089451,-11.769,-0.26186,-17.702
5.3,-0.63666,0.084034,0.074591,-0.76852,-0.082401,-0.016252,0.067258,-0.085177,15.475,-2.3162,-6.5863,0.516,-15.298,-2.987,-20.476,-0.62405,0.082621,0.07275,-0.76857,-0.080611,-0.017265,0.081047,1.3712,13.508,-0.64077,-7.9974,1.0568,-15.79,-1.9954,-21.145
5.4,-0.63213,0.099664,0.072856,-0.78305,-0.085258,-0.012212,0.070161,2.3119,14.23,-2.0711,-8.362,0.87231,-13.977,-3.3547,-18.984,-0.61594,0.063303,0.060047,-0.76945,-0.078097,-0.011403,0.078692,0.77514,15.176,-1.4418,-9.7937,0.011978,-13.746,-0.038714,-21.123
5.5,-0.60363,0.096808,0.068062,-0.77525,-0.078784,-0.016685,0.078067,0.36597,15.668,-1.3728,-9.5368,0.19286,-13.53,-1.5413,-18.749,-0.61475,0.07537,0.062745,-0.77993,-0.08195,-0.015005,0.071589,0.98717,12.526,-1.4775,-9.0881,0.262,-13.957,-0.87785,-20.971
5.6,-0.61918,0.070109,0.073111,-0.76659,-0.072737,-0.0050573,0.071435,-0.40994,14.491,-0.34109,-9.2929,-2.0489,-14.04,-1.0714,-21.088,-0.61746,0.081034,0.052466,-0.7896,-0.080107,-0.016122,0.080796,-0.30605,15.036,-1.0386,-11.564,-1.1307,-14.425,-1.733,-21.357
5.7,-0.60136,0.087341,0.070507,-0.78905,-0.079336,-0.0089992,0.073846,-0.98666,17.102,-1.7448,-8.8179,-0.7343,-13.485,-1.2348,-18.343,-0.60942,0.085869,0.048984,-0.79399,-0.076632,-0.02066,0.077475,0.97462,13.886,-0.83538,-8.8507,0.49364,-14.845,-1.1501,-21.713
5.8,-0.61266,0.094467,0.064034,-0.79225,-0.081536,-0.01364,0.076178,-0.22248,15.394,-1.1964,-10.349,0.013865,-15.191,-0.7289,-22.22,-0.60759,0.094549,0.055384,-0.78781,-0.088189,-0.014195,0.078317,0.90231,15.996,-0.25085,-10.881,-0.31611,-13.629,-2.1424,-23.752
5.9,-0.60686,0.093904,0.054059,-0.79641,-0.084557,-0.018664,0.072173,0.51348,14.839,-3.0027,-11.438,0.82898,-13.706,-0.65662,-21.249,-0.6099,0.094828,0.073228,-0.79389,-0.087909,-0.014656,0.074737,1.4528,15.619,-1.234,-10.678,0.62419,-13.108,-1.6584,-22.824
6,-0.61279,0.093943,0.063591,-0.79097,-0.093553,-0.010957,0.068594,0.92319,14.165,-0.43406,-12.047,0.23306,-13.445,-2.1942,-22.707,-0.58697,0.093066,0.076081,-0.7827,-0.10384,-0.0084945,0.080268,1.6002,16.516,-0.42389,-11.271,1.3677,-13.731,-0.55069,-23.73
6.1,-0.6024,0.090754,0.066966,-0.80318,-0.082216,-0.0094666,0.078886,-0.36239,16.799,-0.062417,-11.295,0.59621,-13.85,-1.2957,-22.773,-0.60565,0.097903,0.066926,-0.78012,-0.096311,-0.0043741,0.087838,2.8036,16.982,0.34077,-9.7523,-1.0517,-15.119,-1.59,-25.592
6.2,-0.60485,0.1086,0.04307,-0.80575,-0.095583,-0.0068079,0.07934,-0.088152,17.06,-0.81812,-13.377,0.5029,-14.932,-1.1155,-23.191,-0.59118,0.09712,0.049859,-0.81409,-0.093634,-0.012861,0.075242,0.36251,15.971,-0.44704,-12.819,0.057372,-13.827,-1.5152,-24.318
6.3,-0.6068,0.080502,0.045032,-0.78801,-0.078913,-0.012567,0.082141,0.20739,15.346,0.19,-13.699,-0.74734,-15.731,-0.22916,-24.964,-0.58256,0.10619,0.041672,-0.81132,-0.090893,-0.013726,0.078166,-1.2172,16.181,-1.5847,-10.308,1.0874,-12.518,-1.0091,-23.384
6.4,-0.58043,0.11182,0.058702,-0.8182,-0.10073,-0.0057944,0.071148,-0.38424,17.397,0.036253,-11.967,-0.2767,-13.618,0.28178,-25.012,-0.56381,0.096039,0.051639,-0.80657,-0.10732,-0.016395,0.079079,0.68168,14.688,-0.60301,-12.596,1.1893,-11.78,0.035449,-26.663
6.5,-0.5837,0.08279,0.060045,-0.80823,-0.096788,-0.010834,0.082693,-0.17503,16.899,-2.6402,-12.867,0.24793,-16.108,-2.2478,-23.502,-0.59871,0.099287,0.039536,-0.80043,-0.092116,-0.0025765,0.076487,0.97265,15.708,-0.13266,-10.58,-1.5956,-13.972,0.69455,-26.775
6.6,-0.5795,0.10695,0.046789,-0.80512,-0.095651,-0.0038605,0.085025,1.8303,16.681,-1.8339,-13.398,-1.7743,-11.844,-0.15216,-26.792,-0.57771,0.111,0.043919,-0.80923,-0.099183,-0.0091847,0.079679,1.3228,17.282,-0.87281,-13.225,0.015795,-13.645,-2.271,-27.604
6.7,-0.57946,0.11743,0.043058,-0.78893,-0.10437,-0.014222,0.082728,0.18199,18.106,-0.61268,-11.922,1.3727,-14.71,-1.2775,-25.277,-0.57741,0.10925,0.031822,-0.83013,-0.10442,-0.015248,0.089505,0.98658,17.299,-0.69446,-14.819,-0.83018,-12.593,-1.8307,-26.91
6.8,-0.56382,0.12046,0.044839,-0.82158,-0.101,-0.0075268,0.084877,1.9308,16.214,-1.8706,-13.038,-0.56684,-12.767,-0.56787,-24.48,-0.56408,0.12202,0.037143,-0.81917,-0.10377,-0.0089276,0.086248,-0.4261,16.974,-2.0101,-12.695,0.19407,-12.957,-2.3216,-28.542
6.9,-0.56776,0.1101,0.041072,-0.82158,-0.095076,-0.0072491,0.078236,0.97515,17.682,-2.3441,-14.276,-0.11965,-13.365,-1.8535,-26.475,-0.55888,0.12366,0.025807,-0.80246,-0.10053,-0.014144,0.080325,0.23336,18.489,-1.346,-14.223,-0.16193,-13.427,-1.5644,-27.73
7,-0.55067,0.1332,0.027239,-0.82547,-0.098916,-0.0027405,0.073792,1.5839,17.822,-3.5944,-13.654,-1.6434,-10.965,-0.59187,-25.801,-0.55314,0.11365,0.02657,-0.81998,-0.09851,-0.0089066,0.081975,1.5808,16.958,-0.77592,-13.943,0.22748,-10.813,-0.77216,-27.71
7.1,-0.56217,0.11743,0.045723,-0.81956,-0.10416,-0.010138,0.07697,1.8889,19.18,-1.0629,-16.684,0.91338,-12.945,-1.7305,-24.718,-0.55803,0.1306,0.0045092,-0.84375,-0.10538,-0.013628,0.088419,3.171,18.235,-1.5835,-14.805,0.58905,-14.879,-2.0251,-28.879
7.2,-0.54824,0.12055,0.038747,-0.81144,-0.11176,-0.0075631,0.078346,1.6651,16.998,-2.9061,-16.252,0.58352,-10.72,-0.3417,-27.72,-0.54676,0.14152,0.04143,-0.83073,-0.11086,-0.0043194,0.083582,0.49979,16.972,-1.7501,-15.78,1.0373,-12.881,-0.90838,-31.034
7.3,-0.5369,0.13071,0.010623,-0.81803,-0.10724,-0.0054589,0.08237,2.1619,17.843,-1.6028,-15.44,-0.43408,-12.266,0.16308,-25.772,-0.55252,0.12874,0.022001,-0.83493,-0.11206,-0.0085986,0.090556,1.1583,18.591,-1.1656,-15.646,2.0913,-13.433,-1.5288,-29.103
7.4,-0.52569,0.13519,0.012809,-0.84117,-0.10724,-0.0022966,0.081155,1.719,17.16,-2.1689,-15.634,0.76043,-13.856,-0.13441,-25.664,-0.52244,0.12698,0.010346,-0.84311,-0.10584,-0.010656,0.083038,-0.49042,18.016,-2.1113,-15.284,0.65073,-11.955,-1.5043,-29.328
7.5,-0.5353,0.13411,0.029857,-0.82213,-0.11246,-0.0083019,0.08356,-0.66512,19.085,-0.91034,-17.513,1.5534,-11.167,-0.52425,-27.103,-0.53246,0.12236,0.018806,-0.83588,-0.10655,-0.0085874,0.085746,0.74164,20.194,0.85216,-15.861,-0.27849,-12.756,-0.58465,-31.156
7.6,-0.52456,0.12482,0.021495,-0.82986,-0.10939,-0.011806,0.075567,2.191,20.088,-2.6977,-16.947,1.0312,-12.238,-2.6437,-27.754,-0.51964,0.13119,0.02098,-0.82358,-0.12183,-0.017123,0.082364,1.2122,19.097,-2.307,-17.628,1.7673,-11.785,-1.2307,-31.834
7.7,-0.51954,0.14018,-0.00054454,-0.83595,-0.12048,-0.0027973,0.075067,1.304,20.16,-1.1243,-19.082,2.2851,-11.604,-0.58191,-25.379,-0.52179,0.1376,0.015358,-0.85912,-0.12004,-0.014441,0.078214,1.3731,20.169,-2.3371,-19.785,0.82755,-12.235,-1.2648,-31.343
7.8,-0.51409,0.13155,0.004348,-0.84597,-0.12285,-0.0098543,0.079513,-0.37235,20.066,-0.97671,-18.75,0.98092,-9.2718,-1.8513,-29.119,-0.51587,0.14578,0.011564,-0.86734,-0.12103,-0.012163,0.086486,0.37289,20.392,-1.1564,-17.703,-0.44913,-9.4154,-1.4359,-31.574
7.9,-0.50211,0.14053,-0.001891,-0.84427,-0.119,-0.010105,0.080638,-0.74587,20.57,0.85024,-19.5,0.87851,-11.015,-2.3299,-29.51,-0.49935,0.15131,0.02108,-0.84697,-0.12269,-0.013764,0.092,0.92394,19.799,-1.7802,-18.143,0.59466,-8.6642,0.84856,-32.14
8,-0.51156,0.13699,0.026514,-0.8354,-0.11567,-0.0066185,0.081767,0.43534,20.909,-1.9037,-20.424,0.83213,-10.668,0.19222,-28.132,-0.49605,0.13801,0.0022673,-0.85557,-0.12492,-0.013524,0.081031,-1.0894,20.281,0.23908,-18.556,2.1052,-8.5197,-3.1394,-34.562
8.1,-0.50857,0.1522,-0.0067634,-0.84348,-0.11925,-0.0016435,0.07604,0.58687,21.38,-0.93642,-17.762,2.4135,-10.068,-2.4917,-30.181,-0.48834,0.14531,0.0083102,-0.87272,-0.12468,-0.0043222,0.083686,0.88629,20.513,-1.8178,-18.788,1.8409,-10.139,-2.2916,-33.945
8.2,-0.48988,0.13737,0.0059214,-0.84305,-0.11531,0.0012678,0.069472,0.49769,23.007,-0.37123,-19.39,1.0034,-10.372,-1.5392,-29.786,-0.49399,0.13865,-0.013907,-0.84009,-0.12726,-0.018699,0.080545,1.6181,21.828,-0.066962,-19.936,1.4828,-8.1824,-2.6447,-34.434
8.3,-0.48419,0.15255,-0.0055828,-0.85858,-0.12085,0.0012025,0.076958,1.1427,22.599,-3.0941,-19.716,0.33367,-9.1061,-1.5407,-29.659,-0.48314,0.14565,-0.015173,-0.86898,-0.12894,-0.019735,0.089438,1.4231,20.801,-0.69751,-18.687,0.16133,-7.7771,-1.732,-34.345
8.4,-0.49094,0.14744,-0.011073,-0.87149,-0.12251,-0.0017389,0.073215,-0.37569,21.55,-0.68876,-19.47,0.59591,-9.9762,-1.9221,-31.893,-0.48101,0.15973,-0.0017103,-0.85129,-0.13241,-0.015732,0.084002,-0.20969,21.785,-2.4857,-18.633,0.52792,-8.6056,-1.6233,-34.796
8.5,-0.4697,0.14805,-0.0023819,-0.8595,-0.12149,-0.0014116,0.076945,0.72041,25.011,-1.9734,-19.765,-0.66542,-9.3578,0.97118,-30.853,-0.48023,0.16443,-0.022695,-0.86693,-0.13218,-0.013921,0.084713,0.4869,19.683,-0.777,-18.891,1.3526,-8.4806,-1.4528,-34.353
8.6,-0.47301,0.16698,0.0019601,-0.87762,-0.1219,-0.0072933,0.07907,0.37856,22.404,-1.5607,-20.475,1.4396,-6.2877,-0.037987,-31.028,-0.46727,0.16214,2.2069e-05,-0.87375,-0.1354,-0.0077505,0.087937,-0.84886,22.987,0.43903,-22.476,-0.68869,-10.041,-1.1923,-37.269
8.7,-0.46404,0.1464,-0.0072058,-0.86554,-0.12514,-0.0035697,0.080565,1.7584,21.594,-2.2312,-22.194,0.0017314,-7.8279,-0.88896,-31.302,-0.4447,0.1771,-0.0020347,-0.86524,-0.12905,-0.013366,0.074811,2.3198,21.541,0.35779,-20.038,1.7606,-7.5858,-1.7856,-36.384
8.8,-0.43598,0.17545,-0.010706,-0.86906,-0.1212,0.0012749,0.083179,0.92262,20.703,-1.1088,-23.412,-0.060725,-7.6972,-0.038219,-32.023,-0.46406,0.18955,-0.013187,-0.88667,-0.13669,-0.012626,0.083495,1.3037,22.86,-0.20182,-21.503,1.8387,-6.6434,-2.3976,-37.858
8.9,-0.45697,0.15499,-0.019945,-0.86791,-0.12978,-0.0058552,0.074289,-0.59095,23.13,-3.7578,-22.218,-0.4089,-6.8675,-0.19441,-34.819,-0.4453,0.16184,-0.042387,-0.88838,-0.13695,-0.0081585,0.083066,0.97042,20.956,-0.10409,-21.521,2.4849,-6.808,-1.2871,-37.594
9,-0.44895,0.16167,-0.023982,-0.88705,-0.1324,-0.0060333,0.064766,0.24819,23.128,-1.2003,-23.323,0.21146,-7.8316,-2.5814,-31.675,-0.44212,0.17883,-0.033738,-0.87859,-0.13788,-0.013134,0.082162,1.4773,21.833,-2.8678,-21.887,0.49184,-6.2004,-0.45671,-36.869
9.1,-0.43745,0.16074,-0.025978,-0.87972,-0.13548,0.0077637,0.082124,1.7774,23.478,-0.83681,-23.281,1.2229,-7.6338,-0.92938,-32.89,-0.44858,0.1945,-0.015575,-0.90593,-0.13252,-0.0044943,0.081116,-1.4249,21.5,-1.6626,-22.537,0.74825,-5.1881,-2.9902,-36.86
9.2,-0.41976,0.16462,-0.014863,-0.87032,-0.13417,0.00035515,0.076381,-1.4665,22.685,-1.1498,-24.013,-0.54247,-6.1211,0.33368,-35.715,-0.4326,0.17338,-0.01731,-0.88543,-0.13422,-0.0068158,0.081436,2.8289,24.622,-2.0618,-23.326,1.0167,-5.2842,0.68843,-35.942
9.3,-0.43391,0.15748,-0.035855,-0.89282,-0.13819,0.0035877,0.07924,0.75698,23.299,-0.79816,-25.567,1.1846,-5.4044,0.46185,-34.189,-0.4256,0.17998,-0.020965,-0.88248,-0.13881,0.0058307,0.082212,2.68,22.418,-0.86277,-23.522,0.42915,-5.4013,-0.72242,-38.053
9.4,-0.42437,0.16677,-0.020189,-0.89747,-0.13352,0.0012281,0.070804,0.95835,24.006,-3.1828,-23.566,3.2864,-5.8563,-0.33521,-32.994,-0.41739,0.19424,-0.020967,-0.90281,-0.14458,-0.0015827,0.081795,0.063957,21.186,-1.9083,-24.084,2.2127,-5.3876,0.066146,-35.722
9.5,-0.39845,0.184,-0.038741,-0.90008,-0.13398,0.0044089,0.084609,0.68171,22.911,-1.0052,-24.382,-1.4464,-6.4957,1.5041,-36.184,-0.40857,0.18523,-0.030287,-0.90086,-0.13134,-0.0072491,0.07098,0.0043431,23.926,-1.491,-24.94,1.5728,-4.7898,1.0158,-36.433
9.6,-0.413,0.15984,-0.039368,-0.89344,-0.13224,-0.0078618,0.06973,-1.1904,23.998,-0.89485,-24.473,1.1714,-5.6083,0.61584,-34.25,-0.39438,0.18527,-0.023302,-0.90459,-0.13887,0.0042524,0.076296,1.0976,26.576,-0.48336,-24.127,0.33362,-4.413,0.44195,-36.954
9.7,-0.40454,0.18406,-0.036203,-0.91425,-0.11971,-2.4627e-05,0.074099,-0.40869,24.26,0.0039974,-25.321,0.75167,-5.0339,-0.1238,-34.726,-0.36623,0.17323,-0.015791,-0.90401,-0.14275,-0.0049434,0.078944,1.3348,22.931,-2.715,-24.989,0.70533,-3.5382,1.4184,-36.874
9.8,-0.3832,0.15313,-0.052695,-0.90047,-0.13871,0.0041102,0.073808,1.165,26.25,0.1792,-24.389,1.7845,-4.0099,1.3091,-32.897,-0.37924,0.18815,-0.026398,-0.91192,-0.13481,0.0010141,0.078005,0.42346,24.135,-1.8071,-24.273,1.5267,-3.3755,-0.28409,-37.599
9.9,-0.39546,0.16842,-0.050258,-0.9209,-0.13602,-0.0019549,0.064286,0.10222,25.09,-1.8167,-25.081,0.33741,-4.4312,1.5954,-32.67,-0.37544,0.20149,-0.035524,-0.89649,-0.14183,0.0025363,0.078707,0.87104,26.287,-0.97407,-24.715,0.21853,-3.8862,0.89515,-37.27
10,-0.37965,0.17231,-0.03838,-0.9079,-0.14595,0.015983,0.065417,-0.40947,25.527,-0.8647,-25.761,0.95486,-2.5029,-0.21843,-35.32,-0.38453,0.18639,-0.036716,-0.91363,-0.14016,0.0021934,0.074786,-0.69584,25.303,-0.42301,-26.585,1.4672,-2.8829,1.1177,-34.105
10.1,-0.35519,0.17112,-0.049172,-0.89971,-0.13581,0.012463,0.060699,1.7719,24.982,-0.37107,-26.639,2.2234,-3.0557,-0.60061,-31.82,-0.37629,0.19724,-0.046703,-0.91693,-0.14321,0.0069626,0.070328,1.1957,24.384,0.042294,-26.363,0.46268,-3.4838,0.20947,-36.256
10.2,-0.38776,0.1926,-0.048646,-0.9159,-0.13974,0.0049249,0.073576,1.7732,25.343,-1.4692,-27.842,1.4987,-1.7615,1.5925,-31.203,-0.34956,0.19904,-0.038233,-0.91619,-0.14815,0.0085246,0.069878,1.7979,27.362,-0.54287,-28.7,-0.013742,-1.9568,2.1293,-35.501
10.3,-0.35888,0.19545,-0.051894,-0.9032,-0.12877,0.0088158,0.071632,-0.32718,26.751,-1.1238,-28.323,0.030709,-2.445,0.54701,-31.866,-0.33578,0.18158,-0.054773,-0.92003,-0.14206,0.0023907,0.066888,-0.33505,25.807,0.16435,-28.988,1.7904,-1.836,0.090586,-34.508
10.4,-0.35071,0.17257,-0.049553,-0.90759,-0.12663,0.012164,0.065654,0.56842,26.183,-1.2766,-29.367,2.2094,-3.7965,0.8415,-31.009,-0.32825,0.19703,-0.055426,-0.91367,-0.1415,0.0069664,0.057416,2.1871,26.517,-1.8794,-26.969,-0.6407,-1.4188,0.1524,-36.15
10.5,-0.34474,0.17145,-0.050231,-0.92463,-0.14251,0.018811,0.063284,1.242,27.094,-3.9514,-26.925,1.5955,-1.9982,-0.33089,-29.726,-0.34169,0.18615,-0.041241,-0.90528,-0.14178,0.0034126,0.069795,1.2979,28.497,-4.6025,-29.533,0.045528,-1.9618,1.2929,-34.625
10.6,-0.35705,0.19268,-0.059385,-0.93713,-0.13869,0.016006,0.059554,-0.48475,28.099,-0.22889,-28.475,1.0702,-0.83318,1.23,-30.261,-0.30877,0.21572,-0.044387,-0.91488,-0.14706,0.011172,0.066353,-0.49655,27.665,-0.15706,-29.345,1.7722,-1.9152,1.1132,-34.561
10.7,-0.32863,0.18206,-0.038189,-0.94617,-0.14455,0.018006,0.060452,1.7303,24.943,-1.1368,-31.065,-0.8646,-0.19868,-1.5683,-31.178,-0.32739,0.19314,-0.044442,-0.92946,-0.1511,0.013322,0.065407,0.12906,26.805,-1.5721,-31.98,-1.1757,-0.51735,0.61143,-34.055
10.8,-0.31939,0.19101,-0.050684,-0.91723,-0.13963,0.021842,0.060544,-0.9693,26.918,-2.2944,-29.408,0.79507,-2.2716,-1.4197,-30.325,-0.31804,0.18756,-0.05036,-0.93494,-0.14304,0.01079,0.059591,0.23695,27.708,-2.3018,-28.597,2.0594,-0.95882,0.23469,-33.438
10.9,-0.29731,0.16108,-0.049165,-0.92979,-0.1445,0.01947,0.066223,0.20481,28.101,-0.7812,-33.231,0.76342,1.4539,1.6429,-30.908,-0.30589,0.20232,-0.064,-0.92788,-0.14675,0.011488,0.058307,0.40909,27.305,-1.9597,-30.965,-0.3663,-1.2467,1.196,-33.982
11,-0.29028,0.20047,-0.070982,-0.93527,-0.14334,0.015471,0.066062,1.1092,26.811,-0.50308,-30.04,0.31235,-0.73157,-1.4391,-32.911,-0.30131,0.19546,-0.05872,-0.92906,-0.15942,0.018021,0.066381,1.2377,28.018,1.0338,-30.602,-0.64936,0.1252,0.90972,-32.794
11.1,-0.31001,0.19509,-0.058683,-0.93107,-0.14285,0.018819,0.052934,-0.45069,26.47,0.98571,-30.912,-0.16083,-0.37286,0.65065,-28.885,-0.27892,0.2123,-0.058582,-0.91223,-0.14273,0.020987,0.064344,0.91976,27.956,-0.45016,-30.691,1.9063,-0.11779,0.3397,-33.425
11.2,-0.29593,0.17773,-0.048584,-0.92557,-0.14217,0.026851,0.05046,1.3695,27.872,-1.3067,-31.291,0.15945,0.88006,1.7251,-29.398,-0.28494,0.21299,-0.065801,-0.93851,-0.13998,0.010284,0.057934,1.0965,28.312,-2.4562,-31.627,2.0821,-0.10247,1.2973,-34.294
11.3,-0.27765,0.18322,-0.047909,-0.93292,-0.13375,0.020444,0.054902,0.71894,27.339,-1.2493,-31.065,1.1634,-1.2289,-2.2107,-28.411,-0.2705,0.20974,-0.062627,-0.95102,-0.14519,0.020593,0.055497,0.69547,31.44,-1.4651,-30.824,0.54177,0.85607,1.0091,-35.257
11.4,-0.25614,0.1766,-0.059947,-0.9324,-0.15072,0.022403,0.05151,0.96141,27.845,0.068553,-30.443,1.7354,-0.17647,-1.1264,-26.999,-0.2863,0.20968,-0.044307,-0.94326,-0.14549,0.014653,0.051434,0.90294,28.167,-0.74444,-33.132,0.50436,-0.082403,1.1725,-32.543
11.5,-0.28041,0.19864,-0.074042,-0.92246,-0.14134,0.022077,0.04451,0.84077,29.233,0.9933,-31.602,1.1973,1.0976,-1.6661,-25.562,-0.27509,0.18961,-0.055832,-0.9548,-0.14924,0.0097453,0.05915,-0.28076,28.724,-0.50375,-31.287,-1.128,0.80661,-0.7902,-31.504
11.6,-0.26598,0.18509,-0.060379,-0.95439,-0.14071,0.036258,0.047944,3.8532,28.329,-2.4913,-32.626,-1.0615,2.9911,0.1488,-29.284,-0.24858,0.21198,-0.066402,-0.93479,-0.13994,0.018728,0.050321,2.5269,29.835,-1.0337,-31.604,1.0952,1.1316,-0.062712,-32.822
11.7,-0.26862,0.2052,-0.065033,-0.94868,-0.14104,0.031611,0.043514,1.9023,27.328,-2.5455,-34.389,0.042969,0.87567,1.2915,-27.941,-0.2576,0.21007,-0.059028,-0.94871,-0.14772,0.028225,0.055962,1.5984,29.023,-1.1558,-34.633,-1.4003,1.668,0.20464,-31.987
11.8,-0.23602,0.19552,-0.067012,-0.946,-0.15117,0.033828,0.040857,0.87007,29.101,-2.1171,-31.867,1.8135,2.6232,1.3899,-27.454,-0.23906,0.21632,-0.056048,-0.94317,-0.13625,0.027971,0.04852,1.9202,29.325,-0.66725,-32.999,-0.26442,1.5948,1.8961,-31.098
11.9,-0.24867,0.17067,-0.068376,-0.96135,-0.14184,0.034234,0.044352,1.4934,29.453,-0.40169,-34.586,1.7507,1.2774,0.013473,-26.726,-0.22376,0.20995,-0.051118,-0.95294,-0.13635,0.015019,0.060081,0.93303,30.136,-1.2978,-33.594,0.3131,1.4504,0.7335,-31.046
12,-0.25074,0.19106,-0.075492,-0.94299,-0.14985,0.033558,0.040215,2.421,28.528,-1.5378,-33.628,1.5897,2.1271,0.62681,-28.959,-0.2269,0.21352,-0.067069,-0.94984,-0.14391,0.020799,0.047057,2.9052,31.299,-0.60303,-35.728,-0.081938,2.6993,0.1373,-31.439
12.1,-0.23716,0.18001,-0.074461,-0.96347,-0.13721,0.029347,0.04527,0.097857,29.196,-2.6586,-33.873,1.0442,3.39,0.38937,-25.304,-0.20058,0.21543,-0.066054,-0.95651,-0.14416,0.028756,0.039761,-0.2017,29.847,-1.0393,-34.847,-1.5512,3.86,0.025631,-29.524
12.2,-0.22979,0.18191,-0.083012,-0.94363,-0.14854,0.038052,0.039703,-0.56729,29.404,-0.27483,-34.229,-1.0241,2.068,1.2867,-28.068,-0.20477,0.20364,-0.07833,-0.96687,-0.15125,0.030546,0.051721,-0.61726,31.436,-1.9067,-35.49,1.6344,1.3999,0.86396,-29.521
12.3,-0.22186,0.19987,-0.052001,-0.9546,-0.14121,0.043136,0.037485,1.4965,30.215,0.88156,-36.913,0.54408,2.2783,0.026544,-26.141,-0.18875,0.19278,-0.067588,-0.96095,-0.15093,0.024708,0.046529,0.41414,29.798,-0.78696,-36.311,0.69165,5.1351,-0.26571,-30.65
12.4,-0.21625,0.16681,-0.062319,-0.95162,-0.13893,0.031359,0.037275,0.75854,30.966,-0.74474,-35.365,-0.354,5.4191,1.6771,-25.713,-0.19284,0.21365,-0.086217,-0.97865,-0.15866,0.023132,0.044473,2.1432,29.391,-1.8142,-37.715,1.9646,4.7886,0.32257,-30.844
12.5,-0.20206,0.18052,-0.064363,-0.96175,-0.14618,0.039199,0.034055,1.1026,31.671,-1.032,-38.017,0.58529,3.406,1.4128,-24.666,-0.19075,0.21377,-0.070146,-0.94944,-0.14945,0.023881,0.040676,-0.13686,31.454,-2.2207,-36.195,3.3681,3.856,0.79276,-28.007
12.6,-0.21429,0.18155,-0.081633,-0.95601,-0.14397,0.035426,0.037592,1.2154,31.385,-2.8938,-37.367,0.55604,6.1581,-0.49098,-23.66,-0.16752,0.18785,-0.067055,-0.96304,-0.15387,0.030824,0.040628,-1.4553,31.616,-0.049352,-37.736,-0.29526,5.4977,1.1874,-30.272
12.7,-0.18208,0.19551,-0.082877,-0.96587,-0.1406,0.039748,0.032297,2.5813,32.634,-0.79447,-36.426,-0.23108,3.7494,0.2588,-22.776,-0.16453,0.20515,-0.071298,-0.96065,-0.15325,0.031529,0.042088,0.76151,32.447,-0.63956,-36.549,-0.57526,4.8544,0.13445,-30.098
12.8,-0.18801,0.16972,-0.080751,-0.956,-0.13956,0.043579,0.035587,2.7206,31.346,-1.1213,-37.038,-0.55763,4.6374,2.0606,-24.878,-0.14319,0.19462,-0.069801,-0.95917,-0.14044,0.035392,0.035329,1.5018,31.833,-2.0838,-37.38,1.1972,4.0128,-0.21838,-28.567
12.9,-0.19884,0.17322,-0.05974,-0.95705,-0.14606,0.050818,0.027786,2.053,32.189,-0.42614,-37.875,1.9552,5.8911,0.3895,-22.045,-0.16511,0.20196,-0.073822,-0.97626,-0.1638,0.030237,0.035716,-0.41586,31.94,-1.0397,-37.147,2.5092,5.2945,1.2105,-29.672
13,-0.18295,0.17666,-0.075977,-0.9694,-0.14872,0.039916,0.026938,0.97719,31.391,-2.4372,-38.888,1.0206,4.2871,-0.35636,-24.065,-0.15141,0.19961,-0.08384,-0.96562,-0.16073,0.029965,0.032628,-0.28543,32.124,-1.6932,-39.903,0.80192,5.729,0.62643,-29.838
13.1,-0.15521,0.16933,-0.068678,-0.97382,-0.15038,0.044512,0.027884,-1.0554,32.003,0.35428,-37.574,-0.36454,4.9158,-1.1152,-22.649,-0.114,0.18966,-0.076334,-0.97931,-0.15824,0.032386,0.03753,1.2534,31.745,-1.7937,-39.368,0.17369,5.819,1.7349,-26.649
13.2,-0.15989,0.18161,-0.075424,-0.95816,-0.1435,0.042717,0.03389,2.2352,34.163,0.78629,-38.106,1.6518,5.6796,1.473,-24.684,-0.12118,0.18788,-0.094472,-0.94235,-0.15388,0.039679,0.036651,-0.65606,28.066,-0.40195,-39.183,0.055874,4.5782,-0.013602,-28.424
13.3,-0.14493,0.14993,-0.09398,-0.96938,-0.15239,0.05213,0.024176,1.1808,31.521,-0.49339,-39.595,1.4231,6.7254,1.0671,-23.681,-0.12705,0.20645,-0.072452,-0.95921,-0.14189,0.046828,0.039658,-1.7779,29.944,-1.6376,-39.538,2.909,4.9241,0.14628,-28.141
13.4,-0.12479,0.1715,-0.077133,-0.9784,-0.14441,0.050845,0.027643,-0.73487,31.425,-1.2729,-40.339,1.1115,6.2896,0.44131,-24.543,-0.10168,0.20512,-0.0845,-0.97894,-0.14949,0.036346,0.041302,-0.5749,29.113,-2.3514,-39.992,0.37191,8.2963,1.2582,-28.189
13.5,-0.13,0.16396,-0.082921,-0.98817,-0.13833,0.050644,0.026789,1.1804,32.448,-2.4376,-40.547,1.2357,6.5918,1.2928,-23.058,-0.095315,0.20039,-0.078191,-0.9699,-0.14636,0.045479,0.032928,-1.2345,29.71,-2.1531,-41.219,1.1263,6.1796,1.172,-28.651
13.6,-0.11835,0.1644,-0.092688,-0.98163,-0.14045,0.057077,0.018638,-0.22065,32.039,-0.048457,-41.317,2.0378,6.9339,1.3893,-21.453,-0.10389,0.19748,-0.078643,-0.97182,-0.14758,0.04966,0.031171,0.90899,28.941,-1.6935,-41.183,-0.95718,7.4559,-0.045022,-26.998
13.7,-0.12346,0.17159,-0.10359,-0.97353,-0.13695,0.061605,0.01992,-0.76431,31.481,-2.9115,-41.008,0.25158,6.5568,0.94387,-22.967,-0.10498,0.18081,-0.082881,-0.98004,-0.14561,0.050848,0.031998,0.28055,30.102,-1.339,-40.494,-0.90236,7.3883,-0.48168,-25.207
13.8,-0.11252,0.15236,-0.076008,-0.97955,-0.14438,0.058023,0.030224,-2.1488,30.176,-1.0908,-41.564,-1.2542,6.5123,1.8832,-21.782,-0.077209,0.18951,-0.075325,-0.9707,-0.13582,0.05616,0.027275,-0.40911,28.95,1.6425,-42.174,3.0469,7.5022,1.128,-25.462
13.9,-0.10168,0.15623,-0.085017,-0.97408,-0.12814,0.065058,0.017586,0.26505,31.302,-1.6832,-39.299,1.1075,6.3374,0.68186,-20.639,-0.067602,0.18206,-0.085405,-0.95252,-0.12823,0.053805,0.035806,-0.5041,28.272,-0.77949,-42.648,1.1097,7.4372,1.6769,-25.619
14,-0.075533,0.14495,-0.076153,-0.98312,-0.13772,0.05836,0.021727,-0.50717,29.828,-1.5574,-42.104,1.2965,8.4699,-0.99245,-20.766,-0.057476,0.18316,-0.097181,-0.98441,-0.13843,0.055634,0.030839,-0.94246,28.306,-0.081441,-42.011,1.2904,9.3046,2.4812,-25.117
14.1,-0.078532,0.16006,-0.083074,-0.99499,-0.13277,0.058519,0.01702,-1.688,30.475,-1.2101,-41.944,1.1484,8.2128,0.07084,-19.701,-0.047772,0.16417,-0.082344,-0.9805,-0.12556,0.054556,0.022759,0.29417,25.439,-0.15389,-43.46,1.9061,8.7269,0.0249,-26.092
14.2,-0.069407,0.145,-0.090584,-0.96448,-0.12806,0.071024,0.021464,-2.646,27.656,-1.5806,-42.677,0.81819,10.412,1.5041,-20.406,-0.046257,0.18455,-0.077558,-0.96905,-0.12663,0.054291,0.018909,-0.9222,26.899,-2.3377,-43.146,0.44532,8.5944,0.271,-25.526
14.3,-0.074081,0.12207,-0.070211,-0.97908,-0.12824,0.059709,0.014987,-1.4203,29.494,-1.3672,-46.105,1.0309,8.3659,-1.0708,-20.95,-0.053107,0.18101,-0.087682,-0.99164,-0.12646,0.061982,0.023709,-0.10339,29.173,-1.2692,-44.397,-0.16773,9.3349,1.3339,-25.889
14.4,-0.079141,0.14528,-0.066816,-0.98584,-0.12998,0.070252,0.012526,-0.31744,28.686,-3.6999,-42.888,-0.5348,9.1207,1.6377,-18.697,-0.051941,0.17605,-0.11127,-0.97923,-0.13082,0.053742,0.028915,0.67147,26.749,-1.0889,-43.689,1.9898,7.934,0.85502,-24.448
14.5,-0.054009,0.11025,-0.078003,-0.97805,-0.12536,0.075163,0.013919,-0.38165,27.434,-1.721,-44.302,2.1639,7.7791,0.12336,-17.858,-0.038413,0.18027,-0.080787,-0.9733,-0.13132,0.066027,0.026418,-2.8558,25.387,-2.6525,-44.142,0.22914,10.032,0.34346,-23.44
14.6,-0.054709,0.14038,-0.087017,-0.97441,-0.12118,0.074745,0.016548,-1.2927,28.317,-0.54444,-44.701,1.082,8.8156,1.1621,-20.748,-0.026477,0.1776,-0.084522,-0.99342,-0.12785,0.050197,0.016983,-1.0611,27.045,0.57336,-45.575,-1.549,9.9152,0.52125,-25.498
14.7,-0.060766,0.14734,-0.077966,-0.98584,-0.1239,0.074554,0.0038209,-1.2547,25.927,-1.8777,-45.483,0.12435,10.113,0.37016,-17.844,-0.030225,0.15666,-0.08626,-0.98895,-0.11247,0.056793,0.021875,-1.8172,25.203,-1.8532,-45.747,0.62325,10.862,0.11596,-25.332
14.8,-0.035425,0.1529,-0.07687,-0.97371,-0.13091,0.074757,0.010412,-2.3929,27.536,-0.71339,-46.359,-0.50987,8.6258,-0.26757,-19.717,-0.015474,0.18313,-0.080716,-0.98026,-0.11962,0.059055,0.016185,-1.5969,24.448,-2.3781,-44.473,-0.72548,11.904,-0.25854,-23.064
14.9,-0.034229,0.14431,-0.084807,-0.97369,-0.11473,0.076657,0.0047803,1.222,28.151,-0.17365,-48.021,-0.21793,9.4112,-0.037801,-16.926,-0.014955,0.13718,-0.077237,-0.98007,-0.11111,0.06247,0.023595,-0.2221,24.185,-2.1725,-45.176,2.9455,10.681,0.67284,-23.938
15,-0.040542,0.12013,-0.10259,-0.99458,-0.11909,0.070998,0.0042292,-3.1601,25.667,-1.1828,-47.031,0.93138,8.4375,-0.8555,-16.074,0.0015612,0.15955,-0.082372,-0.98865,-0.11708,0.062754,0.018685,0.61808,22.699,-0.39781,-48.068,0.017254,9.8511,2.0784,-24.516
15.1,-0.014386,0.11042,-0.076729,-0.98039,-0.11007,0.070601,-0.0010182,-1.5949,26.649,-0.032745,-45.508,1.4233,9.9857,1.1158,-16.446,0.0020444,0.14449,-0.081493,-0.98184,-0.11569,0.075081,0.020422,-2.3696,22.823,1.0389,-48.42,0.77555,11.062,0.13703,-22.377
15.2,-0.013341,0.13388,-0.081824,-0.99068,-0.10807,0.070479,0.0070757,-1.9632,25.711,-2.6286,-47.656,-0.21906,12.463,0.80974,-16.966,0.0097759,0.16361,-0.082107,-0.97424,-0.11037,0.07279,0.022823,-1.8528,21.7,-0.45755,-47.701,1.2444,11.995,0.68643,-24.374
15.3,-0.022355,0.11716,-0.072488,-0.98476,-0.10728,0.085436,0.0060946,-2.1413,22.284,-0.82075,-48.741,-0.83344,11.729,1.2282,-14.933,0.027162,0.1506,-0.089956,-0.99833,-0.10739,0.073484,0.011915,-1.4168,23.04,0.38416,-45.871,0.75668,11.267,0.48483,-21.283
15.4,0.012252,0.097958,-0.099602,-1.0022,-0.10394,0.083434,0.0047601,-1.6561,23.475,-2.4157,-48.871,-0.085302,10.85,0.74033,-18.428,0.010457,0.14583,-0.069946,-0.9844,-0.10437,0.067808,0.012654,-1.6257,20.599,-0.8877,-47.661,0.853,12.303,1.0393,-22.348
15.5,-0.0089883,0.090478,-0.082204,-0.98451,-0.10022,0.075958,0.00088161,0.020967,21.062,-2.194,-48.637,0.77244,10.738,2.3695,-16.352,0.023897,0.15318,-0.087899,-0.97352,-0.10307,0.077811,0.011163,-0.26939,19.108,-2.2484,-48.478,1.6456,12.018,-0.56964,-21.663
15.6,0.015625,0.1068,-0.082468,-0.97514,-0.11201,0.088659,0.0011968,-0.71467,23.673,-1.2254,-49.239,2.8055,11.905,1.4081,-16.613,0.03962,0.14962,-0.066986,-0.97519,-0.099582,0.080931,0.012658,-0.87721,21.712,-2.1329,-48.105,1.5698,12.333,0.38406,-22.307
15.7,0.0061923,0.10496,-0.063839,-1.0068,-0.096702,0.08219,-0.0045939,-2.5712,22.462,-0.95691,-50.092,-0.51497,12.852,-0.12273,-15.594,0.03542,0.15972,-0.080325,-0.98253,-0.084655,0.072636,0.018115,-1.6954,20.73,-3.0104,-49.07,-0.27672,11.864,0.19928,-21.583
15.8,0.032832,0.11143,-0.059841,-0.98341,-0.095315,0.083629,-0.00096322,-2.6084,22.357,-0.42068,-48.282,0.939,13.288,1.0755,-15.347,0.056226,0.12512,-0.077031,-0.96699,-0.093965,0.072861,0.0020544,-1.8307,20.691,0.034726,-49.666,0.41103,12.627,-0.4304,-20.997
15.9,0.046644,0.10122,-0.082865,-0.99733,-0.10312,0.089629,-0.0065441,-2.097,22.676,-0.90597,-50.129,1.6851,13.198,2.4742,-14.241,0.043114,0.12774,-0.068926,-0.98653,-0.097879,0.072822,-0.00091298,0.1969,18.244,-1.711,-48.657,-0.086364,12.139,1.5511,-19.553
16,0.018736,0.093716,-0.084043,-0.99453,-0.091159,0.090095,-0.0073804,-0.83415,21.173,-1.7866,-50.394,1.8896,12.256,0.88484,-13.273,0.050139,0.12754,-0.082689,-0.99374,-0.099659,0.075057,0.0058595,-0.73016,18.831,0.17268,-48.938,0.95598,12.556,0.093762,-20.716
16.1,0.028481,0.099643,-0.081521,-0.99869,-0.095995,0.091927,0.00043602,-1.7893,22.441,-1.0802,-50.038,2.0652,13.599,0.25255,-12.917,0.040338,0.12397,-0.0713,-0.99113,-0.10175,0.086004,0.0073823,0.31145,18.284,-0.27401,-51.335,1.1744,13.383,0.71673,-21.551
16.2,0.044659,0.085337,-0.073486,-0.99569,-0.093025,0.080949,-0.0034199,-1.9906,19.952,-0.47717,-49.741,1.0455,12.882,0.91767,-14.665,0.059662,0.12473,-0.065336,-1.0005,-0.097118,0.075685,0.0011305,-0.72281,18.188,-1.5647,-52.476,1.2978,13.916,0.17649,-19.227
16.3,0.02667,0.068875,-0.072625,-0.98717,-0.088412,0.094234,-0.0054622,-2.1236,20.761,-1.333,-49.928,0.56348,14.526,0.67621,-13.313,0.064864,0.12795,-0.070767,-0.97963,-0.093273,0.087178,0.007735,-1.1688,15.893,-2.0947,-50.08,-0.27229,11.624,2.1297,-19.542
16.4,0.044268,0.067434,-0.085364,-0.97513,-0.087587,0.085758,-0.0068443,-0.70748,17.4,-0.21536,-49.422,0.98939,14.787,-0.61034,-13.663,0.075958,0.11206,-0.061399,-0.97544,-0.084066,0.088961,-0.0012821,-2.2362,16.154,-0.35501,-54.197,-0.3354,12.299,-0.75758,-19.01
16.5,0.046228,0.074291,-0.068527,-0.98588,-0.086295,0.097762,-0.015961,-0.4,17.618,1.598,-49.743,-0.62355,14.713,1.9389,-13.849,0.076417,0.12219,-0.080933,-0.99441,-0.089247,0.089852,-0.0049245,0.40496,15.975,-1.1742,-51.19,2.343,15.267,1.0756,-19.928
16.6,0.059573,0.063118,-0.064823,-0.98995,-0.078127,0.092887,-0.0072649,-1.0607,17.104,0.9355,-50.522,0.66203,15.286,0.5871,-13.073,0.065245,0.09792,-0.081333,-0.97757,-0.089426,0.090114,-0.00088673,-2.7573,14.401,-0.053369,-52.944,0.26833,12.71,-0.25128,-18.083
16.7,0.049019,0.052071,-0.072528,-0.98856,-0.084739,0.08893,-0.014746,-2.1688,17.406,0.42799,-51.324,1.3644,14.461,1.8247,-10.637,0.095487,0.1009,-0.086433,-0.98595,-0.080162,0.087079,-0.0041215,-2.3543,15.624,-0.5789,-52.875,0.58213,15.549,-0.31395,-19.466
16.8,0.065476,0.06691,-0.079547,-0.98447,-0.079498,0.08792,-0.0098563,-0.14628,17.754,1.2126,-50.305,-1.5028,15.342,0.1673,-11.238,0.079607,0.095589,-0.086744,-0.99902,-0.08114,0.09394,-0.0013249,0.25152,16.719,-0.73635,-51.98,0.75253,15.184,0.019365,-19.285
16.9,0.06406,0.070392,-0.050711,-0.99451,-0.063936,0.082885,-0.011264,-1.8546,17.542,-0.34928,-47.087,0.29972,14.912,0.21375,-11.374,0.10438,0.099017,-0.06685,-0.98823,-0.085178,0.090563,0.0088964,1.033,14.396,-0.092998,-52.382,1.3069,16.299,0.73723,-17.838
17,0.077939,0.044187,-0.064541,-1.0071,-0.071754,0.088848,-0.022774,-1.5733,15.316,0.30766,-48.268,-0.15294,14.279,0.12985,-11.173,0.079384,0.094809,-0.065609,-0.98543,-0.074202,0.087141,-0.0068533,-1.3698,14.778,-1.0281,-53.246,1.952,13.812,1.1569,-16.841
17.1,0.075614,0.062266,-0.070356,-0.99188,-0.065983,0.099448,-0.012327,-2.5949,16.844,-1.0462,-48.389,0.68824,15.207,1.7727,-11.911,0.095749,0.096682,-0.05281,-0.9874,-0.071793,0.092625,-0.010667,-0.43297,13.25,-0.77427,-52.252,1.3082,14.773,-0.15857,-18.109
17.2,0.075569,0.044198,-0.072586,-0.98565,-0.070639,0.091584,-0.019002,-1.3873,15.847,0.38825,-48.475,1.6452,15.308,0.20454,-11.913,0.10355,0.079815,-0.069442,-0.98536,-0.067483,0.081231,-0.013739,-1.7176,12.517,-0.55001,-54.482,-0.14789,15.814,-0.51518,-15.658
17.3,0.078694,0.040544,-0.055249,-0.98901,-0.057282,0.08958,-0.015647,-1.0122,15.578,1.1592,-48.781,0.74865,15.512,-0.033889,-10.58,0.11658,0.07812,-0.05659,-1.0019,-0.069488,0.10095,-0.004717,-0.48758,12.417,-0.4377,-54.062,1.2235,15.817,0.74333,-16.284
17.4,0.083256,0.038467,-0.067675,-0.99774,-0.068675,0.094016,-0.017563,-0.6182,12.254,1.1345,-48.809,0.62099,15.99,2.1642,-10.574,0.10266,0.075077,-0.062969,-0.97532,-0.073073,0.092878,-0.0011043,-2.551,12.999,1.5244,-54.888,0.13956,18.102,-0.29359,-16.534
17.5,0.093754,0.024063,-0.059791,-0.99953,-0.068987,0.082266,-0.02498,-1.0899,13.415,0.40526,-46.553,0.17281,16.304,0.33574,-9.7484,0.12757,0.07768,-0.061467,-0.98183,-0.058816,0.092163,-0.0027278,-1.0973,11.672,-0.70324,-54.69,0.43094,16.902,-1.8942,-16.518
17.6,0.093114,0.011417,-0.056452,-0.99159,-0.057453,0.089932,-0.031362,-0.99211,12.62,0.14362,-48.266,1.424,16.788,3.0331,-8.1748,0.11628,0.0408,-0.089599,-0.98143,-0.064697,0.084223,-0.0050836,-2.004,10.175,1.3401,-53.676,2.4464,15.968,-0.42027,-17.214
17.7,0.10093,0.021385,-0.067169,-0.98287,-0.055978,0.090371,-0.03135,-3.1437,13.238,0.42259,-47.393,0.90026,17.079,1.7811,-6.7682,0.1183,0.056251,-0.056288,-0.98718,-0.063572,0.089388,-0.010903,-1.511,11.582,0.66287,-54.383,0.88755,16.074,0.62539,-17.613
17.8,0.091281,0.014401,-0.036609,-0.98601,-0.056966,0.097664,-0.024885,0.01542,12.6,1.825,-48.732,1.725,17.827,1.0464,-7.6616,0.11467,0.055927,-0.064738,-0.99154,-0.064339,0.095287,-0.01482,-1.0597,11.619,1.3147,-52.346,-0.065597,18.383,1.727,-14.058
17.9,0.096496,0.03453,-0.055198,-1.0022,-0.056583,0.08803,-0.022097,-1.0018,13.129,0.32513,-45.815,2.6691,18.36,2.0158,-6.2284,0.13851,0.034464,-0.069001,-0.99184,-0.058763,0.092256,-0.015525,-2.4739,9.6027,1.3236,-53.974,2.6243,18.406,-0.79403,-16.276
18,0.10188,0.0026625,-0.056167,-0.99102,-0.050456,0.089279,-0.03341,-0.11682,12.019,0.76136,-44.64,0.7047,16.112,0.26108,-8.3668,0.13111,0.033213,-0.049522,-0.96854,-0.052841,0.090425,-0.0080776,-0.89967,9.8432,-1.0703,-51.4,1.3443,17.675,1.3239,-16.779
18.1,0.10608,0.00036472,-0.041528,-0.98662,-0.048252,0.084821,-0.021037,-1.4448,11.836,2.1956,-45.699,0.79935,15.983,3.7407,-7.6665,0.13378,0.054824,-0.050435,-0.97644,-0.048448,0.088657,-0.018923,-1.9822,11.826,0.38038,-53.061,1.4345,17.986,0.069238,-15.373
18.2,0.082787,0.0042393,-0.063281,-0.9997,-0.049292,0.084355,-0.031948,-2.8432,11.121,-0.021306,-44.178,0.57676,19.216,0.70581,-6.5564,0.14438,0.024572,-0.053766,-0.9885,-0.056784,0.094035,-0.021283,-1.0547,11.263,0.33583,-51.363,0.39244,18.894,-0.55656,-13.326
18.3,0.11871,0.0050785,-0.048235,-0.97826,-0.047774,0.083481,-0.030016,-0.42477,10.43,0.69905,-42.77,0.66555,17.706,-0.7873,-6.1836,0.13399,0.01519,-0.044872,-0.99114,-0.041061,0.084894,-0.012301,-0.26667,7.7507,0.78909,-52.993,0.67,19.639,0.84883,-15.193
18.4,0.11932,-0.010782,-0.04779,-1.0043,-0.038205,0.089706,-0.035032,-2.4168,11.484,0.15168,-43.461,-0.37642,18.008,0.46885,-8.5042,0.14362,0.035634,-0.042478,-0.98368,-0.043378,0.085441,-0.019384,-2.1584,6.7451,1.122,-51.117,0.88184,19.008,1.089,-14.37
18.5,0.12162,-0.018159,-0.021816,-0.9948,-0.042091,0.084161,-0.031368,-1.7572,11.892,-0.29331,-46.38,-0.11333,19.647,0.33467,-6.1636,0.15272,0.020495,-0.042805,-0.98511,-0.047172,0.088216,-0.023812,-1.3891,7.1927,0.069085,-51.494,0.46302,20.729,1.2309,-14.08
18.6,0.10035,-0.0026497,-0.03929,-0.99703,-0.044419,0.086575,-0.037013,-2.694,10.087,1.4518,-45.126,-0.41713,17.624,0.39346,-6.748,0.16052,0.032767,-0.044687,-0.97421,-0.045805,0.084769,-0.021204,-1.4516,6.8716,0.25367,-48.601,0.28978,19.882,2.5438,-13.103
18.7,0.11009,-0.016365,-0.042908,-0.99106,-0.038913,0.08193,-0.038745,-1.0553,8.6735,1.9211,-42.559,1.2454,16.63,1.1734,-4.775,0.15105,0.011413,-0.046446,-1.0008,-0.038538,0.087694,-0.025074,-1.4268,5.9196,1.4654,-50.967,1.3791,19.424,0.36273,-15.158
18.8,0.1289,-0.023553,-0.030985,-0.98228,-0.040771,0.081162,-0.038499,-0.43956,8.618,0.061034,-44.602,-1.2625,17.316,1.2026,-6.1758,0.12534,0.02474,-0.032963,-0.96882,-0.03745,0.088355,-0.027972,-0.44311,7.6255,1.6246,-49.817,0.098247,20.809,2.4325,-11.32
18.9,0.114,-0.036112,-0.03444,-0.97401,-0.035526,0.076527,-0.036666,-0.148,9.3483,1.9237,-43.723,-0.24354,19.015,-0.13551,-4.8752,0.16729,-0.00075081,-0.055915,-0.982,-0.033902,0.084894,-0.02255,-0.84175,5.1543,0.095894,-49.01,1.0312,20.153,0.026872,-13.333
19,0.11718,-0.016436,-0.019349,-1.0052,-0.028767,0.077965,-0.030501,-1.2598,7.6048,1.0667,-44.696,-1.651,17.973,1.1331,-5.0798,0.17522,-0.012404,-0.040812,-0.98575,-0.03764,0.086871,-0.023961,-1.2544,7.0686,2.8136,-48.613,0.85283,20.895,2.5507,-13.095
19.1,0.10939,-0.034452,-0.032291,-0.98931,-0.022193,0.083062,-0.03579,0.69339,8.1029,1.8672,-42.458,0.12432,19.078,-0.52841,-3.7516,0.165,0.0079532,-0.054122,-0.97312,-0.034023,0.08721,-0.02532,-0.78935,5.3778,1.4758,-47.422,1.6119,20.613,0.84296,-11.295
19.2,0.15765,-0.047401,-0.033059,-1.0002,-0.025685,0.074969,-0.024773,0.14848,4.7458,0.70229,-41.714,-0.92722,17.595,-0.2884,-4.5278,0.16089,-0.013261,-0.024039,-0.98314,-0.034316,0.087681,-0.025412,-1.3182,3.8591,1.1664,-48.491,-0.19813,19.913,1.9652,-13.584
19.3,0.11924,-0.038514,-0.022333,-0.97657,-0.026999,0.075483,-0.037568,-0.054407,4.6014,2.0187,-42.533,0.048212,18.402,0.5966,-5.6922,0.18473,0.00054637,-0.040617,-0.99711,-0.026055,0.081171,-0.028562,-0.72469,4.7327,1.9326,-49.604,0.63653,20.137,1.0035,-11.322
19.4,0.1308,-0.053611,-0.015716,-0.98967,-0.021067,0.070655,-0.035478,-0.67982,6.4158,1.2666,-42.665,-0.077442,19.034,0.31206,-3.1017,0.16671,-0.0092324,-0.03721,-0.98983,-0.03685,0.076518,-0.024725,-1.299,3.5092,2.2949,-48.343,-0.31435,21.011,0.60015,-12.631
19.5,0.1327,-0.038487,-0.019524,-0.98392,-0.021997,0.066167,-0.034857,-1.5994,4.8798,1.0072,-42.678,1.3892,17.295,0.91192,-5.0481,0.16364,-0.0018644,-0.053013,-1.0033,-0.025133,0.087306,-0.025039,-1.1484,3.0868,0.71661,-48.13,0.064986,20.484,-0.10893,-11.501
19.6,0.13627,-0.056286,-0.036166,-0.98963,-0.019903,0.084164,-0.031042,-0.23505,6.6767,1.1042,-40.688,-0.97289,16.986,0.87742,-4.5679,0.1706,-0.0092119,-0.026294,-0.98781,-0.027619,0.087699,-0.024916,1.659,2.6873,1.7668,-47.593,-0.64494,19.184,0.52828,-10.34
19.7,0.11895,-0.056065,-0.028266,-0.98057,-0.020595,0.07402,-0.034012,-2.199,6.3934,1.4849,-40.807,1.374,17.186,-0.026927,-3.4493,0.17708,-0.017106,-0.021836,-0.98716,-0.029286,0.080989,-0.0185,-1.5914,3.4986,1.4394,-47.608,0.60486,19.837,1.2916,-12.281
19.8,0.13854,-0.05218,-0.019492,-0.97308,-0.017184,0.082618,-0.02649,0.63904,1.9327,1.3465,-38.711,0.11922,17.477,-0.17946,-3.6818,0.17479,-0.026096,-0.047357,-0.98144,-0.024708,0.067674,-0.034483,-0.22363,2.3767,1.3844,-45.402,0.93088,20.161,2.3093,-11.075
19.9,0.12157,-0.072851,-0.0054039,-0.98945,-0.0063723,0.075454,-0.026341,0.93553,2.9667,-0.0073999,-39.574,-1.5394,16.906,-0.0615,-5.4774,0.15864,-0.024784,-0.033754,-0.97444,-0.022764,0.08459,-0.025259,1.0711,2.0734,-0.60173,-45.35,-0.61409,20.693,-1.2406,-11.173
20,0.12675,-0.060272,-0.024875,-0.96465,-0.013764,0.073322,-0.036287,-0.36982,4.2672,0.85158,-42.531,0.14099,16.491,-0.30464,-5.2941,0.16835,-0.026153,-0.032236,-0.99875,-0.015409,0.079506,-0.025189,-1.7933,0.94686,0.75328,-45.679,-1.0069,21.245,2.1813,-10.432
20.1,0.13696,-0.07567,-0.0094698,-0.98754,-0.006431,0.074462,-0.027307,0.547,3.8568,0.90373,-40.301,0.45724,15.659,-2.1282,-3.2192,0.17426,-0.025515,-0.010996,-1.002,-0.012407,0.081939,-0.029425,-2.221,-1.4609,0.84091,-47.709,-0.29312,18.836,-0.20923,-9.2929
20.2,0.15112,-0.061886,-0.0076821,-0.97287,-0.0022239,0.075022,-0.024145,-0.77376,2.9344,0.4719,-40.068,-1.6435,17.798,-1.5143,-3.5688,0.17725,-0.034452,-0.014137,-0.98006,-0.012646,0.081698,-0.025805,-0.75012,-0.43873,0.41623,-44.901,-0.36183,18.84,-0.24244,-8.5786
20.3,0.15668,-0.071918,-0.016414,-0.97631,-0.0055464,0.061093,-0.031015,-1.163,1.1251,0.23117,-41.148,0.3816,16.172,0.68663,-7.466,0.1641,-0.037117,-0.0030393,-0.99432,-0.011879,0.083489,-0.02799,-2.6424,-1.589,0.44282,-46.284,0.26389,20.227,-0.97421,-9.3822
20.4,0.13737,-0.082532,-0.019824,-0.99004,-0.013744,0.072903,-0.035343,-0.66871,2.9355,1.3281,-38.574,-1.7465,16.442,0.72483,-3.0497,0.1919,-0.043485,-0.019737,-0.99008,-0.01013,0.085262,-0.033495,-1.7088,-1.413,1.2199,-44.738,0.037736,18.304,0.6256,-9.8866
20.5,0.15107,-0.096254,-0.0040408,-1.0002,-0.010373,0.067731,-0.022318,-0.79576,1.068,1.1086,-37.138,0.9331,16.068,-0.40584,-3.504,0.17097,-0.05451,-0.0068768,-0.98438,-0.0073172,0.076881,-0.029752,-1.7701,-0.83367,0.54165,-44.399,-0.048359,19.495,0.050959,-10.757
20.6,0.13945,-0.08224,-0.0079201,-0.97426,-0.0020127,0.064296,-0.022276,1.7813,0.41114,1.2827,-40.159,0.65101,15.634,0.60238,-4.3292,0.16897,-0.039682,0.0012446,-0.98663,-0.0080554,0.078145,-0.014956,-0.50173,-1.5834,-0.062337,-44.013,-1.2456,18.822,-2.3313,-10.067
20.7,0.14558,-0.093845,-0.018656,-1.0004,-0.0087979,0.063158,-0.024529,-2.2376,-0.75599,1.0608,-37.385,0.13351,14.087,1.1117,-2.3326,0.16094,-0.065196,-0.012443,-0.979,-0.00049756,0.079962,-0.022129,-0.87341,-1.6028,0.91182,-45.368,0.65915,16.076,-1.0047,-9.9165
20.8,0.1119,-0.096354,0.0010662,-1.0122,-0.0082125,0.065159,-0.026154,-0.49154,0.26655,1.4031,-36.284,1.3301,16.415,-0.65635,-4.4926,0.15746,-0.056901,0.0028862,-0.99016,-0.0053421,0.07397,-0.020755,-0.3007,-2.6741,-0.36834,-42.611,-0.20888,15.54,-0.52117,-9.0001
20.9,0.11911,-0.076599,0.0018997,-1.0008,-0.0035643,0.064307,-0.018152,0.75516,-2.1554,0.83144,-37.525,-2.1107,13.629,0.01025,-6.9158,0.1657,-0.08487,0.0050421,-0.9899,0.0003628,0.066895,-0.021331,-0.17034,-2.6084,1.3331,-43.512,-1.4671,17.109,-1.6289,-8.6465
21,0.15477,-0.079408,-0.0070438,-0.96433,-0.00096501,0.05436,-0.012583,-1.3773,-0.93509,1.7394,-39.308,-0.51211,12.742,-0.21875,-4.6511,0.17588,-0.049683,0.010906,-0.99867,-0.003539,0.069724,-0.013758,-0.61314,-3.2103,0.69389,-42.164,-1.043,18.403,1.1891,-9.7125
21.1,0.14147,-0.096528,-0.0067503,-0.98332,0.0033951,0.051224,-0.015498,-1.674,-4.1966,0.17509,-35.092,0.17637,12.47,1.698,-5.3341,0.17779,-0.074759,-0.0090757,-0.98268,0.00084976,0.074167,-0.014244,-2.0248,-3.9328,0.9311,-43.854,-0.84772,16.46,-0.036187,-8.8425
21.2,0.13733,-0.096,0.009645,-0.97926,0.0099403,0.057261,-0.024984,0.3825,-1.7971,2.0219,-35.859,-1.1547,13.744,-0.14285,-7.0809,0.16993,-0.060294,0.008622,-0.98756,-0.011229,0.057765,-0.025419,-0.63542,-3.1324,-0.035273,-43.203,1.1949,17.739,1.5799,-9.7109
21.3,0.13103,-0.1057,0.02012,-0.97892,0.008002,0.058264,-0.020081,-2.3907,-0.6769,3.0941,-34.984,-1.2088,13.403,0.44951,-6.3478,0.18972,-0.081151,0.010374,-0.98004,-0.0031219,0.061532,-0.021526,0.46626,-5.4795,-0.82901,-42.551,0.50302,17.418,-0.69419,-9.101
21.4,0.15554,-0.12177,0.016833,-0.9835,-0.0097545,0.0481,-0.017786,0.36809,-2.9357,2.9265,-37.351,-0.65831,12.938,-0.41718,-5.2048,0.18012,-0.075267,0.014843,-0.9794,0.00030491,0.063266,-0.021115,-2.6821,-4.6878,1.3845,-40.915,-1.6245,16.535,-1.1641,-9.427
21.5,0.14847,-0.12062,0.010302,-0.9908,0.0057639,0.058971,-0.016222,-1.9646,-0.37168,1.2669,-34.832,-1.3369,12.216,-2.2616,-5.0124,0.17617,-0.080158,0.015932,-0.96913,-0.0042148,0.052128,-0.018106,0.65178,-4.485,1.0488,-41.157,1.6752,14.94,2.0337,-7.2185
21.6,0.13765,-0.10924,0.016317,-0.9652,0.0040941,0.059602,-0.013372,-0.55492,-1.1602,0.78818,-36.509,0.12042,10.554,-1.7755,-6.9991,0.17644,-0.087718,0.0073733,-0.98203,0.0053262,0.048934,-0.024517,-0.86943,-4.7681,0.17813,-41.172,-1.6489,15.415,0.069587,-10.075
21.7,0.15343,-0.087092,0.0060446,-0.99265,-0.00037265,0.048583,-0.014111,-2.8187,-4.6545,1.8461,-34.028,-0.30126,13.168,-1.0274,-6.0945,0.15587,-0.092919,-0.00079765,-0.97115,0.0035582,0.063819,-0.015231,-0.55182,-5.6774,-0.21499,-41.275,-0.12887,15.898,-0.84567,-9.6476
21.8,0.11987,-0.10992,0.011278,-0.97599,0.014718,0.04935,-0.017556,-1.0034,-3.3523,1.8384,-33.431,-3.0181,10.065,-1.8567,-7.2481,0.18014,-0.091092,0.0073379,-0.95768,0.014216,0.063505,-0.013646,-0.87104,-5.6316,-0.73482,-41.778,-2.461,15.119,-0.77847,-10.32
21.9,0.15373,-0.10975,-0.0039517,-0.97967,0.016096,0.054383,-0.013831,-0.46265,-3.3984,0.79102,-35.386,-0.83006,9.6643,-1.2084,-7.6724,0.17373,-0.077869,0.0089727,-0.98694,0.011363,0.061419,-0.011475,-2.6466,-6.9671,-0.11559,-38.456,-0.027208,15.453,-1.1631,-10.683
22,0.14098,-0.1212,0.0058468,-0.98475,0.007985,0.047077,-0.01402,-2.3591,-3.6239,1.6007,-34.191,-0.39946,9.4757,0.57606,-6.4213,0.18071,-0.097531,0.019099,-0.98438,0.012549,0.070609,-0.021521,-2.1417,-6.1546,1.626,-38.849,-0.38307,14.64,-0.50705,-10.455
22.1,0.12352,-0.11188,0.022225,-0.97818,0.0076769,0.043254,-0.00568,-2.5864,-4.9058,2.0685,-32.939,-1.2354,9.4096,-0.0094415,-8.7169,0.19194,-0.10075,0.020701,-0.96797,0.0092389,0.057726,-0.014734,-2.5475,-7.7289,1.7733,-39.986,-0.52899,14.889,-0.66792,-9.4832
22.2,0.14766,-0.1275,0.03444,-0.96257,0.016472,0.039788,-0.0053276,-1.4309,-5.5309,2.1554,-33.372,-1.1931,10.635,-2.58,-8.3155,0.17984,-0.087474,0.0083341,-0.97384,0.019285,0.058237,-0.010157,0.73267,-5.8832,-0.4267,-39.672,-1.4431,14.162,-0.34197,-10.872
22.3,0.13099,-0.13161,0.029887,-0.98423,0.0086889,0.044427,-0.0054995,-0.43273,-5.9559,2.0722,-33.226,-0.27631,8.5783,-0.42405,-8.9539,0.18385,-0.11247,0.017727,-0.97444,0.017649,0.05803,-0.01089,-0.45119,-5.9937,0.94562,-38.11,-1.4394,13.358,0.54305,-9.1389
22.4,0.13461,-0.1357,0.024108,-0.97946,0.017826,0.030702,-0.014709,-0.72215,-5.6208,0.35936,-31.954,-0.86024,9.4942,-2.1686,-9.3695,0.19978,-0.12077,0.027833,-0.97873,0.0080165,0.061399,-0.011367,0.27939,-6.5081,1.2394,-40.152,-4.1559,12.542,-0.35392,-10.249
22.5,0.13289,-0.13872,0.00638,-0.97074,0.013613,0.032206,0.007793,0.2213,-5.553,-0.7933,-33.31,-0.012856,10.383,-0.50139,-10.072,0.16832,-0.090022,0.030601,-0.96812,0.012171,0.049052,-0.0080078,-0.68547,-7.8539,-0.1515,-38.753,-0.050523,11.284,-0.27422,-11.747
22.6,0.14905,-0.13435,0.012971,-0.98247,0.0086054,0.033089,0.00039646,-0.60914,-7.5926,1.4777,-32.645,-0.7208,8.7082,-1.5469,-9.378,0.17045,-0.10784,0.024281,-0.98605,0.019664,0.044825,-0.0040407,-1.772,-6.9601,0.51386,-37.239,-0.54632,9.7739,-1.2218,-12.857
22.7,0.15716,-0.15135,0.018959,-0.97719,0.0042937,0.037457,-0.0054758,0.36659,-5.1533,1.8892,-30.592,-1.8272,10.09,-0.99752,-8.4989,0.17262,-0.10708,0.032307,-0.97347,0.015078,0.054126,-0.0018332,-1.4713,-8.4278,0.57883,-38.182,-0.81737,10.896,-2.3045,-13.72
22.8,0.14554,-0.11853,0.02022,-0.99227,0.016354,0.027474,-0.0016974,-0.9718,-7.6978,0.54795,-30.233,-2.2765,9.3837,-0.1622,-12.53,0.18098,-0.10609,0.019657,-0.98561,0.0052052,0.045816,-0.010696,-1.2833,-9.6902,1.9997,-37.555,-0.77227,12.227,-1.92,-11.694
22.9,0.14216,-0.14029,0.011098,-0.99352,0.016777,0.030067,-0.0096409,-2.1608,-5.3632,-0.44735,-31.204,-2.161,9.3632,-1.6497,-11.542,0.16216,-0.13621,0.024073,-0.97891,0.017738,0.042924,0.0059363,-1.1249,-9.5361,1.9079,-38.022,-2.3982,9.9179,0.23179,-11.737
23,0.12069,-0.12587,0.03103,-0.98368,0.018106,0.031196,0.0060417,0.80202,-8.4493,1.8043,-28.996,-0.23949,7.238,-1.6498,-10.484,0.16367,-0.12388,0.026875,-0.97526,0.011433,0.046971,0.0033219,-0.74317,-11.07,0.50195,-36.719,0.21746,9.137,-0.32983,-13.28
23.1,0.13385,-0.12627,0.023109,-0.99513,0.018039,0.034686,0.0043183,-2.3627,-7.1464,1.0702,-30.992,-0.14769,7.7743,-0.34908,-12.113,0.17667,-0.09881,0.021063,-0.96663,0.012628,0.042523,0.002094,-1.5883,-11.301,2.1325,-36.113,-1.8939,9.792,-1.9667,-12.834
23.2,0.12872,-0.12005,0.022631,-0.99196,0.013976,0.022836,0.0094957,-2.1536,-9.3237,-1.6378,-31.049,0.51715,7.3389,-2.6749,-12.464,0.15809,-0.12966,0.021558,-0.98407,0.023266,0.03506,0.0069015,-0.96804,-8.9843,1.1545,-37.5,-0.95733,8.9,-1.4051,-13.859
23.3,0.11808,-0.13962,0.016326,-0.95819,0.011602,0.037366,0.0079033,-0.69901,-9.1875,-0.78236,-29.14,1.4241,8.6793,-2.0926,-12.715,0.16119,-0.14208,0.031239,-0.98323,0.023337,0.041328,0.00034234,-0.85902,-11.75,0.63475,-35.312,-1.9175,11.184,-1.3597,-14.938
23.4,0.13329,-0.17185,-0.0053911,-0.98285,0.020862,0.020419,0.0057567,-1.3903,-9.5267,1.4947,-27.902,-0.9252,7.6533,0.38456,-13.838,0.15522,-0.1373,0.016469,-0.97823,0.028279,0.037901,0.00098115,-0.34798,-11.509,1.4003,-36.138,0.37771,11.284,0.099962,-13.61
23.5,0.12849,-0.13811,0.018858,-0.96411,0.020855,0.015889,0.01317,-0.6739,-10.032,1.0899,-28.542,0.30081,7.1778,-1.7973,-13.82,0.15925,-0.11727,0.019967,-0.96414,0.026898,0.031058,-0.0022867,0.94725,-12.472,1.0837,-36.096,-0.21903,9.5284,-1.424,-14.57
23.6,0.13125,-0.16076,0.039164,-0.97663,0.016798,0.021232,0.011743,-1.3029,-9.7664,1.7157,-29.167,1.2643,6.7076,-1.1397,-12.48,0.15568,-0.1258,0.035676,-0.98346,0.031963,0.038081,0.0035191,-1.6249,-12.988,-0.59069,-36.498,-2.1907,10.787,0.086734,-15.761
23.7,0.14732,-0.15589,0.030544,-0.99348,0.021161,0.021201,0.012208,-0.049565,-10.59,0.86643,-27.752,-1.7076,5.3503,0.063122,-14.085,0.16092,-0.14869,0.028186,-0.98362,0.033351,0.035186,0.011801,-1.7272,-14.234,-0.23033,-35.197,-1.6849,9.5217,-2.2712,-15.427
23.8,0.1311,-0.15653,0.01927,-0.97949,0.025839,0.022376,0.010319,-1.7532,-9.7712,0.62623,-27.464,-0.91097,5.089,0.52076,-12.622,0.16394,-0.14176,0.025195,-0.97218,0.020491,0.038165,0.0063928,0.38702,-12.878,-0.22736,-36.254,-0.54564,8.9161,-1.0353,-15.482
23.9,0.12843,-0.16037,0.010829,-0.99147,0.022287,0.019649,0.011372,-0.86455,-12.312,2.1635,-27.891,-0.85616,8.1567,-1.3271,-14.892,0.15794,-0.14675,0.025316,-0.97737,0.025379,0.029103,0.011999,-1.2624,-14.269,2.6821,-34.487,0.18349,10.381,-3.0419,-16.045
24,0.131,-0.14185,0.013695,-0.97822,0.029011,0.013329,0.019551,-0.5088,-12.95,0.34089,-26.964,-0.3444,5.7646,-2.0486,-14.858,0.16164,-0.13706,0.024588,-0.98433,0.022209,0.030192,0.014428,-0.80159,-13.11,0.8341,-32.523,-2.1502,7.9927,-1.9167,-15.997
24.1,0.11625,-0.15347,0.0060124,-0.98153,0.028156,0.014369,0.022127,-0.14206,-10.763,1.2092,-26.252,1.1595,5.2738,-1.6368,-14.385,0.17227,-0.13514,0.021794,-0.96904,0.019095,0.021886,0.015026,-1.3454,-13.754,1.9662,-30.722,0.30993,8.8212,-1.0502,-16.322
24.2,0.11704,-0.15801,0.037936,-0.99371,0.026769,0.011521,0.019627,-1.7299,-11.917,-0.11773,-26.837,0.0073059,6.8197,-1.4176,-15.501,0.15555,-0.13477,0.023635,-0.99404,0.021467,0.013757,0.0078799,-0.83973,-14.17,2.0596,-32.251,-0.28894,9.5533,-0.4764,-16.38
24.3,0.11555,-0.16158,0.0092537,-0.9798,0.024168,0.011629,0.014689,-1.4408,-13.325,-1.0787,-25.64,0.95563,6.2077,-0.04076,-15.219,0.15091,-0.13863,0.026387,-0.98159,0.02109,0.0249,0.013219,-0.75748,-14.233,-1.0238,-30.983,0.15009,8.1072,-0.9922,-17.274
24.4,0.11451,-0.16962,0.033713,-0.97992,0.027104,0.006117,0.023803,-1.352,-14.158,1.7365,-26.301,-1.5552,7.005,-2.2205,-15.4,0.13654,-0.14862,0.011527,-0.9845,0.031578,0.026871,0.016844,-3.6897,-15.696,2.0891,-34.127,-1.4388,10.085,-0.94532,-16.691
24.5,0.11414,-0.14579,0.0041941,-0.96517,0.033487,0.0060858,0.018695,-2.6719,-11.267,0.59967,-24.629,0.97595,5.6391,0.61131,-15.287,0.14602,-0.14905,0.034066,-1.0023,0.03195,0.016924,0.012435,-1.1207,-16.826,-0.8639,-33.122,-1.7615,8.8825,-2.3213,-16.068
24.6,0.13275,-0.14288,0.017106,-0.98688,0.025904,0.0096999,0.026343,-3.4857,-13.454,2.281,-22.168,1.297,5.6262,-0.13757,-18.096,0.15946,-0.1573,0.018658,-0.97342,0.028781,0.011072,0.017768,-2.5143,-15.758,-0.53859,-31.342,-1.5592,7.363,-1.8714,-18.094
24.7,0.12477,-0.16078,0.012212,-0.99312,0.025643,0.0044664,0.022475,-1.9406,-15.688,0.12771,-25.74,0.27408,4.4924,-0.84748,-15.578,0.13429,-0.14574,0.0072247,-0.99263,0.04638,0.007277,0.023201,-1.8383,-17.023,-0.42454,-30.642,-0.53688,8.9826,-0.94719,-16.037
24.8,0.12788,-0.15232,0.014602,-0.98253,0.032786,0.0010171,0.035202,-0.63211,-14.636,0.80052,-26.104,0.36579,8.0778,-0.010362,-17.667,0.14993,-0.1606,0.025727,-0.98567,0.034258,0.018335,0.016127,1.1641,-17.071,0.16252,-31.357,-0.035548,8.0219,-2.3948,-18.773
24.9,0.13099,-0.15474,0.015373,-0.99348,0.025436,-0.0038477,0.019928,-2.9536,-14.856,1.0917,-23.785,0.3636,4.4524,-1.4457,-16.005,0.15176,-0.14073,0.027537,-0.97614,0.018379,0.014724,0.023412,-0.66864,-16.657,1.0631,-30.999,-0.26781,6.576,-1.1834,-17.347
25,0.1205,-0.15056,0.019578,-0.96891,0.018395,0.0016281,0.022237,-1.2749,-16.969,0.7748,-24.935,-0.45776,4.4144,-0.26808,-17.833,0.12261,-0.12927,0.032726,-0.99073,0.038991,0.018757,0.022341,-0.70439,-18.456,-0.71613,-31.786,-0.95427,6.2866,-1.4176,-18.688
25.1,0.11212,-0.15549,0.0016596,-0.97948,0.029774,0.0014263,0.030355,-1.1591,-14.997,-0.32589,-24.965,-0.22877,6.7018,-0.21771,-19.503,0.14827,-0.14693,0.02857,-0.97221,0.038247,0.015811,0.01912,-1.2277,-16.577,0.12819,-30.631,-0.69919,4.9519,-1.2789,-18.716
25.2,0.10497,-0.17728,0.00020056,-0.99942,0.023554,0.00097924,0.026635,-1.1416,-16.02,-0.053028,-23.403,1.718,5.2447,0.19874,-18.668,0.12348,-0.16104,0.023176,-0.98302,0.046414,0.01103,0.02236,0.85647,-18.767,1.2775,-30.096,-0.12219,4.4477,-0.009271,-20.126
25.3,0.10628,-0.1742,0.0034205,-0.99456,0.032467,-0.0073919,0.024595,-0.91055,-16.413,1.0142,-23.756,1.2585,6.1302,-1.1732,-17.711,0.13485,-0.16898,0.029177,-0.97563,0.042793,0.010668,0.022808,0.68276,-17.142,-0.32542,-29.736,-0.89336,5.9876,-1.1633,-19.474
25.4,0.13103,-0.16336,0.0035347,-0.98133,0.026799,-0.0084221,0.026791,-1.7448,-17.738,-0.19923,-23.931,-0.4601,4.2646,-2.5662,-17.444,0.13971,-0.15162,0.023998,-0.97434,0.042429,0.020382,0.021566,-1.7381,-17.598,1.1718,-28.955,-0.19706,6.0684,0.89493,-19.576
25.5,0.088809,-0.14546,0.0046352,-0.97292,0.032707,-0.011144,0.027265,-0.19273,-18.38,0.32346,-22.407,0.24558,4.6284,-0.64822,-18.393,0.14193,-0.15039,0.016328,-0.99068,0.047609,-0.0030066,0.027842,0.11406,-18.745,3.4317,-28.195,0.4525,5.8332,-1.4157,-21.132
25.6,0.099441,-0.15572,-0.010873,-0.97757,0.028562,-0.011457,0.031029,-2.3038,-16.776,2.1126,-23.31,0.94634,5.5637,-0.9207,-20.296,0.12086,-0.16964,0.019912,-0.98039,0.031951,0.005346,0.025024,-2.6341,-19.47,1.5301,-27.817,-0.99526,6.1881,0.54096,-20.605
25.7,0.09667,-0.16861,-0.0048349,-0.97029,0.04216,-0.00017867,0.034797,-0.83992,-19.222,1.6526,-23.348,1.1149,5.0022,-1.1238,-18.994,0.1199,-0.15466,0.015739,-0.99296,0.041892,0.01305,0.025438,-2.9918,-19.77,0.78012,-27.402,0.013906,6.4054,0.043363,-20.609
25.8,0.10017,-0.14734,0.0040035,-0.97018,0.035499,-0.0099248,0.027854,-1.3269,-18.945,2.6347,-20.852,1.3106,5.9728,-1.9804,-19.246,0.11731,-0.14156,0.020099,-0.9769,0.038269,0.008465,0.029399,-1.8279,-20.555,0.037692,-29.044,-2.0433,5.8051,-0.93547,-20.183
25.9,0.11066,-0.15024,0.0027786,-0.97892,0.036244,-0.016474,0.026952,-1.8799,-19.337,-0.8603,-20.283,-0.95253,7.8019,-1.9148,-19.059,0.11165,-0.16926,0.024102,-0.98869,0.041079,0.0079427,0.025515,-2.321,-19.255,2.6233,-27.362,0.24472,7.5892,0.53798,-21.282
26,0.10682,-0.16382,0.00044311,-0.97143,0.035803,-0.010122,0.031881,-2.4852,-18.616,0.62228,-20.437,0.35089,5.5784,-0.60598,-19.688,0.11662,-0.15692,0.0012026,-0.98126,0.048257,0.0039884,0.034119,-1.9653,-21.284,0.055271,-28.7,1.0128,6.76,-1.1918,-20.098
26.1,0.09859,-0.14676,0.0026176,-0.97368,0.035927,-0.012488,0.026922,-0.3249,-18.542,3.3321,-22.285,2.7065,8.6271,0.99037,-21.666,0.15172,-0.17427,0.0025179,-0.98004,0.041422,-0.0042797,0.025574,-1.705,-22.692,3.0803,-28.503,-0.38932,8.1748,-2.5539,-23.007
26.2,0.10144,-0.16592,0.0036018,-0.99144,0.034183,-0.026528,0.026859,-2.93,-21.964,0.69257,-19.195,1.3985,8.1598,-3.5569,-21.654,0.11245,-0.15525,0.01713,-0.94856,0.043014,-0.0047116,0.029538,-0.9666,-22.339,0.88068,-26.463,0.17468,5.0408,-1.0571,-21.369
26.3,0.072909,-0.15171,-0.010065,-0.98258,0.036724,-0.022992,0.029768,0.031786,-19.874,-0.63233,-20.727,0.6598,6.8743,-0.49993,-22.45,0.10756,-0.1623,0.0072564,-0.97029,0.041459,-0.0088607,0.022031,-0.97263,-23.274,0.75693,-25.901,0.80905,6.6533,0.002111,-23.607
26.4,0.084619,-0.12741,0.0072098,-0.97907,0.039676,-0.018674,0.014817,1.1043,-21.818,-0.016809,-19.395,0.24853,7.6507,-2.6642,-20.697,0.13257,-0.15976,-0.001489,-0.97062,0.046333,-0.010331,0.036626,-0.01542,-23.506,2.0941,-26.849,0.78959,7.2037,-0.71685,-23.682
26.5,0.07443,-0.16554,0.0043916,-0.98403,0.041645,-0.027476,0.026656,-1.4138,-21.703,1.2415,-20.554,0.93518,8.9394,-1.2996,-22.828,0.078843,-0.15949,-0.0021668,-0.98118,0.041931,-0.0060161,0.02921,-0.91403,-22.573,-0.32756,-26.161,1.3504,5.5481,-0.90147,-22.474
26.6,0.091103,-0.15806,-0.011763,-0.99584,0.038111,-0.023313,0.023514,-0.71041,-19.797,1.634,-17.989,0.92412,8.6856,-1.1763,-22.187,0.10819,-0.16314,-0.0058925,-0.99341,0.03862,-0.007129,0.03662,0.046453,-23.993,0.68169,-26.069,1.1586,7.3462,-0.55094,-24.062
26.7,0.068524,-0.14596,-0.010828,-0.98921,0.037544,-0.02663,0.026299,0.24995,-24.194,0.041217,-17.467,-0.97831,7.9841,-1.2298,-23.482,0.095025,-0.14697,0.0037354,-0.9869,0.044045,-0.017441,0.043698,-1.6825,-25.278,2.4709,-25.289,1.2687,6.6751,-1.2443,-25.411
26.8,0.064402,-0.14492,-0.0086766,-0.97998,0.034431,-0.024335,0.032661,-2.6297,-22.767,-0.014145,-19.322,0.76475,10.447,-1.0846,-23.133,0.1194,-0.16022,-0.00047979,-0.97525,0.050496,-0.0047915,0.029418,0.19414,-24.309,-0.25513,-25.107,0.20328,7.5198,-0.64115,-25.617
26.9,0.062394,-0.14172,-0.0053631,-0.97843,0.041777,-0.0297,0.021634,-1.8662,-24.095,0.59538,-18.94,2.1206,10.211,-0.10524,-22.668,0.10068,-0.1684,-0.003428,-0.97398,0.050942,-0.02121,0.029637,-1.2531,-25.755,0.52124,-23.611,0.61759,8.7879,-0.73628,-26.499
27,0.089895,-0.16899,-0.00080738,-0.96729,0.040323,-0.034683,0.030213,0.18643,-22.831,2.0199,-20.043,1.2929,9.1994,-1.8587,-23.463,0.087602,-0.14461,0.0057144,-0.97315,0.05394,-0.0086559,0.033752,-1.7352,-25.414,0.13069,-25.475,-0.19062,8.0163,-0.45872,-24.689
27.1,0.069184,-0.15596,-0.012536,-0.9797,0.045214,-0.018022,0.020051,-2.0334,-25.124,2.2587,-17.386,1.2949,7.5589,-0.22858,-24.08,0.089806,-0.18152,0.0015511,-0.97442,0.055313,-0.019183,0.02428,0.10219,-26.015,2.3444,-26.423,0.89676,7.2403,-0.14733,-24.727
27.2,0.067881,-0.14392,-0.0131,-1.0079,0.043551,-0.033405,0.026818,-3.0611,-24.99,0.65337,-18.543,0.58728,9.0865,-1.5179,-25.336,0.088412,-0.14965,-0.00038323,-0.98821,0.052843,-0.018991,0.027894,-2.1837,-27.292,-0.16032,-23.879,-0.069119,9.0286,-1.4535,-26.218
27.3,0.055768,-0.13257,-0.023113,-0.99907,0.040883,-0.030575,0.016632,-1.8825,-24.201,1.6179,-18.633,-0.65613,12.345,-0.19378,-25.198,0.09999,-0.16343,-0.0076346,-0.96997,0.047362,-0.015282,0.032278,-2.8873,-26.742,0.90622,-24.091,-0.29667,10.102,0.14606,-27.181
27.4,0.060605,-0.13784,-0.023283,-0.97146,0.048737,-0.032324,0.018238,-1.9628,-23.98,1.9165,-16.802,2.0609,7.8569,-0.33609,-24.979,0.099424,-0.16533,-0.0031256,-0.989,0.048324,-0.013822,0.036345,-2.3479,-29.105,1.7349,-22.818,1.4282,9.0732,-0.17135,-25.718
27.5,0.059215,-0.1244,-0.011851,-1.0116,0.051754,-0.03778,0.019709,0.23275,-25.567,0.33565,-15.156,1.3629,11.166,-1.0595,-25.038,0.10006,-0.14555,-0.0078648,-0.9832,0.053199,-0.020192,0.042227,-0.62006,-25.461,1.2704,-21.814,-0.53607,9.382,-1.5551,-26.131
27.6,0.048823,-0.14125,-0.033313,-0.97918,0.050813,-0.045326,0.029874,-1.3114,-25.949,1.3153,-14.878,1.6441,11.71,-0.92103,-27.024,0.083853,-0.14579,-0.010471,-0.9797,0.056309,-0.029531,0.041391,-0.38789,-27.083,-0.27851,-23.317,-0.098831,9.87,-1.557,-28.504
27.7,0.055789,-0.1246,-0.0088975,-0.99394,0.050059,-0.043869,0.022065,-0.58066,-25.55,0.59818,-15.997,0.67027,10.457,-1.6241,-26.057,0.08454,-0.17027,0.0067881,-0.97865,0.055445,-0.030915,0.040673,1.352,-29.484,1.7172,-20.924,1.1024,9.8154,-0.57737,-28.292
27.8,0.05983,-0.13898,-0.015742,-0.99223,0.05533,-0.046285,0.023888,-0.91549,-26.356,1.0881,-15.652,0.87431,12.134,-1.2181,-26.307,0.07726,-0.1466,-0.0018036,-0.9751,0.053837,-0.029894,0.026725,0.29083,-28.189,0.023615,-21.477,2.4462,10.206,-2.2815,-27.732
27.9,0.043772,-0.13465,-0.013609,-1.0029,0.044178,-0.033991,0.020349,0.29487,-25.862,-0.33785,-13.903,-0.72159,9.8726,-1.0959,-27.952,0.077137,-0.13036,-0.010981,-0.99502,0.051284,-0.027934,0.032443,-0.93685,-30.05,3.1838,-21.025,1.7652,10.62,-1.5953,-28.666
28,0.051762,-0.12251,-0.029019,-0.99816,0.051832,-0.044495,0.028415,0.48528,-25.569,-0.60887,-12.832,1.1192,11.534,-1.4539,-26.034,0.05801,-0.15046,-0.014257,-1.0011,0.050667,-0.032279,0.038423,0.35022,-30.785,-0.20885,-21.085,0.93142,10.388,-0.38683,-28.696
28.1,0.057638,-0.12971,-0.021497,-1.0056,0.052929,-0.042944,0.028511,0.9326,-25.737,-0.70595,-12.844,-0.45589,11.525,-1.2184,-26.874,0.056058,-0.1324,-0.015302,-0.97701,0.058496,-0.032841,0.031526,-1.2788,-29.309,1.2079,-20.142,0.5655,11.031,-1.7283,-30.207
28.2,0.06598,-0.13256,-0.016959,-0.97003,0.048218,-0.052743,0.030914,-0.82564,-25.897,0.12555,-15.189,-1.3312,14.23,-1.8966,-27.761,0.064562,-0.15154,-0.00046237,-0.98543,0.054373,-0.031001,0.035724,-0.38317,-30.667,1.3801,-19.936,-0.088895,9.7842,-1.3424,-30.8
28.3,0.035668,-0.13211,-0.026241,-1.002,0.048461,-0.04345,0.032235,1.4098,-26.272,0.91454,-12.061,0.25455,13.845,-0.55496,-29.134,0.0499,-0.14061,-0.012247,-0.98392,0.054138,-0.040516,0.041756,0.31644,-30.481,-0.68801,-20.635,1.6216,12.88,-2.4239,-31.591
28.4,0.024722,-0.1171,-0.0017563,-0.99073,0.039755,-0.046852,0.027206,0.306,-26.102,-1.6705,-14.472,2.0383,12.564,-1.2708,-28.147,0.054042,-0.14855,-0.011701,-1.007,0.04487,-0.03871,0.035029,-0.56394,-30.541,0.80043,-21.496,0.092513,11.749,-0.40725,-29.781
28.5,0.030951,-0.11673,-0.014532,-1.0242,0.044641,-0.046311,0.022449,-0.044387,-26.595,-1.0557,-11.572,-0.44828,14.409,0.56741,-27.706,0.038689,-0.13498,-0.014827,-0.99256,0.04657,-0.045338,0.034912,0.33291,-28.982,0.89679,-20.268,-1.0944,12.447,-2.5397,-30.294
28.6,0.031982,-0.11945,-0.034091,-0.99263,0.035155,-0.054339,0.022134,0.73246,-26.616,-0.16713,-13.652,0.93856,13.693,-0.055511,-27.619,0.049805,-0.12296,-0.0085672,-0.97262,0.051057,-0.032096,0.039297,-0.48122,-29.512,1.5506,-18.672,-0.67799,12.71,-1.9993,-31.479
28.7,0.016058,-0.12027,-0.029778,-1.0165,0.033508,-0.051068,0.031193,-1.4484,-26.19,-0.72807,-14.429,0.43938,13.765,1.6804,-27.338,0.048257,-0.14777,0.0013556,-0.96772,0.054448,-0.040597,0.024385,-0.35501,-29.467,0.80049,-16.659,-0.30492,13.789,-2.3949,-29.924
28.8,0.014207,-0.098069,-0.019464,-0.99513,0.047208,-0.051558,0.023925,0.82042,-24.841,0.95734,-12.23,1.8211,13.428,0.97605,-28.949,0.047351,-0.12809,-0.013645,-0.99921,0.047647,-0.040708,0.036558,-0.77969,-32.143,1.9653,-20.172,0.2037,13.213,-2.2346,-32.714
28.9,0.012049,-0.082585,-0.030293,-1.0151,0.038055,-0.040348,0.018783,2.6602,-25.495,1.402,-12.496,0.46743,14.572,-1.1499,-28.018,0.052939,-0.13959,-0.01315,-0.99476,0.050979,-0.042821,0.027123,-0.15322,-30.021,1.3656,-17.988,1.4952,11.909,-0.23543,-31.099
29,0.024078,-0.12189,-0.04793,-1.0005,0.043858,-0.051313,0.023676,0.011232,-25.821,0.41568,-11.04,0.92875,15.374,-1.4891,-29.64,0.026781,-0.14455,-0.0056996,-0.98355,0.061794,-0.043066,0.036237,1.6448,-30.019,-0.37339,-19.4,0.69883,11.273,-0.073985,-31.71
29.1,0.01058,-0.11032,-0.0328,-0.99482,0.043796,-0.057118,0.024559,-0.12649,-23.628,2.1075,-9.8709,1.2808,14.205,1.0425,-29.075,0.043997,-0.13402,-0.017686,-0.99227,0.048353,-0.053153,0.033118,0.63947,-31.236,1.0603,-17.074,0.84653,13.554,-3.0319,-31.088
29.2,0.019506,-0.11109,-0.034532,-0.99941,0.04407,-0.050615,0.018733,0.3217,-23.773,1.2221,-10.805,-0.13915,14.732,0.06566,-29.762,0.029897,-0.1384,-0.037041,-0.98689,0.053824,-0.050539,0.028849,0.54431,-29.692,0.21883,-17.455,-0.13887,11.276,-0.87224,-31.717
29.3,0.0032367,-0.095441,-0.03611,-1.0024,0.034227,-0.059315,0.02776,-0.75267,-24.603,0.99969,-9.1584,0.33898,15.924,-0.14856,-28.809,0.045564,-0.12572,-0.03381,-0.98581,0.047225,-0.047405,0.03355,0.66789,-28.631,0.98576,-16.789,1.6593,15.9,1.1345,-33.187
29.4,0.01531,-0.106,-0.03572,-1.0112,0.03633,-0.043268,0.021155,0.14528,-22.703,2.308,-8.6357,2.4273,15.525,0.68432,-26.468,0.015332,-0.12242,-0.022852,-0.9927,0.052047,-0.038322,0.03306,0.3741,-30.505,2.6639,-17.15,-0.25095,14.687,-0.70275,-31.716
29.5,0.0095036,-0.093712,-0.042278,-0.99142,0.041831,-0.055867,0.029771,2.2597,-22.37,1.4394,-7.9159,0.46434,15.846,-0.10255,-27.283,0.034012,-0.11854,-0.026332,-0.99465,0.050046,-0.053797,0.026141,1.6907,-29.613,0.25401,-16.563,0.31946,14.26,-1.372,-34.044
29.6,0.012342,-0.087523,-0.027375,-1.0052,0.031545,-0.059039,0.02129,-1.7052,-22.19,0.38365,-8.4859,0.98193,17.314,0.045953,-29.367,0.016309,-0.10599,-0.039625,-1.001,0.049066,-0.04493,0.028504,1.0745,-28.692,0.57544,-15.652,0.56828,14.861,0.54629,-34.059
29.7,0.011578,-0.082924,-0.048013,-0.99302,0.034354,-0.060598,0.011667,3.4741,-21.473,1.0804,-8.9052,0.75397,15.041,-0.80717,-27.289,0.019814,-0.1365,-0.038156,-1.008,0.044363,-0.05274,0.029967,0.52092,-29.421,1.2006,-16.593,0.00016617,14.877,0.079101,-33.224
29.8,0.022779,-0.091496,-0.029067,-1.0053,0.031125,-0.059684,0.013623,0.99888,-21.036,1.0179,-7.9116,1.5104,18.075,1.155,-27.644,0.0041035,-0.12847,-0.040291,-0.99486,0.040098,-0.051352,0.037274,0.72633,-28.748,1.1398,-15.43,0.33422,15.388,-2.033,-33.345
29.9,-0.016249,-0.078209,-0.051657,-0.99604,0.039103,-0.057683,0.01727,1.0654,-21.561,-0.039809,-7.6656,0.88832,17.769,1.887,-27.43,0.017001,-0.11438,-0.033241,-0.98039,0.040757,-0.05369,0.024894,-0.3186,-27.843,1.5147,-16.257,1.037,14.897,0.15257,-34.322
30,0.021483,-0.068916,-0.035385,-0.99018,0.033774,-0.061817,0.015138,1.2043,-21.735,-0.25695,-8.0732,1.4963,15.416,1.459,-28.274,0.0088058,-0.10971,-0.059329,-1.016,0.05047,-0.064461,0.029749,1.1003,-27.659,-0.25472,-13.524,0.058244,14.539,1.8521,-35.246
30.1,0.00015497,-0.063443,-0.036265,-0.98607,0.02565,-0.064182,0.012559,0.65173,-21.587,0.14179,-8.3991,0.26482,18.59,1.372,-26.993,0.0018852,-0.1142,-0.048196,-0.99307,0.041691,-0.062363,0.03224,1.3284,-27.066,0.70644,-13.818,2.3885,14.725,0.96383,-35.367
30.2,0.0011661,-0.072093,-0.046007,-1.0117,0.027972,-0.060374,0.012431,-1.9335,-20.194,0.096493,-7.5553,1.0441,16.447,0.81799,-25.477,0.017357,-0.13263,-0.04169,-0.99939,0.035008,-0.060177,0.032037,0.052629,-26.538,-0.014981,-15.444,1.1013,15.575,-0.68366,-34.558
30.3,-0.019641,-0.057747,-0.035489,-0.9915,0.028502,-0.057875,0.019578,0.28451,-19.71,-0.3478,-6.1491,1.2885,17.254,1.6909,-25.812,-0.012065,-0.10685,-0.038584,-1.0173,0.039761,-0.065158,0.029048,-0.46069,-28.445,-0.42862,-13.944,-0.89366,16.588,-0.71922,-34.107
30.4,-0.0097615,-0.061861,-0.034253,-1.0063,0.033545,-0.049833,0.0083082,-0.77343,-17.73,0.53299,-5.5194,1.5299,19.018,0.58828,-24.141,0.0039862,-0.09288,-0.048744,-1.0035,0.039801,-0.061912,0.021987,0.67277,-25.942,-0.95616,-14.806,0.86967,15.571,0.54053,-31.838
30.5,-0.0065473,-0.066543,-0.014528,-0.98707,0.020434,-0.068509,0.001318,0.30469,-20.573,0.10398,-7.0246,2.4953,16.671,3.3325,-25.553,0.0077949,-0.086795,-0.021974,-0.98023,0.036207,-0.053065,0.032166,0.09629,-25.372,-0.015774,-13.221,0.43835,16.611,0.54513,-32.487
30.6,-0.02465,-0.071931,-0.051104,-1.005,0.031216,-0.066574,0.0075542,-0.41965,-19.095,-0.52193,-7.8075,0.079335,17.48,0.81874,-24.467,0.0047977,-0.084453,-0.057174,-0.99359,0.03079,-0.063397,0.033785,1.0503,-25.076,0.2153,-12.43,2.2459,17.661,0.37212,-32.541
30.7,-0.013464,-0.059815,-0.048242,-1.0003,0.032424,-0.062927,0.0057137,0.85449,-20.824,-1.3032,-6.9265,-0.14565,19.303,1.0163,-25.292,-0.0027309,-0.094068,-0.043858,-0.99554,0.042442,-0.06732,0.027208,1.1141,-25.165,0.85937,-12.91,2.5904,16.919,0.59811,-33.35
30.8,-0.011146,-0.052575,-0.040112,-0.99383,0.03261,-0.050684,0.0081343,0.83325,-17.51,-0.24883,-7.839,1.129,17.543,-0.30177,-25.063,0.00089617,-0.069944,-0.029561,-0.98464,0.027908,-0.059263,0.021607,0.84454,-23.984,1.6214,-11.861,0.47398,17.298,0.57766,-32.605
30.9,-0.022939,-0.046403,-0.028277,-0.99243,0.024715,-0.061082,-0.0050501,0.87785,-19.134,-1.8512,-7.6446,1.6372,18.632,-0.085622,-25.045,-0.0045632,-0.085435,-0.038046,-0.98684,0.043139,-0.062721,0.020353,-0.78293,-24.055,2.3652,-11.774,1.4529,14.236,2.4553,-31.904
31,-0.020956,-0.042423,-0.054172,-0.997,0.018537,-0.065758,0.01145,-0.8534,-19.15,-1.162,-8.1495,0.28584,20.287,1.9641,-24.991,-0.019375,-0.083388,-0.030202,-0.99809,0.037576,-0.062378,0.013558,0.78418,-24.923,1.8146,-12.348,1.5399,18.894,1.9798,-31.053
31.1,-0.0264,-0.053021,-0.049564,-0.99838,0.034386,-0.064444,0.002534,-1.1738,-16.753,1.3783,-9.9773,1.2085,18.571,2.8592,-22.17,-0.018005,-0.060438,-0.046406,-0.98725,0.038645,-0.060767,0.025493,0.75523,-25.095,0.36049,-12.466,2.353,17.517,1.3225,-31.839
31.2,-0.0079376,-0.051427,-0.046613,-1.0108,0.032387,-0.05988,0.0062132,0.56776,-17.456,-0.88525,-7.1383,2.8143,19.653,-0.85842,-24.033,-0.027591,-0.069527,-0.051508,-0.98742,0.046403,-0.066085,0.016701,1.5688,-22.718,2.9271,-10.474,0.74007,18.256,1.9941,-28.81
31.3,-0.018343,-0.042423,-0.04057,-1.0107,0.039421,-0.058795,0.00071673,-1.7142,-16.835,-1.6739,-10.513,1.0138,22.167,-0.47075,-21.634,-0.021576,-0.063842,-0.055868,-0.99668,0.032996,-0.069823,0.010684,3.5317,-23.611,1.4346,-11.582,0.64127,18.926,1.4406,-31.54
31.4,-0.035053,-0.05109,-0.049502,-0.99123,0.019612,-0.054069,-0.0061321,0.60763,-17.263,-2.0482,-9.1536,0.1721,20.057,2.4575,-21.917,-0.039674,-0.06268,-0.037287,-0.99942,0.031564,-0.067445,0.014858,2.0664,-24.133,-0.45383,-11.234,0.75924,18.193,-0.68897,-30.302
31.5,-0.035495,-0.041036,-0.045005,-0.98985,0.026348,-0.054963,-0.0053293,1.3448,-17.069,-0.52096,-10.156,2.1925,17.452,1.1122,-22.626,-0.020982,-0.05112,-0.084505,-1.0099,0.020952,-0.069221,0.019966,1.2959,-22.792,0.2039,-10.376,1.514,19.456,-0.0025899,-30.951
31.6,-0.029131,-0.014895,-0.02085,-1.0063,0.027051,-0.05079,9.7909e-05,-0.35432,-16.126,-0.74234,-9.9481,1.0646,20.759,0.55095,-22.591,-0.014432,-0.05207,-0.045883,-0.99552,0.034543,-0.073212,0.02051,0.15577,-22.192,0.39589,-11.758,-0.85153,21.56,-0.35235,-31.91
31.7,-0.033758,-0.039903,-0.051797,-0.99466,0.03391,-0.047748,-0.0033507,1.0898,-15.775,-0.89069,-11.13,0.79029,21.488,1.0827,-20.536,-0.037478,-0.077139,-0.042532,-1.0043,0.034097,-0.063011,0.0098071,-1.0201,-23.248,-0.31058,-12.764,0.27853,20.29,0.80713,-27.045
31.8,-0.014898,-0.034229,-0.037694,-1.0016,0.027355,-0.047816,-0.004835,0.018426,-17.618,1.1449,-10.044,1.2898,21.692,0.93154,-22.205,-0.032777,-0.040696,-0.044693,-0.9991,0.034745,-0.061621,0.013515,1.5944,-20.949,-0.0075016,-10.625,1.071,19.917,2.6882,-28.626
31.9,-0.03447,-0.012199,-0.056024,-0.9935,0.02496,-0.049536,-0.0031979,0.051009,-14.623,-0.004317,-11.576,-0.12091,22.057,-0.77765,-21.391,-0.039977,-0.057649,-0.05936,-0.99389,0.028173,-0.065823,0.0092245,0.26284,-21.248,-0.68232,-9.7339,-0.45875,21.296,1.5548,-29.552
32,-0.015774,-0.018602,-0.038667,-0.99408,0.020107,-0.047051,-0.016569,1.6455,-15.357,-2.4149,-11.713,-0.22562,20.264,0.4256,-21.284,-0.025523,-0.043933,-0.052946,-1.0005,0.032507,-0.06765,0.014605,-0.47105,-20.759,-1.5902,-13.626,-0.071654,19.551,1.6194,-29.676
32.1,-0.042232,-0.026211,-0.047122,-1.0041,0.021511,-0.045741,-0.010309,0.38505,-13.06,-1.4089,-14.42,0.82391,21.744,-0.45568,-18.913,-0.022692,-0.04599,-0.04849,-1.0131,0.022753,-0.051421,0.0048,0.79706,-19.878,-0.34898,-13.465,2.3362,19.503,-0.2176,-27.94
32.2,-0.055587,-0.025864,-0.033151,-1.0172,0.019937,-0.037631,-0.0031618,0.7413,-14.245,-3.2578,-13.605,1.2464,23.099,0.95087,-19.039,-0.030266,-0.036978,-0.055628,-0.98424,0.028947,-0.064065,0.011162,0.62625,-18.76,-1.9008,-11.951,0.38877,21.257,0.5334,-27.962
32.3,-0.032395,-0.00084379,-0.040561,-1.0071,0.022159,-0.048433,-0.01523,1.1886,-12.645,-1.5152,-12.163,1.0817,22.811,-0.059026,-20.188,-0.033938,-0.031531,-0.058195,-1.0046,0.02807,-0.056251,0.016448,0.32867,-20.545,2.3004,-11.528,0.25,21.757,-0.35954,-25.605
32.4,-0.037825,-0.0063839,-0.037476,-0.99052,0.024009,-0.041998,-0.00041472,-0.30693,-12.17,-1.6918,-13.955,2.5535,21.168,0.99228,-18.324,-0.030694,-0.030937,-0.040366,-0.98781,0.026421,-0.050058,0.010588,2.2826,-20.476,0.66177,-11.747,0.84289,20.211,0.84962,-26.878
32.5,-0.028125,-0.0061061,-0.032357,-0.99499,0.013156,-0.039011,-0.0084932,2.3687,-14.356,-1.5839,-13.081,0.47252,22.87,1.8004,-19.435,-0.03963,-0.037691,-0.035716,-1.0118,0.02134,-0.055738,-0.0061876,0.15916,-20.343,-2.2003,-13.929,0.046899,20.982,0.75796,-27.341
32.6,-0.044493,-0.0054497,-0.046353,-1.004,0.017138,-0.033913,-0.013158,1.6972,-15.028,-2.1093,-13.392,1.3598,23.247,0.12226,-18.451,-0.042387,-0.025306,-0.037979,-1.0049,0.037244,-0.054068,0.010649,0.28852,-18.095,-2.4776,-13.003,0.43345,21.462,0.54008,-27.59
32.7,-0.045125,0.004074,-0.031437,-0.99739,0.017217,-0.03395,-0.011535,-0.14108,-13.261,-3.6209,-16.157,0.64955,22.04,0.63936,-20.352,-0.040043,-0.044117,-0.057076,-1.009,0.025499,-0.059281,0.0029113,-0.70507,-17.507,-0.4532,-13.878,-0.4244,22.804,1.3981,-26.873
32.8,-0.03412,-0.015358,-0.043499,-0.9862,0.015821,-0.035737,-0.012056,1.9216,-13.233,0.22461,-15.965,0.48085,24.568,-0.091779,-18.477,-0.049918,0.00035259,-0.045235,-0.99675,0.028408,-0.052945,0.0015273,0.20195,-17.708,-1.3129,-13.447,0.74023,23.869,2.5581,-23.903
32.9,-0.032069,0.012238,-0.03347,-0.9972,0.021356,-0.028834,-0.015499,0.020735,-11.294,-0.10535,-15.716,1.6097,23.203,-1.0115,-20.158,-0.050767,-0.033113,-0.068212,-1.0005,0.026568,-0.052326,-0.000763,0.078883,-17.582,-2.4221,-13.886,1.4424,21.835,0.97634,-25.41
33,-0.037838,-0.019833,-0.036085,-0.98865,0.015495,-0.034995,-0.013731,2.0826,-11.48,-1.6493,-16.084,1.7093,24.544,-1.9063,-20.278,-0.03525,-0.026679,-0.052928,-0.99137,0.02583,-0.045654,-0.0087034,1.7875,-18.902,-0.028339,-14.271,0.59126,22.326,-1.0684,-26.271
33.1,-0.053607,-0.016242,-0.050505,-1.0091,0.021293,-0.029809,-0.0036312,0.051538,-10.207,-1.3655,-16.009,0.73089,24.774,0.98683,-19.766,-0.040622,-0.013468,-0.04518,-1.0026,0.026985,-0.052286,-0.00097991,0.29222,-19.557,-1.3593,-15.826,1.1743,20.032,0.05801,-24.992
33.2,-0.049655,0.023819,-0.020869,-0.98593,0.020422,-0.030696,-0.010684,2.423,-12.201,-1.3417,-19.075,1.9949,25.546,-0.18152,-19.606,-0.048131,-0.033677,-0.064305,-1.0114,0.026966,-0.046018,-0.0053164,0.41387,-16.275,0.1834,-16.101,-0.81869,23.749,-0.31073,-26.198
33.3,-0.043849,-0.0044177,-0.033668,-1.0014,0.010154,-0.026673,-0.024925,1.9038,-11.62,-1.9921,-16.683,0.028971,25.381,-1.3346,-19.316,-0.039035,-0.020958,-0.050417,-0.98628,0.020754,-0.049115,-0.00080123,-0.024051,-17.847,-1.1902,-15.681,-1.9401,23.819,1.3487,-25.386
33.4,-0.052365,-0.0013136,-0.03378,-1.0121,0.01356,-0.032153,-0.02266,2.0997,-12.679,-0.46894,-17.577,-0.46068,24.231,0.10414,-19.15,-0.054027,-0.019947,-0.065727,-0.99276,0.018441,-0.042512,0.0029748,0.0086416,-17.427,-2.099,-16.584,2.3761,23.327,-0.25832,-24.835
33.5,-0.042396,0.010842,-0.038028,-0.98808,0.0088763,-0.021225,-0.017159,0.68857,-11.011,0.46154,-17.669,0.39663,24.419,0.45032,-19.797,-0.071514,-0.0029905,-0.058509,-0.99914,0.032244,-0.031985,-0.0027498,-0.15241,-15.146,-1.4718,-16.681,1.4531,23.951,1.136,-23.817
33.6,-0.04625,0.011396,-0.041132,-1.004,0.0097849,-0.023542,-0.016381,1.4796,-7.8803,-1.0002,-16.736,1.8723,25.172,-1.0998,-19.272,-0.039634,-0.0073486,-0.048341,-0.96735,0.018609,-0.043146,-0.010598,1.6859,-15.31,-0.71612,-18.148,0.87243,22.789,0.32205,-23.912
33.7,-0.036459,0.014395,-0.037334,-0.98821,0.0010229,-0.027255,-0.028146,1.0077,-10.939,0.17054,-17.258,-0.035387,26.659,-0.059157,-19.33,-0.03759,-0.010906,-0.0441,-0.98033,0.015376,-0.043078,-0.014968,-0.41723,-17.203,0.3247,-17.522,1.7294,24.353,0.22353,-25.627
33.8,-0.041006,0.02904,-0.01181,-1.014,0.016525,-0.02828,-0.02143,2.0266,-9.0005,-2.1892,-19.373,-0.45059,25.173,2.2358,-19.555,-0.062824,-0.010233,-0.057179,-0.99691,0.021271,-0.042135,-0.0075277,-0.36782,-15.026,-1.012,-17.212,0.83239,25.191,0.13953,-22.068
33.9,-0.053966,-0.0031549,-0.021159,-0.99006,0.0097681,-0.021687,-0.019285,1.3589,-8.6028,-0.43997,-19.197,-0.48435,26.207,-1.3403,-18.859,-0.031539,0.0034864,-0.063328,-0.98162,0.022565,-0.039256,-0.0081621,1.4442,-13.063,-1.5058,-18.773,-0.033337,26.537,1.2574,-24.494
34,-0.057901,0.0067049,-0.015897,-0.99355,0.0032131,-0.028978,-0.026178,1.2616,-9.4957,-0.38328,-19.058,1.1279,27.188,-0.17253,-20.182,-0.074528,-0.0014517,-0.026846,-1.0116,0.018342,-0.040599,-0.02111,-0.84265,-13.666,-2.1962,-18.272,0.36391,24.514,-1.2754,-23.891
34.1,-0.026627,0.015495,-0.027832,-0.99184,-0.001742,-0.02132,-0.031739,0.73825,-7.4055,-2.2705,-20.116,-0.76497,27.213,-0.2375,-18.828,-0.067979,-0.0017495,-0.056031,-0.98988,0.019152,-0.025179,-0.0096325,0.77581,-12.81,-1.8784,-19.081,-0.67331,25.263,0.30042,-24.341
34.2,-0.051698,0.017361,-0.010372,-0.98928,0.0034795,-0.023176,-0.024516,0.56335,-8.0543,-1.5583,-19.069,0.55269,25.868,-0.47418,-20.641,-0.058866,0.014173,-0.048783,-0.99711,0.018903,-0.035831,-0.019228,1.3088,-13.063,-2.4891,-19.361,0.40527,26.948,-1.8009,-21.875
34.3,-0.05071,0.034287,-0.034182,-0.98908,0.0029981,-0.015245,-0.021762,2.5981,-8.12,-0.73502,-20.349,-2.0131,27.654,-0.77661,-19.566,-0.052778,0.011573,-0.051611,-1.0109,0.017625,-0.024782,-0.010746,0.75292,-13.259,0.4737,-19.068,0.59239,24.224,0.53398,-23.874
34.4,-0.045553,-0.0068515,-0.029662,-0.99452,0.0053547,-0.01921,-0.013305,-0.13763,-6.9844,0.27236,-20.748,0.56634,27.311,-1.4631,-20.127,-0.064608,0.020497,-0.042544,-0.99251,0.027393,-0.032626,-0.0080797,1.4392,-10.732,-0.14216,-18.923,0.8577,26.069,-1.3811,-23
34.5,-0.051752,0.028213,-0.044666,-0.98985,0.00059067,-0.020697,-0.016256,-1.1001,-7.4297,-2.2734,-22.334,-0.48773,26.539,-1.1816,-19.565,-0.068946,0.0073954,-0.048554,-1.0044,0.018222,-0.021211,-0.013519,-0.11764,-13.876,-0.88232,-21.81,0.19915,26.227,1.4143,-21.982
34.6,-0.055575,0.047395,-0.013544,-1.0128,0.0042533,-0.020191,-0.023622,-0.57971,-6.8714,-2.6038,-21.131,-0.47143,27.412,-0.815,-20.136,-0.058466,0.0074292,-0.05017,-1.0153,0.015704,-0.019747,-0.008127,0.49877,-13.209,-0.537,-20.07,1.3137,26.585,-1.5984,-23.126
34.7,-0.047036,0.021935,2.2255e-05,-0.98948,-0.0017608,-0.017904,-0.01678,1.6725,-7.5087,-0.21516,-22.095,1.9581,25.811,-0.0068452,-22.093,-0.063199,0.0068711,-0.037939,-1.0039,0.0064681,-0.024714,-0.012416,1.0424,-12.386,-2.0473,-20.266,1.9078,28.667,0.65596,-23.59
34.8,-0.033661,0.025541,-0.022256,-0.99556,-0.0089578,-0.01827,-0.023923,1.5314,-7.0864,-1.4407,-24.072,0.45392,26.769,-0.83086,-19.965,-0.065419,-0.0084951,-0.026995,-0.98221,0.023812,-0.032067,-0.013797,1.1284,-11.543,-1.7917,-22.061,-0.087095,28.399,-0.01803,-22.601
34.9,-0.056884,0.020955,-0.033502,-0.99714,-0.012289,-0.015304,-0.012829,-0.65116,-4.7898,-1.2437,-22.765,-0.48096,25.205,-1.5324,-19.55,-0.060448,0.0048158,-0.059601,-1.002,0.011902,-0.024416,-0.01771,1.5781,-11.902,-0.57307,-22.828,-0.42567,25.258,0.19262,-22.761
35,-0.053518,0.04251,-0.024733,-0.97901,-0.0016448,-0.016743,-0.021637,1.6047,-5.1967,-1.1914,-23.733,-1.2684,27.477,-2.1222,-22.009,-0.060949,0.0059067,-0.033932,-1.0139,0.014262,-0.025789,-0.026044,2.793,-9.722,-1.7575,-22.288,-0.55132,26.592,-1.4349,-23.217
35.1,-0.044485,0.0029962,-0.010742,-0.99736,-0.011618,-0.019582,-0.01097,0.67304,-4.7047,-0.72179,-24.588,-0.61224,25.138,0.29763,-22.61,-0.058172,0.014812,-0.047933,-0.97838,0.0082199,-0.020425,-0.018302,-0.15256,-13.667,-1.8096,-22.057,1.0526,28.296,1.3901,-23.807
35.2,-0.044526,0.035324,-0.025444,-0.9996,-0.014018,-0.016367,-0.025687,1.4678,-4.4853,-0.69312,-24.646,-1.7579,24.918,-1.4119,-19.967,-0.05518,0.011266,-0.030053,-1.0065,0.014482,-0.017347,-0.017345,0.47936,-10.748,-0.011308,-23.605,-1.8038,27.474,0.184,-21.258
35.3,-0.05084,0.015398,0.0056791,-0.99572,-0.006033,-0.010769,-0.006654,0.47071,-4.5948,-0.71075,-24.769,-0.46331,25.398,-0.5807,-21.122,-0.057953,-0.00080025,-0.041879,-1.0085,0.0052874,-0.010604,-0.019361,1.2834,-12.187,-2.9304,-23.453,0.076918,27.702,0.23913,-23.103
35.4,-0.050726,0.018015,0.00035786,-0.98796,-0.0049984,-0.011198,-0.01026,1.6988,-4.8033,0.55034,-24.512,0.55028,25.381,-0.11356,-20.314,-0.069691,0.024363,-0.033244,-1.0057,-0.0033308,-0.017531,-0.013542,1.8297,-10.761,-1.6065,-23.752,0.22445,28.746,0.5989,-23.578
35.5,-0.045761,0.012222,-0.0079117,-0.99884,-0.016312,5.3941e-05,-0.012698,-0.025895,-5.7668,-1.2841,-25.116,-1.566,24.385,0.74873,-21.201,-0.062819,0.011119,-0.033192,-0.99853,0.0023793,-0.017226,-0.01414,-0.41402,-9.5036,-1.2796,-25.149,-0.13523,27.471,-1.4462,-22.829
35.6,-0.047204,0.020991,-0.021673,-1.0052,-0.013233,-0.0037987,-0.018736,-1.4286,-3.129,-1.6895,-25.819,-0.16988,24.633,1.6094,-19.786,-0.065085,0.028261,-0.028943,-0.96902,0.0057195,-0.006005,-0.021099,-0.18934,-8.5185,-1.2,-23.885,-0.43642,30.251,-1.6044,-23.459
35.7,-0.056463,0.029397,-0.014635,-0.9987,-0.011292,-0.0060133,-0.0065817,2.054,-2.9935,-0.95459,-27.17,-0.80316,25.257,-0.28229,-21.588,-0.058363,0.018473,-0.027376,-1.0155,0.0062924,-0.019524,-0.021135,-0.44448,-7.9673,-0.22187,-23.583,0.19708,28.131,-1.8184,-22.265
35.8,-0.0299,0.02811,-0.032618,-1.0033,-0.019329,-0.0072389,-0.013212,2.0414,-3.9679,0.081007,-26.046,-0.84758,24.774,1.0569,-20.642,-0.052283,0.02713,-0.044062,-1.0068,-0.0015987,-0.018689,-0.013258,-0.041927,-8.0065,-0.88368,-26.029,-0.59931,28.746,-1.1908,-22.716
35.9,-0.043518,0.015309,-0.025721,-0.99003,-0.017659,-0.0077683,-0.010694,1.0952,-2.1973,-2.1017,-24.978,-1.1698,25.059,-0.56622,-21.218,-0.04898,0.02394,-0.039877,-1.0071,-0.0048847,-0.014894,-0.017545,0.85314,-7.8801,-1.8719,-26.711,-0.59772,30.686,-1.6087,-22.437
36,-0.049895,0.041004,-0.010457,-0.98786,-0.024131,-0.0061234,-0.015018,1.8159,-1.6115,-1.2269,-27.678,-0.68358,23.698,0.18031,-20.459,-0.052074,0.024747,-0.023556,-0.98647,-0.0023364,-0.018496,-0.018156,1.8247,-8.2366,-0.96271,-23.663,0.82673,28.792,-0.89437,-24.893
36.1,-0.053024,0.03599,-0.0028803,-0.99051,-0.026204,-0.0025473,-0.012032,-0.36217,0.32084,-1.4948,-28.4,0.016806,24.022,0.20185,-21.883,-0.05039,0.022682,-0.037832,-0.99204,-0.0059355,-0.0029733,-0.017787,2.3138,-7.9631,-1.2333,-26.84,0.0084704,28.566,-0.26239,-23.715
36.2,-0.042344,0.01399,-0.0051049,-1.0052,-0.01574,-0.0088405,-0.018815,2.2822,-3.896,-0.61898,-28.168,0.50869,23.247,0.85644,-20.659,-0.060468,0.0050487,-0.037564,-0.99121,-0.0049092,-0.01953,-0.019731,-0.15427,-7.1904,-0.87694,-26.984,0.071674,29.396,0.55814,-25.402
36.3,-0.038118,0.030048,-0.009424,-0.99004,-0.021767,0.0015246,-0.017756,0.53226,-0.79389,-1.3674,-29.662,-0.15546,22.87,1.1915,-18.906,-0.074137,0.010991,-0.021474,-0.99946,-0.0025903,-0.020178,-0.01891,-0.00697,-7.3523,-0.39238,-29.542,-0.39518,30.576,-1.0434,-24.128
36.4,-0.048781,0.019257,0.0058424,-0.99795,-0.015675,-0.0035289,-0.0076014,1.0125,-1.7464,-1.7436,-29.662,-1.0646,23.934,-0.68787,-21.23,-0.06269,0.033248,-0.0266,-0.99314,-0.011644,-0.0082471,-0.021809,2.2505,-5.9804,-0.46093,-26.684,-0.93891,29.153,-1.475,-24.555
36.5,-0.03154,0.02403,-0.0093285,-0.99416,-0.024937,0.0028804,-0.0075037,0.744,0.57736,-1.2455,-29.602,0.044307,23.459,1.7434,-20.761,-0.076833,0.030293,-0.014964,-0.99625,-0.0038565,-0.0078181,-0.023212,0.74354,-6.986,-1.5999,-29.273,0.97339,32.316,0.1991,-23.121
36.6,-0.031375,0.027993,-0.0088985,-0.99981,-0.018505,-0.0018977,-0.0027485,2.0126,-0.078938,-0.31844,-30.619,0.031295,23.012,0.25932,-20.554,-0.058482,0.022718,-0.020423,-1.0037,-0.012058,0.0057012,-0.02607,0.83725,-5.4967,0.17457,-29.138,0.81428,28.682,0.13503,-21.976
36.7,-0.027161,0.034219,-0.0058311,-0.97858,-0.021751,0.0038693,-0.0033094,-0.81888,0.71585,-0.28592,-28.587,-1.9439,22.266,1.2069,-20.333,-0.063888,0.020234,-0.014686,-0.98868,-0.010682,-0.0057287,-0.023895,1.0542,-7.1246,-0.020484,-29.334,-1.9157,31.585,-0.92612,-24.997
36.8,-0.032562,0.018885,-0.0076653,-1.0108,-0.022199,0.00062482,-0.014887,0.57295,-0.63373,-1.1804,-30.02,1.446,20.812,0.15059,-21.372,-0.055264,0.020982,-0.037689,-0.99784,-0.011388,-0.0069561,-0.020217,0.26197,-5.5341,-1.6771,-30.496,-0.22808,32.558,-1.112,-23.002
36.9,-0.01561,0.028165,-0.011898,-1.006,-0.030497,0.010865,-0.0098275,2.0784,0.28997,-2.1714,-29.458,-0.80183,23.855,0.8762,-19.858,-0.058533,0.027749,-0.023401,-1.0012,-0.012371,-0.013684,-0.023586,0.76678,-5.2959,-1.3857,-29.946,0.58913,30.324,-0.0080783,-24.237
37,-0.029691,0.029609,0.0035921,-1.0054,-0.016739,0.0078883,-0.0078917,1.2466,2.2822,-0.95683,-31.262,-1.1107,19.825,0.52164,-20.085,-0.058712,0.027471,-0.0072681,-0.98625,-0.014956,-0.0063952,-0.01804,1.8021,-5.6711,-1.3595,-30.039,-1.4174,28.9,-0.83735,-25.653
37.1,-0.027343,0.03515,-0.0031977,-1.0012,-0.028462,0.01581,-0.0005102,0.71326,1.247,0.059727,-30.424,-1.6333,22.466,0.23326,-18.795,-0.053253,0.023256,-0.044153,-0.99848,-0.018264,-0.010953,-0.023655,1.5644,-4.9246,-0.13725,-31.239,-0.16202,31.621,-1.2258,-26.658
37.2,-0.024367,0.019606,0.012584,-1.0146,-0.016566,0.0031103,-0.0087533,0.56373,1.1127,1.2267,-33.336,-1.7769,22.179,0.055087,-19.859,-0.061004,0.014534,-0.0042437,-1.0033,-0.01729,-0.00033763,-0.019364,0.23488,-5.3156,-2.4511,-30.114,-0.68609,30.803,-1.3542,-25.431
37.3,-0.0279,0.010483,-0.0053368,-0.99585,-0.028563,-0.00027258,-0.00077747,0.97913,1.78,-2.4844,-33.297,-0.63963,20.976,-0.43065,-18.956,-0.067863,0.031444,-0.0035775,-0.98687,-0.022948,-0.0027173,-0.013613,1.6717,-3.4377,-1.8292,-30.503,-0.083139,31.279,-2.0044,-26.165
37.4,-0.014913,0.030598,0.0085089,-0.99525,-0.02899,0.019683,-0.0088467,0.6068,1.0004,-1.8718,-32.481,-1.5474,19.851,-0.61684,-18.948,-0.054843,0.028437,-0.0066811,-1.0054,-0.019325,-0.0022869,-0.020884,0.86471,-5.2654,-0.16613,-30.568,-0.87619,31.648,-0.1624,-26.483
37.5,-0.032132,0.017463,-0.0034841,-1.015,-0.024526,0.021452,-3.0167e-05,1.5396,4.6972,-1.5689,-35.138,0.015004,18.941,0.97657,-19.479,-0.051312,0.023374,-0.029806,-0.99217,-0.028582,0.0054989,-0.014457,1.7266,-3.5968,-0.87124,-31.098,0.21927,29.617,-1.5836,-24.733
37.6,-0.013795,0.015923,-0.0037223,-1.0025,-0.028968,0.0046809,0.0005232,-1.2563,1.2418,-0.95488,-35.246,-2.062,18.775,-0.26121,-17.412,-0.065546,0.029643,-0.015938,-0.98595,-0.031376,0.0018275,-0.02305,1.1967,-5.5441,-1.2014,-32.3,0.35455,28.453,0.03179,-25.793
37.7,-0.023888,0.019831,0.0014698,-0.99327,-0.020983,0.023952,0.0047172,-0.29718,-0.055481,-1.0273,-34.147,0.67738,18.166,1.1566,-17.758,-0.05689,0.021035,-0.017885,-1.0054,-0.018192,-0.0033754,-0.028464,0.61353,-1.6805,-1.2277,-33.537,-1.2985,29.214,-2.8273,-26.408
37.8,-0.029048,0.033257,-0.0020372,-0.99456,-0.031438,0.011051,0.00027632,1.5825,0.98603,-0.48063,-33.219,-0.64065,18.124,0.62949,-17.371,-0.06936,0.018888,-0.021747,-0.9901,-0.020661,0.0099087,-0.021048,1.0269,-3.0355,-1.4755,-33.892,-1.0177,29.349,-0.89577,-25.134
37.9,-0.014771,0.0080401,-0.010724,-0.97749,-0.015971,0.021673,0.0029958,0.19393,0.36246,-0.62475,-36.506,-1.234,17.273,0.528,-17.433,-0.031544,0.034149,-0.023447,-0.9904,-0.028033,0.0042523,-0.0086599,1.8889,-3.0816,0.42637,-35.894,-0.61245,28.678,-2.7611,-25.575
38,-0.026193,0.030227,0.012012,-1.0109,-0.019477,0.023481,-0.0011557,0.7617,1.471,0.65903,-35.12,-0.77385,16.937,-2.2417,-17.713,-0.046373,0.020153,-0.0017827,-0.98091,-0.028213,-0.0022175,-0.012775,2.6873,-2.1577,-1.1222,-35.897,1.488,28.74,0.19541,-25.829
38.1,-0.023245,0.011579,0.010333,-0.99367,-0.020086,0.024397,0.0037963,-0.35022,-0.061457,0.061766,-36.192,-1.1889,18.365,-0.14045,-17.823,-0.054466,0.036693,0.0075163,-1.001,-0.018303,0.0036272,-0.010411,0.88824,-1.798,-1.3313,-35.194,0.35992,27.208,-0.58973,-27.259
38.2,-0.011664,0.013803,-0.0039018,-0.98984,-0.022544,0.021607,0.0026095,-0.54931,-1.507,0.55866,-34.48,0.18116,16.608,-0.47744,-18.496,-0.056227,0.015166,-0.015702,-1.0024,-0.0276,-0.0026887,-0.010959,1.4773,-0.05284,-1.0398,-35.031,-0.72322,28.061,-0.3518,-26.788
38.3,-0.012773,0.012674,0.009152,-1.004,-0.015377,0.021001,0.0021866,-1.1906,-0.2732,-0.40656,-35.603,-1.646,19.099,-0.13785,-17.018,-0.046751,0.015005,-0.0088662,-1.006,-0.026504,0.0061899,-0.019739,-0.20493,-3.3904,0.1759,-34.781,-0.40894,29.099,0.34984,-27.467
38.4,-0.0065691,0.010074,0.010818,-1.0124,-0.023965,0.028054,-0.0050705,0.025478,-2.4748,2.5575,-34.293,0.53497,18.074,1.7357,-17.542,-0.01978,0.017859,-0.012444,-0.99619,-0.029149,0.0090476,-0.013903,1.8755,-1.8379,-1.6245,-36.031,-1.2226,27.721,0.81966,-27.361
38.5,0.016681,0.020494,-0.010939,-1.0189,-0.017236,0.026423,-0.0021736,-1.1265,2.0059,0.85545,-33.949,1.2495,18.371,-0.68034,-16.759,-0.052187,0.036265,-0.010232,-0.99183,-0.027791,0.015738,-0.0035336,3.4829,-2.0985,-0.23595,-37.706,0.54391,30.321,-2.9972,-26.467
38.6,0.0024741,-0.013952,-0.0056147,-1.0038,-0.014182,0.010926,0.0065838,-2.9465,-1.8779,0.1613,-33.027,1.474,18.184,0.24777,-18.251,-0.028048,0.03336,-0.0052139,-0.99876,-0.028385,0.011833,-0.0048711,-0.91714,0.61971,1.1017,-34.844,0.53877,25.528,1.0432,-26.137
38.7,-0.012781,-0.0018311,-0.013984,-1.0254,-0.019117,0.013998,0.0067605,-1.1143,-2.2841,-0.16386,-34.082,1.1789,18.201,-0.34949,-18.019,-0.045536,0.035055,-0.023386,-1.0093,-0.026093,0.012922,0.0016708,1.373,-0.75278,-1.6763,-36.84,-1.965,28.348,1.1882,-25.633
38.8,-0.012345,0.018139,0.00122,-1.0124,-0.0068106,0.013679,-0.0016445,-0.43087,-1.0416,0.95361,-32.945,1.6739,18.728,-1.0957,-17.076,-0.041955,0.018633,0.0035644,-0.98039,-0.02478,0.016568,-0.0081916,0.84929,0.70945,-2.4816,-36.381,-1.4605,26.427,0.30029,-26.68
38.9,-0.016731,-0.0035895,0.019424,-0.99687,-0.017999,0.010253,0.004248,-0.056172,-2.7118,1.4351,-33.353,3.0229,18.515,-0.093067,-19.244,-0.012033,0.019257,0.014313,-1.0028,-0.033977,0.014574,-0.0088504,-0.81842,0.58807,-2.1422,-37.868,-1.627,26.29,0.50861,-24.725
39,0.00067466,-0.0040964,0.010312,-0.99953,-0.0098592,0.014137,-0.00038556,-1.6027,-3.5736,1.9731,-32.228,-0.66999,18.449,0.4386,-18.435,-0.030988,0.032258,-0.00033786,-0.99711,-0.038966,0.015898,-0.011473,-1.9292,1.6699,-1.0721,-39.644,-1.9103,26.342,0.7242,-26.725
39.1,-0.029436,0.0018742,-0.0038252,-1.0134,-0.0062597,0.0058599,-0.0025659,0.78836,-1.9843,-0.20719,-31.737,-0.863,17.65,-1.2931,-18.643,-0.024983,0.01089,-0.0023696,-0.9886,-0.031203,0.018426,-0.012511,0.151,1.5441,-0.024794,-39.056,-1.5531,27.2,-0.61506,-23.776
39.2,-0.0077503,-0.0011549,0.0063816,-0.98855,-0.0059121,0.0094596,-4.5904e-05,-0.23518,-2.6299,-0.70521,-31.596,1.5521,16.746,0.9234,-18.098,-0.048442,0.01792,0.015526,-0.99436,-0.03669,0.020338,-0.0093407,-2.6511,-1.7462,-1.6995,-39.464,-1.8828,24.522,1.8891,-25.264
39.3,-0.002403,0.003854,0.00032918,-0.99883,-0.015827,0.014135,-0.0012692,-0.58709,-3.6638,-1.4633,-32.565,0.18836,18.642,1.8483,-16.829,-0.014326,0.020775,0.005264,-0.9914,-0.035364,0.018681,-0.009469,-0.91987,-0.50454,-1.1498,-39.31,-1.353,25.762,0.55204,-23.907
39.4,-0.012737,0.0065969,0.0025365,-0.99703,-0.019918,0.011095,0.00034857,0.22635,-3.8166,0.17124,-31.631,1.4973,17.317,-1.3223,-16.988,-0.023906,0.043925,-0.015905,-0.98823,-0.018725,0.01787,0.0037123,-0.79871,-1.2318,1.6942,-40.49,-0.82039,26.158,-0.35261,-26.218
39.5,0.009729,0.011708,0.0074809,-0.99528,-0.019363,0.0047687,0.0083675,-0.63583,-2.2904,-0.88889,-32.037,-2.5938,17.305,-1.3693,-18.996,-0.030321,0.012415,-0.0086479,-1.0133,-0.028308,0.01487,0.00015903,-1.8282,0.085963,0.65208,-38.727,-1.0742,25.093,-0.78709,-24.555
39.6,-0.0011109,0.01718,0.005087,-0.99129,-0.015454,0.013709,-0.00075339,1.1684,-4.2303,0.62615,-33.689,1.311,17.618,-1.2842,-18.031,-0.029049,0.039157,-0.0098859,-1.002,-0.031457,0.01942,-0.00046466,-2.8546,-1.5784,2.6249,-38.508,0.0022477,22.536,-1.0609,-27.251
39.7,-0.021144,0.019835,-0.0035639,-1.0056,-0.012933,0.0092336,0.0030163,-1.322,-3.7073,0.042725,-31.456,0.25016,18.372,0.6919,-18.051,-0.040604,0.028953,0.009147,-1.0124,-0.017788,0.029635,-0.0026436,-0.99603,-0.12965,0.30778,-38.404,0.39603,24.92,0.0043633,-23.486
39.8,-0.0036544,0.016594,-0.0088189,-1.0016,-0.0072654,0.0064756,-0.0033501,-1.3122,-4.7873,0.33151,-31.331,-1.3435,17.504,0.32016,-15.826,-0.0084951,0.018115,-0.015733,-0.99981,-0.023646,0.0236,0.0021494,-0.89261,-3.6736,-0.20724,-37.76,0.73145,22.949,-0.53895,-23.896
39.9,-0.0027219,0.0031827,-0.0041953,-0.99596,-0.0061217,0.0089504,0.0097742,-0.41048,-4.9816,2.5298,-31.99,-0.56225,18.347,-0.79799,-16.378,-0.010326,0.0047649,0.0014656,-1.0051,-0.022957,0.013526,-0.0051909,-1.9669,-2.1962,-0.20586,-37.353,-0.17993,23.427,1.1353,-24.892
40,-0.012983,0.0042658,-0.0070161,-0.98501,-0.0020234,0.0078565,-0.0019622,1.1092,-4.6043,-0.57801,-32.057,-0.43951,16.473,-0.61168,-18.338,-0.031425,0.0034132,-0.0029616,-0.98576,-0.014817,0.020131,-0.0080976,-0.50164,-1.3215,3.144,-37.544,-0.070004,23,0.76795,-25.607
40.1,-0.0037872,0.019944,-0.0075556,-0.99057,-0.010363,0.011668,-0.0013565,1.2494,-3.4733,-0.25241,-31.804,0.8828,19.028,-0.58356,-18.976,0.0052401,0.0087764,-0.0094126,-1.0038,-0.015611,0.013372,-0.003001,-0.18188,-2.7392,-0.073483,-37.987,-0.83175,24.495,-2.2776,-25.695
40.2,-0.0080171,0.017248,-0.0028551,-0.98428,-0.0011929,0.0045641,-0.0069917,-0.16456,-3.6568,-1.2788,-31.991,1.6989,18.097,-0.54608,-17.734,-0.031468,0.018231,-0.01012,-0.99361,-0.018358,0.010323,0.0041135,0.25926,-5.4168,0.42024,-35.32,-1.6332,24.516,-0.73782,-23.582
40.3,0.00043103,0.0098324,-0.00087356,-0.99821,-0.0072687,0.010197,-0.0071901,-0.51575,-4.9808,0.74218,-31.893,-0.65434,18.138,-1.2404,-17.449,-0.036898,0.0080135,0.006584,-0.99222,-0.025917,0.011216,-0.011072,-1.0483,-3.5625,1.0288,-36.656,0.036969,23.357,-0.56372,-24.973
40.4,-0.013115,0.0022304,-0.0073367,-0.99822,-0.0057069,0.0040686,-0.004136,1.8462,-4.3368,-2.0559,-30.515,-0.26033,17.207,-1.8295,-18.741,-0.027603,-0.0033248,0.011351,-0.99322,-0.010148,0.010581,-0.0023798,0.66077,-5.8775,1.507,-37.321,-1.6805,25.096,-0.37441,-23.351
40.5,-0.016009,0.01008,-0.0050221,-0.99061,-0.0063052,0.013031,0.0015985,1.4253,-3.7567,1.3137,-30.667,1.2519,18.258,-0.70269,-16.226,-0.018223,0.014048,-0.0074402,-1.004,-0.02039,0.012345,0.00086247,-0.40849,-5.4868,0.68777,-37.19,-0.10659,23.501,0.85259,-25.143
40.6,-0.0038495,-0.0087374,0.007093,-1.0112,-0.003521,0.011325,0.0058034,-1.6955,-3.0604,0.43878,-31.763,-0.13196,16.263,0.29388,-19.012,-0.0082542,0.034072,-0.011131,-1.0022,-0.01554,0.0016283,-0.0080655,-2.3204,-6.7834,0.18805,-38.41,-0.39276,23.849,-0.51404,-21.949
40.7,-0.0060792,0.0062054,0.011461,-0.98425,-0.0088036,0.0025864,0.00265,-0.96967,-3.2863,-1.3783,-32.822,-0.48479,16.243,2.0369,-18.323,-0.0050598,0.012542,-0.016198,-1.0213,-0.013269,0.0079159,0.0014251,1.2008,-5.4747,1.4762,-35.992,0.86559,22.256,0.68642,-25.075
40.8,-0.0019758,0.0065087,0.015959,-1.0004,0.0041106,0.0040295,-0.0058669,0.29266,-6.4498,-0.35221,-29.31,1.4427,18.152,-1.0568,-16.172,-0.025349,0.0063813,0.003392,-0.98846,-0.011895,0.0003904,-0.0025244,-0.62957,-6.052,0.53242,-34.98,0.37467,25.161,-0.79251,-23.724
40.9,-0.0047101,-0.0036161,-0.012248,-0.98789,0.0058744,0.017056,-0.0053346,-0.31006,-3.5085,0.27738,-31.284,-0.4559,18.254,0.64855,-15.879,-0.0067538,0.0022385,0.0056526,-1.0066,-0.015474,0.0081155,-0.0084279,0.30416,-4.7147,0.13608,-35.111,-0.69183,22.562,0.44108,-25.423
41,-0.00474,-0.0032196,0.0045738,-1.0028,-0.011273,0.0023859,0.0048436,1.0159,-6.3989,-1.074,-29.129,-1.4974,18.819,-1.3041,-18.786,0.0081455,-0.010338,-0.0089268,-0.99907,-0.010335,0.0014449,-0.010313,-0.27997,-7.8102,-1.3033,-34.801,-1.0857,23.856,-0.84381,-23.973
41.1,-0.029383,0.010356,-0.029028,-0.99018,-0.014342,-0.0024765,0.010067,-1.8605,-3.6398,0.33944,-32.243,-1.6653,16.528,0.99855,-16.349,-0.021025,-0.0007194,-0.010101,-1.0033,-0.0083592,0.0086892,-0.0041263,3.1631,-7.9868,-0.052447,-34.322,-1.6184,22.657,-2.0423,-23.493
41.2,0.0050357,-0.01341,0.0057055,-1.0057,-0.00094848,0.0024615,0.002327,0.35486,-3.3783,-1.9298,-30.161,-0.70587,20.285,0.99099,-18.799,0.004236,0.015364,0.0019445,-1.0096,-0.013328,0.0019078,0.0017907,-0.69595,-6.7672,0.30016,-36.177,-0.9495,22.043,-1.3371,-24.682
41.3,0.020471,0.0015389,-0.0027176,-1.0111,-0.0048154,-0.0039581,-0.0026448,-1.0475,-5.4236,-1.9888,-30.089,0.59613,19.302,-0.65362,-19.32,-0.020072,-0.0036743,0.002278,-0.99564,-0.0012383,0.0013477,0.0029338,-1.1338,-5.0418,0.92704,-36.643,-0.50648,23.55,-0.40289,-26.935
41.4,-0.00071678,0.0072082,0.0055353,-0.99538,0.0013832,0.0012261,0.0016279,0.86033,-3.3674,0.17215,-32.976,-1.1987,18.392,-1.1313,-16.709,0.0129,0.014633,-0.0018444,-0.99977,-0.0017698,0.0038532,0.009302,-1.1977,-6.8219,0.16502,-34.447,0.49062,23.219,-0.20366,-23.226
41.5,-0.0058831,0.010235,-0.0026437,-0.99935,-0.0078203,0.0083232,0.003184,0.78078,-4.3163,1.3275,-30.341,-2.1641,17.515,-0.46689,-15.999,-0.0088908,0.013064,-0.0075713,-0.98381,-0.0073434,0.0059568,-0.0055049,1.1559,-7.097,-1.0486,-35.164,-1.5491,22.625,-0.85143,-24.696
41.6,-0.0060242,-0.0084974,0.010801,-1.0067,-0.006226,-0.0036593,0.0025654,1.6031,-4.0228,-0.77358,-30.428,1.1742,17.242,0.53756,-17.548,-0.013131,0.026556,-0.011132,-0.99788,0.0030347,0.0034185,-0.0039703,1.8285,-7.7335,-0.28361,-35.254,0.087631,22.399,-1.4038,-23.758
41.7,0.0030836,-0.010665,-0.0023096,-1.0005,-0.0063108,0.0059923,-0.0011775,-0.35265,-4.4537,-0.14858,-30.994,0.92182,16.636,0.38552,-17.148,-0.00031004,-0.010833,-0.0042448,-0.99825,-0.014476,-7.5662e-05,0.00023993,-0.015013,-7.2379,0.41325,-34.476,1.2839,23.35,-0.28165,-23.728
41.8,-0.0064065,0.013784,0.0015454,-0.98903,-0.002682,0.0061896,-0.0026935,-0.95872,-4.1785,-0.49658,-31.914,2.5353,16.494,1.174,-16.915,-0.0066846,-0.0013372,-0.0059702,-0.99319,-0.012752,0.0072465,-0.0072184,0.88425,-6.3882,0.71393,-35.838,-0.67241,20.97,1.3702,-24.532
41.9,-0.0028187,-0.0094096,-0.00020897,-1.0232,-0.0014725,0.0065394,0.0016627,-0.64461,-2.4587,-0.86332,-31.242,0.48943,18.408,1.4518,-16.695,0.014551,-0.0029323,-0.0030536,-0.99782,-0.0051566,-0.00046264,-0.011185,-1.4063,-6.1221,0.84449,-34.641,-1.397,22.844,2.3905,-25.862
42,0.0073145,0.014933,-0.0094008,-1.0066,0.0007035,0.002443,0.006021,-0.51337,-4.8867,0.86851,-29.821,-0.58661,18.34,-0.13026,-15.312,-0.0083131,0.004567,0.0025173,-1.001,-0.0057471,0.0027647,-0.0045672,0.24566,-8.1221,1.7388,-34.289,0.39459,23.154,0.12558,-24.052
42.1,-0.011785,0.0031023,0.020628,-0.99893,0.0058261,-0.010688,-0.0096326,0.45336,-5.1787,3.2579,-30.61,0.29668,17.953,0.21144,-17.974,0.00067605,0.0055991,0.002206,-0.98992,-0.0050924,0.0014525,0.00055362,1.0976,-8.0126,0.62048,-34.948,-1.4777,22.346,-0.55876,-25.076
42.2,-0.0057314,0.0025876,0.0046544,-0.98421,0.00085494,0.0016953,-0.0035929,-0.45108,-4.4388,-1.1725,-30.041,-1.356,17.614,1.6679,-18.138,0.0016494,-0.004764,-0.00048488,-1.0132,0.0014153,0.0036795,-0.0038715,0.88776,-7.1715,0.58976,-33.075,-0.70122,22.562,-0.15993,-24.644
42.3,0.021076,0.006302,-0.0019191,-1.0036,-0.0046868,-0.00066556,-0.0087443,0.55232,-3.4475,-1.3979,-30.614,1.7295,18.094,1.1413,-17.258,0.0074577,-0.0059985,0.0030473,-0.98605,-0.010366,0.0023594,-0.0030395,-0.055786,-6.3564,-3.6397,-34.952,0.25087,21.446,-1.3093,-24.293
42.4,-0.015038,-0.0031972,0.00059119,-1.0052,0.00025709,0.013238,0.0034913,2,-4.8269,-3.0212,-32.244,0.39717,18.327,-0.8152,-17.975,-0.0036806,0.0095879,-0.013103,-0.99672,-0.0058824,-0.003966,-0.0070232,1.26,-9.0215,-0.39018,-35.428,1.031,22.804,-1.114,-22.155
42.5,-0.0063825,-0.0064365,-0.0063537,-1.0091,-0.004282,-0.0074686,0.0048904,1.2183,-5.4053,-0.81971,-29.715,-0.10133,16.791,-0.8526,-17.164,-0.0066692,0.0062621,0.008326,-1.01,-0.0040913,0.005673,-0.00095907,-0.30081,-7.0787,0.22835,-36.094,0.043256,20.835,-0.90784,-22.945
42.6,-0.0067542,-0.025042,0.0062031,-1.0184,0.00070037,-0.002,-0.0037733,-0.33071,-4.2128,0.2263,-30.785,0.29963,16.519,-0.58143,-17.889,-0.0090552,-0.01364,-0.0075248,-1.0069,-0.0071405,-0.00072288,0.0046864,1.1745,-7.33,1.5037,-35.825,-0.38003,22.306,-1.0129,-24.842
42.7,-0.0089628,-0.014302,-0.0024567,-0.99261,-0.0043663,-0.0018892,-2.7116e-05,-0.67114,-4.7506,-0.099155,-28.931,1.7727,15.749,1.636,-16.42,-0.010683,0.011188,0.0086667,-1.021,-0.0083319,-0.00016719,-0.0032546,0.90666,-8.7335,-1.1976,-34.704,1.1068,22.912,1.5326,-23.557
42.8,0.013173,0.0038502,0.0090028,-0.99917,0.0018625,0.0048331,0.008044,-0.097224,-4.984,-0.41802,-29.004,0.75654,16.604,0.58789,-18.586,-0.016786,-0.003169,0.0072353,-1.0111,-0.0047424,9.1167e-05,-0.0015806,-1.3647,-7.4576,-0.30025,-34.235,1.709,21.291,2.1413,-22.835
42.9,-0.014598,-0.0077129,-0.0082552,-1.0217,-0.0082192,-0.0029844,0.0071943,-0.16612,-4.4109,-0.33715,-31.037,-0.018344,16.502,-0.614,-18.254,-0.028739,0.0079351,-0.0084705,-0.98704,0.0018793,3.5062e-05,-0.0020919,-1.1636,-6.1331,-0.78848,-35.937,-1.0987,23.183,1.7593,-24.901
43,-0.0097341,-0.0037997,0.014843,-1.0193,0.0028913,-0.00092621,-0.0054954,-0.13177,-3.0095,1.8081,-29.866,0.43953,16.376,0.77035,-17.329,-0.010822,0.0070854,0.0010734,-0.99762,0.0097194,0.0093794,-0.00089311,-1.1815,-6.7395,0.2102,-35.755,-0.47987,23.648,-0.57404,-23.765
43.1,0.0034781,0.0041668,0.019571,-0.989,-0.00061535,0.0040866,0.0032841,0.5358,-5.4896,1.0252,-31.007,0.272,16.912,0.089093,-17.646,0.015317,-0.0061533,-0.0057111,-0.98898,-0.010409,0.004324,-0.0059882,1.819,-9.6551,1.7389,-36.195,-2.308,21.397,-0.94202,-24.092
43.2,0.010705,0.0079632,-0.0094585,-0.98154,-0.0029318,0.0069756,-0.00043077,-0.95632,-4.8655,-0.9887,-29.392,1.5281,18.059,1.2439,-16.617,-0.00041835,0.0021303,-0.0054111,-0.99119,-0.012942,0.0050542,-0.0013483,0.83778,-7.6348,-1.398,-34.407,-0.72543,22.137,-0.44055,-26.183
43.3,-0.00062679,-0.0029112,-0.0020979,-1.0077,-0.0023477,0.010527,0.001426,-0.7893,-4.4727,-1.8808,-30.81,0.68386,17.069,0.6114,-16.852,-0.00044577,0.0043978,-0.010053,-1.0076,-0.0057713,0.0076579,0.00066347,-0.55598,-5.2807,-1.5221,-35.126,0.88924,20.941,2.93,-23.637
43.4,0.0021229,-0.0060833,-0.0034677,-1.019,0.0098137,0.010348,-0.0092759,-0.25853,-4.5922,-0.563,-30.686,1.8489,16.711,0.95008,-16.812,0.0048045,0.0067583,0.016568,-0.99907,-0.0031697,0.00015221,0.0017313,-2.6226,-8.5093,-0.39966,-34.956,2.0999,20.367,2.1505,-23.612
43.5,0.014267,-0.00053157,-0.0071691,-0.99323,0.0020595,-0.00093,-0.0035537,0.89578,-4.4744,1.1222,-30.786,-0.88052,18.11,-2.6064,-17.67,-0.015146,-0.0084244,0.0088146,-0.99693,-0.0036868,0.0016979,-0.00078235,-0.59941,-7.4422,0.35968,-37.442,-0.55638,22.388,-1.1937,-22.877
43.6,0.014648,-0.0087732,0.004219,-1.0031,-0.0071812,-0.006155,-0.0038091,3.6534,-4.1685,0.53722,-30.496,-1.2965,16.45,-1.0135,-16.596,-0.0068352,-0.021836,-0.0026623,-1.0055,-0.006458,0.0063952,-8.2144e-05,0.30299,-7.1237,1.7911,-35.196,-0.52137,20.751,-0.41574,-24.066
43.7,0.0099107,-0.0065119,0.0083734,-0.98424,0.0020128,-0.0022378,0.0018568,0.083774,-3.838,-0.13304,-29.723,2.1298,16.728,0.57855,-16.584,0.0052612,-0.011668,0.0071598,-1.0147,-0.0097022,0.011307,0.00068983,-1.1878,-7.5653,-1.6,-33.394,1.0373,22.313,-0.33447,-22.839
43.8,-0.011305,-0.022558,-0.004776,-1.007,-0.0038598,-0.0047352,0.0030737,-1.1671,-4.8161,-2.822,-29.358,-0.058349,18.644,1.3261,-18.216,-0.010848,0.013551,0.0066262,-0.97433,-0.003971,-0.0013873,0.0012344,0.42787,-8.535,-0.20835,-34.178,0.38689,21.144,0.073881,-24.683
43.9,-0.0014485,0.0053704,0.0039519,-1.0098,0.010547,-0.0033172,0.0050342,-0.40929,-4.7247,-1.4431,-30.218,0.67717,17.357,1.5738,-16.37,0.00058537,-0.009162,-0.0033815,-1.0033,-0.0029225,-0.0011218,0.00020105,1.7864,-9.5794,0.64854,-32.853,-0.14901,22.625,0.096672,-22.052
44,0.001947,-0.0071589,0.0036596,-1.0009,0.0011304,0.0019657,-0.0073843,3.7445,-3.806,-0.27506,-30.92,-1.7103,19.807,-2.0389,-15.575,0.012679,-0.0091935,-0.0023482,-0.98803,-0.0070664,0.0071213,0.0018763,0.4136,-7.7491,-0.93477,-33.009,-0.69793,23.49,-1.1288,-24.606
44.1,-0.018424,-0.013807,-0.012001,-1.0026,-0.0082837,0.0044012,-0.0015652,0.11357,-4.5505,1.6998,-31.144,1.0494,17.054,-1.6113,-16.41,0.0004059,0.018043,-0.0054385,-0.99984,0.00045976,0.0050518,0.011402,0.28425,-8.8649,0.51555,-34.281,-0.30681,21.205,-0.69305,-24.666
44.2,-0.0022434,-0.0099456,-0.013702,-1.0037,-0.003194,9.5937e-06,0.0032392,1.113,-5.0472,1.3852,-31.22,1.68,17.08,0.47623,-18.241,-0.012546,-0.014576,-0.011213,-0.99731,-0.0094036,0.0078496,-0.0022178,-1.6626,-7.0198,-2.1709,-33.952,0.67509,23.002,0.69588,-24.225
44.3,-0.005743,0.0060172,-0.019421,-1.0069,-0.00711,0.0041034,-0.0010332,-0.54168,-6.7245,-0.23658,-30.149,-0.46432,16.314,0.85699,-15.367,-0.0030752,-0.019997,0.0097026,-0.99318,0.0042779,-0.002124,0.0021408,-0.94324,-6.1223,-0.99988,-34.351,0.39271,21.832,0.028099,-23.031
44.4,0.0046772,0.0052711,-0.0093045,-1.0163,0.0001478,-0.0029512,-0.00070743,-1.835,-4.7207,-1.5943,-30.237,0.31137,17.053,0.84716,-16.674,-0.010628,0.013096,-0.0046314,-0.99956,-0.0023572,0.0079368,-0.003735,-0.083676,-6.7195,-1.6772,-36.305,2.7208,22.626,0.50519,-24.283
44.5,0.0040808,-0.0054665,0.0062804,-1.0068,0.0073472,-0.006714,-0.001199,-2.6353,-5.644,-1.4747,-30.864,-0.48484,16.26,0.45673,-16.258,0.0022264,0.0095194,0.0054328,-1.0149,-0.0098262,0.0021569,0.0064403,0.23893,-7.489,-0.46869,-36.03,-0.83804,23.325,-0.83569,-25.262
44.6,-0.00088245,-0.00078319,0.0073984,-0.99782,0.0012122,0.0043154,-0.010306,-0.057933,-6.2406,0.50465,-31.57,-0.45089,17.102,-0.38158,-19.1,0.0035261,0.004383,0.0007475,-1.005,0.0056442,0.0085518,0.0046389,2.4028,-7.7487,-0.4218,-34.243,-1.4966,21.428,0.47708,-23.36
44.7,0.0070427,0.005591,0.0045905,-0.98317,-0.0061212,0.0058908,-0.0077234,2.4278,-4.1393,-1.2804,-29.289,-1.4254,18.074,-0.79569,-18.106,0.019673,0.0060141,0.00028009,-1.0134,-0.0060865,-0.001666,0.00014888,-0.56627,-7.1212,-0.1157,-35.264,1.0408,21.059,1.165,-24.788
44.8,0.0062917,-0.0091692,-0.001925,-0.99648,-0.0059081,-0.0027384,-0.00076518,-1.522,-2.8622,-0.45451,-29.993,2.4558,17.286,1.3625,-15.36,-0.0017635,0.00088975,0.001623,-1.0036,-0.003124,-0.00029649,0.0050873,1.0666,-8.0603,0.2721,-34.654,0.87672,21.093,-1.3368,-25.795
44.9,-0.0082972,-0.00097602,-0.005674,-0.98567,-0.0087396,0.0030467,-0.0030552,-2.415,-6.1187,-0.66256,-31.406,2.1701,15.209,0.59553,-16.643,-0.0036214,-0.0029635,0.015464,-1.0035,-9.7101e-05,0.0061108,0.0024757,-0.22446,-7.1887,-0.28017,-33.402,-0.55155,20.797,-0.32518,-22.381
45,-0.00010896,0.0073879,0.0052289,-1.008,0.0037503,0.0049126,-0.0042619,-0.80784,-6.0874,0.17278,-31.373,-0.57825,19.419,-1.3197,-15.605,0.016324,-0.0070128,0.0048366,-0.99018,0.0051542,0.0067704,-0.0013325,1.0441,-9.6351,0.84207,-35.002,0.24623,22.88,1.0918,-23.05
45.1,0.004105,0.00021673,0.0066247,-0.98949,-0.011849,0.00096414,-0.0089463,-1.5987,-3.6117,1.6098,-33.559,-1.366,17.304,-0.43417,-15.922,-0.0070753,0.017792,-7.6819e-05,-0.99825,-0.0101,0.016594,-0.0031259,-2.0376,-8.1649,1.5808,-34.208,-0.4828,21.962,-1.6923,-23.138
45.2,-0.0020983,-0.0042019,0.013695,-0.98753,0.0026354,-0.0049221,0.003845,-0.15398,-4.3621,0.25112,-29.53,-0.91708,16.295,-0.0089582,-15.696,0.0061306,-0.0043588,-0.01179,-1.0021,-0.0079289,-0.007356,-0.0024106,1.412,-8.6295,0.55327,-34.521,-1.8364,21.908,-1.3147,-23.612
45.3,0.0020283,-0.00061898,-0.0043286,-1.0136,-0.0042525,-0.0020561,-0.0026319,-1.1673,-4.6027,-0.86959,-30.771,-0.44293,18.284,0.30521,-17.593,-0.011989,0.00090567,0.020364,-0.99154,-5.5005e-05,-0.0030697,-0.0095904,0.039067,-7.9165,1.2013,-34.879,-0.084019,23.689,0.79437,-23.304
45.4,-0.010837,-0.0063589,-0.018662,-1.0033,-0.0014644,-0.0022141,-0.0027111,0.12815,-6.0146,-2.5051,-32.179,-0.44402,18.781,-0.38905,-15.318,-0.0029747,0.0027077,-0.0097125,-1.0065,0.0022603,-0.0079035,-0.0046156,-0.26297,-5.2455,0.63814,-34.765,1.3939,22.886,0.58892,-24.168
45.5,0.018174,0.005963,-0.022625,-1.0081,-0.0012735,-0.0034019,0.002614,0.35865,-5.159,-1.496,-29.936,-0.62397,16.785,0.65316,-18.25,-0.0097203,-0.010308,0.0022972,-0.98863,0.00069629,0.0096429,-0.0069232,-1.3885,-8.181,0.52118,-36.424,0.40699,22.74,1.5636,-23.865
45.6,0.0024643,0.0095413,-0.0053268,-0.99012,0.0021336,0.011581,0.0058639,0.060301,-3.5426,-0.54722,-31.982,-0.16056,16.658,0.15934,-18.579,0.012485,0.016517,-0.013771,-0.99608,-0.0056863,0.0049246,-0.0049782,0.098513,-10.256,-0.44634,-35.687,-0.41876,21.723,-1.3346,-24.059
45.7,0.00411,-0.01023,-0.0028138,-0.99576,0.0080765,-0.0061076,0.0051676,-1.8876,-5.0373,-0.25406,-30.107,2.0199,17.421,-0.31164,-16.434,-0.01668,-0.013397,0.0048397,-0.99623,0.0022437,-0.0026115,-0.004174,-0.84175,-8.0067,0.86349,-35.281,-0.2408,21.942,0.98808,-21.37
45.8,0.020335,0.0079685,-0.0025777,-0.98983,-0.0054861,-0.0040863,-0.0036048,-0.016027,-5.2823,0.42972,-29.18,-0.061723,19.167,-0.19612,-17.303,-0.0027954,-0.0012443,0.0032086,-0.99207,-0.0054598,0.0049403,0.0021787,-0.5445,-7.4838,-0.448,-36.495,-1.7745,22.66,1.0534,-23.911
45.9,0.010933,-0.0052373,-0.004247,-1.0036,-0.002773,5.9895e-05,0.00058923,-0.0004198,-5.9276,0.24063,-31.069,-1.0543,18.187,-0.003806,-17.123,0.0042475,0.01255,0.0046806,-0.99749,0.0012029,-0.011066,0.00049954,-0.73519,-7.0669,0.57792,-35.853,0.098741,20.76,-0.75225,-25.887
46,-0.019582,-0.003411,-0.0025866,-0.99219,-0.0010942,0.0024181,0.00073855,0.17887,-4.6435,-1.3484,-31.1,-2.2904,15.262,-1.3798,-17.993,-0.0024627,-0.0097392,0.0011627,-1.0056,0.0038538,-0.00018711,0.0094878,-0.34472,-9.6381,-1.7182,-33.22,2.3075,21.913,1.524,-24.313
46.1,-0.016344,0.0047602,0.0036065,-1.0072,-0.0056831,0.0052178,0.0023892,0.33297,-4.0045,1.7294,-31.062,0.90049,17.189,-0.19619,-16.73,-0.019252,-0.0045462,-0.0057284,-1.015,0.0010158,-0.0015313,0.001813,1.1737,-8.7412,-0.18335,-36.573,1.711,21.665,0.15613,-23.296
46.2,0.0032907,-0.0022637,0.0094415,-0.98399,0.0038477,0.0044141,-0.0098752,-1.7748,-4.2552,-1.3505,-30.807,-0.57994,17.672,-0.2721,-16.195,-0.0088982,0.0021606,-0.0084856,-0.99036,-0.011336,-0.0083666,-0.0039274,-1.6793,-6.9326,-1.0043,-35.297,-0.4045,21.853,-0.67832,-23.209
46.3,-0.0066121,-0.01901,-0.013173,-0.99309,0.0021615,0.0053886,-0.0022453,1.8779,-4.7648,-0.42191,-30.643,0.53529,19.316,0.19136,-15.344,-0.011357,0.010912,-0.0072835,-1.0007,-0.0044511,-0.0020332,0.00078971,-0.36259,-7.4161,2.7845,-35.006,0.33966,22.854,0.90501,-24.822
46.4,0.01332,0.014836,0.0020776,-1.0021,0.0012423,0.0029641,0.0037562,1.0077,-3.878,-1.3775,-29.795,1.0682,15.748,-1.078,-17.281,-0.011812,0.012214,-0.012973,-0.99588,0.0015756,0.0028102,-0.0012894,-0.65417,-6.5873,-0.70505,-35.052,-0.16705,23.22,1.2069,-22.792
46.5,-0.020165,0.019357,0.020092,-0.9832,-0.0097994,-0.0061839,0.0058616,0.946,-3.3145,-0.64912,-31.03,1.3126,18.212,-1.481,-16.787,-0.0078335,0.0072494,-0.010525,-0.9973,-0.0056568,-0.0020473,-0.0025092,-0.79239,-6.7593,-0.13137,-36.829,-0.75975,21.95,0.66325,-24.526
46.6,-0.0098689,0.012378,0.0065005,-0.98799,-0.014955,-0.0029599,0.0030992,-1.2397,-3.1885,-0.015283,-29.375,0.95665,18.283,1.3974,-17.042,-0.0031277,-0.0039614,-0.00032638,-0.97674,0.0039009,0.0094989,0.0053555,-0.11621,-8.8072,-1.6981,-35.183,-1.577,21.455,-1.9841,-22.983
46.7,0.0061123,0.0046322,-0.00087873,-1.0214,0.00098454,0.0030503,-0.0011209,-0.41652,-2.9238,-0.25147,-30.725,1.2772,17.702,0.35358,-16.008,-0.0047536,-0.0048644,0.0041129,-0.98922,-0.0074561,0.0071494,0.0036712,2.9917,-6.3636,0.50217,-34.104,-0.84241,22.588,-0.90738,-23.455
46.8,0.011938,-0.0091574,0.0066695,-1.001,0.0043106,-0.003232,0.0025856,-1.0019,-2.8738,-1.0293,-31.615,1.9701,16.83,1.511,-15.706,0.0019974,-0.015294,-0.0037671,-0.99773,0.0021921,0.0011657,0.0030684,-0.076298,-9.0985,-0.64435,-33.204,1.9113,22.098,-0.16274,-22.432
46.9,0.021318,0.0049642,-0.0030016,-1.0039,-0.0011944,0.0090234,-0.00042741,0.4551,-5.1594,0.1502,-30.899,0.089894,17.912,0.23526,-15.254,0.015475,-0.00080282,0.00021252,-0.9946,0.0071341,0.00020477,-0.0012664,-1.1572,-5.9978,-1.0186,-37.164,0.77161,21.082,0.31347,-22.901
47,-0.0081338,-0.0064972,-0.001262,-0.99238,-0.0021999,0.0056513,-0.0065545,1.0791,-5.0106,-1.0854,-31.02,-0.95691,18.168,-1.6279,-16.563,-0.00049645,0.012616,-0.0077011,-1.004,-0.0024821,0.0064789,0.0095177,-2.0326,-6.6438,0.36856,-34.726,0.44948,22.117,-0.19942,-21.662
47.1,0.0021164,-0.0039525,-0.0042329,-1.0091,0.00091448,-0.00021024,-0.0021862,0.4164,-6.4504,1.2214,-30.469,-0.166,16.184,-1.1817,-15.388,0.0037481,0.012742,0.010606,-0.99929,0.00031911,0.001241,-0.0038932,0.76444,-6.0971,1.092,-34.898,1.1518,23.249,-0.67699,-23.557
47.2,0.0053958,0.0081567,-0.011262,-0.99867,-0.0028963,-0.0042602,0.0019838,-0.082554,-5.0008,1.1242,-30.234,1.2697,18.068,-1.7775,-17.416,-0.0038252,0.0060044,0.023146,-0.99558,0.0018533,-0.00046886,-0.0059326,0.46688,-6.871,0.59411,-34.284,-0.20051,21.811,-0.27552,-22.381
47.3,0.0079882,-0.0075008,0.0074551,-1.0032,-0.005322,0.0015452,-0.0035283,-1.6073,-4.1309,-2.0291,-30.939,0.69517,16.59,0.82159,-15.963,-0.027096,-0.016719,0.0018857,-0.99434,0.0047745,-0.0011564,-0.0071673,-0.32101,-6.2472,-2.4589,-35.079,0.80899,21.455,-0.31966,-23.995
47.4,-0.030313,0.032604,0.0058656,-1.0109,-2.9535e-05,0.0013344,-0.0026851,-0.80894,-3.5504,0.79718,-31.386,2.051,16.911,-0.24424,-18.45,-0.0039724,5.9002e-05,0.0073901,-0.99647,0.0042217,0.0078876,-0.0042322,-0.67175,-7.7452,-1.1789,-36.258,-0.27718,22.197,0.96857,-24.192
47.5,-0.0017882,-0.003779,-0.0021179,-1.0174,0.0028065,0.0018537,0.0013795,1.477,-3.2023,-0.59325,-32.147,2.1996,17.95,-0.074406,-17.375,-0.003834,0.0024197,0.01715,-0.9861,-0.005097,-0.0033428,0.0020554,0.41777,-9.3269,-0.85295,-34.914,1.3818,20.414,0.90004,-23.02
47.6,0.0093392,0.013154,0.013522,-0.9915,-0.0072218,-0.0021227,-0.0020438,1.5444,-5.8347,1.3637,-31.696,-0.65561,17.853,-1.2368,-17.803,-0.0078242,-0.0021716,-0.0087873,-1.0148,-0.0052305,0.00065977,0.0017529,0.16606,-8.1065,-1.5906,-35.967,0.64858,20.354,-1.4579,-20.728
47.7,-0.0091146,-0.011629,0.004291,-1.0035,0.0055231,0.0034937,-0.00086709,0.43311,-3.9908,-0.16694,-28.935,0.25055,18.151,0.89278,-16.309,7.871e-05,0.014262,-0.0023331,-0.98971,0.00075295,-0.004451,0.0054457,-0.39418,-6.6499,-0.48719,-35.737,-0.12458,20.039,-1.7979,-21.884
47.8,0.0099549,0.013631,-0.011023,-1.0015,-0.00072822,0.0019214,0.0021771,0.04958,-6.3021,0.052245,-32.738,0.29704,16.9,0.11838,-18.193,0.0053599,0.0052483,-0.0031849,-1.0035,-0.00049527,0.0086162,-0.0065158,0.99696,-6.4566,0.70618,-35.849,-0.75526,21.831,-0.48554,-22.271
47.9,0.0017926,-0.0090663,-0.0032548,-1.0039,-0.006939,0.005222,-0.011907,-1.1912,-5.2355,0.86613,-30.045,-0.45518,20.221,-1.8038,-14.907,-0.0068175,0.006619,-0.014432,-1.0031,-0.0020457,0.0070543,-0.0011067,-1.3167,-8.5373,-0.25422,-35.113,2.1271,20.856,-0.009723,-21.322
48,0.0011506,-0.012171,0.005827,-1.0049,0.0054499,-0.0066124,0.0086857,1.2788,-6.2308,2.0776,-31.061,-0.47391,17.409,-1.2768,-19.184,0.013071,0.0036705,0.0030264,-0.99608,0.0065871,0.0009203,0.00064714,-0.1494,-6.4742,-0.96826,-34.42,0.6804,22.882,1.6423,-24.255
48.1,-0.0096635,-0.01393,-0.0055351,-1.0062,-0.0068027,-0.0022948,0.0041174,0.21604,-5.2786,-0.33306,-32.571,-1.5949,19.138,0.89509,-17.319,-0.0097958,0.020191,-0.0058795,-1.002,0.00090447,0.0061555,-0.00039549,1.2114,-9.4962,-0.075744,-34.338,2.3782,21.195,0.81088,-21.057
48.2,-0.013858,0.013212,-0.0080802,-1.0007,0.0085509,-0.010341,-0.0065261,-1.6161,-4.1465,-1.4286,-32.91,0.024231,17.503,1.0026,-16.192,-0.01151,-0.010495,0.013849,-0.97767,-0.0067692,-0.0068986,-0.0009685,0.66029,-8.16,-0.12471,-34.875,0.62096,22.327,1.2682,-22.686
48.3,-0.00066075,0.0020707,-0.0056816,-1.0192,-0.0065839,0.0021662,-0.0069802,0.046764,-4.3851,-0.45253,-30.807,-1.1118,16.732,-1.7151,-17.525,0.0038854,0.0010599,0.0078028,-0.98814,0.0031302,-0.003051,-0.0016341,-0.069045,-5.091,0.7714,-36.802,-0.23294,21.759,1.0604,-22.502
48.4,0.010247,-0.0043162,0.0053005,-1.0062,-0.001054,0.0074598,-0.000161,0.52708,-3.6151,1.5617,-33.062,0.025009,18.561,-2.5506,-16.281,0.0083735,0.00038218,-0.0090681,-1.0076,-0.001852,-0.0080431,-0.00049594,-1.1586,-7.0312,-0.76563,-35.626,1.0016,20.435,-1.7153,-23.893
48.5,-0.020066,-0.02093,0.0030547,-1.0022,0.0043263,0.00039405,0.00038135,-0.26007,-4.2748,-1.6526,-31.58,-0.20349,17.005,-0.59356,-17.301,-0.028336,0.013471,0.016673,-0.99837,-0.0080184,-0.0019929,0.0018759,-1.4061,-6.8901,-1.8764,-36.813,0.34337,22.513,1.5783,-22.145
48.6,-0.0068003,-0.01051,0.0095479,-1.0081,-0.0016501,0.0040665,-0.0043096,-2.4903,-5.3237,-0.014838,-34.318,0.60559,18.07,1.6151,-16.272,-0.0091721,-0.0069746,-0.00085044,-0.98531,0.0028609,0.0046171,8.9709e-05,0.76456,-7.3604,-1.5186,-36.052,-0.14703,19.864,2.2675,-21.534
48.7,-0.00031642,-0.00079989,0.011231,-1.0022,-0.00022873,-0.010392,0.0029599,-0.95944,-6.1734,-1.1636,-31.674,-1.3664,17.269,1.2908,-15.753,0.0077426,-0.0015598,-0.014664,-0.98925,0.0017771,-0.00045158,-0.00049398,1.5011,-7.5924,0.3179,-36.161,-0.77934,21.237,-0.87147,-23.114
48.8,-0.0023053,0.0032926,-0.0040292,-0.99559,0.00095364,0.0040175,-0.0088697,-0.98784,-4.009,0.73861,-31.538,-1.4278,17.594,-1.5459,-18.221,0.016823,0.016675,-0.0063319,-0.9909,-0.0064036,0.0015698,-0.0034797,0.49927,-6.9333,1.579,-33.929,-3.3157,22.367,-1.2984,-22.268
48.9,0.020273,-0.00087865,-0.011345,-0.99967,0.00082726,0.0017305,-0.0027743,-0.066094,-4.8692,1.3784,-32.292,-1.0025,18.909,2.5479,-15.362,0.0067874,0.004365,0.00032039,-0.99841,0.0014394,-0.0041638,0.0022587,0.37136,-7.5377,-1.2927,-33.728,-0.1669,20.428,1.4994,-22.747
49,-0.0053282,0.018177,-0.00047653,-0.99866,-0.006939,0.0073399,0.0052759,-0.65712,-4.1429,0.080863,-30.638,0.96068,18.684,-0.27113,-16.38,-0.00022616,-0.004381,0.013264,-1.0224,0.0028253,0.0025449,-0.0017738,-0.63948,-7.5288,1.2632,-34.384,0.15806,20.016,-0.25709,-22.255
49.1,-0.00039172,-0.0060371,0.0018869,-1.0095,0.0028173,-0.0063783,-0.00091201,0.10478,-4.0207,0.18728,-30.732,-1.0702,19.419,-0.049104,-17.463,0.0099496,-0.0072472,-0.0087515,-0.99921,-0.0011145,-0.0035314,0.0091262,-1.3459,-7.628,-1.0813,-35.837,-0.48689,22.53,0.052283,-21.985
49.2,-0.0029482,0.0045194,-0.0063728,-1.0002,-0.0054812,-0.0061248,-0.0012639,-2.1377,-4.3068,-1.7204,-32,0.1246,19.314,0.98496,-15.722,0.010509,0.0094316,-0.006153,-0.99541,0.00065752,-0.0038036,0.002389,-1.2901,-5.2641,-0.068533,-35.282,0.41642,22.357,-0.89639,-22.801
49.3,-0.0088697,-0.0015178,0.001455,-0.99778,0.0049093,0.0058646,0.011579,1.3508,-4.1567,-0.81404,-32.345,0.54714,16.973,-1.2988,-17.208,-0.0051174,-0.0061773,-0.0075231,-0.99646,0.00018594,-0.0095121,-0.0049288,0.91197,-7.4818,1.5171,-34.395,0.17584,20.383,-0.78415,-21.602
49.4,0.024979,0.0083514,-0.0088811,-1.0013,0.013307,-0.00068116,0.00019402,-0.40429,-5.8929,1.1887,-32.439,0.60318,18.03,0.10807,-16.824,-0.0076317,0.012325,0.011709,-0.99665,0.0014154,0.0013992,0.00083251,-0.82879,-7.3897,0.95892,-37.56,-0.59522,21.998,-0.1283,-22.521
49.5,0.0090861,0.0051716,0.0026593,-0.98354,-0.0018729,0.0061902,-0.005533,1.2009,-3.7133,1.0045,-33.033,-0.48877,17.678,1.6828,-17.108,-0.0026351,-0.015236,-0.0089355,-1.0009,0.00061839,-0.0037691,-0.0086549,-1.1888,-7.0225,1.0422,-35.731,0.74916,22.594,-0.93664,-22.081
49.6,0.0019076,0.0017894,-0.011882,-1.0103,0.0075409,-0.0022142,-0.0036591,-2.0462,-3.0789,-0.81372,-30.484,1.2206,19.049,0.39067,-16.673,0.0032494,-0.00054996,0.00012107,-0.99823,0.0040234,0.00027884,0.0050687,0.61056,-7.2003,1.0821,-36.268,1.2516,22.314,0.14086,-22.39
49.7,0.021368,0.014793,-0.0017675,-1.0055,-0.0018759,-0.0028447,-0.0038461,-0.81627,-3.838,-0.61327,-32.527,0.21329,18.663,0.37804,-16.153,-0.025017,-0.010522,-0.0035552,-0.9913,0.001237,-0.0049296,0.00012108,-1.0109,-9.4614,0.24308,-35.791,-0.28363,22.112,0.80983,-21.059
49.8,0.012402,0.009445,-0.0060291,-1.0091,-0.00031511,0.0028685,0.010813,-0.32879,-5.3478,-2.4788,-30.298,-0.6499,19.046,-1.4878,-17.459,0.02433,0.0073203,-0.011889,-1.0044,0.0022711,0.0058761,0.0010133,0.25603,-5.9455,-1.1064,-35.907,-0.9885,21.457,-0.65674,-22.244
49.9,0.0085342,-0.0079046,-0.015976,-0.99306,0.0066958,-0.0092036,-0.0063684,-0.75978,-3.8424,-1.5759,-31.879,0.28739,17.395,1.8521,-17.522,0.00093161,-0.01473,-0.0021559,-0.99442,-0.0075372,0.00039392,0.0041232,-2.4709,-6.5854,-1.4467,-36.515,-0.82154,22.966,0.046315,-23.406
50,0.027609,-0.009117,-0.0066427,-0.99844,-0.0012927,-0.0025521,0.013728,-0.48941,-2.4714,0.8182,-31.565,0.94679,17.885,0.60616,-17.417,-0.0061457,-0.010092,-0.0049243,-1.0041,-0.0049906,0.0012469,-0.0032394,-0.12897,-6.4462,-1.8474,-35.168,3.0883,22.325,-0.65621,-23.132
50.1,-0.0058718,-0.0056491,-0.016692,-1.0095,0.0041981,-0.0059781,-0.0020348,-1.1806,-3.5886,-2.0057,-31.637,-0.9593,17.859,-0.258,-15.519,0.0031408,-0.0025204,-0.006092,-0.99675,-0.0024721,-0.00019134,-0.0024576,-0.47965,-8.4379,0.020998,-36.413,0.23687,22.39,-0.35873,-23.12
50.2,-0.011462,0.00037005,-0.0085937,-1.0211,0.0082965,-2.9585e-05,0.0022861,2.2587,-6.638,-1.5538,-33.162,1.8339,18.134,1.7658,-15.846,-0.015061,0.0071549,-0.022604,-1.0155,0.0010648,-0.010028,0.00043106,-0.45776,-5.4448,-0.39734,-35.545,-2.6059,23.489,-1.3568,-22.516
50.3,0.011146,-0.0040504,0.0038538,-0.99091,-0.0030461,0.0027104,-0.0026087,-0.20569,-4.7832,0.32525,-31.087,-0.28528,18.406,-1.3277,-15.444,0.013701,-0.017474,0.032709,-0.98843,-0.0083505,0.0054446,-0.0024374,-0.9664,-8.255,-0.49032,-36.458,0.88659,23.487,-0.58651,-23.287
50.4,0.029293,0.0011608,-0.0046106,-1.0038,-0.004101,0.0010216,0.00073654,-0.6032,-4.2817,2.0434,-32.617,-2.0104,17.315,-2.8642,-15.999,0.018025,-0.010627,-0.002224,-0.99269,-0.0041114,0.0051639,0.0012866,-0.15854,-6.5347,-0.19655,-36.416,0.26389,22.864,-0.81105,-22.13
50.5,0.0044194,-0.0016681,-0.01728,-1.0007,0.0057552,0.00093317,-0.0024971,0.10885,-3.8685,-1.1539,-31.699,-0.75408,15.956,-1.0338,-17.43,0.011973,-0.012609,-0.001147,-1.009,0.0061429,0.011347,-0.0009975,1.3113,-5.5297,0.080242,-36.149,1.1191,19.508,0.47468,-20.488
50.6,-0.0008783,-0.0085897,-0.015907,-0.9872,-0.0045673,0.0017267,0.011648,-0.30602,-5.044,-1.2753,-32.755,-0.51893,19.053,1.214,-15.676,0.0094451,0.0010214,-0.0043355,-0.96451,-0.0045317,0.0024502,-0.0010988,1.2918,-6.6994,-0.23481,-36.296,-0.38767,23.211,0.17753,-23.296
50.7,0.00054494,-0.005377,-0.017786,-0.99765,-0.0037957,0.0010367,-0.0067758,-0.066622,-4.6108,0.22203,-32.696,-0.92848,20.245,1.4254,-16.704,-0.0024293,0.0032311,0.014518,-1.0112,0.0073232,-0.0030297,-0.0014011,0.58994,-6.0322,0.89479,-36.276,-0.099441,21.702,-1.8278,-21.524
50.8,-0.0033375,-0.0074489,-0.0081732,-1.007,-0.0060438,0.00029869,0.0003781,0.4555,-4.4104,-0.46583,-32.727,-0.66828,16.488,-1.9222,-16.946,0.00047479,-0.00062625,-0.0011518,-1.0003,-0.0018377,0.0061704,0.007858,-0.38613,-7.8376,1.3219,-36.749,-0.19464,21.289,-0.96195,-23.513
50.9,0.0019296,-0.014561,-0.010811,-0.9979,0.0071551,-0.0063566,-0.00048621,0.23605,-4.3973,1.511,-33.021,-1.2519,16.815,-0.64893,-16.405,-0.00012993,0.0065135,-0.011238,-0.99849,0.0050939,-0.0036959,-0.008035,-1.4084,-5.157,0.49395,-35.25,1.8872,18.821,-1.1612,-20.714
51,0.00017917,-0.0018923,0.004352,-0.99296,0.0025492,0.0094802,-0.00058933,0.1931,-5.0115,1.0942,-30.772,-0.64295,18.788,-1.1843,-14.006,-0.023546,-0.01087,0.00046305,-1.0129,-0.0030541,0.013166,0.00082051,0.61157,-9.0366,-1.2069,-36.525,1.0672,18.91,-1.2359,-22.24
51.1,-0.0062113,0.0020467,9.9248e-05,-1.0105,0.0043186,-0.0086238,0.0016241,1.2367,-2.82,-0.46146,-30.166,0.63053,17.751,1.4469,-16.515,0.0014322,0.014719,-0.013444,-1.0123,-0.008496,0.0059993,6.1815e-05,1.3185,-7.6779,1.3588,-35.299,-3.1212,21.287,-1.1102,-19.995
51.2,0.0066602,-0.018409,0.0088602,-0.99683,0.0026353,0.00026356,0.0026506,1.6241,-6.0078,-0.2284,-33.29,-0.27641,17.637,-0.90301,-16.078,-0.011756,0.012279,-0.021245,-0.988,0.0052232,0.0025161,0.00052404,0.03957,-6.1777,0.14008,-36.065,-0.82084,20.963,-0.83422,-21.37
51.3,-0.0036089,-0.0056808,-0.0022037,-1.0013,-0.0075519,-0.0014186,0.007967,-2.4438,-7.0515,-1.6323,-33.454,1.7975,18.179,0.72321,-14.981,0.0048988,-0.0027236,-0.0094732,-0.99545,0.0064896,-0.0036618,0.0012457,-0.76314,-7.7211,-1.6439,-35.899,0.57029,20.982,-0.044255,-22.436
51.4,0.014827,0.0027702,-0.0028502,-1.0035,0.011785,0.0088909,0.001054,0.48769,-5.5441,-0.20439,-33.198,0.56337,17.497,-0.68415,-14.738,-0.0019846,0.0045967,-0.0054595,-0.99763,0.0013514,-0.0069365,0.00067729,-1.4349,-6.4538,0.0093939,-36.625,0.070422,21.988,1.6613,-21.681
51.5,-0.0073966,-0.0088281,-0.013167,-1.004,-0.00081019,0.0048004,0.00076087,0.62437,-4.693,-0.85534,-33.126,-0.12821,17.915,-0.29815,-16.373,-0.009417,0.00082332,0.0012948,-1.0033,0.0043297,-0.00037828,0.0051205,-0.99582,-5.9275,-0.11709,-36.318,1.2723,21.729,1.0543,-21.765
51.6,-0.010529,-0.0071663,0.0013341,-1.0214,0.0030726,-0.0038384,-0.0027881,1.3611,-5.2634,1.6863,-32.145,1.0225,19.173,-0.18763,-16.229,-0.0051419,0.00012506,0.0077715,-1.0068,0.0055142,-0.0078397,0.0090783,0.23026,-7.7099,0.78271,-37.583,-2.0701,20.976,-2.1512,-20.783
51.7,0.0053301,-0.0071331,0.011631,-0.99755,-0.0029834,-0.001725,0.011988,0.010694,-4.1115,0.17048,-32.645,1.0782,17.458,0.80511,-16.947,0.0026499,-0.014474,-0.011016,-1.0057,0.0048639,-0.001738,0.0038234,1.2777,-7.2417,3.0195,-35.286,0.067882,21.239,-0.15837,-22.31
51.8,-0.012654,-0.0030317,-0.0025069,-1.0043,0.0028319,0.0033576,0.0055828,0.19545,-3.4331,0.35629,-32.848,-0.19993,18.989,-0.33639,-17.728,-0.01126,-0.017168,-0.0066789,-0.99781,-4.4936e-05,-0.011033,0.0047103,-1.4404,-7.0148,2.2254,-36.392,-1.3752,22.392,0.84429,-23.074
51.9,0.0063128,-0.0067253,-0.0056105,-0.99455,-0.0063084,-0.00042504,0.0053771,-1.3388,-5.2421,-1.3277,-34.748,0.97339,18.03,-0.69113,-15.392,-0.019186,0.0084759,0.0074521,-0.99933,-0.011749,-0.0036311,-0.00023391,-3.1657,-8.4052,0.14856,-36.954,-0.070786,20.616,-0.83967,-23.333
52,0.012032,0.010249,-0.0091719,-1.0087,-0.00086542,-0.0015509,0.00057053,0.32092,-5.4895,-0.89921,-36.426,-0.42834,18.88,-1.1239,-17.08,0.002671,0.0026393,-0.0092811,-0.99608,-0.0030425,0.0034273,0.004998,-1.9156,-7.6334,0.8492,-36.283,0.48873,22,0.85174,-21.162
52.1,-0.0057853,0.0045727,-0.0063201,-0.99265,-0.00032237,-0.0041163,-0.0086919,-0.074745,-3.3547,2.3923,-32.706,-3.0854,17.983,-1.8318,-17.334,-0.0046397,-0.0077857,0.00019381,-0.98474,-0.0010631,-0.0045935,0.0092687,1.3168,-6.1104,-0.5141,-36.885,0.59725,20.027,-0.47511,-20.95
52.2,0.017343,0.0071957,0.020295,-0.99581,0.0024335,-0.0007804,-0.0044563,0.9971,-3.9696,0.045009,-33.356,0.48666,16.468,-0.31699,-18.308,0.016401,0.0018139,0.013677,-1.0006,5.6844e-05,0.0027454,-0.0020988,1.1989,-5.8836,-0.15215,-36.573,-0.30376,21.117,-0.60102,-21.732
52.3,0.012453,-0.0062935,0.01347,-0.98729,-0.0020707,-0.0073214,0.0020238,-0.53217,-3.7913,-0.51821,-32.588,-0.6194,19.58,2.1599,-16.679,-0.0033661,-0.0016358,0.0042858,-1.0128,0.0051729,0.0017796,0.00076154,-0.66852,-5.3664,-0.082159,-35.806,-0.36321,22.486,-1.8368,-22.191
52.4,-0.0020883,0.0035708,-0.00044321,-1.0002,0.0041193,0.0013065,0.0030436,0.50406,-3.6264,-0.26206,-33.013,0.12501,20.605,-0.61443,-18.435,-0.0014887,-0.01478,-0.011122,-0.98693,0.0019597,-0.0021247,-0.004593,-2.1654,-7.1909,1.842,-36.561,-0.1951,19.59,-0.6865,-21.811
52.5,0.009641,-0.014754,-0.0057668,-1.0031,-0.0016603,0.0085247,0.0021766,-0.80434,-5.6936,-2.1968,-34.875,1.2992,19.536,0.47855,-16.021,0.007272,0.0037752,-0.0059159,-1.0045,0.011201,-0.002816,-0.0022252,0.40315,-6.516,-0.6641,-36.689,0.65585,20.098,1.5387,-22.132
52.6,0.0075986,-0.0048196,0.0038067,-1.0063,-0.0015365,0.00038371,0.0028983,0.070393,-5.8092,-0.12548,-33.168,-1.1537,18.636,-1.4954,-17.87,0.0020124,-0.010343,-0.00010275,-0.99603,-0.0007974,-0.0014778,-0.0045406,-1.0171,-5.9237,-1.4421,-36.843,-0.02455,20.469,1.0502,-21.466
52.7,-0.0018372,0.0090717,0.014412,-1.0039,-0.0026275,-0.00085276,-0.0025239,-0.67696,-4.3312,-0.37514,-33.974,0.070516,19.155,-1.5403,-17.693,-0.00071455,-0.0026299,-0.0080755,-0.98701,-0.00098451,-0.0026154,-0.0014394,-0.70642,-7.33,0.30641,-35.48,-0.63046,22.59,1.0629,-22.13
52.8,0.0038146,-0.0075736,-0.012619,-0.99646,0.001432,0.00051608,0.0010306,-1.0108,-5.7361,0.14884,-33.31,-1.1695,17.968,-1.3459,-18.104,0.0014581,-0.01398,-0.010248,-1.0007,-0.0080522,-0.00036714,-0.00016163,0.37278,-7.2546,1.6652,-36.015,-1.5359,20.689,0.58791,-21.328
52.9,0.0031296,0.0012686,-0.0073381,-1.0114,-0.00576,0.00089425,0.00067572,0.61509,-3.7102,0.77338,-32.296,0.94624,19.616,-0.012257,-17.573,-0.011664,0.0057483,0.0019816,-0.99576,-0.0054055,-0.0052748,-0.0057341,-0.95194,-6.5551,-0.4919,-37.073,-0.25569,20.891,-0.69638,-21.179
53,0.0059222,-0.0059849,0.0060586,-1.008,0.0019404,0.004091,0.0013612,-0.081948,-5.8064,-0.51417,-34.303,-0.32348,18.325,0.59041,-17.004,0.0043426,0.01144,0.0023718,-0.98413,-0.0055182,0.0055368,0.012816,-0.84456,-6.4381,0.28242,-37.068,0.14142,21,2.8708,-22.059
53.1,-0.0074674,-0.0094323,0.0088778,-0.99445,0.0041889,0.009811,0.00038035,-0.8407,-5.8714,-0.91638,-35.601,0.087482,18.742,-0.50984,-15.473,-0.0073604,0.000512,0.0045588,-0.99164,0.0071034,0.0035291,0.0051418,-2.7583,-7.1481,-0.26758,-38.614,0.39465,19.375,2.076,-21.834
53.2,-0.0086275,-0.0021247,-0.0038087,-0.99048,-0.0043846,0.00038487,0.0010056,2.377,-3.2915,-1.5198,-34.038,-1.8954,19.253,-0.1688,-16.679,-0.017528,0.0068921,-0.0020998,-0.99777,-0.00079899,-8.8553e-05,0.0042161,-0.10832,-6.0171,-0.822,-37.828,2.0698,19.883,0.34931,-21.041
53.3,-0.0041812,-0.0081915,0.015814,-0.99725,0.00030103,0.0062442,-0.0049796,0.54731,-2.4887,-1.2385,-33.48,0.59229,20.608,-1.5423,-17.511,0.0055216,-0.010217,-0.0093706,-1.0055,0.0049852,-0.0023442,0.0017055,-1.1343,-5.7007,0.88963,-37.588,-0.7744,23.119,-1.5322,-21
53.4,-0.017458,-0.00607,0.0065045,-1.0102,-0.00029479,-0.00082749,-0.00024058,-0.19237,-4.0741,-1.7456,-33.883,0.017328,18.155,-0.26583,-17.418,0.00042064,0.0035779,-0.013544,-0.99351,0.0052554,0.0016827,0.0014791,-0.57742,-7.5755,1.5322,-36.43,-1.1727,20.259,-0.22042,-21.431
53.5,-0.0096816,-0.0073235,1.4368e-06,-0.98605,-0.013035,0.00038745,-0.00064695,-0.84144,-4.2417,0.25206,-34.465,1.53,18.762,-0.54748,-18.113,0.0076252,0.0065811,-0.0032338,-1.0087,0.00038943,0.0017469,-0.0027829,-2.2176,-5.0912,0.80595,-35.623,-0.13984,20.493,-0.038675,-20.802
53.6,0.015552,-0.0010707,0.0019365,-1.0122,0.0033006,-0.0036115,-0.00526,-1.7578,-4.4961,-2.0473,-32.378,0.62934,19.604,2.4379,-16.706,-0.011166,-0.0013637,-0.0057564,-0.99706,0.0064287,0.0024666,-0.0065762,0.46499,-6.2089,0.39699,-34.074,1.6406,21.87,2.2364,-20.742
53.7,0.0028431,0.014732,-0.00053604,-0.9844,0.0050915,0.0046114,0.0025561,0.10039,-5.3543,0.73866,-33.417,-0.51396,18.498,-0.79805,-18.777,-0.00034527,0.0063804,-0.0049379,-1.0143,0.004943,-0.0032621,0.0035539,-0.90794,-6.759,-0.39767,-37.917,1.054,22.076,-0.031476,-21.411
53.8,0.0019167,-0.016745,-0.011572,-1.0148,-0.0017806,0.0017766,-0.0038236,1.3618,-6.4605,0.24596,-34.429,-1.913,17.762,-0.76511,-17.456,-0.007479,-0.0092597,-0.0021778,-0.9734,-0.0080168,-0.009137,-0.0011159,-0.7077,-6.6498,0.10276,-37.711,-0.93608,23.053,-0.26369,-21.036
53.9,-0.019503,-0.0057133,0.0017152,-1.0049,0.0052836,0.013317,0.00057763,1.1728,-4.3929,0.58393,-33.802,0.42265,17.855,-0.44476,-17.247,-0.01506,-0.0065084,-0.01465,-0.99512,0.0038966,0.01193,0.0003394,-1.2538,-3.9997,-1.7702,-37.924,-0.30453,20.488,-1.436,-23.851
54,-0.0082742,0.015732,0.016374,-1.0026,0.0092862,0.0047841,-0.00024873,-0.12324,-4.7222,0.20185,-33.019,1.0742,18.577,1.8013,-17.116,-0.0063407,0.016956,0.013151,-0.9901,-0.0040877,-0.0017815,0.00049607,-0.7127,-5.5305,-2.5295,-37.799,-0.50971,21.85,0.049599,-19.736
54.1,-0.002683,-0.0086924,0.0030505,-1.0013,0.0036039,0.0014659,-0.0042423,-1.8825,-3.8284,-1.4105,-34.99,2.3947,16.912,0.26369,-18.675,0.0039682,0.011406,0.0084954,-1.0061,0.0054267,0.0076786,0.0042744,-1.4885,-5.2779,2.2215,-33.883,1.1095,21.841,-0.61603,-19.9
54.2,-0.0044254,0.00092312,0.0037205,-1.0084,-0.0082347,-0.0065513,-0.0037633,0.29941,-5.0665,0.58967,-36.154,0.47962,19.694,0.77025,-16.525,0.021897,-0.0016004,-0.0010103,-1.012,0.00020614,0.00086409,-0.012642,0.27923,-8.8234,0.4046,-38.09,0.011539,20.41,0.64348,-21.126
54.3,0.00898,-0.012319,-0.008875,-1.0005,0.0010215,-0.0082955,-0.0048247,0.50882,-2.4792,0.62462,-35.233,-0.19031,18.415,-0.036457,-17.023,0.018922,0.0064541,-0.002878,-0.99651,0.0035952,0.00017711,-0.0027458,1.0836,-6.0911,-0.05996,-38.139,0.49812,21.346,0.61526,-21.735
54.4,-0.0012605,0.0017597,-0.013829,-0.99872,0.0071453,0.0020411,0.0048667,-1.4321,-5.0772,0.4376,-35.226,-1.9705,19.962,-0.6452,-17.732,0.0086032,-0.0032723,0.0075015,-0.9985,-0.0056394,-0.00060236,-0.00056138,0.2702,-5.7567,-0.66076,-35.836,1.3287,22.122,0.095123,-21.831
54.5,0.018915,0.0031894,-0.0049999,-0.99507,-0.0047272,0.003004,0.0011578,-3.6355,-3.2535,0.42153,-36.213,-0.71738,18.934,0.33992,-15.363,-0.0045113,-0.0072271,0.0097553,-0.99282,0.004357,0.0025933,-0.0049495,-0.73998,-4.8192,-2.1792,-37.073,1.0591,21.389,0.18643,-20.349
54.6,-0.012614,-0.02223,0.0060464,-0.99527,-0.0034811,-0.0086626,-0.0031642,-0.048136,-4.3035,-2.3635,-33.957,-0.25454,18.783,1.9457,-18.435,0.0071542,-0.0085555,-0.0051162,-0.99528,-0.002533,-0.0064247,0.0024811,0.14399,-4.2058,-1.5776,-36.071,-0.55198,21.66,0.42481,-20.283
54.7,-0.0046338,-0.011774,-0.0053413,-0.98736,-0.0027757,0.0032403,-0.003245,-2.1821,-3.2465,-0.22342,-35.773,-2.2281,19.937,-1.2255,-17.212,0.014468,-0.0030818,0.0064425,-0.97946,0.0053132,-0.0019487,0.0030806,0.45187,-5.7096,-1.9227,-35.818,0.20211,21.918,0.34697,-22.02
54.8,-0.0058214,-0.0049153,0.008097,-0.9981,-0.0016987,0.0040119,-0.0004725,0.52124,-3.7189,1.7035,-33.894,-2.8608,17.082,-1.6889,-16.186,0.0098533,-0.025254,-0.0023555,-0.99606,0.005331,-0.00012796,-0.0051083,1.8841,-5.5829,0.64895,-37.975,0.57218,21.409,-1.1291,-20.903
54.9,0.0035117,0.011022,0.00058647,-0.99572,0.0065897,-0.00016487,0.0062967,1.4839,-4.4843,1.5277,-34.491,1.0267,16.953,0.32745,-15.657,0.014188,0.0023341,-0.0029426,-1.0036,0.0021771,-0.0023139,0.0060063,-0.61393,-6.1415,1.7747,-35.391,0.25522,19.944,-0.17708,-19.792
55,-0.0060463,-0.014131,0.014776,-0.98262,0.011451,0.0089435,0.0092457,-2.0859,-4.0336,-0.89425,-32.49,-0.39006,17.547,-0.1445,-15.186,-0.006881,0.0099106,-0.0067135,-0.98126,-0.003555,0.0007648,-0.0028996,-1.8819,-6.4968,1.1678,-38.665,0.88844,20.501,-0.11065,-21.694
55.1,-0.0039599,-0.0010405,-0.0024958,-1.0039,0.0017628,0.0023416,0.010567,-0.10277,-5.0313,-2.517,-36.173,0.55012,19.202,-2.1264,-15.694,0.0089483,-0.009347,-0.0069049,-1.0087,-0.0066061,0.0029122,3.8803e-05,-0.46303,-6.836,-2.5124,-37.121,0.58971,20.621,0.29707,-20.446
55.2,0.0089665,0.0026353,0.00553,-0.99676,0.010625,-0.0098419,0.0033998,-0.20571,-2.5302,-0.55582,-37.101,0.039714,18.225,-1.0338,-17.948,0.015936,0.004435,0.019105,-1.0019,-0.00098462,-0.003489,0.0036945,0.9226,-5.3592,0.3334,-35.65,0.18521,20.744,-0.73636,-20.267
55.3,-0.0076603,0.025161,-0.0075583,-1.0022,-0.0038147,-0.0036304,0.0098276,0.050746,-2.6588,0.06962,-34.574,-0.62808,18.903,-1.2555,-16.686,0.011188,0.012852,0.010541,-0.99861,0.0021333,0.0015029,0.0010168,1.193,-5.9252,0.042567,-35.065,-0.30488,22.142,-0.034727,-20.407
55.4,0.017643,-0.012532,0.0015407,-0.98759,0.0047383,0.0032028,0.0027892,1.7012,-4.9851,1.6816,-35.199,0.98624,19.067,-0.92611,-16.815,0.0036961,0.0038277,-0.0049083,-0.99275,0.0028319,0.006053,-0.0046411,0.48409,-6.5587,1.2211,-36.657,-0.31991,19.223,0.0053371,-19.931
55.5,-0.0057382,0.0056488,0.0039768,-0.99699,-0.0081474,-0.0055672,-0.0085678,-0.4968,-4.8851,0.35799,-35.63,1.1628,19.951,-0.73274,-16.627,-0.0096216,0.0034411,0.014135,-1.0065,0.0095405,0.0021172,0.0091126,-3.1632,-8.372,-1.2024,-34.758,0.76427,22.283,0.28827,-23.334
55.6,-0.0029234,-0.010569,0.00073604,-0.9956,-0.0056449,-0.0006243,-0.0059015,-1.0179,-6.4123,0.14841,-35.899,0.3443,20.456,1.9479,-18.029,0.006141,-0.0094008,0.0033298,-1.0061,0.0027021,-0.0018527,0.0078245,0.61117,-7.5664,0.56584,-38.662,-0.26604,20.439,0.11852,-21.13
55.7,-0.014503,0.016413,0.012642,-1.0019,0.0060554,-0.0044575,0.0048804,-1.3137,-3.6687,-2.8047,-37.859,0.49537,19.36,-0.14448,-19.22,-0.0027284,-0.0031118,-0.013148,-0.999,0.0016701,0.0086798,-0.0021764,0.74075,-4.9818,0.0028601,-35.767,0.19977,19.794,-0.59223,-21.468
55.8,0.00053083,0.01279,-0.016223,-1.0001,-0.0001696,-0.0088067,0.0018026,0.94773,-5.3589,-0.16261,-36.489,-0.046884,20.342,0.51685,-15.732,-0.020899,0.0012612,0.0046012,-1.0087,-0.010953,0.0047399,0.0060402,-1.1688,-7.3231,-0.68047,-38.278,0.77317,21.639,-0.70224,-22.141
55.9,0.0040044,0.0010172,0.0020301,-0.99613,-0.0025468,-0.0020204,0.0069375,-0.27674,-3.5773,0.2194,-36.282,-0.7902,19.959,-1.1375,-16.695,0.008508,-0.0060831,0.0014561,-0.99942,-0.002701,-0.0030697,-0.0046486,0.67075,-6.4482,-0.29766,-37.911,0.44827,20.238,-0.62333,-21.12
56,0.0084457,-0.011524,0.019759,-0.99116,0.0057932,-0.0069876,0.0031649,1.2267,-4.1683,1.0519,-35.581,0.18295,17.307,0.80344,-17.816,-0.0055148,-0.018126,0.011715,-0.99671,0.0054547,-0.00079006,-0.0067103,-0.73833,-6.2706,-2.9777,-39.251,2.2833,22.292,1.5526,-20.235
56.1,-0.012551,0.016642,0.00035877,-0.99568,0.0012447,-0.0028076,-0.0046771,0.14869,-3.0781,-1.7045,-34.28,0.2422,19.901,0.72359,-16.543,-0.0045838,0.0086632,-0.01421,-1.0045,-0.0098893,-0.0029959,-1.942e-05,0.034334,-4.9153,1.029,-35.622,-1.0357,22.31,-0.79815,-20.828
56.2,0.010924,-0.00054758,-0.0008276,-0.99933,0.0050117,-0.0039701,0.0031541,-0.0039655,-4.5152,-0.59193,-35.77,1.6963,19.771,0.0046585,-17.899,0.019612,-0.0018713,0.013141,-1.0079,-0.0031613,9.1295e-05,0.0010852,0.424,-4.3881,0.74337,-38.883,-0.62328,20.258,-0.082205,-20.23
56.3,-0.0013739,0.01291,-0.0069701,-0.99567,0.01395,0.0043986,0.0051204,0.61075,-2.7768,0.29244,-36.295,-0.22178,17.206,0.2441,-17.489,-0.0039253,-0.0031481,0.0097693,-1.0079,0.0012231,-0.00084329,-8.3838e-05,0.70812,-4.7357,1.8766,-36.265,-0.30442,22.591,0.24976,-19.655
56.4,0.004902,0.016463,0.0025799,-1.0066,0.0069911,0.0044239,0.0037276,2.5894,-3.0253,0.88464,-34.133,1.3541,19.021,-2.0777,-16.625,-0.0050943,0.0056809,-0.005001,-1.0142,-0.0035389,7.324e-06,-0.0016319,-1.5051,-7.183,0.55261,-36.648,1.2746,22.207,0.84971,-22.514
56.5,0.0091474,-0.012136,0.010486,-0.99562,0.002037,8.1181e-05,0.0029894,0.29898,-4.4402,-0.04401,-34.183,0.04297,20.951,-0.94676,-18.537,0.0036807,-0.006033,0.0033224,-0.99743,-0.0019156,0.0084264,-0.00017181,1.7036,-4.8733,-2.2907,-35.98,0.94979,20.179,1.7298,-19.622
56.6,0.0010804,0.011266,-0.012515,-0.99153,0.0059495,0.0021056,-0.0028055,-0.78249,-2.9194,-0.71763,-35.462,0.72674,20.184,0.66356,-16.739,-0.0038613,-0.012542,0.00047256,-1.0176,0.0057073,-0.0040832,-0.0074167,1.3223,-6.1653,-0.31829,-37.485,-0.57441,20.487,0.065406,-21.402
56.7,0.0089082,0.015003,-0.0097039,-1.0036,0.00017468,-0.0031954,-0.0052868,1.7417,-5.1146,-0.95579,-34.547,1.1167,19.333,-1.726,-16.874,0.0015878,-0.01881,-0.00040877,-1.0084,-0.0068079,-0.0032953,8.2336e-05,0.40547,-6.177,1.2009,-36.565,-0.19893,22.21,-1.2649,-18.763
56.8,-0.017395,-0.014233,-0.014951,-0.99662,0.0027606,0.0027966,-0.0092722,1.2954,-5.4124,1.1211,-35.543,-0.91161,17.592,-1.5684,-18.541,0.015167,0.011744,0.018902,-0.98911,-0.00067139,-0.0069692,0.00055231,-0.19257,-6.4671,0.2307,-37.58,0.11357,21.042,0.72358,-19.315
56.9,-0.010328,0.006588,0.0087373,-1.0117,-0.012324,-0.006453,0.0006223,0.97118,-3.6062,-1.9692,-35.122,0.76886,18.844,-0.42313,-16.987,-0.015305,0.0060491,0.0032949,-0.98017,0.00034487,0.0081361,0.00042226,-2.2839,-5.7222,-0.27801,-35.546,1.5201,18.559,0.99442,-21.042
57,-0.0047902,-0.014428,0.02316,-0.99217,-0.0015569,-0.0045377,0.0013231,2.296,-3.4196,-2.6723,-34.772,-0.26932,20.109,-0.52196,-17.297,0.001886,-0.0026571,0.009789,-0.99469,0.0060136,0.0045371,0.0061446,-1.9711,-6.2899,-1.0898,-37.212,2.2946,19.821,-0.51782,-20.642
57.1,0.009953,-0.020509,-0.0096531,-0.99426,-0.0010042,0.0056189,0.00041705,-1.8866,-1.9892,-1.5076,-36.685,0.73735,19.309,-0.67188,-17.514,-0.0031316,-0.0031659,0.018058,-0.98949,-0.0028823,0.00020665,-0.0013246,0.33041,-4.186,1.1641,-37.678,-0.5964,21.044,-0.25148,-18.074
57.2,0.014274,0.010076,0.011902,-0.99988,-0.0045891,0.001734,-0.0026976,-0.015323,-3.5916,0.58583,-34.021,-1.6089,20.369,1.5307,-16.464,-0.0041877,0.0027309,-0.0086911,-1.0044,-0.0031477,-0.0019156,0.00054383,2.6681,-4.5445,-0.60696,-37.982,1.1725,20.84,-0.69584,-20.509
57.3,0.017734,0.022306,0.0099466,-0.98171,-0.0063853,-0.0059095,0.006067,1.4394,-4.4177,0.95365,-36.41,-0.59387,17.876,-0.72137,-16.613,0.01182,0.022062,0.0019388,-1.0107,-0.00077367,0.004978,0.0019307,-1.3363,-4.7451,-1.6177,-36.209,-1.1351,20.547,1.4278,-20.123
57.4,-0.0025691,0.011605,-0.00060908,-1.0076,0.0026323,-0.0063245,0.006871,1.6174,-1.5172,0.37057,-36.361,-1.0129,17.926,-0.86329,-16.874,0.0040318,-0.0098942,0.0070116,-1.0046,-0.0032659,-0.0056955,0.0016743,-0.75768,-5.1404,-0.29916,-36.281,-0.43361,19.695,1.3771,-21.225
57.5,0.0034415,0.00095745,0.00222,-1.024,0.005285,-0.0048663,0.0060024,-2.5528,-3.3898,-0.80463,-34.593,-1.3643,18.951,0.13189,-15.719,0.014227,0.0051252,0.0045578,-1.0114,-0.0059592,-0.0031433,0.0033232,-0.43433,-6.2275,-1.5095,-38.784,-1.3496,21.933,0.94214,-21.074
57.6,-0.010108,0.021525,0.011054,-1.0054,-5.8401e-05,-0.00076916,0.00040301,-1.1867,-4.1394,0.093318,-36.23,0.82257,18.812,0.32726,-16.813,-0.026765,0.0087952,-0.016577,-1.0039,0.0048162,0.0054698,0.0024747,-0.50185,-4.9128,1.7045,-38.739,0.59478,20.334,-0.70131,-19.653
57.7,0.0079605,-0.00094663,0.0088249,-0.99603,-0.0010766,-0.001252,-0.0019983,1.2089,-3.4018,0.85182,-36.53,2.0818,19.831,0.16096,-16.893,-0.0094839,0.0043237,0.0085472,-1.0059,-0.0013629,-0.0039987,0.0014751,0.89603,-6.1466,0.81696,-37.871,-0.83905,21.236,0.99054,-18.289
57.8,0.0045497,0.0051242,-0.0082275,-0.98637,-0.0049644,-0.0043657,-0.0032239,-0.098747,-4.5315,1.364,-37.063,-1.9194,20.378,0.91459,-18.983,0.0040339,0.02107,-0.0015866,-1.0066,-0.002594,-0.003864,0.00084684,-0.2619,-6.3536,0.98635,-37.156,0.17612,20.472,-0.97524,-19.922
57.9,0.0086718,-0.011602,0.0018347,-0.99022,-0.0066152,-0.0028904,0.0018149,-0.99109,-3.8859,-1.4021,-35.189,-1.3053,18.922,-0.042112,-18.671,-0.024262,0.024071,-0.0034448,-1.008,-0.0067859,-0.0029392,0.0023364,0.18121,-5.9977,0.65774,-38.144,0.18758,20.226,0.42906,-21.768
58,-0.0066174,0.013591,0.01196,-0.99945,-0.0070403,0.0011273,0.002447,1.8382,-4.3305,-1.5969,-36.426,0.58962,19.227,-0.31372,-17.25,-0.013494,0.0041338,0.014909,-0.99457,-0.0057554,-0.0011941,0.0041843,-1.4146,-5.4157,-1.9316,-39.698,1.6806,21.278,-1.5492,-20.281
58.1,-0.0042856,0.0010284,0.016261,-1.0075,0.0070096,-0.0024535,-0.0098793,-0.53302,-2.9795,-0.78625,-35.854,1.5482,20.777,0.31978,-16.669,-0.020705,-0.0034364,-0.010314,-0.98245,0.0078345,0.0010679,-0.0013261,-0.074701,-6.0972,-0.70077,-37.243,0.65413,22.138,-0.20629,-21.033
58.2,-0.024559,-0.011825,0.0087173,-0.99644,0.0043773,-0.0027326,-0.0083524,-0.69189,-3.3722,0.65272,-36.077,-0.45483,17.761,-0.071489,-18.044,-0.0013729,-0.0087318,-0.0057811,-1.0063,-0.013582,0.0045204,-0.0080743,1.861,-5.1407,0.1746,-39.262,-0.12513,20.312,-1.2465,-18.091
58.3,-0.00051158,-0.014847,-0.0069299,-0.99998,-0.0023146,0.0014742,0.0016,1.0801,-5.4521,0.92345,-36.25,-0.70029,19.065,-0.45146,-18.689,-0.0071915,0.0087435,0.0065999,-0.99076,0.001439,0.009314,0.0080432,0.94542,-5.1782,0.80847,-37.559,-2.2789,21.099,-1.8838,-20.958
58.4,0.018622,-0.00097882,0.01296,-1.0061,-0.0074357,0.0023265,0.008385,-0.63695,-3.8063,-1.9976,-38.797,1.2805,19.587,0.39053,-17.925,-4.3088e-05,-0.00057307,-0.0053507,-0.99413,-0.003573,-0.0025838,0.0010852,-0.39624,-4.3169,-0.21118,-37.779,-0.62925,23.872,-0.154,-21.516
58.5,-0.0011002,0.021296,0.026223,-0.9991,-0.0020665,-0.0018101,0.0002714,-1.6795,-3.9612,0.16369,-35.941,-0.061138,18.309,0.42539,-17.663,0.010555,0.010954,-0.012399,-0.99449,-0.010778,-0.0036941,-0.0066803,-0.47132,-6.1634,-1.2089,-38.626,1.8096,20.404,0.19058,-21.085
58.6,-0.0010645,0.0069527,0.017326,-0.99533,0.0065331,0.0021715,-0.0054222,0.10007,-2.76,-0.41674,-36.937,1.0683,19.401,0.22993,-17.39,-0.011918,-0.0012038,0.012406,-1.0136,-0.0083084,0.0051276,-0.0044842,-2.0245,-7.1926,-0.33815,-37.472,1.6832,20.878,2.8934,-20.339
58.7,-0.0090541,0.0017032,0.0069507,-0.99009,0.00050154,-0.0010713,0.0020513,-1.6002,-5.5787,2.3632,-36.17,0.037619,18.779,-0.2911,-16.038,0.004993,0.011099,0.011593,-1.0149,-0.0095406,-0.0050195,0.0022426,-1.0729,-6.589,-1.9901,-38.607,0.54257,21.721,-0.4706,-21.327
58.8,-0.016524,0.0025504,0.006151,-1.008,0.011466,-0.0050559,0.0027021,0.44057,-3.4076,0.78654,-36.13,-1.4102,18.491,-0.48699,-17.607,-0.0029814,0.00035067,-0.0038895,-0.98801,-0.0081954,0.0086441,0.0041118,2.8624,-5.5194,-0.53122,-38.496,0.17639,22.006,-0.6639,-20.177
58.9,-0.017287,-0.0068941,0.0026822,-0.98734,0.0010098,-0.00041351,0.0048072,3.4126,-4.0201,0.00063779,-36.23,-0.22528,17.735,-2.3061,-17.604,-0.0022385,-0.0016477,0.0073872,-1.0051,0.0004932,0.003144,-0.0068948,1.836,-5.7803,-0.91241,-36.988,1.3814,21.097,-0.59501,-22.904
59,-0.016673,0.0087298,-0.01398,-1.0088,-0.0028235,-0.0067996,-0.0034765,-1.6323,-2.1818,-0.035526,-35.294,0.29584,18.413,0.31196,-17.948,-0.017643,0.022437,0.01038,-1.0065,-0.011116,0.0014136,0.0012931,0.49179,-5.4905,-0.08308,-38.316,-0.63316,21.234,2.5624,-20.488
59.1,-0.00048649,0.0007168,-0.0029185,-1.0092,-0.010691,-0.0032937,0.0038014,-0.53938,-5.0936,-1.2603,-36.153,0.36029,20.446,0.8367,-15.166,-0.0058341,0.010933,0.00018046,-0.99731,0.0032284,-0.00019673,-0.0037238,-0.48912,-5.0194,-1.0303,-37.698,1.5917,21.759,0.77718,-20.457
59.2,0.012833,-0.012432,-0.0061729,-0.97883,-0.00084719,-0.0040877,-0.0016701,0.46768,-3.9075,0.66105,-35.233,1.8464,19.089,0.45108,-16.93,-0.0015979,-0.0065107,-0.0046252,-0.98955,-0.0059558,0.00060341,-0.0082862,-0.33108,-6.181,0.034989,-40.255,1.8534,21.269,1.6397,-20.359
59.3,0.0015701,0.02641,0.024667,-0.98952,0.0012203,0.0057842,-0.0089435,-1.0058,-2.7861,1.2024,-35.087,-1.2503,17.827,0.49972,-17.267,-0.013175,-0.0008573,-0.0021865,-1.0199,0.0015091,0.0094175,-0.0034081,-0.66093,-4.4585,-1.029,-38.314,0.0011117,21.545,-0.10475,-19.477
59.4,0.03069,-0.023894,0.0035201,-1.0026,0.00027323,0.0022094,0.00030754,-1.1985,-5.2827,-0.099402,-35.276,-1.2209,20.019,1.8722,-18.26,-0.016658,0.017502,-0.0019794,-1.0331,0.00065072,-0.0042311,0.014469,1.0095,-4.0919,1.8225,-38.326,0.17244,21.569,0.95309,-20.699
59.5,0.00055301,0.0016287,0.015885,-1.0071,0.0032112,0.0018513,0.0016249,-0.72469,-4.9011,-2.1651,-35.355,-2.0667,19.117,0.023769,-16.023,0.0021429,-0.008692,0.015289,-0.98904,-0.0073434,-0.0039679,0.0014169,0.77449,-4.9132,0.13611,-40.022,-0.73771,22.778,-0.28477,-21.422
59.6,0.0035311,-0.010475,0.0042167,-1.0062,-0.0035567,0.00040996,0.00031738,1.625,-3.5351,0.1808,-36.426,0.41748,17.62,1.7474,-15.877,0.0017702,-0.0043724,0.0037397,-1.0162,0.00046691,-0.0012834,-0.0047075,0.21504,-5.2712,0.91488,-38.34,1.999,21.925,-0.15684,-21.829
59.7,-0.013659,-0.0051682,0.0067916,-1.0009,0.00057654,0.0068599,0.0053713,1.7809,-2.977,1.6417,-37.905,0.27237,20.435,1.7929,-16.977,0.00012378,-0.0063286,-0.015463,-0.99215,0.0074499,-0.00075157,-0.0032023,-3.1507,-6.517,0.52701,-40.549,1.7951,21.971,0.8584,-19.819
59.8,0.0070629,-0.010565,0.01256,-0.99226,-0.0055959,0.0040452,0.00095718,-0.52923,-3.5371,2.4814,-37.023,0.70627,18.004,-1.3358,-15.023,0.023666,-0.014635,-0.013705,-1.0077,-0.0014963,0.0039624,0.0085162,-0.78979,-5.9057,-0.26351,-39.897,-0.55844,21.183,-0.53226,-20.101
59.9,0.0064772,0.011251,-0.01932,-0.99874,0.006997,0.0040372,-0.0031722,2.1239,-2.3158,-0.46109,-34.893,0.52658,17.324,0.22494,-14.849,0.0083041,-0.017121,0.003533,-1.0051,0.0052822,0.0045481,-0.0020482,-0.50558,-6.0234,0.74365,-37.82,-0.95911,21.822,1.0197,-20.117
60,-0.0066251,0.010585,-0.012165,-1.0069,0.0017037,0.0043763,0.003943,-0.10927,-3.7818,-2.4054,-34.585,0.16489,17.523,0.15315,-15.55,0.0048848,-0.0067993,0.0023032,-1.0132,0.0011145,-9.7932e-05,-0.0016642,0.92539,-3.8099,0.85614,-40.059,1.2274,21.648,-2.1792,-21.192
