time,q1_healthy,q2_healthy,q3_healthy,q4_healthy,omega1_healthy,omega2_healthy,omega3_healthy,wheel1_i_healthy,wheel1_w_healthy,wheel2_i_healthy,wheel2_w_healthy,wheel3_i_healthy,wheel3_w_healthy,wheel4_i_healthy,wheel4_w_healthy,q1_faulty,q2_faulty,q3_faulty,q4_faulty,omega1_faulty,omega2_faulty,omega3_faulty,wheel1_i_faulty,wheel1_w_faulty,wheel2_i_faulty,wheel2_w_faulty,wheel3_i_faulty,wheel3_w_faulty,wheel4_i_faulty,wheel4_w_faulty,
0,0,0,0,0,0,0,0,0,0,0,0,0,0,0,0,0,0,0,0,0,0,0,0,0,0,0,0,0,0,0
0.1,-0.69938,-0.014271,0.10475,-0.69932,-0.0049736,-2.3622e-05,-0.0017909,-0.062802,-0.18558,0.46691,0.067688,-1.7456,-0.1794,-0.4699,-0.20073,-0.73098,-0.017371,0.11614,-0.70987,-0.0048112,-0.0061248,0.006347,-0.13453,-0.43358,-0.12244,-0.69526,-2.629,0.33517,-1.7128,-0.49211
0.2,-0.69034,0.017041,0.11921,-0.69822,8.5116e-05,0.0016192,0.0040453,1.1077,-0.22587,0.28837,-0.4463,-1.5643,0.32432,0.3897,-0.48732,-0.69002,0.015084,0.11182,-0.68231,0.0035441,-0.0031124,-0.0050191,1.3367,0.034777,-0.35712,-2.4707,-1.406,-0.51441,-0.31113,0.025655
0.3,-0.69981,0.0038086,0.12371,-0.69446,0.0012427,0.00067937,0.0059035,0.23954,-0.75984,-0.72471,0.19779,-0.90182,-1.2694,-0.2959,1.5173,-0.6909,0.017544,0.1199,-0.71012,0.0028274,-0.0067281,0.0059884,-0.20213,0.85383,-1.3757,-1.6505,0.75065,-0.91842,-1.0063,-0.51621
0.4,-0.70029,-0.00058138,0.12997,-0.68416,0.0021508,-0.0041208,0.0072179,1.1293,1.9064,0.3438,-1.0495,-0.076979,0.43547,-2.8081,-0.38318,-0.70291,0.0066704,0.12267,-0.70215,-0.0016333,0.0042032,0.0085448,-0.35129,0.29534,0.25525,-0.60033,-0.93413,1.3031,0.39581,0.54765
0.5,-0.72259,-0.014929,0.1139,-0.69438,-0.01756,-0.0020576,0.011349,1.4525,0.31278,0.38171,-0.57385,0.93805,0.49964,-0.78643,-1.9116,-0.70804,-0.0025801,0.10584,-0.69631,-0.0037939,0.0059326,0.010498,1.4886,-0.64567,-0.86839,-1.1706,-2.0424,-1.8926,-1.9918,-0.9317
0.6,-0.71088,-0.012931,0.12129,-0.6983,-0.012302,0.0028983,0.0056144,1.6217,1.925,0.89729,0.46609,-0.38427,-1.7479,-2.1079,-1.4677,-0.70887,-0.0073333,0.13628,-0.68797,-0.0056696,-0.0027345,-0.0011382,1.0483,1.9252,1.05,0.10566,-1.4703,-1.1393,-2.3522,-3.7751
0.7,-0.70441,0.015709,0.12855,-0.68925,-0.010727,-0.0068806,0.0078502,0.096498,3.4104,0.36101,-0.45473,-2.629,-2.9162,-3.0933,-3.8869,-0.71426,-0.005094,0.12795,-0.69977,-0.0090397,-0.0075422,0.0065067,0.038545,2.0111,-0.095337,-0.25849,-2.0603,-2.5851,-0.44608,-0.74284
0.8,-0.70775,0.0047832,0.11065,-0.6858,-0.0095565,-0.0060475,0.0085662,-0.51374,2.7853,1.0919,-1.434,-0.81106,-1.074,-1.5414,-2.0969,-0.70728,-0.0035294,0.13505,-0.7006,-0.0090615,0.0010098,0.006621,-0.24187,2.5429,0.2142,-2.9792,-1.1626,-2.4923,0.34691,-1.8644
0.9,-0.71625,0.013611,0.1292,-0.68366,-0.013794,0.00097198,0.00093342,-0.56902,2.8554,-1.6934,1.3346,-1.7389,-2.0726,-0.60983,-3.6088,-0.70424,0.0068658,0.11578,-0.69734,-0.015258,-0.016764,0.022004,2.4908,1.774,-1.6977,-0.96189,-1.6845,-2.4844,-0.76586,-2.4844
1,-0.6956,-0.0016489,0.12115,-0.70109,-0.0075528,-0.0010825,-0.0017652,1.9696,2.592,-1.3251,-0.72563,-0.64412,-1.1415,-1.6089,-4.9221,-0.7108,0.01811,0.13766,-0.6979,-0.019381,-0.0092825,0.012829,0.79407,2.5776,1.0079,-0.97829,-2.4594,-2.871,-1.8797,-3.7925
1.1,-0.70131,-0.014687,0.12402,-0.69373,-0.0068613,-0.0058463,0.01216,0.077168,4.239,0.20469,-0.64768,-1.7387,-3.8173,-1.9605,-2.9553,-0.70086,-0.0026794,0.13252,-0.68857,-0.013201,0.0020214,0.013476,1.1191,2.8577,-2.6022,0.17589,-0.14561,-3.495,-0.52074,-2.9714
1.2,-0.69691,0.026576,0.11693,-0.70963,-0.012895,-0.011041,0.015086,1.1958,4.5134,-1.0662,0.044626,-2.3202,-2.844,-0.93473,-2.3886,-0.70969,0.0052836,0.13335,-0.70215,-0.01532,-0.0066229,0.016227,2.0574,3.5742,1.4691,-1.1358,-1.8108,-4.4353,-2.1208,-3.579
1.3,-0.69449,0.0033738,0.12214,-0.7014,-0.020453,-0.0068525,0.019666,-0.053757,4.0527,1.6858,-0.68561,-2.9632,-5.3925,-0.10924,-3.5311,-0.70839,0.011819,0.10758,-0.69236,-0.015952,-0.006516,0.022814,2.4987,4.1611,1.3898,0.92998,-1.2092,-3.3689,-0.80951,-2.8288
1.4,-0.70844,0.0046315,0.12051,-0.69693,-0.017986,-0.0033766,0.017725,0.58214,2.7404,0.71849,2.1624,-2.4788,-4.7563,-0.71561,-1.964,-0.68133,0.0048491,0.12581,-0.7115,-0.014509,-0.0054751,0.028507,0.26035,2.3866,-1.2966,-0.38236,-1.8811,-3.4114,-1.8948,-5.2451
1.5,-0.70085,-0.0056079,0.14124,-0.71172,-0.018254,-0.0058725,0.025406,2.4607,5.0696,-0.57764,0.29507,-0.80465,-5.8408,0.0020758,-4.9135,-0.70334,0.0072926,0.10072,-0.70765,-0.013074,0.0001074,0.037207,0.66904,5.4232,-1.4816,-2.0514,-1.5788,-5.1195,-2.161,-6.6003
1.6,-0.67925,0.0044522,0.10979,-0.72181,-0.027274,-0.010203,0.022593,1.5631,3.5763,-1.4355,-1.2193,-0.33455,-5.4036,0.27547,-7.6993,-0.69906,-0.013158,0.11436,-0.71156,-0.027616,-0.0085087,0.025809,1.6697,3.9074,0.31728,-2.0201,-1.5091,-4.7462,-0.78655,-7.4993
1.7,-0.69604,-0.0080258,0.12143,-0.7177,-0.022435,-0.013677,0.028948,0.25613,5.0468,2.1344,-1.8771,-4.3403,-7.1549,-0.30907,-5.9159,-0.71001,0.0016828,0.11637,-0.70445,-0.027473,-0.02512,0.028131,0.43465,4.8454,0.50698,-1.4327,-3.8989,-5.8931,0.52426,-7.4535
1.8,-0.70342,0.0055164,0.13343,-0.71199,-0.030374,-0.0053475,0.024865,0.1841,5.6331,0.051261,-1.2319,-0.86851,-7.0971,1.0255,-6.3739,-0.69542,0.0045141,0.12995,-0.68903,-0.029166,-0.005477,0.037433,2.0932,4.3151,-0.54807,0.71186,-1.6815,-7.2515,-0.55333,-6.5746
1.9,-0.69828,0.012412,0.10857,-0.71464,-0.022223,-0.011715,0.021625,2.3453,4.6441,-1.3507,-1.4653,-0.97335,-8.8515,-3.0401,-6.7526,-0.72858,0.004061,0.11789,-0.71678,-0.020398,-0.0089401,0.027779,0.20225,3.925,1.0887,0.22382,-1.311,-7.4235,0.53973,-8.5654
2,-0.69829,0.0040566,0.12408,-0.70426,-0.038109,-0.010058,0.027423,-0.7487,5.8611,0.53217,-0.99635,-0.53047,-7.9403,-2.1039,-6.6405,-0.69385,-0.0069412,0.13296,-0.70301,-0.027692,-0.0092447,0.029039,1.0969,6.2328,-0.63966,0.34191,0.048956,-8.2094,-2.6806,-7.8052
2.1,-0.70495,0.010887,0.1343,-0.70259,-0.024258,-0.015766,0.032527,-1.5232,5.1257,-0.070035,-0.31612,-2.3718,-7.1007,-0.6867,-7.0064,-0.68907,0.010149,0.10675,-0.71431,-0.034355,-0.0070182,0.030957,-0.056677,5.0121,-0.093659,1.2311,-0.49981,-6.6519,-0.65519,-6.5666
2.2,-0.69914,0.010647,0.13626,-0.72724,-0.033336,-0.013713,0.034467,1.0762,4.4618,-0.68422,-1.0716,-1.2967,-7.8071,-1.9818,-7.2653,-0.69033,0.021686,0.11338,-0.70307,-0.038687,-0.016123,0.048435,1.1111,3.5681,0.2035,0.30699,0.071825,-7.7735,-0.75075,-8.2203
2.3,-0.69324,0.0017578,0.1079,-0.72646,-0.033528,-0.013154,0.032401,0.2024,8.4172,-0.61544,-0.83832,0.60768,-7.009,0.82904,-7.4645,-0.70629,0.020341,0.10714,-0.71841,-0.035863,-0.0116,0.029162,0.72766,6.9419,1.224,-2.8604,0.012947,-5.4743,-2.0707,-7.59
2.4,-0.70369,0.0057103,0.10785,-0.72183,-0.043775,-0.015019,0.030832,0.79502,5.6794,1.7277,-0.082303,-0.47837,-9.4457,-1.1764,-9.4755,-0.69806,0.02085,0.11958,-0.718,-0.034123,-0.0041844,0.040698,-0.85146,8.7733,-0.15606,-1.7843,-0.60868,-8.56,-0.79423,-8.1874
2.5,-0.6887,0.006915,0.11584,-0.71438,-0.03725,-0.0061696,0.030065,1.3891,6.3995,-0.52598,-1.2695,-0.10231,-7.9429,-2.4416,-8.3678,-0.69402,0.018082,0.11081,-0.71066,-0.037634,-0.01364,0.035467,1.8211,4.6589,-0.93015,-0.88251,-0.58617,-9.6274,1.173,-8.8905
2.6,-0.67957,0.023053,0.11097,-0.71662,-0.033234,-0.0070115,0.034517,1.5145,6.0725,-1.4118,-1.9143,-1.9887,-9.0196,-1.0252,-10.753,-0.67637,0.019141,0.11924,-0.71751,-0.037099,-0.0030415,0.049145,1.4152,6.626,-0.80071,0.37861,-1.5748,-9.7569,-2.2449,-9.3301
2.7,-0.68565,0.020012,0.099721,-0.71877,-0.037746,-0.016968,0.032264,2.4482,7.8617,-0.47634,-1.2328,-0.34295,-10.199,-0.53267,-8.1501,-0.67256,0.024469,0.11399,-0.72611,-0.035236,-0.017153,0.042051,-0.84234,6.5309,-0.47001,-1.2337,-0.17462,-9.6998,-1.0351,-10.324
2.8,-0.66643,0.014287,0.11459,-0.73131,-0.045324,-0.0066978,0.041088,-1.0759,7.102,-0.36887,-3.1545,-1.9743,-10.893,-2.9671,-11.394,-0.69812,0.022404,0.10394,-0.7268,-0.051067,-0.0087104,0.040658,1.8856,9.1848,-0.2996,-1.5397,0.59984,-9.9626,-0.0058777,-10.381
2.9,-0.67547,0.031248,0.12896,-0.72325,-0.048872,-0.020156,0.045668,0.74796,7.7091,0.25186,-3.1614,0.172,-10.353,-0.58112,-10.193,-0.67616,0.033237,0.10688,-0.72248,-0.041233,-0.019372,0.042181,1.9919,6.8306,-0.90093,-1.9517,0.070656,-9.0901,0.22737,-10.455
3,-0.67775,0.022275,0.098547,-0.71478,-0.046934,-0.013174,0.041544,0.063097,8.3764,-1.719,-1.7335,-1.2433,-10.965,0.20532,-10.961,-0.69326,0.036357,0.11124,-0.71948,-0.049972,-0.010925,0.045695,-0.053551,7.9984,0.29732,-1.7574,-0.73314,-11.392,0.25914,-9.8573
3.1,-0.68115,0.019599,0.089505,-0.7318,-0.039586,-0.0154,0.053499,0.27524,7.2991,-1.2754,-2.8182,0.24918,-9.4674,-1.3671,-12.17,-0.68496,0.032153,0.10414,-0.72415,-0.049923,-0.010131,0.040758,1.1346,7.1589,-2.502,-2.1543,-0.51711,-10.25,-0.28546,-11.058
3.2,-0.66499,0.026479,0.091476,-0.73845,-0.049563,-0.016673,0.041983,-0.64676,9.6395,-1.0411,-2.5211,0.54309,-10.695,-1.4145,-10.138,-0.68397,0.036266,0.11856,-0.70994,-0.044854,-0.018136,0.050448,1.38,8.1338,-0.047506,-3.2748,0.47686,-9.2121,-1.6049,-11.111
3.3,-0.69222,0.026015,0.11329,-0.717,-0.058149,-0.017232,0.040786,0.85919,7.9508,0.29418,-0.60791,-0.76603,-11.869,-0.71119,-10.95,-0.6901,0.022587,0.11628,-0.73134,-0.046452,-0.016045,0.044991,1.3612,9.2106,-0.1177,-1.6072,-1.4202,-11.703,-1.5913,-9.9825
3.4,-0.6712,0.029165,0.092748,-0.74588,-0.046324,-0.016189,0.044056,1.3981,9.1024,0.038407,-3.1972,-1.3674,-11.945,-1.1941,-11.284,-0.69088,0.059421,0.11242,-0.73105,-0.042033,-0.0096213,0.048928,0.51178,9.7484,-1.2793,-3.1014,-0.25519,-12.562,-0.79678,-12.751
3.5,-0.6823,0.045196,0.11518,-0.74537,-0.053626,-0.0077077,0.053264,-0.22991,7.6278,-1.337,-1.0659,-2.1097,-12.852,-0.078488,-13.801,-0.66445,0.059973,0.12076,-0.73,-0.045913,-0.012059,0.047674,0.80772,8.887,-0.076928,-2.3019,-1.7539,-10.242,-2.6429,-12.613
3.6,-0.68652,0.043567,0.097768,-0.73252,-0.049938,-0.018198,0.064862,0.39664,8.628,-1.5278,-4.5653,-0.50257,-11.351,-3.3875,-11.559,-0.68146,0.035719,0.11057,-0.73085,-0.047295,-0.01671,0.057364,1.4205,7.982,-0.16781,-1.2462,-0.13236,-11.532,0.96129,-12.87
3.7,-0.65237,0.041739,0.12173,-0.73619,-0.052779,-0.016806,0.052078,0.29048,11.53,0.46191,-2.5424,-0.85896,-12.589,-2.1962,-11.682,-0.67252,0.054881,0.10017,-0.74746,-0.058667,-0.016058,0.051267,-1.0432,8.3917,-1.3396,-2.7022,-0.20112,-11.677,-2.6231,-14.045
3.8,-0.67068,0.038729,0.11801,-0.73388,-0.052087,-0.016375,0.049478,0.33959,9.5289,0.31421,-4.8365,-0.14101,-11.285,-2.1424,-13.192,-0.66751,0.037418,0.089556,-0.73904,-0.047917,-0.0048131,0.060064,0.82204,9.0514,-1.5422,-3.0142,-0.78482,-11.986,-1.411,-13.326
3.9,-0.66184,0.040541,0.11509,-0.74339,-0.054258,-0.017779,0.055981,0.57255,10.033,-0.57859,-4.2141,-1.5802,-12.388,-1.2392,-14.13,-0.6685,0.039979,0.08439,-0.74035,-0.053108,-0.0070893,0.058835,1.5016,10.39,-2.2757,-2.5043,-1.2358,-11.646,-2.7938,-14.043
4,-0.67039,0.04294,0.108,-0.73699,-0.058643,-0.017886,0.045582,0.64845,11.768,-1.7848,-3.7654,-1.0529,-12.723,-3.5431,-16.99,-0.66018,0.054108,0.10755,-0.74082,-0.059339,-0.015521,0.059189,0.11192,10.27,-0.13447,-3.5802,-2.469,-12.613,-2.0842,-14.706
4.1,-0.64648,0.059936,0.084431,-0.72859,-0.055627,-0.018933,0.068636,0.97975,12.226,-1.5148,-3.6017,-0.14566,-13.683,-1.4041,-14.636,-0.6652,0.058175,0.095657,-0.73443,-0.06733,-0.016271,0.054004,-0.17092,10.802,-0.2604,-3.335,0.75408,-11.376,-0.90472,-14.262
4.2,-0.64994,0.047948,0.10287,-0.74246,-0.06547,-0.013425,0.068278,0.80992,9.9513,-1.4634,-4.934,0.16984,-13.774,1.0651,-13.182,-0.65668,0.05094,0.084127,-0.74226,-0.051297,-0.01698,0.058291,0.75009,10.917,-0.72908,-4.6069,-0.41855,-12.665,1.2376,-13.921
4.3,-0.64444,0.071091,0.092127,-0.74694,-0.057242,-0.0086746,0.06284,1.0121,12.139,-1.3242,-5.8515,1.4226,-11.858,-2.0086,-15.638,-0.65439,0.043894,0.084271,-0.75547,-0.066039,-0.0062349,0.051824,1.7366,11.326,-0.3334,-4.3232,-1.6178,-13.802,-1.3061,-14.981
4.4,-0.66938,0.058069,0.092837,-0.75389,-0.060063,-0.012042,0.059881,1.1189,11.861,-0.77206,-7.0825,1.2318,-14.004,-0.46537,-15.874,-0.66906,0.051466,0.080215,-0.75527,-0.072919,-0.012699,0.066208,1.6351,11.179,-1.9487,-5.0973,0.072078,-13.203,-1.3743,-14.296
4.5,-0.65308,0.046681,0.10138,-0.74941,-0.062326,-0.012429,0.061042,1.1846,11.743,0.19394,-6.2555,-0.93673,-13.319,-0.085583,-16.326,-0.65489,0.060054,0.097801,-0.75395,-0.054911,-0.01375,0.059869,2.0448,12.367,-1.3516,-6.2749,0.88845,-14.043,-2.5329,-17.625
4.6,-0.65529,0.07108,0.069883,-0.75674,-0.061839,-0.010383,0.062084,-0.32365,11.368,0.24946,-4.7728,-0.41736,-13.954,0.064896,-15.736,-0.63207,0.04653,0.084878,-0.7458,-0.063165,-0.017941,0.061845,0.36716,10.978,-1.4515,-4.6368,-0.17527,-13.707,-0.89828,-17.67
4.7,-0.63709,0.047742,0.081269,-0.74891,-0.077261,-0.0043129,0.0614,0.92616,12.342,-1.0244,-5.8377,0.12884,-13.852,-1.1946,-16.378,-0.64429,0.061643,0.093474,-0.77992,-0.060959,-0.0065797,0.061865,0.75151,12.014,0.31628,-6.2118,-0.41699,-14.207,0.19954,-17.828
4.8,-0.6438,0.051532,0.071622,-0.75406,-0.074286,-0.014699,0.064586,-0.67367,11.754,-1.2557,-6.0276,-0.34381,-14.501,-2.0116,-18.862,-0.65306,0.083377,0.07605,-0.75073,-0.070938,-0.0066902,0.074491,0.085132,12.461,0.82243,-6.9126,-1.5077,-12.662,-1.3621,-16.175
4.9,-0.64197,0.070736,0.092122,-0.78,-0.071937,-0.015516,0.068104,1.167,10.593,-1.1547,-7.9709,-0.93166,-13.832,-1.0124,-19.504,-0.63533,0.068329,0.09146,-0.77087,-0.072498,-0.013446,0.070514,0.11209,13.202,-1.1524,-7.3052,-1.0153,-11.549,-1.3345,-20.064
5,-0.63053,0.064891,0.098361,-0.75402,-0.065225,-0.014388,0.069564,1.9317,14.352,-1.3291,-8.6399,-1.7848,-14.583,-1.601,-18.355,-0.64,0.07054,0.083586,-0.75551,-0.065883,-0.0249,0.073952,1.5042,15.658,-1.2422,-8.3235,-0.83749,-14.18,-2.3445,-18.105
5.1,-0.6242,0.058117,0.072014,-0.77784,-0.071136,-0.012353,0.066359,3.1881,13.8,-2.2342,-5.8067,-0.96726,-13.169,0.073124,-19.986,-0.64292,0.076342,0.070113,-0.77508,-0.074175,-0.0068427,0.070799,0.63856,14.284,-0.0053819,-6.914,-1.7798,-15.098,-0.90509,-19.452
5.2,-0.61773,0.079953,0.064013,-0.77085,-0.075576,-0.013896,0.065086,1.3763,14.105,-1.3255,-6.5699,-0.84373,-12.457,-1.8654,-18.239,-0.61651,0.075871,0.085857,-0.76534,-0.068736,-0.0086783,0.077355,1.2071,12.911,-0.41482,-7.6981,-0.61441,-14.65,-1.2599,-20.897
5.3,-0.62582,0.05682,0.05494,-0.78196,-0.072199,-0.0092379,0.071469,-0.26048,13.64,-0.35622,-8.1817,-1.4029,-13.988,-0.99773,-19.815,-0.61179,0.075952,0.075938,-0.76455,-0.082512,-0.0087161,0.069111,0.38193,15.774,-1.1725,-7.9568,1.8395,-12.828,-0.01715,-20.441
5.4,-0.61568,0.083991,0.062264,-0.78095,-0.074112,-0.021533,0.076165,1.4512,14.792,-1.4342,-6.4126,1.3651,-16.561,-0.39275,-18.607,-0.61029,0.080951,0.065387,-0.77933,-0.08437,-0.028994,0.07431,-0.40989,14.808,1.0634,-9.2225,1.3798,-14.079,-0.60447,-20.856
5.5,-0.61532,0.073958,0.065284,-0.77935,-0.077992,-0.01229,0.074813,0.87492,13.736,0.012625,-10.549,0.70819,-14.972,-1.5057,-19.888,-0.62425,0.082328,0.072242,-0.77002,-0.075893,-0.00851,0.068149,1.2093,13.841,-2.0589,-9.8202,0.16056,-14.092,-2.804,-20.255
5.6,-0.60758,0.087137,0.068992,-0.78783,-0.08195,-0.018941,0.06476,0.5428,14.032,1.2692,-8.7322,1.2455,-13.421,-1.1465,-19.732,-0.60971,0.089627,0.064886,-0.77125,-0.082463,-0.0087191,0.076913,-0.28504,14.907,-0.62317,-10.095,-0.74878,-13.629,-1.366,-20.783
5.7,-0.61923,0.090387,0.07083,-0.78499,-0.081497,-0.018618,0.065335,0.43084,15.032,-0.45867,-8.8707,-0.29064,-11.189,-0.83728,-21.177,-0.60551,0.096889,0.050912,-0.79291,-0.080589,-0.015415,0.069105,1.0263,14.603,-2.5695,-10.697,-0.37112,-13.422,-1.9582,-21.768
5.8,-0.60666,0.073018,0.051806,-0.78828,-0.083527,-0.011352,0.082041,-0.1203,16.316,0.25295,-10.282,-2.2626,-13.899,-0.26242,-20.672,-0.59911,0.08057,0.051105,-0.78519,-0.078436,-0.018204,0.08135,-0.0015408,14.938,-0.47831,-9.1701,0.12547,-15.53,-1.4101,-21.827
5.9,-0.60261,0.10396,0.061105,-0.79489,-0.083865,-0.0035915,0.072756,1.4295,14.976,-3.3093,-9.872,-0.35246,-13.636,-1.2948,-19.351,-0.5963,0.10636,0.047184,-0.79284,-0.08828,-0.0066904,0.075619,-1.1184,15.027,-1.2573,-11.037,0.0099496,-15.252,-1.8775,-22.168
6,-0.62168,0.093225,0.049702,-0.78864,-0.098743,-0.0097214,0.08402,0.12584,15.595,-1.1915,-10.819,-1.8424,-13.301,-0.93365,-24.126,-0.59687,0.073898,0.065199,-0.79417,-0.088965,-0.0072402,0.072169,2.7617,16.297,-0.77101,-11.28,-1.6814,-15.061,0.70942,-22.634
6.1,-0.59621,0.074016,0.064667,-0.79411,-0.087053,-0.0023064,0.084683,0.98874,15.908,-2.496,-11.366,0.049699,-15.04,-0.27633,-21.861,-0.5928,0.094083,0.056377,-0.77831,-0.091257,-0.014065,0.077173,0.70901,14.264,-1.3276,-11.901,1.7085,-13.695,-1.1781,-22.255
6.2,-0.60603,0.096866,0.043376,-0.78652,-0.093024,-0.011438,0.08542,0.64698,15.336,-1.726,-12.285,-0.25308,-13.049,-0.31046,-23.914,-0.58655,0.10511,0.057723,-0.80591,-0.087959,-0.011248,0.083293,2.4218,16.135,-1.6023,-9.2742,0.75499,-12.581,-1.9932,-25.382
6.3,-0.57207,0.091909,0.059853,-0.78302,-0.089171,-0.014022,0.087482,0.05136,16.085,-0.11347,-12.105,0.37495,-12.958,-1.7249,-24.895,-0.59581,0.10161,0.06151,-0.79749,-0.092296,-0.015405,0.078806,0.23604,15.57,-1.4852,-12.78,0.39928,-13.368,-1.5903,-24.038
6.4,-0.58333,0.10874,0.048238,-0.79679,-0.093332,-0.0085212,0.076007,-0.47321,18.394,-1.2369,-13.436,-0.79849,-12.836,-1.3246,-24.09,-0.58967,0.11661,0.054048,-0.8066,-0.098165,-0.00081463,0.078058,-0.1281,16.567,-0.17351,-13.161,0.36486,-14.963,-2.8042,-24.197
6.5,-0.58708,0.12316,0.063796,-0.81309,-0.093678,-0.010058,0.079234,0.0021457,16.391,-0.76321,-12.243,0.23754,-13.163,-2.3731,-22.949,-0.57387,0.10664,0.044232,-0.80358,-0.090563,-0.0081975,0.083695,1.1217,17.34,-0.88855,-13.256,0.83045,-13.452,-1.7358,-24.493
6.6,-0.57161,0.11479,0.051687,-0.79102,-0.091155,-0.0075244,0.084224,0.35816,17.232,-0.69566,-14.192,-0.32444,-11.558,-1.392,-26.354,-0.55462,0.11655,0.037967,-0.81029,-0.092304,-0.01105,0.084462,2.0413,16.583,-1.5461,-12.605,-1.0326,-12.082,-0.75539,-25.215
6.7,-0.5691,0.11077,0.033521,-0.80549,-0.094695,-0.0074893,0.081167,1.4519,15.874,-1.4709,-14.903,0.52407,-13.16,-0.53174,-24.347,-0.55414,0.10961,0.046629,-0.81306,-0.097797,-0.0078086,0.080359,-0.049321,16.497,-1.6195,-11.882,-0.84925,-13.758,-2.0603,-26.208
6.8,-0.57127,0.093132,0.0209,-0.82857,-0.096472,0.00045976,0.080814,0.41176,15.165,-2.0637,-13.139,0.6715,-12.723,-2.8477,-24.313,-0.5553,0.12273,0.037183,-0.81656,-0.10497,-0.0081042,0.087774,-0.72915,16.707,-2.4355,-13.952,-1.0041,-11.993,-1.966,-25.641
6.9,-0.55115,0.12583,0.037499,-0.82586,-0.093516,-0.0094322,0.078253,1.2659,17.625,-2.2213,-12.895,0.81809,-13.282,-1.8475,-24.688,-0.56503,0.10909,0.03643,-0.81943,-0.10584,-0.013743,0.089359,1.2706,17.844,-1.3572,-14.159,-0.42563,-13.935,-1.9882,-26.262
7,-0.56301,0.11673,0.038037,-0.82211,-0.10639,-0.0076874,0.074804,0.43789,18.331,-1.9884,-15.117,0.6353,-12.553,-1.9989,-25.601,-0.54343,0.11892,0.023021,-0.82042,-0.10242,-0.0078994,0.081412,-0.17706,17.257,-1.9879,-14.811,0.4666,-13.162,-0.23242,-28.829
7.1,-0.56773,0.095839,0.03738,-0.83099,-0.10296,-0.0035657,0.071714,-0.5274,16.821,-1.7329,-13.829,-1.0068,-11.948,-1.9881,-26.34,-0.53556,0.12025,0.031631,-0.82178,-0.1017,-0.0041401,0.088787,1.8116,18.607,0.66036,-15.28,-2.4556,-12.935,-0.16365,-28.178
7.2,-0.57072,0.13182,0.01895,-0.82668,-0.10329,-0.010859,0.080547,0.19102,19.069,-2.1424,-17.008,1.321,-13.06,-0.415,-27.4,-0.54923,0.13617,0.028379,-0.81465,-0.10324,-0.018822,0.08475,1.6371,17.655,-1.5109,-14.927,3.0475,-10.033,-0.22806,-28.772
7.3,-0.54899,0.11768,0.024464,-0.85077,-0.11055,-0.00079602,0.077292,0.35934,19.027,0.017455,-15.557,0.31204,-12.021,-2.4169,-26.805,-0.55248,0.13103,0.028019,-0.82779,-0.10639,0.00047182,0.082323,0.83901,19.323,-1.668,-18.689,0.90829,-13.434,-1.5458,-27.402
7.4,-0.52129,0.11593,0.0081258,-0.83921,-0.10219,-0.00031351,0.077163,1.1653,18.142,-0.2746,-15.93,1.0052,-11.99,0.18731,-27.417,-0.54907,0.12821,0.025885,-0.83215,-0.10808,-0.012733,0.085542,-0.93903,17.049,-0.93449,-16.793,2.0307,-12.154,-0.59819,-28.548
7.5,-0.54826,0.12555,0.031635,-0.82883,-0.11557,-0.0040993,0.08161,-0.13591,18.492,-1.3418,-16.538,2.6553,-12.59,-1.0851,-27.788,-0.53814,0.1185,0.010451,-0.82291,-0.11202,-0.0057546,0.086333,1.1077,19.207,-0.91824,-16.87,-0.89751,-13.569,-0.75358,-29.349
7.6,-0.53208,0.13851,0.011924,-0.84575,-0.10388,-0.011595,0.081363,1.2162,19.458,-0.42777,-17.198,1.7835,-10.779,1.0135,-29.393,-0.53506,0.11994,0.0017256,-0.83854,-0.10713,-0.0060554,0.083494,2.8574,21.117,0.31436,-16.924,0.15444,-10.855,-1.1872,-27.666
7.7,-0.53516,0.13654,0.011195,-0.83361,-0.10533,-0.013443,0.088852,1.1472,19.835,-2.8469,-15.996,3.3356,-11.161,-0.90422,-29.132,-0.5139,0.15323,0.0032475,-0.84414,-0.11746,-0.010813,0.082231,0.95445,21.151,-0.3176,-16.311,1.911,-11.562,0.73284,-29.897
7.8,-0.52115,0.15219,0.022895,-0.85952,-0.10895,-0.011279,0.087893,0.8901,20.989,-0.6182,-17.97,0.29199,-9.403,-1.719,-29.087,-0.52184,0.13352,0.0023978,-0.85956,-0.11435,-0.012015,0.083951,-0.37308,17.829,-2.1826,-18.784,3.3098,-9.2056,0.92368,-31.174
7.9,-0.5224,0.14383,0.019438,-0.83973,-0.11346,-0.0084456,0.076716,0.36003,21.433,-2.3721,-16.723,-0.41273,-11.738,-2.0272,-28.256,-0.51349,0.12744,0.0052322,-0.85284,-0.11472,-0.0066953,0.084147,0.44989,19.608,-0.6521,-17.105,1.1331,-10.601,-0.15653,-31.292
8,-0.50938,0.1382,0.015258,-0.85414,-0.1127,-0.0067716,0.081603,3.0027,22.328,-1.1065,-18.04,-0.51121,-10.607,-1.1396,-30.07,-0.50544,0.14773,0.01342,-0.8551,-0.11206,-0.0051194,0.087724,0.29702,21.189,-0.010731,-19.022,2.2815,-10.563,0.49887,-30.295
8.1,-0.49733,0.13482,0.014898,-0.84737,-0.11792,-0.0089216,0.081242,-0.7601,20.987,-1.6326,-19.104,0.64624,-10.102,-0.97451,-30.078,-0.50927,0.14562,-0.0044319,-0.85976,-0.11635,-0.0034413,0.09197,0.54859,20.924,-0.57632,-19.589,0.033828,-8.9846,-2.1482,-32.512
8.2,-0.49714,0.14696,0.012177,-0.84831,-0.1162,-0.0052036,0.079752,1.0337,22.759,-3.1728,-19.474,-0.39282,-8.8204,-2.1381,-31.549,-0.47906,0.16089,-0.0018568,-0.84579,-0.11981,-0.0079655,0.082981,0.028869,21.462,-1.1547,-21.008,-0.91698,-8.0459,-1.4515,-35.308
8.3,-0.48235,0.14266,0.0079434,-0.85397,-0.12642,-0.0040581,0.068365,-0.43275,21.326,0.075546,-19.264,-0.7618,-9.5643,-1.6093,-30.033,-0.46987,0.14464,-0.0062874,-0.85569,-0.12359,-0.0067564,0.080293,0.85483,21.539,-1.4841,-19.573,1.688,-8.0874,-1.9964,-32.165
8.4,-0.49349,0.13571,-0.00080026,-0.86149,-0.1207,-0.010205,0.081822,0.75145,19.78,-0.45425,-18.68,-0.075023,-9.6905,-0.80499,-32.038,-0.48492,0.14476,-0.0068008,-0.84541,-0.12819,0.0052245,0.076543,0.25349,20.833,-2.1279,-19.914,1.6931,-8.1596,0.2215,-33.131
8.5,-0.47569,0.16262,-0.013171,-0.84807,-0.12866,-0.0038956,0.079746,1.2743,23.212,-2.2939,-19.753,0.20102,-10.528,0.35636,-32.589,-0.45723,0.15967,0.0054165,-0.86699,-0.12915,-0.0041037,0.086435,-0.55427,21.705,0.31312,-20.069,0.95519,-8.4571,-0.40425,-34.511
8.6,-0.47491,0.16933,-0.011915,-0.86239,-0.12827,-0.00064016,0.070194,-0.50374,23.017,-0.57423,-21.329,1.9509,-8.1751,-1.3368,-32.987,-0.46447,0.14957,-0.021567,-0.87827,-0.13085,-0.0063584,0.09262,-0.39664,21.212,-1.6514,-18.89,0.91168,-7.6707,0.52993,-34.417
8.7,-0.46692,0.17732,-0.030148,-0.85293,-0.13343,-0.0029767,0.066131,1.2678,22.736,-0.3429,-21.992,2.1054,-8.0293,0.96524,-31.852,-0.45039,0.16431,-0.0073178,-0.87571,-0.12754,0.0022237,0.078277,1.6055,23.21,-1.3978,-21.698,0.24762,-8.219,1.2223,-35.163
8.8,-0.45567,0.15784,-0.016715,-0.87933,-0.1251,4.1148e-05,0.083917,-0.085172,22.043,0.022149,-21.126,1.5076,-5.9711,-1.5513,-33.363,-0.47029,0.16128,-0.0082905,-0.86496,-0.13409,0.00012485,0.082666,2.0097,20.107,-1.9735,-21.082,0.79671,-7.4631,0.90045,-36.036
8.9,-0.45916,0.15506,-0.01182,-0.87292,-0.13551,-0.0044518,0.084704,1.4663,22.128,-0.33684,-22.313,0.50481,-7.3995,-1.708,-31.904,-0.46436,0.15514,-0.029614,-0.90301,-0.12715,-0.01102,0.085854,1.3627,21.999,-2.3456,-22.002,1.3931,-7.6049,-0.9714,-34.37
9,-0.44421,0.15915,-0.037001,-0.86426,-0.13643,-0.011549,0.079166,-0.33169,23.246,-1.0705,-22.555,1.7343,-6.4832,0.023127,-33.015,-0.43182,0.16381,-0.01434,-0.85205,-0.12967,-0.010313,0.077639,1.9116,21.806,-1.9109,-22.95,0.76489,-7.0904,-2.2707,-35.689
9.1,-0.44892,0.16507,-0.01882,-0.88481,-0.13543,-0.0075528,0.077389,0.61028,23.604,-2.3398,-22.803,2.1243,-7.9938,-0.062427,-32.532,-0.43777,0.17465,-0.013142,-0.88513,-0.13355,0.0011655,0.072674,1.945,22.955,-2.3452,-23.186,1.0418,-7.484,-0.074145,-35.784
9.2,-0.45086,0.15729,-0.013869,-0.89107,-0.1343,-0.0012243,0.073302,0.63009,22.401,-1.373,-22.879,0.27829,-7.3661,0.40024,-33.158,-0.43702,0.15804,-0.017166,-0.89559,-0.13295,-0.0030697,0.069845,1.4676,21.399,-1.1474,-21.6,1.7422,-7.6896,-1.7691,-36.987
9.3,-0.4472,0.16739,-0.044934,-0.87991,-0.12798,0.011024,0.078574,1.6774,24.323,-0.35852,-23.696,1.2163,-4.3673,-0.99327,-33.873,-0.42233,0.16724,-0.025701,-0.87267,-0.13486,-0.0028706,0.081045,0.059919,24.207,-1.0783,-23.102,2.1295,-4.4491,-0.40512,-34.632
9.4,-0.42152,0.16803,-0.029904,-0.89379,-0.13627,0.0016742,0.081354,0.001327,22.451,-0.43292,-24.508,-0.2076,-5.8623,-0.20841,-33.77,-0.41903,0.19274,-0.018194,-0.88932,-0.12519,-0.0001593,0.077743,0.21746,22.844,-1.1768,-23.344,1.7373,-7.0442,-0.70301,-34.505
9.5,-0.41129,0.15389,-0.054328,-0.89036,-0.12638,0.0050686,0.077305,-0.72406,22.901,-1.2736,-24.948,1.3742,-6.0071,-1.2763,-33.826,-0.42306,0.19711,-0.030169,-0.89541,-0.12965,0.0017057,0.080357,0.14075,22.925,-3.5703,-26.494,0.94678,-6.93,0.46793,-34.957
9.6,-0.41007,0.17815,-0.030401,-0.89209,-0.13328,-0.00096107,0.078472,0.67135,23.518,0.74017,-25.778,0.18136,-5.6304,0.97915,-34.455,-0.40003,0.19899,-0.032591,-0.91506,-0.1339,-0.0026236,0.07504,0.67922,23.543,-1.7946,-24.834,1.4903,-4.551,-0.95695,-34.277
9.7,-0.39783,0.17082,-0.038097,-0.89474,-0.13191,0.0072348,0.0798,0.31286,25.874,-2.5898,-25.021,4.06,-3.815,0.20655,-33.441,-0.39873,0.169,-0.025062,-0.91081,-0.13683,0.0017863,0.067344,1.654,23.201,0.51356,-26.293,0.47107,-4.2875,0.48457,-35.147
9.8,-0.38651,0.17575,-0.040649,-0.88831,-0.13993,0.005556,0.074739,0.61585,26.405,-2.2187,-26.132,-0.64426,-4.8605,1.1594,-33.356,-0.3911,0.18544,-0.046817,-0.89257,-0.13711,0.0030551,0.069763,0.011158,22.8,-0.17995,-25.824,0.54146,-3.8306,0.20842,-35.476
9.9,-0.37528,0.17342,-0.044821,-0.91122,-0.1311,0.0010307,0.060148,-1.714,26.115,-1.6722,-25.718,1.2298,-2.4525,0.2326,-33.528,-0.3799,0.16361,-0.055465,-0.90828,-0.14353,0.00062889,0.0651,-1.1028,26.073,-0.59784,-26.668,0.99468,-3.2285,0.73835,-34.892
10,-0.37415,0.17634,-0.027116,-0.91682,-0.12993,0.006747,0.067168,0.47838,24.748,0.26989,-25.703,0.54249,-2.6237,0.45498,-33.388,-0.36132,0.20573,-0.04183,-0.91124,-0.1312,-0.0020972,0.073162,-0.81722,25.151,-2.5222,-28.326,0.3404,-4.243,-1.9278,-33.765
10.1,-0.38164,0.16048,-0.030377,-0.91732,-0.14033,0.016699,0.057982,2.7901,26.634,-1.4962,-26.996,-0.053785,-2.9802,0.91139,-30.797,-0.34667,0.19264,-0.044619,-0.91627,-0.13784,0.0011458,0.067196,-1.5293,26.355,-1.0133,-26.592,1.3085,-2.3029,-1.1047,-33.751
10.2,-0.38305,0.19381,-0.032765,-0.90427,-0.13442,0.0086795,0.068337,-0.50972,25.818,-0.73216,-27.354,0.62526,-2.857,0.97922,-33.136,-0.35972,0.19261,-0.057181,-0.91415,-0.13749,0.0036722,0.068865,0.19324,26.235,0.064024,-27.062,-1.3957,-3.5195,0.83689,-34.75
10.3,-0.35677,0.18997,-0.050637,-0.91984,-0.14109,0.0080227,0.06604,0.29259,25.563,-0.53828,-26.398,0.11349,-0.58038,0.72804,-33.596,-0.33498,0.18518,-0.047081,-0.91009,-0.14604,0.013979,0.068211,0.68817,25.611,-1.2678,-26.442,0.070685,-2.5447,1.5777,-33.59
10.4,-0.36331,0.17064,-0.042289,-0.91001,-0.14382,0.0084029,0.066009,0.045028,24.457,-0.84468,-27.978,1.3975,-1.6355,0.090734,-31.113,-0.34364,0.18935,-0.021641,-0.91678,-0.14531,0.0098158,0.074003,-0.019212,26.145,-2.6539,-28.762,0.54377,-2.026,-1.25,-32.771
10.5,-0.34619,0.186,-0.039286,-0.91,-0.14241,0.014559,0.065787,0.60805,24.402,-0.098665,-28.471,2.9844,-2.1781,-0.074204,-30.687,-0.34713,0.18612,-0.04399,-0.92542,-0.14301,0.010403,0.062462,0.98264,28.49,-2.8016,-30.034,-0.47728,-1.4549,-0.21407,-32.535
10.6,-0.35769,0.17009,-0.04298,-0.90796,-0.13948,0.015751,0.051834,-0.2523,27.468,-0.24513,-28.906,-0.8304,-1.1097,-0.20031,-31.186,-0.34543,0.18832,-0.038783,-0.91794,-0.13612,0.012572,0.062852,-0.26662,26.722,-0.94056,-28.613,-0.47285,-3.2568,0.81895,-33.788
10.7,-0.35076,0.18451,-0.063091,-0.93576,-0.14378,0.010118,0.060714,-0.14022,26.453,-3.3031,-27.719,0.54445,-0.84292,2.6057,-30.094,-0.32293,0.18858,-0.038525,-0.91041,-0.1432,0.016568,0.062659,1.365,26.778,-0.95269,-30.602,-0.22188,-1.213,1.3237,-32.038
10.8,-0.32312,0.18324,-0.056749,-0.9236,-0.14264,0.020212,0.061754,0.66616,26.776,-0.40679,-29.849,1.5312,0.74455,-0.28408,-32.281,-0.32326,0.20429,-0.063878,-0.9242,-0.13575,0.01254,0.054858,0.93437,26.642,-1.0425,-28.724,0.55392,-0.287,-0.57761,-32.306
10.9,-0.31286,0.19575,-0.058608,-0.92218,-0.14012,0.027357,0.05977,0.090356,25.953,-0.82798,-28.263,0.81092,-2.1025,2.0068,-30.116,-0.31068,0.18921,-0.061028,-0.92304,-0.15011,0.013368,0.06313,1.0441,28.119,-1.4215,-30.363,1.8488,-0.61924,-0.71323,-30.152
11,-0.31796,0.19417,-0.052269,-0.92175,-0.14326,0.013195,0.066481,-0.35189,29.958,-2.2133,-29.735,0.53579,-0.36238,0.57327,-31.265,-0.2974,0.19698,-0.048906,-0.93042,-0.13593,0.012869,0.055692,0.34704,27.869,-2.5872,-31.782,0.72004,-0.74109,-0.75671,-30.735
11.1,-0.31482,0.18961,-0.062615,-0.93548,-0.13898,0.025781,0.061985,-0.18666,27.386,-0.42131,-29.994,1.7977,-2.5143,1.6755,-30.279,-0.29366,0.18934,-0.042926,-0.93862,-0.13893,0.024054,0.055123,1.5518,28.077,0.090025,-32.557,0.74863,-0.24352,0.53138,-32.171
11.2,-0.31168,0.18429,-0.071695,-0.92714,-0.1389,0.018301,0.049212,1.3927,28.591,0.069096,-32.545,1.2507,-1.7754,1.3485,-30.381,-0.29912,0.19505,-0.046513,-0.92687,-0.14777,0.0089897,0.063877,1.1172,29.601,-2.7347,-32.315,0.38654,1.037,0.88825,-30.536
11.3,-0.26859,0.18713,-0.049721,-0.93659,-0.14225,0.011313,0.053595,0.012017,27.022,-0.42983,-30.746,-0.44671,-0.37484,0.94012,-28.263,-0.27991,0.21482,-0.055841,-0.94591,-0.15474,0.018535,0.071793,1.4679,28.287,-0.19247,-28.932,0.68418,-0.47992,-0.40159,-32.194
11.4,-0.30136,0.19861,-0.065638,-0.92686,-0.13992,0.012906,0.057518,1.8567,28.674,-2.64,-31.883,1.0541,0.34577,-0.67467,-30.155,-0.27641,0.19727,-0.069307,-0.93732,-0.14445,0.015511,0.05855,0.8615,27.907,-1.15,-30.48,0.19255,0.1446,3.0712,-31.746
11.5,-0.28026,0.18411,-0.062019,-0.94588,-0.14176,0.028053,0.055233,0.1792,28.526,-0.8664,-30.958,-0.053913,2.1347,1.5032,-30.397,-0.26882,0.20064,-0.055616,-0.93688,-0.14647,0.022766,0.060301,0.17239,29.146,-0.9495,-31.692,1.1231,0.50779,0.70646,-29.41
11.6,-0.25619,0.16541,-0.074117,-0.93233,-0.14617,0.022297,0.051209,0.91369,28.88,-1.2602,-33.803,1.9059,1.1994,0.5705,-27.599,-0.25472,0.18951,-0.051191,-0.93007,-0.14674,0.020343,0.055822,2.6417,25.875,-2.4789,-31.743,1.131,2.9041,1.3822,-31.061
11.7,-0.26685,0.20149,-0.057247,-0.9441,-0.13422,0.029289,0.038872,1.4672,28.23,0.78119,-33.259,0.22347,0.52864,1.2493,-27.58,-0.23336,0.20257,-0.069909,-0.94285,-0.14759,0.019923,0.05164,-0.28634,30.05,-1.1508,-34.429,-0.52153,1.2639,0.040508,-29.676
11.8,-0.23113,0.19918,-0.069223,-0.96478,-0.13959,0.029855,0.042283,0.68252,29.156,-0.24252,-33.483,1.3669,3.1817,1.0258,-27.137,-0.26631,0.19646,-0.05307,-0.94904,-0.14968,0.013139,0.04726,-0.40771,30.034,-1.5055,-35.7,0.040534,3.0381,-0.90544,-31.553
11.9,-0.26487,0.18202,-0.053691,-0.93769,-0.13642,0.037604,0.049342,-1.3063,29.307,-0.78564,-34.768,2.7011,1.8533,1.7948,-27.472,-0.23667,0.20809,-0.063934,-0.93238,-0.1464,0.024356,0.045534,1.9252,29.261,-0.12805,-34.692,-0.66817,3.0769,-0.99755,-28.441
12,-0.23508,0.17549,-0.056652,-0.94094,-0.13461,0.026297,0.05703,0.023345,29.467,-1.9387,-34.426,-0.55733,3.1999,-0.2504,-28.778,-0.21904,0.17875,-0.072433,-0.94263,-0.15452,0.038193,0.049598,0.21658,28.78,-1.6989,-35.257,-0.3672,2.6046,1.7721,-30.458
12.1,-0.22141,0.17285,-0.054805,-0.94163,-0.14433,0.025202,0.046709,0.38268,30.612,-1.2624,-35.35,0.48547,4.1751,1.7067,-26.638,-0.23657,0.18349,-0.077812,-0.94002,-0.15066,0.030145,0.035393,0.33464,29.205,-1.5551,-34.84,-0.77781,2.6292,1.8367,-29.749
12.2,-0.22516,0.18829,-0.08624,-0.96173,-0.14289,0.035336,0.034803,1.1753,29.779,-1.6074,-35.788,0.67787,3.5912,-0.6027,-25.47,-0.20059,0.18711,-0.065383,-0.94179,-0.14664,0.031493,0.038147,2.5187,29.759,-1.5492,-35.408,-0.30669,4.0112,-0.26355,-27.517
12.3,-0.21671,0.17409,-0.086839,-0.97504,-0.13955,0.034862,0.034926,0.17771,31.26,-1.6161,-35.474,1.9191,3.4967,-0.53024,-26.886,-0.19534,0.17911,-0.071435,-0.96595,-0.15461,0.030893,0.040626,1.8447,30.037,-0.32131,-36.513,1.1317,2.887,0.45228,-26.91
12.4,-0.20136,0.19942,-0.064036,-0.96725,-0.15197,0.036529,0.037047,0.20556,31.814,-2.856,-35.045,-0.047849,4.4178,0.33096,-25.233,-0.19579,0.18936,-0.090946,-0.9702,-0.15007,0.034359,0.028476,1.5282,31.694,-1.5688,-36.492,2.1894,2.8984,2.3238,-27.534
12.5,-0.20032,0.16651,-0.074812,-0.96676,-0.14601,0.041459,0.033145,0.027282,32.575,-1.1778,-36.218,1.2328,5.11,1.2023,-26.81,-0.18782,0.18058,-0.0926,-0.95987,-0.14604,0.027683,0.050047,-0.54607,31.391,-2.0376,-37.344,-0.72756,2.6768,1.9484,-28.778
12.6,-0.1936,0.16703,-0.065693,-0.9641,-0.1421,0.038861,0.031991,1.0398,30.771,-1.7216,-37.994,1.8391,2.8865,1.496,-23.553,-0.19003,0.18805,-0.10754,-0.97598,-0.1538,0.036905,0.043942,1.5915,31.663,-0.73102,-36.515,0.94506,3.605,-0.94964,-28.946
12.7,-0.197,0.16083,-0.092608,-0.95194,-0.1409,0.039345,0.033184,-0.68016,30.347,1.2335,-35.718,0.076116,5.5194,0.72247,-23.84,-0.17438,0.19037,-0.10135,-0.94654,-0.15499,0.035804,0.036004,0.28144,32.03,-1.3406,-37.915,1.5419,4.714,1.3606,-25.946
12.8,-0.18669,0.16897,-0.055983,-0.96631,-0.14774,0.040833,0.037739,0.31647,32.966,-0.77487,-35.279,2.3073,5.4213,0.1528,-24.907,-0.16478,0.1912,-0.080541,-0.96149,-0.14873,0.030577,0.046274,1.3101,31.532,-2.6939,-36.55,0.86787,3.7792,2.4104,-27.317
12.9,-0.1912,0.18061,-0.073203,-0.96498,-0.14659,0.038984,0.030147,1.4215,30.826,-1.1892,-38.346,0.50892,7.5092,0.66466,-23.165,-0.1438,0.20736,-0.0728,-0.98797,-0.1468,0.046766,0.035134,2.2359,31.554,-1.1116,-36.443,-0.47615,5.7046,0.59367,-26.227
13,-0.16538,0.17606,-0.068786,-0.96739,-0.15384,0.044483,0.028015,0.95869,32.88,-2.4087,-37.018,2.0306,4.2035,0.97591,-24.292,-0.14732,0.19574,-0.066678,-0.9696,-0.15347,0.044535,0.035723,0.92721,30.622,-2.0729,-37.993,0.87693,3.9429,0.97224,-25.633
13.1,-0.15985,0.1817,-0.084987,-0.97935,-0.15153,0.046776,0.036337,0.73329,31.468,-0.1393,-38.398,0.76959,6.8578,0.41173,-24.998,-0.13122,0.20374,-0.075876,-0.96391,-0.14796,0.040506,0.035211,1.6819,32.241,-1.4985,-36.892,0.97294,6.7795,2.1005,-25.643
13.2,-0.15189,0.1771,-0.089786,-0.96667,-0.15248,0.048347,0.036043,1.8328,33.011,-1.3496,-40.164,0.56401,5.0129,0.34752,-23.915,-0.14273,0.18127,-0.099881,-0.97157,-0.14319,0.038683,0.030273,-0.8871,32.767,-0.038929,-37.296,2.0656,6.1173,1.0219,-26.335
13.3,-0.11659,0.17996,-0.07893,-0.96673,-0.15059,0.050225,0.023136,-0.68013,32.799,-3.0478,-38.249,0.8569,5.3729,0.92744,-24.276,-0.13778,0.17671,-0.08105,-0.95906,-0.14764,0.040839,0.036035,-0.72907,33.635,-0.88554,-39.73,1.3317,5.4911,0.92703,-24.177
13.4,-0.12696,0.19279,-0.097478,-0.97887,-0.14647,0.055796,0.032339,-0.12303,33.035,-1.325,-41.057,0.12001,5.8527,2.4215,-23.685,-0.11918,0.18491,-0.10107,-0.96965,-0.14731,0.046275,0.026924,-0.18428,31.05,-1.1046,-37.529,0.35544,6.2835,1.0822,-24.95
13.5,-0.13377,0.16295,-0.080069,-0.99255,-0.13485,0.059994,0.028137,0.44422,32.467,-3.1804,-41.505,2.7401,6.7769,1.2558,-21.252,-0.13698,0.17246,-0.066459,-0.97083,-0.14561,0.052522,0.024542,-1.3776,31.68,-0.015098,-41.416,1.1025,7.2285,-0.035578,-25.974
13.6,-0.13221,0.17292,-0.072672,-0.96906,-0.14787,0.058285,0.038857,-1.6519,33.406,-0.90561,-42.234,0.54882,3.784,0.02693,-23.065,-0.11106,0.20224,-0.088962,-0.96101,-0.13982,0.051014,0.022082,-0.6771,30.046,-2.0491,-40.84,2.2207,4.7777,-0.3472,-24.866
13.7,-0.12852,0.15331,-0.079521,-0.97114,-0.1431,0.061124,0.027085,-1.0713,31.571,-0.53207,-40.522,0.23096,6.4722,0.41633,-20.592,-0.11327,0.19173,-0.076158,-0.98338,-0.14038,0.054669,0.019187,-1.7067,31.357,-4.3477,-41.495,1.0957,9.6893,1.3115,-25.121
13.8,-0.11403,0.17924,-0.091029,-0.99633,-0.14429,0.049655,0.01452,0.18207,33.938,-2.5119,-42.567,-0.2219,7.7553,2.2175,-21.061,-0.085585,0.19948,-0.084776,-0.97193,-0.136,0.061472,0.030792,-0.84291,29.568,-0.50386,-40.32,1.5314,6.2661,-0.71424,-23.959
13.9,-0.092044,0.14242,-0.069074,-0.97972,-0.13155,0.064426,0.0193,-1.7317,29.977,-2.2183,-40.76,0.93369,7.4355,0.086505,-21.437,-0.077734,0.18795,-0.073965,-0.96321,-0.12884,0.053834,0.022506,-1.0183,28.552,-2.793,-41.635,1.151,9.076,-1.1074,-23.778
14,-0.10081,0.13693,-0.078909,-0.98576,-0.13506,0.054883,0.020949,-1.0023,29.82,-1.8078,-42.028,-0.041752,8.7404,0.050045,-19.747,-0.085726,0.14784,-0.069425,-0.96692,-0.13596,0.050268,0.024032,-0.80901,30.155,-2.2182,-43.189,1.0715,6.7453,1.1013,-22.985
14.1,-0.083945,0.13144,-0.10598,-0.97797,-0.13729,0.063193,0.014641,-0.77835,29.616,-1.1089,-42.965,0.032107,7.3172,3.1154,-20.938,-0.075182,0.17417,-0.069,-0.9642,-0.12837,0.055971,0.023039,-1.5274,29.134,-1.6314,-41.672,1.3533,9.3249,-0.83415,-22.67
14.2,-0.083005,0.14753,-0.086761,-0.98962,-0.13191,0.068114,0.011102,-2.0166,29.731,-1.4896,-42.25,0.97953,9.1112,1.1993,-19.016,-0.073591,0.18454,-0.074441,-0.98424,-0.13275,0.056479,0.024476,-2.067,28.427,-1.483,-42.05,0.87554,9.2314,0.48438,-21.659
14.3,-0.061201,0.15052,-0.08478,-0.98865,-0.11959,0.059937,0.018424,-0.58634,29.414,-1.7946,-41.583,0.44428,9.039,0.42435,-21.487,-0.051643,0.17093,-0.080905,-0.97536,-0.13731,0.062891,0.011887,0.46439,26.732,-1.7218,-42.835,0.054765,8.7642,0.8626,-24.531
14.4,-0.056413,0.1391,-0.098833,-0.99469,-0.12992,0.059366,0.019736,-2.463,27.79,-3.4027,-43.853,1.398,9.0897,2.0742,-19.114,-0.045931,0.152,-0.083434,-0.97042,-0.13773,0.06272,0.017508,-2.007,26.475,-1.8871,-45.051,2.3367,7.8381,0.2397,-23.028
14.5,-0.054341,0.13388,-0.090645,-0.98664,-0.13209,0.066544,0.011522,-1.3165,27.481,-2.5278,-45.311,1.5195,10.106,3.4309,-17.51,-0.044791,0.16615,-0.087859,-0.98458,-0.12844,0.061358,0.015517,-1.0278,26.681,0.29229,-44.099,1.3166,8.0388,0.78137,-23.205
14.6,-0.056747,0.11994,-0.086055,-0.97778,-0.11839,0.070778,0.0042521,-2.3235,29.28,-2.2868,-43.806,0.43923,8.4526,0.60136,-19.01,-0.030932,0.1374,-0.087764,-0.98368,-0.12313,0.067626,0.014623,0.19211,25.192,-0.57353,-44.774,0.13683,11.137,0.57807,-22.747
14.7,-0.057878,0.13057,-0.069065,-0.97802,-0.11465,0.067746,0.014907,-1.3014,27.442,-2.872,-45.928,2.167,7.4432,1.0818,-18.725,-0.014065,0.1501,-0.080351,-0.96597,-0.12257,0.060694,0.014229,-0.73152,25.539,0.47752,-44.476,-0.045028,9.2263,0.23016,-21.836
14.8,-0.035168,0.14523,-0.087309,-0.99418,-0.11844,0.070538,0.014926,-0.93245,28.188,-0.72039,-46.618,1.0828,11.322,1.7143,-18.074,-0.032747,0.15088,-0.07169,-0.96963,-0.12295,0.067342,0.014052,0.41892,26.822,-2.1231,-45.041,1.5007,8.9507,1.2206,-21.192
14.9,-0.015684,0.13886,-0.081449,-0.99281,-0.1195,0.070902,0.011627,-3.1431,24.867,-0.23837,-45.774,0.88249,10.491,0.92985,-17.928,-0.024938,0.13165,-0.075303,-0.98264,-0.11879,0.06326,0.014848,0.5822,25.906,-1.9729,-45.497,1.1766,10.125,-0.038134,-22.669
15,-0.039303,0.1395,-0.082955,-0.9878,-0.1163,0.071587,0.0049828,-0.8607,24.56,-1.7996,-46.519,0.28267,13.546,1.4018,-17.367,-0.020419,0.15289,-0.080409,-0.98082,-0.12096,0.071619,0.020553,-0.77102,25.152,-0.84049,-47.179,2.1486,10.041,-0.27733,-19.907
15.1,-0.036699,0.13085,-0.078254,-0.9851,-0.11114,0.08408,0.0041372,-1.0372,25.793,-2.4476,-48.212,1.247,10.305,-0.59143,-15.408,-0.0063216,0.15063,-0.085699,-0.96975,-0.11451,0.07659,0.010586,-0.080407,24.953,-1.3723,-47.429,0.41269,11.191,-0.49054,-21.419
15.2,-0.018315,0.13154,-0.089927,-0.98518,-0.10746,0.074539,0.0066204,-0.87097,26.151,0.19188,-47,-0.88896,10.457,1.1864,-17.54,0.0019668,0.12281,-0.10602,-0.97808,-0.10585,0.068885,0.0052744,-1.4558,24.418,-0.99731,-47.487,1.1387,10.981,-1.0344,-21.405
15.3,-0.013772,0.1081,-0.095054,-0.99595,-0.11014,0.081764,0.003338,-1.4582,24.38,-2.0376,-49.282,-0.50538,10.024,0.25859,-16.812,-0.00039092,0.14992,-0.064745,-0.99257,-0.10932,0.080166,0.0098182,-1.0305,24.368,-1.9434,-47.967,0.66466,9.4389,0.1043,-18.585
15.4,0.004177,0.10599,-0.095069,-0.97718,-0.10431,0.07854,-0.0067648,-0.14506,22.064,0.4526,-47.626,0.49908,11.564,1.6371,-16.407,0.022745,0.12376,-0.095472,-1.0064,-0.10503,0.072224,0.013065,-1.4158,24.094,-0.58545,-46.329,-0.91806,12.201,1.2413,-19.76
15.5,0.0071527,0.10245,-0.089034,-0.99352,-0.10223,0.091015,0.011899,-1.5052,21.091,-0.10004,-48.782,1.3388,11.78,-0.51959,-15.464,-0.0031435,0.12709,-0.085214,-0.97337,-0.1061,0.07777,0.0077254,-3.3564,23.314,-1.1351,-48.505,0.15705,11.183,1.0422,-18.762
15.6,0.010365,0.11802,-0.082912,-0.99478,-0.092948,0.086141,0.0040162,0.022334,22.918,-2.326,-49.356,1.5074,14.176,2.3089,-16.72,0.012619,0.12211,-0.073653,-1.0042,-0.097764,0.06904,0.0042133,-0.98161,22.417,-1.2902,-48.365,1.5408,11.536,2.1136,-18.771
15.7,-0.0020574,0.095504,-0.08201,-0.99873,-0.10055,0.089723,0.0036638,-1.7221,22.525,-1.4635,-48.244,-0.82507,12.264,0.37901,-15.079,0.038099,0.13769,-0.086505,-0.98887,-0.089234,0.079141,0.0062629,-1.0741,21.485,-0.57101,-48.557,1.1934,11.227,-0.26418,-18.107
15.8,0.0063398,0.10889,-0.079652,-1.0035,-0.11419,0.08388,-0.0046832,-0.43592,22.922,-1.0443,-51.782,0.10236,12.537,-0.14371,-15.819,0.036587,0.11573,-0.078912,-0.98838,-0.10166,0.083984,-0.007524,-0.62004,21.879,-1.9912,-50.652,-1.062,12.281,0.24189,-18.844
15.9,0.02446,0.090212,-0.074586,-0.99143,-0.092811,0.084349,-0.0043772,-1.7334,23.254,0.075698,-48.981,0.42056,13.136,-0.20464,-15.822,0.023164,0.10693,-0.084972,-0.98973,-0.099894,0.083905,0.0011656,-2.3245,19.884,0.5036,-49.891,0.031546,12.84,-0.73549,-17.942
16,0.041281,0.082204,-0.060792,-0.99455,-0.098886,0.095847,0.005766,-0.54844,21.07,-1.2721,-51.761,0.73698,13.551,0.73647,-16.289,0.0081942,0.10122,-0.085986,-0.96145,-0.092294,0.073855,0.0044187,-1.1444,20.273,-1.4892,-52.056,0.57254,12.271,0.30515,-18.124
16.1,0.0268,0.1061,-0.078799,-0.99297,-0.095568,0.091071,-0.0080923,-0.59627,19.782,-0.131,-50.321,0.41677,14.569,1.9712,-14.199,0.030028,0.10933,-0.093355,-0.98374,-0.10025,0.085948,-0.0017681,-1.7079,20.897,-0.85824,-50.458,1.394,13.637,0.026026,-18.425
16.2,0.045454,0.086047,-0.081822,-0.99116,-0.096973,0.094978,-1.5089e-05,0.37297,20.778,-0.43332,-49.321,0.80967,12.995,0.59585,-13.302,0.057801,0.092189,-0.084009,-1.0091,-0.087668,0.080437,-0.0026418,-0.44526,18.548,-1.8215,-50.35,-0.015799,15.324,-0.66429,-16.995
16.3,0.050728,0.084646,-0.089024,-0.98724,-0.10352,0.086449,-0.012204,-1.4624,18.565,0.90012,-51.341,0.29362,13.465,-0.96036,-14.542,0.040577,0.10038,-0.09221,-0.97581,-0.097341,0.093355,-0.0064045,-0.87616,19.92,0.068062,-53.324,0.77994,14.808,0.78352,-16.767
16.4,0.04254,0.084805,-0.065123,-0.98125,-0.08377,0.089239,-0.013353,-2.5262,19.176,1.1856,-48.833,0.6819,12.114,-0.24577,-12.144,0.067661,0.097192,-0.079266,-0.98552,-0.092343,0.08147,0.0061679,-0.76872,17.772,-0.81979,-51.865,0.089541,15.015,0.81206,-18.105
16.5,0.059261,0.071529,-0.079779,-0.97712,-0.078822,0.088217,0.00093478,-0.20537,20.033,0.87577,-51.22,1.766,13.978,1.9688,-13.437,0.072467,0.081289,-0.080871,-0.99106,-0.081645,0.087526,-0.009847,-1.3113,17.492,-0.28485,-52.489,0.87227,14.72,1.0532,-17.222
16.6,0.044771,0.057358,-0.055489,-0.99365,-0.080609,0.097546,-0.0038144,-1.0561,18.047,1.8381,-49.902,2.388,15.38,-0.73263,-11.818,0.062576,0.082646,-0.068846,-1.0124,-0.085564,0.096635,0.00048056,-2.7902,16.948,0.18229,-51.83,0.25634,14.568,-0.44474,-18.042
16.7,0.051475,0.050542,-0.052469,-0.99148,-0.0806,0.084893,-0.011688,-0.86551,16.73,-1.9565,-50.556,2.2552,15.836,0.16844,-12.5,0.077511,0.093433,-0.083947,-0.99881,-0.083478,0.092614,0.00035237,-0.59795,16.902,-1.8267,-53.942,2.6437,15.194,1.5265,-16.976
16.8,0.069995,0.066413,-0.07117,-1.0095,-0.078029,0.090882,-0.0073531,-0.31085,16.74,0.17568,-48.777,-1.6941,15.537,1.4004,-10.579,0.065569,0.058656,-0.062908,-0.99574,-0.076628,0.10213,-0.005411,-2.8332,16.01,0.11192,-52.669,0.80642,13.954,1.3825,-15.657
16.9,0.054855,0.071276,-0.07162,-1.0165,-0.076318,0.090032,-0.019788,0.87268,16.549,2.2336,-47.828,0.59808,14.41,2.254,-11.412,0.081973,0.076277,-0.086635,-0.98204,-0.074912,0.098341,-0.0043207,0.51205,16.545,1.3637,-51.454,1.0659,15.363,1.5291,-13.944
17,0.06927,0.043418,-0.069005,-0.98974,-0.070206,0.09502,-0.01669,-0.6379,17.623,0.85563,-49.062,2.0748,16.279,0.47585,-11.944,0.078041,0.058152,-0.066771,-0.97943,-0.082072,0.088844,-0.013272,-1.8563,16.184,0.616,-50.758,-0.51503,16.141,0.58611,-15.309
17.1,0.057506,0.044579,-0.08171,-0.98922,-0.072514,0.083778,-0.012879,2.6737,16.902,1.4867,-46.376,-0.30853,15.459,-0.21542,-10.59,0.091426,0.063803,-0.05782,-0.99953,-0.083003,0.086285,-0.0056364,-2.2503,14.693,-0.25401,-52.61,2.3938,18.199,0.34172,-14.849
17.2,0.068098,0.052789,-0.056956,-0.98525,-0.066629,0.083694,-0.017886,0.14118,16.288,0.1414,-46.615,1.2244,17.212,0.56617,-10.982,0.084993,0.055416,-0.056828,-0.99469,-0.076079,0.094005,-0.0099932,-0.82364,13.408,0.3157,-51.212,-0.3584,14.595,2.7084,-14.937
17.3,0.08301,0.034751,-0.0617,-1.0049,-0.071818,0.095652,-0.033084,-2.553,15.606,-0.26502,-47.049,-0.098873,17.96,1.4539,-11.58,0.097719,0.070055,-0.045371,-0.97882,-0.073506,0.095181,-0.0018284,-1.4329,14.084,0.50905,-50.576,-0.37895,14.997,0.8365,-13.715
17.4,0.071573,0.040341,-0.077769,-0.9943,-0.058545,0.088501,-0.022773,-1.1118,14.526,-0.98293,-47.248,-0.09115,15.787,1.231,-10.488,0.08877,0.050571,-0.077754,-0.97861,-0.069466,0.10083,-0.01129,-2.9593,13.27,0.72238,-49.479,2.0719,17.379,-1.3362,-14.938
17.5,0.076209,0.0224,-0.055455,-0.99447,-0.052497,0.086743,-0.020706,-1.5695,14.935,1.722,-46.75,1.3802,15.114,1.8427,-10.073,0.10359,0.051327,-0.055903,-0.98991,-0.068669,0.080061,-0.014568,-1.8355,14.383,0.56911,-50.9,-0.77527,15.268,-1.3073,-11.902
17.6,0.098187,0.020841,-0.069485,-0.98618,-0.065438,0.089893,-0.02619,-2.6137,14.811,0.25368,-46.921,-1.5306,16.44,1.1295,-8.576,0.1084,0.03361,-0.043053,-1.008,-0.05781,0.091347,-0.012427,-0.81727,12.388,0.56113,-48.662,0.78996,17.502,1.1049,-12.816
17.7,0.087611,0.020912,-0.055839,-0.9977,-0.050514,0.08648,-0.015242,-1.8259,12.368,-0.21472,-47.902,1.2537,18.768,1.2196,-7.9834,0.11611,0.027658,-0.057307,-0.97955,-0.062397,0.08749,-0.017245,-1.9397,12.368,1.4556,-49.537,-0.66551,17.76,-0.12472,-13.23
17.8,0.08379,0.012187,-0.056898,-0.99315,-0.057933,0.092332,-0.027934,-0.28752,13.358,-0.057713,-48.832,0.20804,16.318,-0.052877,-7.9887,0.11854,0.040727,-0.058902,-0.9815,-0.065939,0.088726,-0.015824,-0.51953,12.625,-0.24526,-50.426,0.010423,17.453,1.2779,-14.225
17.9,0.096946,0.017361,-0.049826,-1.0052,-0.05186,0.095684,-0.021641,-2.282,12.521,1.7879,-46.732,-0.38768,17.703,2.0747,-7.2985,0.12732,0.049138,-0.065263,-0.98317,-0.055664,0.084781,-0.013935,-1.8396,10.971,0.5316,-51.04,2.2884,19.403,2.6617,-13.044
18,0.10199,-0.0031965,-0.054004,-0.99931,-0.053225,0.078549,-0.02935,-2.2311,12.173,0.31181,-45.94,-1.035,16.48,1.1641,-8.864,0.1082,0.010068,-0.049234,-0.98492,-0.051102,0.086337,-0.025653,-1.0623,10.933,1.4053,-48.372,0.98412,19.116,1.9464,-12.696
18.1,0.11066,0.0097295,-0.032301,-0.99377,-0.039457,0.077996,-0.021953,-1.4208,12.701,1.8043,-44.427,1.0705,19.152,-0.10129,-7.7277,0.10903,0.022635,-0.053193,-1.0131,-0.049814,0.082797,-0.021541,0.046036,8.4039,0.40445,-49.928,-1.0936,18.16,1.4929,-13.145
18.2,0.10477,0.012554,-0.041802,-0.99381,-0.046804,0.07746,-0.023683,0.10576,12.013,1.7534,-44.143,0.71611,17.241,0.2499,-6.2004,0.10449,0.015864,-0.05402,-0.9983,-0.051748,0.084701,-0.015256,-0.91338,9.5865,0.36361,-48.433,0.18685,18.17,0.67071,-13.239
18.3,0.12291,-0.011553,-0.042828,-0.99274,-0.052992,0.091508,-0.026685,0.055394,11.307,0.13774,-44.769,0.8296,18.259,0.4704,-6.6576,0.13342,0.015283,-0.06014,-0.9911,-0.051221,0.083048,-0.019688,-0.36583,9.6967,1.8285,-48.502,-0.30095,19.33,1.9003,-10.665
18.4,0.094685,0.010543,-0.046285,-1.0009,-0.045358,0.074712,-0.035085,-2.8889,11.655,0.30187,-45.648,0.52416,18.829,0.25668,-6.3651,0.12934,0.026307,-0.026016,-0.98374,-0.041582,0.080282,-0.020178,-0.15302,9.6708,-0.4471,-47.549,2.3121,19.532,0.88038,-12.575
18.5,0.12233,0.0017593,-0.055309,-1.0046,-0.039936,0.079469,-0.032921,-4.2457,7.3274,2.4879,-42.338,-0.55911,17.879,3.8914,-7.2386,0.13981,0.00035991,-0.075979,-0.98479,-0.047777,0.08534,-0.022236,-1.1974,9.391,0.70927,-46.663,2.0649,17.901,-0.14879,-10.339
18.6,0.11618,-0.0053465,-0.049604,-0.99386,-0.046251,0.08997,-0.041732,-0.54682,10.571,-0.69307,-45.057,1.239,19.044,1.0959,-5.6849,0.1497,0.010906,-0.038363,-0.98962,-0.038786,0.079541,-0.026343,-1.9569,8.3196,0.68563,-48.282,0.83764,19.36,0.87338,-9.0074
18.7,0.11062,-0.017095,-0.038372,-1.0066,-0.043122,0.082986,-0.034667,-1.6304,7.7963,0.34116,-42.59,-0.3159,18.396,0.48922,-5.4899,0.13977,0.0096226,-0.0569,-0.97772,-0.032122,0.088463,-0.02329,-1.8171,8.6765,-0.37966,-48.199,-1.7331,19.305,-0.67156,-9.2116
18.8,0.11637,-0.012565,-0.028447,-0.9957,-0.036493,0.08549,-0.036042,-0.8431,8.1851,-1.4092,-43.49,-0.93434,19.689,1.3988,-6.7859,0.1256,0.015648,-0.036501,-0.97997,-0.030712,0.083797,-0.026013,-2.9507,8.0141,0.29154,-46.791,-0.32302,20.378,-1.0602,-8.1272
18.9,0.1108,-0.010991,-0.044498,-0.98182,-0.029618,0.084904,-0.025483,-1.0403,7.5163,0.8756,-42.436,-0.04619,18.339,0.42073,-5.9522,0.15121,-0.0017936,-0.036947,-0.96392,-0.03664,0.091725,-0.024593,0.21104,6.2489,-0.68483,-45.509,-0.42691,19.286,-1.305,-9.1249
19,0.14055,-0.017587,-0.024081,-0.97608,-0.042269,0.075642,-0.031062,-1.4614,7.9325,-0.18294,-41.141,1.1953,17.403,0.90753,-4.1026,0.1528,-0.004493,-0.048086,-0.99537,-0.033071,0.081618,-0.026528,-1.3349,5.3335,1.7241,-46.022,0.38797,18.939,-0.84933,-10.388
19.1,0.12827,-0.037312,-0.041665,-0.9797,-0.03154,0.08387,-0.033068,-0.84008,5.6703,2.0573,-41.961,1.4962,16.367,1.1259,-4.3643,0.15618,-0.0068664,-0.048537,-0.97961,-0.031975,0.079911,-0.024312,-1.5475,6.6701,0.24828,-45.956,2.0751,19.845,1.4718,-10.384
19.2,0.11318,-0.051232,-0.041395,-0.99986,-0.031968,0.075821,-0.025051,-1.7513,7.0644,1.242,-42.881,-1.2486,18.055,1.3737,-3.7425,0.16023,-0.021804,-0.04256,-0.98293,-0.024413,0.081279,-0.039581,1.0835,6.1053,1.0074,-45.691,-1.0823,20.146,1.4798,-7.5805
19.3,0.11956,-0.034389,-0.016951,-1.0018,-0.026412,0.080641,-0.033379,-2.6628,6.2646,0.92953,-41.581,-0.64664,19.12,0.016879,-4.4291,0.1608,-0.019505,-0.028456,-0.99886,-0.030091,0.078366,-0.027405,-0.39112,4.3637,0.33098,-46.019,-1.8836,19.266,1.428,-6.6163
19.4,0.13224,-0.038072,0.0015427,-1.003,-0.016459,0.078088,-0.040895,-0.9183,5.0594,2.5446,-43.255,-0.59494,18.444,-0.25774,-3.6654,0.15387,-0.024537,-0.020417,-0.98632,-0.026988,0.080003,-0.035789,-1.2915,6.7475,0.014589,-43.631,-0.76962,20.208,1.1878,-7.0924
19.5,0.13755,-0.030489,-0.029053,-0.99686,-0.027257,0.072286,-0.038522,-0.93297,4.7929,0.68787,-40.797,-2.3374,17.074,-1.1364,-3.3586,0.1481,-0.042204,-0.019555,-0.98791,-0.021715,0.07285,-0.029939,-1.8412,3.662,0.87753,-43.661,0.84679,18.224,1.4353,-6.9208
19.6,0.12619,-0.049243,-0.0073356,-0.99349,-0.017481,0.077478,-0.03363,0.13838,4.6638,-0.40748,-38.642,-0.44495,17.819,0.37712,-2.9039,0.158,-0.033147,-0.023,-0.97853,-0.026107,0.076717,-0.030853,-1.4299,3.5749,-0.90097,-44.243,-1.4934,17.664,0.48368,-8.0482
19.7,0.15123,-0.055978,-0.019383,-0.97679,-0.014522,0.072795,-0.035336,-0.98227,4.7064,1.2668,-43.144,0.43607,16.665,-0.34349,-5.61,0.17159,-0.046723,-0.013725,-0.98454,-0.016323,0.075465,-0.031879,-1.704,4.1072,-0.0019218,-45.109,0.53809,20.924,0.9045,-6.8181
19.8,0.13419,-0.04823,-0.012608,-0.99754,-0.020464,0.074939,-0.029902,0.17639,5.9919,-0.68113,-39.693,-0.53041,16.031,2.3464,-4.8377,0.16905,-0.041732,-0.029482,-0.98352,-0.024328,0.076827,-0.034519,-1.8177,2.665,2.2723,-43.742,-1.4935,18.868,-0.84227,-7.1777
19.9,0.13216,-0.054884,0.0046469,-0.99313,-0.01136,0.074248,-0.027641,-1.5576,3.2466,0.41731,-39.343,-0.021397,16.175,0.32493,-3.9671,0.14313,-0.044391,-0.0054161,-0.98334,-0.010351,0.082734,-0.029348,0.90958,2.9911,0.14478,-42.403,-1.5202,19.078,-0.41145,-5.6535
20,0.14331,-0.059152,-0.0073415,-0.98393,-0.008577,0.065228,-0.028026,-0.94064,2.8163,1.0467,-39.903,0.048406,17.955,-1.2175,-4.836,0.16892,-0.052189,-0.014442,-0.98829,-0.0064943,0.081924,-0.030886,-0.7815,3.6096,0.88188,-40.637,0.6786,20.095,-0.065505,-6.593
20.1,0.14056,-0.062658,-0.024901,-0.98589,-0.015458,0.0733,-0.027383,-0.56681,4.1895,0.43243,-39.552,-1.3928,17.321,-1.7561,-3.9951,0.15909,-0.054558,-0.017229,-0.99863,-0.012708,0.069861,-0.037115,-3.0109,2.1681,0.7464,-41.334,0.67081,18.289,0.16474,-8.1351
20.2,0.12316,-0.064014,-0.012552,-0.9697,-0.013117,0.066059,-0.025706,-2.668,4.0095,0.82448,-40.256,-0.63422,15.847,0.51843,-3.5387,0.1672,-0.058618,-0.014842,-0.9743,-0.012438,0.077054,-0.03485,0.19183,2.1812,0.19733,-42.633,-0.86148,20.088,0.30299,-8.369
20.3,0.14942,-0.074111,0.013545,-0.99176,-0.012818,0.067872,-0.031563,-1.5212,2.3139,-0.25514,-39.881,-0.60365,16.809,-0.67307,-2.6917,0.14659,-0.043981,-0.0081571,-0.9896,-0.012561,0.074403,-0.033526,1.9479,1.1441,0.45991,-41.461,0.43188,17.169,-1.2085,-5.8698
20.4,0.13209,-0.072908,-0.013107,-0.98314,-0.00615,0.056961,-0.027344,-2.5598,0.54303,-0.088647,-37.961,-2.2684,15.932,-0.52112,-6.4015,0.14586,-0.062246,-0.01612,-1.0017,-0.008675,0.067454,-0.027121,-2.5529,-0.94656,2.2621,-41.605,0.24744,18.308,0.34693,-6.1384
20.5,0.13426,-0.078437,0.012161,-0.98614,-0.0039952,0.064998,-0.030929,0.097912,0.36894,-0.79728,-37.192,-2.4667,15.163,-0.54138,-2.9536,0.17516,-0.063964,-0.0095642,-0.9885,-0.016037,0.081434,-0.030531,0.2285,-1.7849,-0.47035,-42.484,-0.4832,14.025,-1.208,-5.394
20.6,0.15933,-0.086589,-0.01085,-0.98022,-0.0035076,0.067043,-0.027916,0.40793,1.7482,0.39752,-36.378,-0.017157,14.989,-0.5842,-5.9612,0.15742,-0.075136,0.011298,-0.99066,0.0033053,0.060891,-0.026353,-1.1468,-0.94439,-1.2038,-39.669,-2.1651,17.785,1.2462,-6.3742
20.7,0.12868,-0.085432,-0.011009,-0.98167,-0.0072062,0.075239,-0.018927,-2.058,0.58757,2.4164,-37.655,-0.62173,14.663,-1.2827,-3.7987,0.12892,-0.074532,-0.013099,-0.9957,0.0017388,0.077175,-0.031805,0.74626,-1.4717,1.7431,-39.976,-1.3604,16.148,-1.6955,-8.379
20.8,0.13191,-0.0822,-0.0096694,-0.98496,0.0057878,0.057386,-0.018881,-2.7636,-0.354,0.51936,-35.838,-1.3553,15.499,-1.1472,-4.3585,0.17135,-0.078493,-0.020529,-0.98277,-0.0013222,0.076291,-0.021971,-0.016167,-1.0831,0.0019037,-41.231,-1.7641,15.609,-1.6512,-7.9534
20.9,0.12292,-0.1002,-0.0044684,-0.98947,-0.00085139,0.059473,-0.019597,-1.3877,0.47789,0.040001,-36.652,-1.8593,15.169,2.8294,-6.137,0.14612,-0.083653,0.014166,-0.98045,0.0010579,0.072317,-0.027433,-1.2301,-1.6061,-1.3083,-39.691,-0.79845,16.415,1.0236,-7.2175
21,0.14461,-0.091864,0.017546,-0.97944,0.0010061,0.06626,-0.026919,-0.99833,0.23337,-0.70508,-34.954,-0.2927,13.869,-0.78215,-5.1599,0.15792,-0.071873,0.01918,-0.9654,-0.0034185,0.066917,-0.02871,-1.4856,-1.9896,1.4047,-40.255,0.3094,17.762,-0.77542,-5.7488
21.1,0.14421,-0.092499,0.012241,-1.0031,-0.00427,0.060892,-0.01658,-0.73995,-2.0527,-0.40492,-34.42,-0.49059,14.13,0.7357,-7.5538,0.15434,-0.097342,0.011371,-0.98583,-0.0021129,0.066744,-0.021692,-0.31336,-2.035,0.21877,-40.257,-0.67828,13.933,-0.1148,-6.9992
21.2,0.15514,-0.1072,0.015927,-0.97833,0.0018395,0.065386,-0.020112,-1.1621,-1.6554,1.6582,-35.902,-2.9895,11.008,-1.2052,-4.6419,0.15934,-0.091702,0.012402,-0.98591,0.0089799,0.057118,-0.016919,-1.0037,-2.1814,1.0533,-37.581,-1.3813,17.25,1.1105,-7.0652
21.3,0.13601,-0.095201,0.016988,-0.99469,-0.0014934,0.059304,-0.0068447,-0.93502,-3.8023,-0.95293,-35.308,-1.9532,11.945,-0.40218,-7.5462,0.14595,-0.085801,0.017491,-0.99724,-0.012542,0.059547,-0.024238,-2.3123,-1.4428,0.64919,-38.941,-2.8091,15.756,-0.069065,-6.5649
21.4,0.1394,-0.10704,0.015285,-0.98164,0.0068897,0.055931,-0.017649,-2.3784,-1.8878,1.6712,-33.634,-0.935,11.916,-0.89513,-5.8048,0.18076,-0.088066,-0.0011063,-0.97871,0.0052341,0.066868,-0.010888,-1.5287,-2.4721,2.5254,-39.212,0.09757,14.141,-0.95125,-6.6026
21.5,0.14964,-0.1212,0.00027592,-0.96903,0.0041357,0.052231,-0.01506,-0.51482,-2.9187,0.77053,-36.177,-0.19769,12.189,0.12998,-7.6078,0.1566,-0.10289,0.0093376,-0.97454,0.0047274,0.056574,-0.028642,-1.1469,-4.267,-0.94283,-37.31,-0.3266,14.053,0.16164,-7.0893
21.6,0.14116,-0.1144,0.013696,-0.9932,0.0088262,0.047603,-0.013465,-0.15822,-2.3098,2.7092,-35.772,-2.0675,13.374,-0.77956,-6.5692,0.17029,-0.10687,0.011764,-0.96618,0.011776,0.058109,-0.03019,-0.82687,-2.6235,0.56765,-40.062,-0.24838,15.983,0.36756,-8.7163
21.7,0.14452,-0.09689,-0.0058272,-0.98254,0.0004748,0.049122,-0.0095734,-1.6173,-1.6468,1.4786,-32.83,0.37233,12.232,-0.17419,-7.7031,0.18011,-0.090954,0.010692,-0.98807,0.012052,0.056722,-0.021061,-2.4592,-4.1362,1.3321,-38.061,-0.51754,13.3,-0.5668,-6.8524
21.8,0.14205,-0.097401,0.014144,-0.97954,0.0068165,0.049662,-0.012069,-0.43614,-3.9676,1.5436,-36.004,-0.16125,11.303,0.081574,-6.0115,0.15596,-0.11085,0.0133,-0.96056,0.015925,0.061614,-0.02024,-1.439,-5.4466,0.58265,-38.805,-0.40098,13.755,-0.24182,-7.2159
21.9,0.15922,-0.12656,0.008372,-1.0069,0.0077456,0.045958,-0.019174,-0.061214,-3.7473,1.3269,-33.854,-0.63972,10.785,-0.31925,-6.2881,0.15807,-0.10406,0.0039121,-0.98549,0.0072969,0.062531,-0.017967,-1.8713,-5.89,0.1135,-35.33,0.33512,14.204,-2.0492,-8.2539
22,0.13868,-0.10244,0.0074124,-0.9919,0.015272,0.051143,-0.010796,-1.171,-6.8699,2.2161,-33.049,0.59802,10.885,0.49321,-6.6613,0.14468,-0.10565,0.026408,-0.98038,0.011324,0.048162,-0.0052689,0.96109,-4.6091,0.74531,-36.728,-1.5638,14.252,-1.7641,-9.0068
22.1,0.12509,-0.12379,0.009714,-0.97401,0.0094475,0.038592,-0.0027556,0.57932,-5.7658,1.4172,-31.815,-2.4941,10.726,0.21327,-9.2763,0.15926,-0.099534,0.019051,-0.97907,0.010158,0.042183,-0.015675,-1.6813,-4.3687,1.4473,-33.961,-0.53239,11.36,0.9727,-9.625
22.2,0.13927,-0.13279,0.01822,-0.986,0.0035556,0.036963,-0.010267,-1.4015,-4.8089,0.99342,-31.745,-0.12822,9.1112,-1.4659,-8.4688,0.17742,-0.12184,0.0078547,-0.98599,0.021525,0.053283,-0.009055,-2.7023,-6.8804,0.63087,-36.905,-0.30263,12.765,-1.6247,-9.6214
22.3,0.13795,-0.13323,0.017684,-0.96481,0.0046844,0.036101,-0.0027537,-1.2981,-2.5314,0.49981,-32.396,-0.6369,11.291,-0.076603,-9.5218,0.15597,-0.12379,0.035188,-0.9826,0.015582,0.054575,-0.0076741,-1.6715,-7.7016,0.47787,-34.795,-0.85374,10.278,-1.0717,-8.4318
22.4,0.14726,-0.13981,0.011132,-0.98198,0.010069,0.040588,0.001508,0.046872,-7.8055,0.35359,-33.145,-0.59323,9.8865,-1.5091,-9.8838,0.15171,-0.13965,0.013974,-0.97174,0.0042074,0.044363,-0.0041267,-0.89278,-5.3324,0.56299,-34.142,-0.40325,10.304,-1.5708,-7.1175
22.5,0.13533,-0.13377,0.034401,-0.97016,0.0072876,0.040424,-0.0078647,-0.57687,-7.2259,0.57946,-32.71,0.31653,9.6459,-0.034101,-8.7743,0.16473,-0.10639,0.023505,-0.98834,0.024331,0.044287,-0.01127,-0.39656,-9.6557,0.40495,-36.83,-1.3526,10.397,-2.4111,-8.5476
22.6,0.14932,-0.13589,0.014653,-0.97171,-0.0014705,0.033948,-0.0087439,-0.24071,-8.5939,-0.055012,-31.795,-1.8536,10.269,-1.193,-9.5283,0.16017,-0.1173,0.056229,-0.96778,0.015787,0.048651,-0.0012206,0.65195,-6.6434,-0.46275,-33.617,-1.2228,10.791,-0.30165,-9.928
22.7,0.13382,-0.12987,0.015117,-0.98425,0.015462,0.03428,0.0053945,-0.976,-7.3411,2.5608,-31.011,-1.4944,9.8705,-0.037648,-10.858,0.17512,-0.11687,0.04221,-0.97943,0.016651,0.043878,0.0040027,-0.97539,-9.238,0.59785,-36.131,-2.3708,8.7029,-0.45402,-9.5627
22.8,0.14332,-0.13091,0.020199,-0.98578,0.015994,0.029465,0.0057545,-1.4818,-6.8264,2.3739,-29.125,-2.5358,10.074,-0.62482,-10.426,0.13535,-0.12445,0.037864,-0.99039,0.010581,0.044217,-0.0051282,-0.48849,-7.1276,1.803,-35.247,-2.1904,9.5996,-1.2291,-8.6338
22.9,0.12559,-0.12791,0.018433,-0.97417,0.0067608,0.029279,0.0042029,-2.3303,-6.442,0.049243,-30.511,0.35576,9.6966,-0.69933,-11.05,0.15209,-0.11529,0.022275,-0.99203,0.019817,0.041111,-0.0024565,-1.5143,-8.2398,0.57915,-33.548,-1.7037,10.684,-1.0269,-11.374
23,0.15719,-0.1409,0.022383,-0.9871,0.011403,0.038461,0.012768,0.21292,-7.0761,-0.088664,-31.566,0.99714,10.577,0.2681,-11.071,0.15407,-0.14088,0.021647,-0.97736,0.017555,0.044076,0.0068716,0.54219,-9.8464,-0.12573,-34.031,0.4067,10.274,-2.2385,-12.692
23.1,0.12335,-0.1374,0.020346,-0.96968,0.01322,0.023776,0.0067233,-0.6361,-9.3095,1.0351,-30.998,-0.88983,8.0979,-1.2175,-11.068,0.16091,-0.13655,0.043021,-0.96889,0.014335,0.030188,-0.0039398,1.1718,-9.0028,0.28776,-33.511,-1.4737,8.2458,-0.39996,-9.7619
23.2,0.15564,-0.13909,0.014133,-0.97177,0.013234,0.038871,0.013169,-1.9575,-7.8511,1.7859,-29.372,-0.90057,7.1067,-2.737,-9.458,0.13634,-0.15088,0.038888,-0.98089,0.018461,0.023565,0.0026998,-0.48627,-10.791,1.3389,-32.497,0.2515,9.7051,-0.054352,-11.377
23.3,0.13678,-0.12829,0.035409,-0.97088,0.021695,0.027815,-0.0032166,-1.2128,-9.069,-0.1637,-31.826,-0.049776,6.677,-1.1211,-10.046,0.15752,-0.12659,0.04244,-0.97794,0.023024,0.038746,0.0065145,-0.19617,-10.726,1.5494,-32.26,1.0434,9.6425,-0.63073,-10.986
23.4,0.12916,-0.13555,0.023299,-0.9797,0.022249,0.028404,0.0069377,-1.4527,-9.4026,0.8352,-29.877,-2.0715,8.5643,1.2248,-12.081,0.15124,-0.1379,0.034705,-0.97452,0.02486,0.04006,0.0056191,0.19053,-10.256,0.12214,-32.759,-0.39254,9.1447,-1.4033,-12.881
23.5,0.13389,-0.14938,0.026606,-0.97549,0.019234,0.024048,0.0096569,-1.5506,-8.394,-0.91153,-29.221,-2.4969,8.2836,-1.5488,-12.235,0.14902,-0.16746,0.028481,-0.97191,0.022528,0.042543,0.006409,-2.4404,-11.533,0.42218,-32.352,-0.22792,7.3868,-2.4179,-12.276
23.6,0.12984,-0.14285,0.013098,-0.98925,0.031789,0.024413,0.014344,-0.55665,-8.6939,1.6581,-30.464,-0.99549,5.629,-1.8044,-13.226,0.14439,-0.13778,0.024333,-0.96068,0.024968,0.027667,0.0090147,-2.4209,-12.005,0.23405,-32.369,0.36211,8.4506,-2.4076,-13.938
23.7,0.12193,-0.15636,0.0086352,-0.96796,0.019474,0.028121,0.0085939,-2.8593,-10.511,-2.1406,-28.814,0.99112,3.9507,-0.36561,-13.854,0.14163,-0.17094,0.026514,-0.9754,0.028045,0.033403,0.011431,-2.1382,-10.761,-0.056384,-32.313,1.5577,9.3826,-0.60087,-14.512
23.8,0.13215,-0.14069,-0.0063812,-0.98554,0.015813,0.014571,0.019676,-2.5866,-10.958,0.28133,-27.203,0.32468,6.0323,-1.133,-12.741,0.1536,-0.15174,0.031385,-0.98058,0.027756,0.026858,0.0044933,1.3717,-14.021,-0.01583,-32.641,1.24,6.9416,-0.34379,-12.393
23.9,0.12596,-0.13464,0.008356,-0.98674,0.03076,0.026845,0.020562,-1.6775,-9.8336,2.7765,-27.271,-1.9451,6.2949,-1.0393,-14.125,0.14931,-0.14656,0.028481,-0.98994,0.014846,0.026404,0.015235,-2.0463,-14.265,1.848,-31.379,0.22317,8.9188,-3.2261,-14.04
24,0.13395,-0.1569,0.014742,-0.99119,0.014322,0.018742,0.010879,-0.85143,-10.047,-0.3846,-26.792,-0.10277,5.7499,-2.3937,-16.141,0.14101,-0.14701,0.024868,-0.97826,0.027562,0.028965,0.013407,-1.6596,-12.802,1.1226,-32.178,-2.224,6.4131,-0.7336,-15.267
24.1,0.11465,-0.14534,0.013781,-0.98154,0.025424,0.01207,0.012836,1.8674,-12.783,0.14452,-28.127,0.76442,6.6292,-1.2299,-13.259,0.16879,-0.14914,0.03465,-0.98155,0.017344,0.021042,0.012731,-1.3908,-13.005,0.27112,-29.876,-0.9061,5.3976,-2.7741,-13.916
24.2,0.13423,-0.14785,0.0054811,-0.97857,0.022102,0.011039,0.017894,-1.4546,-12.508,0.098394,-26.134,0.1025,7.0454,-0.59982,-16.205,0.13358,-0.13942,0.019363,-0.97526,0.019893,0.024201,0.012639,-0.52161,-13.176,-0.10595,-30.834,-0.56298,6.6572,-1.3043,-17.087
24.3,0.12373,-0.16123,0.031065,-0.99357,0.025057,0.018653,0.017023,-3.8847,-13.771,0.18403,-23.274,-0.96575,5.7611,0.57855,-16.254,0.13894,-0.14012,0.018462,-0.97385,0.023774,0.016124,0.011597,-2.1542,-13.573,0.86745,-28.777,-0.65628,5.0451,-0.39165,-14.255
24.4,0.12738,-0.15076,0.038829,-0.97213,0.022126,-1.7138e-05,0.015417,-0.64617,-13.211,0.6543,-26.038,-0.54031,4.0754,-0.8196,-14.505,0.12665,-0.17452,0.01548,-0.9664,0.02429,0.018682,0.017761,-2.5077,-12.98,0.58771,-30.01,-0.23105,6.5159,-1.8796,-13.732
24.5,0.10569,-0.14964,0.016831,-0.96722,0.026682,0.013035,0.017828,-0.62918,-14.364,0.6486,-26.581,-0.13876,6.5261,-0.48842,-15.16,0.15861,-0.15387,0.027655,-0.98874,0.020579,0.013886,0.025643,-0.297,-12.724,0.32265,-29.46,0.27228,5.6849,-0.018802,-16.433
24.6,0.12885,-0.15399,0.0056583,-0.9897,0.023214,0.017119,0.020409,-2.3534,-12.56,2.4748,-26.215,1.547,5.5685,-1.1326,-16.054,0.12494,-0.12235,0.024764,-0.9703,0.027926,0.011269,0.014094,0.91282,-15.293,0.80199,-28.569,-0.82421,6.061,-0.3442,-15.784
24.7,0.11934,-0.15737,0.0054869,-0.97399,0.031643,0.0064416,0.023878,-0.16903,-15.528,-1.4014,-23.701,0.76468,5.477,-1.622,-17.094,0.143,-0.1494,0.023558,-0.98253,0.031365,0.015214,0.014131,-0.67373,-16.492,0.95536,-28.289,1.0066,6.5078,-0.93933,-16.132
24.8,0.11724,-0.1666,0.017381,-0.97879,0.018451,0.0086222,0.011888,-1.6507,-13.652,0.60088,-24.834,-1.0105,8.3277,1.0725,-16.803,0.13642,-0.17659,0.023558,-0.9773,0.020195,0.01015,0.019657,-0.50904,-14.375,0.82334,-26.142,0.80224,4.8089,-1.3971,-16.637
24.9,0.099848,-0.14716,-0.0034139,-0.983,0.022549,0.00022869,0.019708,-1.1805,-13.592,0.11238,-22.124,-0.98008,6.4985,-0.75456,-15.396,0.11674,-0.15062,0.018812,-0.99141,0.030323,0.010941,0.018165,-0.52519,-17.801,1.5612,-27.941,-0.02198,6.8661,-1.0896,-17.238
25,0.095148,-0.16233,0.010547,-0.96532,0.030548,0.0071867,0.022733,-2.5481,-14.552,1.5017,-22.681,0.31177,5.05,0.019174,-16.569,0.13165,-0.16171,0.019489,-0.98143,0.03661,0.012926,0.020313,0.38891,-18.3,1.811,-28.024,1.712,4.8435,-0.82148,-18.415
25.1,0.10068,-0.14525,0.012301,-0.97147,0.026334,0.0015517,0.014252,0.16935,-16.165,-0.25256,-22.551,-0.20532,3.1447,-0.60219,-18.35,0.11893,-0.16556,0.031306,-0.97126,0.032002,0.0027667,0.031279,-2.9308,-17.196,0.90155,-27.233,1.1587,5.2443,-2.9164,-16.303
25.2,0.089051,-0.16998,0.018787,-0.99687,0.027392,-0.0020348,0.019042,-1.6021,-16.597,-0.18862,-22.146,2.3967,6.4332,-1.4122,-18.831,0.12044,-0.16573,0.026058,-0.97302,0.039379,0.0079914,0.027759,-2.1007,-16.364,1.1776,-26.561,-0.51781,6.2338,-0.78944,-19.464
25.3,0.10543,-0.17786,0.0086007,-0.98389,0.033002,0.0017352,0.026193,-1.3899,-18.742,-0.2807,-21.942,0.79163,5.5216,-1.8268,-20.004,0.12325,-0.18093,-0.00045458,-0.9881,0.03699,0.0032537,0.031484,-2.3759,-17.427,0.13246,-27.693,-1.2583,5.1018,1.2656,-20.544
25.4,0.1011,-0.17193,-0.00028909,-0.98559,0.04514,0.009456,0.022557,-1.6941,-17.883,-0.67639,-22.928,0.10483,5.2152,-0.32497,-18.559,0.12256,-0.17254,0.014178,-0.96886,0.031342,0.0071189,0.030487,-1.4498,-18.21,0.93493,-28.271,0.41866,4.7318,-1.3197,-18.55
25.5,0.11563,-0.15561,0.013156,-0.97186,0.032284,-0.0017414,0.030422,-2.1244,-17.237,1.3905,-22.124,0.4551,5.4842,-1.9821,-20.854,0.11427,-0.16515,0.01665,-0.98992,0.032418,0.0046281,0.03026,-0.36595,-17.998,0.8038,-25.607,0.68679,7.1,0.8173,-20.331
25.6,0.11595,-0.14932,0.0061294,-1.0054,0.031466,-0.010879,0.011807,-0.74647,-20.327,-0.46659,-22.41,-0.42834,6.7876,-0.36605,-19.471,0.12654,-0.15972,0.0033397,-0.9788,0.038573,-0.0024918,0.028878,-1.2614,-17.547,-1.1451,-26.389,1.0983,4.4691,-0.65361,-19.524
25.7,0.098916,-0.16087,0.0041143,-0.95388,0.039162,7.4801e-05,0.02989,-1.1627,-18.114,0.17816,-22.178,2.1417,7.1124,0.88124,-19.806,0.095846,-0.16683,0.021962,-0.96779,0.034199,0.008121,0.025118,-1.2033,-20.201,-1.1574,-24.513,-1.7163,4.6324,-0.29385,-20.961
25.8,0.087621,-0.13925,0.012054,-0.98762,0.034599,-0.01157,0.025302,0.95024,-19.948,0.75925,-21.927,0.51922,4.7583,-2.2291,-21.446,0.1136,-0.17173,0.023328,-0.9711,0.040055,-0.0017105,0.035478,-1.16,-18.964,0.75446,-25.763,0.0043216,6.7862,-0.73326,-20.419
25.9,0.09722,-0.14485,0.0099317,-0.984,0.036824,-0.017365,0.029272,-1.6252,-19.228,-0.34641,-20.183,-1.1479,5.574,-1.3636,-20.634,0.10565,-0.17079,0.018353,-0.9733,0.038405,0.0018974,0.030759,-0.060862,-20.545,0.23868,-25.928,0.024471,4.7454,-2.0853,-20.634
26,0.10939,-0.15251,0.005715,-0.97431,0.042348,-0.0070516,0.023083,-0.54276,-19.076,1.9969,-21.292,0.1042,7.3177,-0.16479,-19.592,0.10294,-0.15917,0.022616,-0.97887,0.04347,-0.0080947,0.029566,-1.58,-21.234,0.93219,-24.989,0.60373,4.0282,0.27162,-23.086
26.1,0.087775,-0.15725,-0.0029168,-0.98796,0.021742,-0.012408,0.01871,-0.61451,-21.564,0.026886,-20.046,-0.59377,5.9868,-1.4639,-19.985,0.10069,-0.15514,0.031758,-0.97853,0.047677,-0.0086434,0.033305,0.024594,-21.72,0.52491,-24.298,1.6525,5.0887,-2.3365,-22.878
26.2,0.1049,-0.15725,-0.0012761,-0.9791,0.032813,-0.01559,0.030778,0.077817,-21.43,0.96065,-19.31,0.26076,7.341,-0.1986,-20.916,0.092138,-0.18258,0.011723,-0.96405,0.041862,-0.0043769,0.036211,-1.1054,-21.102,0.86383,-23.888,-0.3345,5.9858,0.17322,-22.427
26.3,0.0971,-0.1424,-0.004458,-0.97936,0.04496,-0.021348,0.032173,-1.3322,-21.249,1.3853,-19.147,1.1464,8.0889,0.22934,-23.783,0.10202,-0.14054,0.008671,-0.99589,0.046776,-0.011622,0.029836,-1.656,-23.365,1.3003,-24.457,0.56071,7.7595,-0.53461,-21.725
26.4,0.091158,-0.16055,0.0059491,-1.0019,0.050761,-0.023473,0.021306,-0.42981,-20.44,-1.0414,-20.793,0.70527,7.148,-0.97012,-23.525,0.098225,-0.16768,-0.0031133,-0.99644,0.036317,-0.011281,0.030652,-1.9131,-21.879,-0.060524,-23.625,0.3092,8.5029,-0.20223,-22.352
26.5,0.065766,-0.1429,-0.014161,-0.98183,0.043393,-0.011276,0.026236,-1.8897,-22.83,-0.53888,-18.976,1.5814,8.3541,-2.9432,-22.648,0.093095,-0.14676,-0.0089588,-0.98361,0.046363,-0.018947,0.028825,-0.87329,-24.813,-0.56144,-22.894,1.8924,6.597,-2.0816,-21.219
26.6,0.066876,-0.1576,-0.016008,-0.99328,0.038774,-0.018454,0.020847,-1.3936,-21.764,0.90305,-17.258,2.9268,7.6255,-2.0093,-21.263,0.089609,-0.13906,-0.005268,-0.9783,0.04243,-0.009308,0.027127,-1.2785,-23.881,-0.036846,-23.027,1.2305,8.2041,-1.085,-22.104
26.7,0.084046,-0.15802,-0.0072888,-0.98287,0.043589,-0.029198,0.020526,-0.49237,-22.068,-0.44932,-19.009,1.6816,8.8542,-0.85753,-22.048,0.077575,-0.15457,0.010616,-0.99266,0.040978,-0.015421,0.035624,-1.8422,-24.78,0.93845,-21.058,1.2033,7.7248,0.22333,-21.726
26.8,0.068408,-0.14437,-0.018853,-1.0029,0.047303,-0.01809,0.021602,-0.3446,-21.901,1.7251,-17.916,0.76347,11.162,0.21448,-23.304,0.07397,-0.15345,-0.0083615,-0.97348,0.042708,-0.022734,0.030976,-0.040167,-22.769,1.7481,-20.869,2.0618,7.3225,-1.7758,-26.136
26.9,0.06836,-0.16003,-0.018599,-0.98385,0.047292,-0.025876,0.019141,0.89183,-23.56,1.9234,-17.575,1.9056,9.9888,-1.4097,-24.116,0.069065,-0.16094,0.005747,-0.99333,0.04867,-0.031742,0.028258,0.22655,-23.81,1.2514,-21.845,0.54528,7.4638,-1.2887,-25.311
27,0.06919,-0.14181,-0.0040106,-0.97644,0.045733,-0.032165,0.025637,-0.72503,-22.491,-0.44523,-16.956,0.50954,10.119,-1.1013,-24.534,0.088996,-0.15328,-0.011593,-0.97892,0.046914,-0.015879,0.03063,-2.8419,-24.423,1.3912,-21.403,-0.48939,9.5461,0.87423,-24.346
27.1,0.069511,-0.16264,-0.0094573,-1.0193,0.049271,-0.035814,0.025274,-1.3357,-24.048,0.93361,-16.915,-0.3177,8.5042,-1.5636,-24.426,0.090097,-0.1596,-0.011812,-0.98483,0.050461,-0.016294,0.034027,-3.1001,-23.4,0.29899,-20.475,-0.56953,9.1392,-0.66283,-26.217
27.2,0.058346,-0.14283,-0.013255,-0.9904,0.048077,-0.033709,0.022816,-2.4902,-24.648,0.897,-17.273,0.91001,8.489,-2.3191,-24.499,0.093463,-0.15087,-0.010351,-0.99023,0.04695,-0.022688,0.034977,-1.1303,-26.615,0.97219,-21.087,1.6959,8.7871,-2.2945,-25.221
27.3,0.091202,-0.15472,-0.025095,-0.9859,0.045131,-0.027093,0.037126,-2.6138,-25.929,2.0294,-18.736,0.5076,10.713,-0.057949,-24.304,0.079262,-0.1604,-0.018165,-0.99906,0.04344,-0.030924,0.032399,-2.1472,-24.638,1.3338,-20.489,1.5234,8.8938,-1.4352,-24.788
27.4,0.040209,-0.15301,-0.014285,-0.99146,0.048608,-0.03089,0.020997,-1.9309,-24.809,-1.0299,-17.14,1.5658,9.0566,-1.7015,-24.933,0.072749,-0.15029,-0.02235,-0.98237,0.055228,-0.031132,0.035732,-3.6116,-27.243,0.65191,-17.916,1.0287,10.98,1.0467,-26.12
27.5,0.045623,-0.13755,-0.022838,-0.99009,0.048849,-0.037119,0.030101,-2.0132,-23.915,-0.60331,-16.984,-0.22079,9.6486,-0.26997,-26.838,0.082338,-0.13954,-0.0029949,-0.99406,0.053341,-0.026182,0.029606,-1.5548,-24.729,3.4928,-18.515,-0.49256,9.5135,0.29368,-27.313
27.6,0.056443,-0.13964,-0.01056,-0.98383,0.045716,-0.039133,0.03375,-1.9256,-25.07,0.61298,-14.803,1.4416,11.221,-1.424,-24.938,0.060629,-0.15682,-0.0063604,-1.0063,0.050819,-0.025229,0.027499,-1.3386,-27.285,1.8549,-18.883,1.7098,8.684,-1.5788,-27.264
27.7,0.055166,-0.14404,-0.022545,-0.99305,0.051555,-0.032662,0.030866,-1.3887,-27.012,0.61938,-13.813,1.278,11.665,-0.071282,-25.533,0.066535,-0.14602,-0.010598,-0.98852,0.037911,-0.027579,0.028037,-1.951,-25.688,-0.055523,-18.752,0.91622,11.005,-2.0763,-27.339
27.8,0.058536,-0.13199,-0.012551,-0.99249,0.044541,-0.040711,0.025374,-0.54227,-26.315,-0.3903,-15.234,1.0697,12.099,-3.608,-26.699,0.055595,-0.14526,-0.0076582,-0.98743,0.053585,-0.021045,0.036016,-2.1326,-27.685,1.028,-18.675,0.90394,8.9841,0.14473,-27.295
27.9,0.055584,-0.16663,-0.021344,-0.96841,0.05437,-0.041088,0.010717,-1.3058,-25.467,1.2742,-13.763,1.7785,10.214,-1.1824,-27.758,0.058838,-0.15332,-0.0065088,-0.98085,0.04969,-0.033564,0.026588,-0.24506,-27.725,-0.64447,-21.184,0.32536,10.578,-0.63766,-27.419
28,0.03864,-0.12842,-0.019977,-0.98583,0.048868,-0.048641,0.025675,-0.93637,-26.384,0.91672,-13.132,-0.42309,12.132,-0.35405,-27.449,0.064449,-0.12428,-0.0042401,-1.0018,0.051443,-0.036551,0.043975,-1.2629,-30.352,1.8065,-17.216,0.94616,10.729,-2.3518,-27.797
28.1,0.039142,-0.12633,-0.034423,-1.0094,0.043842,-0.035702,0.027098,0.63879,-23.997,0.34123,-13.295,1.1814,12.189,0.023056,-26.818,0.04266,-0.13139,-0.0099145,-0.99205,0.043497,-0.042098,0.038615,0.75681,-29.062,-0.65964,-17.185,3.1911,9.8724,-0.37213,-28.382
28.2,0.042007,-0.13047,-0.011029,-0.98982,0.053267,-0.046247,0.025174,-0.13246,-25.941,-0.15959,-12.043,1.334,11.126,-2.0268,-26.529,0.055417,-0.13551,-0.016717,-0.98834,0.052867,-0.029949,0.029215,0.39519,-28.927,1.3905,-18.201,0.34294,11.475,-0.4961,-29.16
28.3,0.038311,-0.13273,-0.028937,-0.99518,0.040083,-0.046601,0.022191,-1.2243,-24.658,1.4016,-14.707,-0.68875,12.867,-1.9044,-25.902,0.056338,-0.12352,-0.017745,-1.0027,0.047104,-0.033391,0.037471,-1.5348,-29.109,0.67629,-16.783,1.9477,10.601,-0.31215,-30.168
28.4,0.035324,-0.12443,-0.030312,-0.98677,0.048682,-0.051947,0.028385,1.6,-25.077,0.30919,-15.393,-0.78886,10.806,1.086,-26.115,0.054244,-0.13163,-0.027819,-0.98722,0.053896,-0.043321,0.028319,-0.85303,-28.209,0.23981,-16.129,1.1635,10.934,0.66878,-27.627
28.5,0.028668,-0.11005,-0.027913,-0.98009,0.040992,-0.051151,0.017933,-0.96023,-25.255,1.6408,-13.634,0.91077,12.812,-0.093202,-27.058,0.061188,-0.14142,-0.029345,-0.99844,0.050544,-0.04408,0.031785,-0.29206,-27.268,-0.013994,-17.396,-0.23614,12.997,-0.43754,-28.663
28.6,0.020234,-0.12182,-0.031261,-0.99072,0.040429,-0.045286,0.026092,-0.21046,-24.588,2.8643,-11.455,0.64264,13.747,-0.02349,-26.975,0.032513,-0.13853,-0.020607,-0.98955,0.055851,-0.03807,0.039651,-0.59294,-27.084,1.5813,-15.546,0.7919,12.629,-2.4157,-31.152
28.7,0.033829,-0.11152,-0.042434,-0.99561,0.048654,-0.043767,0.017463,0.60696,-26.084,1.2091,-13.621,0.36588,13.493,-1.2817,-27.553,0.035138,-0.13728,-0.028169,-0.99411,0.046206,-0.048079,0.030986,0.68859,-29.284,0.63412,-17.141,1.1881,10.823,-1.3172,-29.406
28.8,0.033711,-0.098023,-0.044618,-1.0038,0.046744,-0.053092,0.018594,0.90296,-24.856,-0.085115,-11.128,0.66006,13.133,0.97009,-27.629,0.03039,-0.13911,-0.032926,-0.97727,0.054823,-0.050524,0.036018,0.11752,-28.913,1.3253,-14.633,0.62232,11.184,-0.85846,-28.599
28.9,0.029256,-0.12557,-0.020728,-0.98836,0.049507,-0.058872,0.025577,0.6416,-25.627,1.8375,-11.352,0.25302,13.62,0.94849,-27.698,0.0112,-0.12103,-0.033903,-0.98953,0.052911,-0.044527,0.030066,-0.28923,-27.356,1.4478,-15.757,0.8306,12.312,-1.056,-30.337
29,0.016367,-0.12532,-0.039904,-1.006,0.040903,-0.052624,0.021078,0.39331,-23.9,1.1194,-12.4,-0.67319,15.95,1.2494,-28.473,0.030181,-0.12351,-0.035848,-0.99089,0.046587,-0.047153,0.029463,1.8834,-27.843,0.34011,-15.566,0.55995,12.693,-1.3185,-31.113
29.1,0.025598,-0.10422,-0.034764,-0.98023,0.046128,-0.057703,0.02279,1.2528,-23.298,1.2729,-12.25,-1.2569,15.86,0.70052,-29.712,0.027512,-0.11218,-0.022164,-1.0145,0.046359,-0.052923,0.028411,1.6096,-29.366,1.1546,-15.033,1.699,11.918,0.25193,-30.812
29.2,0.0084058,-0.11089,-0.019549,-0.98726,0.039864,-0.049337,0.01874,2.9255,-24.898,1.6009,-11.29,-0.13329,13.343,0.58019,-27.279,0.01256,-0.10765,-0.015975,-0.98112,0.049707,-0.059961,0.039091,1.9825,-26.247,1.8106,-13.395,0.56379,15.318,0.5527,-31.906
29.3,0.017223,-0.11346,-0.0085486,-1.0004,0.03581,-0.063879,0.014013,-0.30479,-24.825,2.6578,-11.451,1.8321,16.31,0.001665,-29.508,0.024902,-0.11581,-0.034715,-1.0061,0.041533,-0.0494,0.020219,0.9475,-25.537,1.1814,-12.445,2.0206,13.307,-0.37802,-30.318
29.4,-0.0044168,-0.093833,-0.040102,-0.98971,0.044733,-0.056837,0.0064713,1.2518,-22.651,0.1712,-11.089,1.1037,14.159,-0.34385,-28.268,0.01323,-0.10417,-0.031288,-1.0008,0.04352,-0.054077,0.029903,-1.0684,-27.627,0.6547,-15.813,1.9228,15.078,0.18896,-29.764
29.5,0.011788,-0.096194,-0.055247,-0.99763,0.041525,-0.055803,0.021772,0.14052,-23.478,0.52009,-10.99,0.17426,16.594,1.3625,-27.799,-0.0038643,-0.11588,-0.049018,-0.99369,0.039299,-0.055841,0.024038,-0.18563,-24.977,0.73619,-13.64,-0.053597,15.263,-1.2179,-29.164
29.6,-0.0025468,-0.095741,-0.0092806,-1.0105,0.042337,-0.057606,0.016204,1.6065,-23.681,0.27448,-8.9353,1.2642,16.374,-0.084606,-27.502,0.016064,-0.10109,-0.0084072,-1.0066,0.037759,-0.052818,0.036417,3.2198,-24.762,-0.36113,-14.486,-1.0007,15.365,-1.4968,-31.649
29.7,0.0055169,-0.070884,-0.041484,-0.99786,0.032619,-0.065235,0.01654,1.5089,-21.867,2.1863,-10.295,0.47186,15.866,-0.29369,-27.173,0.0012438,-0.092237,-0.027375,-0.9968,0.036722,-0.058841,0.021367,2.4141,-24.926,1.6461,-10.37,0.49566,14.972,0.16371,-32.269
29.8,0.0080939,-0.088083,-0.040895,-0.99476,0.028269,-0.066544,0.029562,1.1998,-21.011,2.7327,-10.286,1.0844,16.326,0.59359,-28.789,0.030036,-0.091014,-0.06379,-0.99413,0.039436,-0.060055,0.02627,-1.226,-25.82,0.24695,-11.046,1.1845,15.776,2.4701,-29.749
29.9,0.00035453,-0.063448,-0.040162,-1.0229,0.034085,-0.065128,0.019403,0.59805,-23.193,0.24463,-9.1747,0.9338,16.907,0.42372,-28.273,-0.0081293,-0.087218,-0.062195,-0.99371,0.04305,-0.063735,0.026909,0.3874,-24.09,-1.4983,-13.51,0.59563,16.522,0.62491,-29.294
30,-0.00045404,-0.058402,-0.046502,-0.99592,0.02765,-0.059671,0.014229,0.18592,-21.872,-0.35886,-7.5218,0.45488,16.919,1.3722,-27.574,0.0012013,-0.087992,-0.039136,-0.99093,0.042246,-0.060086,0.037256,1.3244,-27.928,0.57988,-11.051,0.29078,13.573,0.56056,-31.182
30.1,0.0010647,-0.053816,-0.043163,-1.0015,0.030137,-0.052512,0.014655,1.8101,-22.151,-0.5366,-7.4794,-0.67042,16.853,0.94361,-27.37,0.0076092,-0.087381,-0.04796,-0.98096,0.036207,-0.056001,0.024284,-1.6454,-23.889,1.5068,-10.786,-0.26168,17.187,-0.5168,-29.937
30.2,0.00012288,-0.057402,-0.036547,-0.99248,0.039067,-0.064165,0.010407,1.2416,-20.304,0.163,-8.6471,1.1022,16.167,0.044482,-27.088,0.010637,-0.097684,-0.057119,-0.98077,0.037561,-0.046931,0.021137,-0.29975,-23.073,0.78083,-12.424,1.9829,16.225,0.19062,-31.352
30.3,-0.0051333,-0.060302,-0.055428,-0.99943,0.033408,-0.060266,0.010984,1.9544,-20.788,1.7852,-7.6802,-0.011878,17.334,2.3852,-24.878,-0.031659,-0.079077,-0.036375,-0.99101,0.041649,-0.058335,0.030628,0.27632,-23.427,1.2636,-8.9059,0.07815,16.734,0.71029,-28.902
30.4,0.0045081,-0.070171,-0.053987,-0.97206,0.024193,-0.067369,0.017702,1.1695,-20.542,-2.1126,-8.5205,-0.33165,17.375,1.7936,-25.341,0.010171,-0.080565,-0.048127,-1.0063,0.031523,-0.064967,0.012332,1.7479,-21.713,2.2338,-12.016,1.7426,17.199,1.5349,-30.979
30.5,-0.0043248,-0.066595,-0.039554,-1.0025,0.02492,-0.067502,0.0018776,1.8463,-19.66,-0.73979,-6.8233,-1.0505,17.716,-1.1821,-25.372,0.00087846,-0.09823,-0.028956,-0.99615,0.030537,-0.068631,0.014073,0.14569,-25.567,1.2457,-10.358,1.3547,15.998,-0.58432,-28.364
30.6,-0.0034044,-0.055785,-0.049761,-1.0067,0.03411,-0.061981,0.017723,-0.61507,-21.425,-0.51711,-6.897,0.9502,16.957,0.79818,-26.268,-0.015111,-0.073557,-0.053249,-0.97841,0.030044,-0.058332,0.012454,1.7321,-20.362,1.5462,-8.5864,-0.54331,16.817,0.75967,-29.2
30.7,0.0076802,-0.051932,-0.027506,-0.98199,0.032573,-0.06823,0.010997,-0.47089,-18.351,0.00038961,-6.0888,0.82878,19.288,0.95392,-23.987,-0.0050004,-0.083718,-0.061827,-0.99112,0.035296,-0.067302,0.021483,0.19289,-21.872,0.59295,-7.7523,0.043053,16.881,-0.11477,-29.133
30.8,-0.023708,-0.064426,-0.050421,-1.0066,0.034856,-0.066128,-0.0046341,-0.16656,-19.223,-2.6726,-7.1736,3.1827,18.202,1.8994,-23.652,-0.0086044,-0.064129,-0.034289,-0.99425,0.037514,-0.069683,0.030992,0.1529,-21.552,0.72754,-9.3556,-0.36006,16.121,1.8891,-29.273
30.9,-0.0036617,-0.052206,-0.03768,-0.97411,0.033245,-0.056416,0.00059028,1.5231,-18.467,0.10124,-7.2622,-0.15252,19.85,0.13447,-22.742,-0.016248,-0.061491,-0.026284,-0.98937,0.029223,-0.06995,0.015867,-0.67534,-20.082,0.060555,-9.4476,0.59559,17.13,1.6727,-28.833
31,-0.001182,-0.035003,-0.042084,-0.98985,0.036151,-0.057854,0.0022895,0.82974,-18.416,-0.58752,-8.1644,1.1242,19.35,-0.78169,-23.114,0.0017469,-0.075472,-0.047284,-0.99697,0.036936,-0.063873,0.011436,0.45506,-22.346,-0.884,-7.1021,-0.11647,16.703,0.75295,-28.412
31.1,-0.0145,-0.041346,-0.037143,-1.0086,0.043526,-0.060032,-0.0026051,0.53373,-17.976,-0.23661,-6.9113,1.7337,20.305,1.1888,-22.909,-0.016586,-0.0491,-0.042946,-0.99842,0.025113,-0.071883,0.018898,0.85767,-21.688,0.44188,-7.7862,1.1204,17.007,1.3231,-29.287
31.2,-0.010348,-0.014213,-0.052159,-1.0091,0.026499,-0.05402,-0.010152,-1.366,-17.78,-1.1943,-9.4903,1.4907,19.155,0.39472,-23.382,-0.038301,-0.050876,-0.062172,-0.9952,0.025176,-0.067116,0.018663,2.1831,-21.14,-1.009,-9.9329,0.46991,18.325,1.7061,-28.109
31.3,-0.015335,-0.039988,-0.041043,-1.0027,0.03002,-0.058398,-0.0075172,0.48115,-19.291,-0.76144,-9.7769,0.53791,19.123,0.55819,-23.172,-0.026573,-0.052882,-0.056801,-0.9781,0.029711,-0.062606,0.0091647,-1.3127,-22.36,0.71463,-8.4252,0.38704,18.779,0.8316,-23.816
31.4,-0.022376,-0.04428,-0.025483,-1.0062,0.032157,-0.054614,0.0013413,-0.13985,-17.592,-3.816,-7.6892,0.62924,20.571,2.3323,-23.35,-0.0175,-0.035176,-0.03501,-0.99644,0.024695,-0.063293,0.011133,2.271,-21.068,-0.9531,-9.2724,1.3205,19.332,-0.0061046,-26.525
31.5,-0.02629,-0.029343,-0.048751,-1.0003,0.024704,-0.055399,-0.00065788,0.82606,-16.766,-0.93506,-12.38,2.5622,20.699,0.49758,-22.245,-0.022877,-0.044055,-0.033106,-1.008,0.033805,-0.064684,0.0050887,-0.56037,-19.743,-0.8554,-8.6925,0.56846,19.146,2.7207,-25.778
31.6,-0.040145,-0.034575,-0.032582,-0.99492,0.033141,-0.050214,-0.010107,0.60815,-15.43,-2.0536,-12.498,0.13974,20.289,1.2313,-20.097,-0.025554,-0.042444,-0.043301,-0.97863,0.030843,-0.06145,0.010455,2.1,-19.692,-0.8532,-9.5866,0.97789,22.429,1.0538,-25.234
31.7,-0.034486,-0.026118,-0.040081,-0.9921,0.028269,-0.046257,-0.0067784,2.4706,-15.543,-1.2696,-10.46,1.3968,20.799,-0.44432,-21.128,-0.022546,-0.029777,-0.050985,-0.97758,0.024796,-0.060403,0.01376,3.6587,-18.646,-2.1925,-9.9468,-1.5055,20.333,0.60752,-25.521
31.8,-0.036628,-0.020215,-0.056247,-0.98394,0.026708,-0.043743,0.0030682,1.2846,-15.428,-0.017398,-10.898,0.94712,21.891,1.6663,-23.193,-0.040359,-0.046972,-0.047158,-0.99904,0.023662,-0.062528,0.013547,0.90601,-17.887,-1.857,-10.705,-0.58298,20.089,0.54485,-23.342
31.9,-0.024889,-0.016584,-0.044219,-1.0001,0.027636,-0.039739,-0.0026709,0.23877,-14.454,-2.1039,-11.512,2.2424,20.542,1.5108,-20.784,-0.026068,-0.026224,-0.059736,-0.99671,0.027759,-0.049971,0.00059366,0.3164,-16.192,-0.71678,-11.246,3.4219,20.029,-1.0549,-25.809
32,-0.029799,-0.010653,-0.024077,-1.0033,0.019873,-0.046869,-0.0027824,1.1334,-14.385,-1.7983,-13.971,2.1888,21.479,0.32347,-19.805,-0.022782,-0.036467,-0.055859,-0.98778,0.021995,-0.059653,-0.0033416,0.76741,-18.709,0.21108,-12.844,0.42521,19.361,0.56066,-25.507
32.1,-0.012772,-0.024224,-0.040929,-1.0016,0.017876,-0.047174,-0.0070056,2.386,-14.681,-2.9956,-13.687,-0.11746,22.077,2.0124,-20.283,-0.029763,-0.035171,-0.053896,-0.99788,0.022383,-0.046029,-0.003949,0.74149,-17.946,-1.1364,-11.83,0.97929,20.239,0.10746,-25.959
32.2,-0.024368,-0.019521,-0.03851,-1.0004,0.029856,-0.035173,-0.0060477,1.646,-14.508,-1.5743,-13.546,1.6707,21.988,0.86961,-19.918,-0.044523,-0.031343,-0.065624,-0.9955,0.020777,-0.051926,0.000151,1.6034,-17.107,0.095909,-12.841,-0.14668,22.003,1.8223,-21.815
32.3,-0.022798,0.0023603,-0.045799,-0.99691,0.028355,-0.035715,-0.0048594,1.3296,-14.88,-1.5158,-13.385,0.75428,22.515,0.10345,-20.824,-0.038602,-0.034829,-0.050281,-0.98412,0.030518,-0.051169,0.0095948,1.3892,-16.703,-0.18891,-12.659,0.11563,20.349,0.66006,-23.069
32.4,-0.045643,-0.01372,-0.024626,-1.0092,0.028263,-0.043527,-0.007555,0.35238,-12.871,0.28624,-13.126,0.30565,22.47,-0.6466,-20.916,-0.040564,-0.026129,-0.066779,-0.99769,0.01925,-0.053773,0.0046815,1.9303,-17.574,-1.1112,-12.199,1.5059,20.785,0.27602,-21.438
32.5,-0.017595,-0.017841,-0.048103,-1.004,0.018007,-0.034953,-0.011637,1.7085,-13.336,-1.4627,-15.206,-0.53193,22.042,2.6289,-18.059,-0.044722,-0.030558,-0.047929,-0.98669,0.023271,-0.037049,-0.0028461,0.14485,-16.301,0.29284,-14.014,1.1652,23.8,0.82275,-22.344
32.6,-0.025542,-0.008157,-0.039576,-1.0024,0.024799,-0.032867,-0.0095293,1.5069,-13.45,-1.9152,-12.919,1.3121,24.157,-0.92207,-20.055,-0.01697,-0.011928,-0.046582,-0.99061,0.029677,-0.052794,-0.007075,0.52317,-15.304,-1.3809,-11.502,0.55615,20.966,2.2688,-22.389
32.7,-0.023958,0.00034914,-0.051588,-0.99009,0.021963,-0.037009,-0.0039216,1.8467,-13.207,-0.76617,-15.044,2.4645,23.369,-0.48576,-20.48,-0.031755,-0.019149,-0.044447,-1.0087,0.026254,-0.040969,-0.008393,-0.28907,-15.263,-2.2628,-14.742,0.3166,21.46,3.2158,-22.193
32.8,-0.039167,-0.0015941,-0.042217,-0.98906,0.017886,-0.038758,-0.0094637,1.4691,-13.835,-0.96726,-13.649,0.44607,24.433,0.64307,-18.227,-0.05776,-0.0084941,-0.04067,-0.99039,0.018349,-0.040648,-0.0034747,-0.37813,-16.054,0.48099,-13.246,-0.50894,21.119,1.3193,-22.3
32.9,-0.040708,0.0073111,-0.037297,-1.0166,0.019949,-0.025034,-0.014659,2.3295,-12.839,-1.5103,-14.97,2.0529,23.522,-0.07079,-19.736,-0.046858,-0.015085,-0.059286,-0.99125,0.019882,-0.039982,-0.0066455,0.42238,-14.248,0.51058,-14.591,0.57833,23.593,1.2737,-21.618
33,-0.036307,-0.013353,-0.02895,-0.99136,0.019925,-0.02619,-0.013555,0.4306,-11.265,-1.0249,-16.532,1.0952,22.877,0.77988,-19.753,-0.058275,-0.020774,-0.027713,-0.99285,0.014728,-0.045943,-0.0031409,3.7013,-14.386,-2.3538,-14.474,1.611,21.415,0.25555,-21.365
33.1,-0.052723,0.0086375,-0.050198,-0.99782,0.0069453,-0.01982,-0.021672,-0.26241,-11.619,-1.0208,-15.033,0.22368,23.787,0.67041,-18.393,-0.030154,-0.0088273,-0.054417,-1.0046,0.021761,-0.042896,-0.0021891,0.28727,-14.992,0.16682,-15.619,-1.0832,23.436,-0.44011,-22.515
33.2,-0.036801,0.013425,-0.019406,-0.99583,0.013145,-0.025807,-0.011446,0.87034,-11.232,-1.9358,-14.059,1.0564,23.151,-0.29732,-19.419,-0.048263,-0.014405,-0.04173,-0.99514,0.018767,-0.03482,-0.0082795,-0.65903,-14.51,-0.67061,-16.512,2.6804,22.117,-0.95211,-18.764
33.3,-0.04093,0.0078457,-0.029604,-1.0036,0.0058917,-0.034567,-0.008916,-0.1606,-10.581,-2.4868,-17.389,0.070914,23.382,0.40886,-17.92,-0.039944,-0.012535,-0.036835,-1.0043,0.01899,-0.036804,-0.012,-0.84279,-13.121,-0.11389,-14.55,2.2959,22.589,0.81787,-20.451
33.4,-0.014667,0.013712,-0.026216,-1.0059,0.014441,-0.026552,-0.015357,-0.85247,-13.003,-1.2299,-17.955,0.68035,24.274,0.57415,-18.955,-0.047236,-0.010469,-0.046076,-1.0013,0.014051,-0.037111,-0.0087037,1.4294,-12.058,-2.3613,-15.966,-0.13945,23.403,0.97678,-20.033
33.5,-0.048391,0.0042792,-0.025657,-0.99094,0.013476,-0.032325,-0.013896,0.28509,-10.519,-1.9462,-18.75,-0.045334,24.455,1.4499,-18.733,-0.056563,-0.0050035,-0.037881,-0.98995,0.02336,-0.037841,-0.016168,0.22749,-12.542,-0.19813,-16.832,0.044467,23.503,0.6793,-19.316
33.6,-0.031458,0.015803,-0.029022,-0.99589,0.012722,-0.018235,-0.014672,0.5554,-10.218,-0.67689,-17.459,1.9206,25.699,-2.3606,-17.213,-0.046285,0.025386,-0.01767,-1.017,0.026321,-0.034056,-0.014699,2.1906,-12.299,-1.2909,-16.614,0.38918,22.755,1.0101,-19.272
33.7,-0.040798,0.021289,-0.029193,-0.99552,0.010113,-0.029194,-0.014425,1.6866,-10.048,-1.975,-18.95,3.0838,25.705,-2.1373,-20.35,-0.050359,0.0077831,-0.017028,-0.98875,0.016552,-0.044208,-0.0075263,0.96533,-12.893,0.22169,-17.7,-0.10015,23.266,2.5718,-19.158
33.8,-0.047028,0.022802,-0.022123,-0.99821,0.0089717,-0.017768,-0.023846,-0.49667,-9.3307,-0.079588,-17.85,1.8458,26.743,-0.61589,-21.371,-0.053417,0.011466,-0.051616,-0.98769,0.0061154,-0.027219,-0.01057,1.4473,-12.275,-1.6414,-19.091,1.6832,22.842,-0.4003,-19.099
33.9,-0.03792,0.020991,-0.016455,-0.98167,-0.0014251,-0.024149,-0.019621,2.5853,-9.6451,-0.12327,-17.363,-0.29654,26.663,-1.5347,-18.421,-0.052415,0.013354,-0.039913,-0.99055,0.021558,-0.030307,-0.017777,1.9224,-11.451,-1.0844,-19.279,-0.099487,23.233,0.3561,-21.216
34,-0.02235,0.023917,-0.029496,-0.99806,0.012795,-0.025337,-0.021093,1.2984,-9.2827,-0.27241,-18.678,-0.31657,27.726,-0.43861,-20.82,-0.071682,-0.0026457,-0.032733,-1.0129,0.019154,-0.023446,-0.018648,0.60439,-10.712,-0.6391,-20.166,0.41223,23.589,0.67494,-20.256
34.1,-0.039008,0.019049,-0.0369,-1.0032,-0.0024408,-0.016622,-0.012756,1.605,-7.3683,-1.9849,-20.105,-0.039815,24.352,-0.83514,-20.43,-0.057991,0.0064231,-0.039479,-0.99491,0.0086629,-0.035392,-0.012056,2.4744,-10.961,-2.0276,-19.727,0.20866,24.629,-0.18581,-21.654
34.2,-0.056427,0.023661,-0.038843,-1.004,-0.00026958,-0.02187,-0.023532,1.5779,-8.8073,-0.57589,-20.245,-1.8802,25.905,0.80559,-21.173,-0.053953,-0.0016504,-0.043544,-1.0125,0.011469,-0.017784,-0.0099854,-0.20061,-10.377,0.065861,-19.541,0.9312,25.209,1.2253,-18.967
34.3,-0.051891,0.021335,-0.025351,-1.013,0.0042178,-0.022016,-0.0173,0.052477,-6.5244,-2.2082,-20.796,-1.4256,25.486,1.2399,-18.492,-0.049127,0.0079733,-0.040284,-0.9761,0.019874,-0.02728,-0.021707,1.8402,-11.023,-0.20805,-20.277,0.18908,25.976,0.65809,-20.84
34.4,-0.03494,0.023828,-0.0062453,-1.0027,-0.004803,-0.020669,-0.013855,1.3326,-7.3561,-0.15061,-22.69,-0.032648,25.558,0.56222,-20.222,-0.074045,-0.0066132,-0.039356,-1.0136,0.0038612,-0.017051,-0.018871,1.2554,-11.389,0.10735,-18.618,-0.79845,26.796,-0.33574,-21.405
34.5,-0.054216,0.030953,-0.0083593,-1.0046,-0.0079852,-0.02191,-0.010124,1.6165,-7.8921,-1.7202,-21.081,1.131,26.323,-0.074384,-21.101,-0.061532,0.0096808,-0.029291,-1.0009,0.0075976,-0.022952,-0.028468,0.55787,-9.4221,-0.32956,-19.925,-0.28288,27.27,-2.8899,-19.782
34.6,-0.053714,0.021532,-0.021287,-0.99988,-0.0057369,-0.017379,-0.016908,1.3214,-6.8198,-0.90073,-21,0.037856,26.715,-0.53857,-19.475,-0.047975,0.018897,-0.047074,-1.0042,0.005305,-0.023689,-0.014868,0.46331,-6.2563,-1.3575,-22.934,0.095124,26.023,0.30614,-19.013
34.7,-0.043273,0.035068,-0.019136,-1.0027,-0.011702,-0.010783,-0.022387,1.1925,-6.0278,-1.775,-23.04,1.4912,24.658,-0.14473,-20.068,-0.061356,0.051662,-0.027524,-0.99124,0.0078832,-0.01795,-0.014627,-0.61463,-8.5169,-0.531,-21.429,0.56055,26.936,0.32956,-20.823
34.8,-0.038979,0.0055314,-0.008329,-1.0061,0.00043571,-0.021383,-0.020463,0.060087,-5.6547,0.79215,-22.491,0.34082,26.722,0.61035,-21.742,-0.062077,0.027453,-0.037173,-1.0049,0.00079697,-0.024667,-0.023336,-0.082372,-9.221,-1.5158,-21.886,1.0975,26.879,-0.73067,-19.396
34.9,-0.028797,0.025337,-0.0038283,-0.9868,-0.0004812,-0.014452,-0.017216,-0.24694,-4.7327,-0.25277,-21.812,-0.73667,27.136,-0.71024,-20.791,-0.063869,0.018907,-0.03476,-1.0053,-0.0015239,-0.023901,-0.022724,0.99221,-7.9715,-2.111,-22.18,1.2785,27.967,-3.3561,-19.364
35,-0.048521,0.012132,-0.019253,-0.99758,-0.0024011,-0.0084385,-0.012099,1.1766,-5.3583,-0.9691,-23.318,-0.80169,27.083,-0.96148,-20.617,-0.060895,0.0092182,-0.038009,-0.99182,0.002217,-0.013354,-0.031663,1.8757,-7.8725,-1.1134,-23.203,-0.12308,26.2,-1.4635,-20.572
35.1,-0.060817,0.0050429,-0.010489,-1.0083,-0.0038557,-0.015651,-0.011766,-1.2084,-5.9676,-0.59454,-25.726,-0.54873,24.03,0.94558,-20.844,-0.057773,0.027919,-0.028961,-0.98785,0.013218,-0.017957,-0.019227,1.4924,-9.0603,-0.73378,-23.118,-0.29268,26.786,-0.50748,-21.162
35.2,-0.047039,0.037659,-0.011481,-1.006,-0.010907,-0.012165,-0.015069,0.31862,-4.306,-1.0148,-24.39,0.81017,24.884,0.91869,-21.905,-0.064632,0.0060108,-0.034926,-0.99091,0.00035851,-0.01918,-0.019494,-0.28416,-8.3296,-1.5021,-22.335,0.11583,28.604,-1.3625,-19.606
35.3,-0.048785,0.050369,-0.039159,-0.98408,-0.018944,-0.005877,-0.014427,0.52362,-5.4625,-1.2769,-23.832,0.76325,25.951,0.023847,-21.21,-0.054741,0.026513,-0.035918,-0.97848,-0.00071333,-0.012279,-0.015622,1.785,-7.0593,-1.693,-24.208,0.67749,26.907,-0.13293,-21.418
35.4,-0.05458,0.019462,0.0055916,-1.0042,-0.0097589,-0.01143,-0.013305,0.52555,-4.0011,-1.9772,-27.202,0.35473,26.932,-0.23333,-21.026,-0.076987,0.026055,-0.030478,-1.0172,0.0011546,-0.015052,-0.0061694,-0.9972,-7.8062,-0.56959,-23.621,2.1883,27.613,-2.5121,-20.723
35.5,-0.0498,0.024455,-0.0099324,-1.0096,-0.012439,-0.020459,-0.0074238,0.72971,-2.6815,-1.3752,-28.911,-1.6784,25.634,0.48339,-21.848,-0.05825,0.02211,-0.017909,-0.99442,-0.005712,-0.014159,-0.025402,0.88997,-6.4878,0.84617,-23.044,-0.53974,27.661,-1.1506,-21.007
35.6,-0.035572,0.041346,-0.0258,-1.0011,-0.0075773,-0.010138,-0.014237,2.6072,-5.2192,-0.18401,-24.249,-2.2516,23.782,-0.36615,-20.738,-0.055082,0.020781,-0.037209,-0.99795,-0.00023799,-0.011244,-0.021782,0.52984,-5.5464,0.18249,-26.679,-0.93008,28.442,-1.506,-22.498
35.7,-0.053408,0.028389,0.0047618,-1.004,-0.017606,-0.013817,-0.0074742,1.1417,-3.66,-0.66174,-24.597,1.1569,23.919,-0.097515,-20.611,-0.067424,0.036477,-0.035889,-0.98902,-0.0065261,-0.020233,-0.019156,0.92414,-5.5456,-4.9653,-23.804,-0.079584,29.32,-1.7455,-23.614
35.8,-0.039149,0.016608,-0.018862,-1.0081,-0.0071807,-0.0080797,-0.014429,0.077931,-2.3893,-0.1419,-27.005,1.2184,25.193,0.54983,-21.096,-0.062897,0.023663,-0.031849,-1.0142,-0.0058743,-0.018496,-0.017225,0.54514,-6.6037,-1.8042,-24.142,0.036124,26.902,0.76865,-22.018
35.9,-0.038929,0.018901,0.0015437,-0.99639,-0.0076818,-0.0074234,-0.011722,-0.66046,0.14735,-0.015882,-25.969,0.37622,25.512,0.099561,-22.596,-0.055299,0.0084589,-0.036429,-1.0127,-0.0085855,-0.013993,-0.019537,0.28131,-7.1486,0.76146,-26.231,-0.99432,28.348,0.12902,-23.847
36,-0.049018,0.023628,-0.0083574,-1.0069,-0.012085,-0.0011247,-0.011644,0.7174,-0.77383,-1.3702,-27.658,1.8806,23.977,0.435,-19.82,-0.053392,0.029495,-0.032478,-0.99254,-0.0068391,-0.0079473,-0.016604,1.8023,-4.4235,-0.75436,-23.994,0.56575,26.858,1.38,-23.808
36.1,-0.049259,0.040807,-0.019599,-0.99707,-0.023784,0.0029031,-0.00041183,0.075951,-1.9078,0.32627,-28.897,-2.1425,24.041,-0.60353,-18.659,-0.066314,0.025164,-0.020464,-0.99814,-0.013859,-0.011291,-0.015085,0.19204,-5.3159,0.60982,-25.456,0.8344,27.108,-0.048493,-24.677
36.2,-0.036431,0.024876,-0.022777,-1.0085,-0.024203,-0.0062588,-0.0028969,2.6744,-1.205,-0.99642,-27.617,-0.18468,22.251,0.78485,-20.381,-0.055654,0.020548,-0.028007,-1.0028,-0.01944,-0.012743,-0.018413,2.1534,-4.1509,-0.99856,-24.972,0.9026,26.754,0.32798,-22.409
36.3,-0.027453,0.037451,-0.010115,-0.99274,-0.01897,-0.0021345,-0.0040185,1.9171,-2.766,-1.3878,-28.804,-1.328,23.095,0.12336,-20.505,-0.051564,0.017008,-0.026622,-0.98968,-0.015721,-0.0084623,-0.025745,0.47585,-4.55,-1.5722,-28.336,-0.87414,27.217,-1.2095,-22.872
36.4,-0.024105,0.041519,-0.018349,-1.0032,-0.027009,0.0070279,-0.00036383,0.4159,-0.15621,-2.8129,-26.851,-1.0519,22.287,1.1315,-20.042,-0.049816,0.026626,-0.0080221,-0.9808,-0.015306,-0.010444,-0.018499,1.7069,-3.3658,-1.1389,-29.004,-1.0706,29.446,-0.64672,-23.171
36.5,-0.052163,0.024353,-0.011901,-0.99867,-0.012647,-0.0041224,-0.0063092,1.0618,-1.4677,-0.56552,-29.043,0.50034,23.627,2.2421,-19.291,-0.055583,0.037193,-0.014285,-0.97069,-0.019444,-0.0070619,-0.025449,0.8393,-2.4796,-1.9962,-28.803,-0.77532,28.21,0.48033,-24.982
36.6,-0.036757,0.020897,-0.0045186,-0.99398,-0.022162,0.008653,-0.013353,-0.028479,-1.2241,0.3187,-28.887,-0.044073,23.351,0.80684,-21.597,-0.035956,0.020245,-0.00050987,-1.0004,-0.017437,0.0012688,-0.025576,0.19425,-3.2512,-2.0014,-29.254,1.0912,26.691,0.52508,-22.763
36.7,-0.026776,0.020793,-0.011128,-0.99466,-0.016696,-0.0010158,-0.019502,2.5603,1.3422,-2.3242,-28.784,-0.37238,23.029,1.1635,-21.021,-0.050063,0.028512,-0.022616,-1.005,-0.02965,-0.0048656,-0.0092052,0.52784,-3.9057,-1.2628,-27.563,-1.2814,28.137,0.70592,-24.127
36.8,-0.034013,0.006834,-0.0035963,-0.99536,-0.02409,0.0050382,-0.0021534,-0.62242,-0.38144,-1.3481,-29.64,-2.1521,23.684,0.26787,-18.473,-0.042073,0.018283,-0.017395,-0.99053,-0.026316,-0.0074346,-0.010751,0.15728,-2.242,-1.4229,-29.933,0.97603,27.052,0.012501,-23.893
36.9,-0.031388,0.043372,-0.0092195,-1.005,-0.024879,0.00094277,-0.0099002,0.95413,0.77274,-1.5313,-29.707,-0.36362,20.192,-0.16494,-19.153,-0.048134,0.014399,-0.03166,-0.98474,-0.020291,0.0040346,-0.0063397,0.71093,-2.1679,-2.0855,-30.347,0.17983,28.731,0.30002,-22.603
37,-0.026476,0.01792,0.0083704,-1.0004,-0.029411,0.0094939,-0.0061907,1.0048,-0.68722,-0.97563,-30.891,-1.4876,21.576,1.1208,-19.385,-0.051191,0.020849,-0.02813,-0.9856,-0.033253,0.00050643,-0.025466,1.4556,-2.0264,-1.6228,-30.931,-1.3442,26.984,-1.5838,-24.656
37.1,-0.035085,0.033644,-0.008371,-0.98497,-0.027377,0.013426,-0.012605,1.0734,1.9774,-3.1266,-31.783,-1.2087,20.749,-1.0544,-18.807,-0.043891,0.037682,-0.0036814,-0.99602,-0.017609,0.00030485,-0.011381,0.5581,-2.3013,-1.5778,-31.63,0.34567,27.576,0.070863,-24.233
37.2,-0.040495,0.022967,-0.018929,-0.99425,-0.028465,0.013893,-0.0028543,2.5729,0.59968,-1.2506,-30.739,-1.3007,23.462,0.8499,-18.425,-0.055246,0.03357,-0.013557,-0.99981,-0.026342,-0.0058039,-0.013658,1.85,0.051547,-2.0899,-29.967,-1.1693,26.079,-1.0324,-22.877
37.3,-0.025051,0.033844,-0.0029918,-1.0016,-0.026379,0.0077674,-0.0042502,1.4172,3.4316,0.65943,-33.937,0.24122,20.504,-0.042862,-18.8,-0.045613,0.0050352,-0.0034138,-0.98921,-0.018904,-0.00055567,-0.014228,-0.56461,-1.162,-2.1253,-31.967,-0.94161,25.223,0.30414,-23.615
37.4,-0.0146,0.021128,-0.0024058,-0.99947,-0.031001,0.010598,-0.0042775,-1.6443,1.8705,-1.2456,-32.294,0.21722,20.027,0.95988,-18.381,-0.064087,0.027664,-0.012884,-1.0023,-0.028404,0.0015791,-0.0071337,1.9022,-0.44317,-0.27989,-30.314,-1.4995,27.455,-1.6516,-23.644
37.5,-0.020391,0.040862,0.0039545,-0.98725,-0.023766,0.0023379,-0.01119,0.024172,2.8234,-1.0758,-32.288,0.52102,19.515,-0.26723,-18.708,-0.047693,0.025656,-0.0081105,-0.99579,-0.017806,0.00095075,-0.0057866,-0.83168,-1.0398,-1.5052,-31.497,-1.976,25.801,0.7133,-23.445
37.6,-0.022562,0.028147,-0.012276,-1.0072,-0.025108,0.01587,-0.0021052,0.74333,2.1196,-1.7839,-32.551,-1.5278,19.23,0.48419,-19.235,-0.031366,0.031448,-0.0064625,-1.0131,-0.033627,0.0031345,-0.020276,2.0097,0.6635,1.1606,-33.432,-0.82637,25.696,1.0651,-23.618
37.7,-0.027456,0.019988,-0.026179,-0.98977,-0.024626,0.020489,0.002817,-1.0858,1.1162,-0.68749,-34.44,-1.5748,18.973,2.1639,-18.878,-0.036604,0.028809,-0.02582,-0.99321,-0.027535,0.0044564,-0.015227,0.88521,-0.82944,-0.49404,-32.59,-0.079458,27.093,-0.43839,-23.52
37.8,-0.0084366,0.032985,-0.0031234,-0.98504,-0.020692,0.020752,-0.0056602,-0.43404,1.5311,-2.3139,-36.199,-0.90272,20.04,0.41512,-17.429,-0.037865,0.044996,-0.017799,-0.99826,-0.031044,0.0035704,-0.010533,0.47038,0.15972,-2.9139,-33.573,-2.4455,25.83,0.67301,-23.394
37.9,-0.017453,0.049098,-0.0038097,-1.0031,-0.016064,0.013318,-0.00052307,-0.40072,0.20554,-0.97497,-35.892,0.36293,17.055,1.1247,-17.494,-0.047471,0.025716,-0.020625,-1.0044,-0.023528,-0.0013065,-0.012801,1.4374,0.58036,-0.95054,-32.958,0.75288,25.652,-0.3462,-22.513
38,-0.010036,0.032163,0.0053999,-1.0038,-0.010473,0.010947,-0.0052513,0.9832,1.0711,-0.9724,-35.076,-0.64215,18.098,-2.7641,-18.223,-0.051191,0.03134,-0.019948,-1.003,-0.026239,0.015079,-0.0086959,-0.79582,1.2343,-1.8402,-34.483,-0.027321,24.981,0.88887,-23.924
38.1,-0.019301,0.0099537,0.02369,-1.0084,-0.015227,0.030948,-0.00034278,2.2477,-0.030121,-0.99304,-34.895,1.4596,15.984,-0.62401,-15.564,-0.033565,0.025417,-0.0065982,-1.0062,-0.037708,0.0066664,-0.01267,1.2879,1.4828,-2.2134,-37.002,-0.76079,25.523,3.5743,-21.476
38.2,-0.013451,0.025326,-0.0037035,-0.99702,-0.028207,0.023196,0.0024655,1.7171,0.35891,0.21239,-37.004,1.9643,17.532,-0.40937,-17.057,-0.030346,0.025697,0.0052686,-1.0069,-0.026462,0.019928,-0.011955,1.3829,3.1139,-0.97161,-35.997,0.12261,25.481,1.2564,-22.802
38.3,-0.0063119,0.029269,-0.0093337,-0.98706,-0.022209,0.019428,-0.010578,-2.4702,-1.0767,0.97524,-35.313,0.1457,17.808,0.68009,-19.206,-0.036399,0.030144,-0.01529,-0.99018,-0.032823,0.012169,-0.013399,-0.17829,2.8371,-2.7707,-34.736,-3.7657,24.207,0.55662,-21.159
38.4,-0.0013618,0.01958,-0.0049274,-1.001,-0.012728,0.023847,-0.0072326,1.0168,0.051183,0.46608,-35.291,1.1009,16.921,-1.2057,-18.865,-0.018754,0.015919,-0.012772,-1.0137,-0.032279,0.0089747,-0.008694,0.13562,1.7124,-0.6082,-36.24,-0.951,22.958,2.0269,-20.782
38.5,-0.030124,0.020673,-0.011362,-0.99395,-0.014707,0.0091716,-0.010254,-0.24027,-0.50186,1.5692,-33.399,-0.11748,17.101,-1.6497,-17.271,-0.035225,0.025149,-0.015412,-1.0034,-0.033813,0.019281,-0.007029,-0.56163,1.7694,-2.0847,-33.424,-1.1506,23.358,1.2781,-21.077
38.6,0.0056902,0.0195,-0.007797,-0.99758,-0.023482,0.020106,-0.0085913,-1.0261,-0.39778,0.13628,-34.538,2.4403,18.517,-1.7161,-17.398,-0.017444,0.0067874,-0.0059044,-1.0069,-0.025185,0.023297,-0.0024484,-0.66805,0.34285,-0.69506,-35.441,-0.80448,22.509,0.94591,-20.915
38.7,-0.01175,0.014657,0.0023028,-1.0027,-0.012505,0.01341,-0.005029,-0.91533,-2.458,1.9521,-33.912,0.51047,17.701,-1.0435,-19.005,-0.02042,0.010054,-0.021193,-1.0002,-0.032545,0.020109,-0.0054569,-2.8806,-0.66685,-0.19826,-38.451,-2.7544,20.908,-1.2359,-22.716
38.8,0.005142,0.0021765,-0.017007,-0.99235,-0.016336,0.018132,0.0030225,-1.6926,-1.2365,-0.8651,-34.248,-0.49668,17.513,-0.15107,-16.423,-0.048081,0.014434,0.0026294,-0.98152,-0.016497,0.025183,0.0012568,-1.2853,0.018985,1.2518,-37.401,-1.5365,21.655,-0.36491,-19.875
38.9,-0.015915,0.01073,-0.013435,-0.98866,-0.016793,0.011219,0.0009379,-0.67741,-2.5975,0.3298,-33.805,0.27593,17.149,-0.97863,-18.271,-0.018091,0.029407,-0.0055016,-0.99531,-0.019719,0.01433,-0.0058926,-2.4204,-1.7583,1.0271,-38.007,-1.8248,21.925,-1.9974,-21.782
39,-0.0045314,0.022861,-0.0059918,-1.002,-0.012835,0.010084,-0.0043515,-0.87917,-2.1449,-0.8219,-31.925,-0.77002,17.674,-0.35691,-17.825,-0.020496,0.019995,-0.0056139,-0.98566,-0.023171,0.020034,-0.0074442,-2.3322,-1.828,0.31726,-35.821,0.54499,21.944,0.93863,-19.641
39.1,-0.0091345,0.01157,-0.025124,-1.0132,-0.0038108,0.0095394,-0.00017699,-0.49888,-0.77912,2.624,-30.721,1.3537,17.123,-1.3,-18.894,-0.022643,0.0094539,-0.0087502,-1.0045,-0.02127,0.0094691,-0.0085965,-0.34908,-1.7209,-0.1804,-37.167,1.1058,21.92,0.91651,-22.041
39.2,-0.019037,0.00010635,0.003911,-0.98366,-0.01054,0.0091427,-0.0049205,0.62681,-1.6119,-0.086709,-33.692,-0.15162,18.323,-0.52384,-17.951,-0.0024549,0.013934,-0.0022297,-0.99242,-0.025624,0.018539,-0.0045106,-1.2608,-0.71676,1.4505,-36.193,0.20794,21.396,2.1551,-21.664
39.3,0.0028361,1.4118e-05,-0.003399,-1.0013,-0.010634,0.0069516,-0.00024218,-2.1922,-4.0875,0.12913,-31.911,1.0594,18.422,-0.5668,-18.255,-0.014338,0.019106,0.0049519,-0.99242,-0.014083,0.017385,-0.0038839,0.4438,-1.59,0.2739,-35.464,0.091629,21.083,-1.5476,-22.487
39.4,-0.022112,0.013676,0.0058898,-0.9888,-0.0070775,0.0035172,-0.0057065,1.0418,-1.2267,-0.55096,-32.177,0.83497,17.487,1.002,-18.876,-0.036925,0.015382,-0.0044936,-1.0084,-0.020911,0.014945,-0.012023,-1.5201,-4.1884,2.0145,-34.607,-0.18372,21.338,-1.363,-20.428
39.5,-0.0022805,0.018285,-0.014566,-0.98265,-0.010383,0.012705,-0.0051139,0.67357,-2.6831,0.9418,-32.541,-0.023085,19.06,-2.1877,-18.002,-0.02023,0.012203,-0.017406,-1.008,-0.02293,0.0076526,0.0037971,-0.53055,-2.6454,0.40021,-34.305,-0.50075,19.665,-1.0655,-21.352
39.6,-0.0077407,0.0050953,-0.0034996,-1.0095,-0.0064656,0.0079005,0.0015728,-1.2233,-2.2841,2.6985,-33.413,0.93159,17.685,0.73263,-18.066,-0.0254,0.019174,0.012748,-1.0003,-0.015558,0.0018208,0.0023152,-1.7635,-1.614,0.42238,-35.58,0.20782,20.134,0.05828,-19.399
39.7,0.0013678,0.019668,-0.002653,-0.9865,-0.0044115,0.0055742,-0.0031289,-0.93602,-4.4461,-1.6718,-32.362,0.095378,18.038,-0.8251,-17.586,-0.025667,0.019851,-0.0063215,-1.0114,-0.0064861,0.010094,-0.0036675,-1.0633,-2.458,2.1373,-33.16,2.1704,21.827,0.76492,-20.027
39.8,-0.0075045,0.014925,-0.0014048,-0.98267,-0.013443,0.0036912,-0.0025604,-1.2297,-3.291,-0.00087799,-30.09,2.0724,18.64,2.616,-17.854,0.0052201,-0.00020511,-0.0060512,-1.0129,-0.023128,0.01111,-0.0060804,-1.817,-4.3412,2.06,-36.198,-0.056832,22.119,2.1385,-19.237
39.9,-0.014614,0.0053866,-0.0047061,-1.0031,-0.0065862,0.01299,0.0017409,-1.4251,-4.0709,-1.5792,-32.738,-0.7335,19.187,-1.2409,-16.247,-0.016218,0.01265,-0.013247,-0.99462,-0.019599,0.0073677,0.0044922,-0.15209,-3.5351,-0.8128,-34.615,0.89435,19.609,0.29189,-21.594
40,-0.0021076,0.0071788,-1.2877e-05,-1.0024,-0.0083909,0.0071214,-0.009584,-0.25806,-4.4482,-0.5174,-30.545,-2.4986,18.841,-1.2919,-16.033,-0.0091151,-0.024019,0.0073254,-0.98988,-0.012613,0.0099258,0.0029188,-0.51331,-4.3136,0.27347,-33.161,-0.27489,21.829,-0.97298,-22.794
40.1,-0.018404,0.011855,0.0048534,-1.0007,-0.0047874,0.0083999,0.0046827,-0.20738,-3.7499,0.031524,-30.722,0.5715,18.826,0.55367,-17.49,0.00017275,0.014019,-0.017726,-1.0001,-0.014459,0.0061739,-0.002878,-0.99205,-2.5722,-1.3054,-35.442,0.26306,21.83,-0.020904,-21.861
40.2,-0.01938,0.0065653,-0.010438,-1.0033,-0.0091266,0.0017572,0.0029191,-0.87043,-2.9732,-1.6855,-32.336,0.46666,16.48,-1.1523,-17.65,-0.021009,-0.011465,-0.011538,-0.99924,-0.0095052,0.0077427,0.0019243,-0.46296,-3.7241,0.1558,-33.675,2.3358,21.332,0.12006,-22.09
40.3,-0.015167,-0.0046842,-0.0034037,-1.0011,-0.0067623,0.006033,-0.0097081,1.571,-4.7932,-0.96903,-30.926,-0.12347,18.022,-2.01,-19.274,-0.0026275,-0.0014826,-0.0035951,-0.98638,-0.019177,0.016224,0.0022166,-2.7868,-4.9903,0.23382,-33.989,0.14558,19.645,-0.28383,-20.318
40.4,-0.019584,0.0021672,-0.015301,-1.0018,0.0044088,0.012083,0.0023916,-0.1485,-3.7953,1.0357,-30.758,0.027252,18.192,1.6208,-18.249,-0.012895,0.02748,0.0069412,-1.0104,-0.0096893,0.0093756,0.0037977,0.43375,-5.1274,0.89729,-34.507,0.092636,21.688,-1.5619,-19.213
40.5,0.0057674,0.020954,0.010678,-0.98437,-0.010472,0.0014816,-0.0053799,0.86092,-5.2741,1.7774,-30.97,0.23707,17.735,-1.3929,-17.492,-0.017093,0.007437,-0.003434,-0.99993,-0.0058835,0.012142,0.0073112,-0.21781,-4.3831,0.78287,-33.558,0.36623,19.706,-1.8518,-22.054
40.6,-0.0038911,0.00131,-0.0091994,-1.0048,-0.0049568,0.00079319,-0.0035473,-1.5351,-5.1826,-0.43919,-32.185,1.1788,17.507,-0.34201,-19.964,0.0050182,0.0060764,0.0091592,-1.0203,-0.0036152,0.0021397,-0.0055583,0.51114,-6.381,0.20882,-34.887,0.86407,19.791,-1.1602,-22.633
40.7,3.365e-05,0.014138,-0.0056595,-1.0141,-0.0098402,0.0041353,0.0029367,0.23572,-4.0481,0.45432,-30.201,0.23705,18.038,2.1742,-17.903,-0.0096306,0.0041674,-0.013769,-1.0077,-0.010986,0.0066671,-0.00094217,-0.4284,-5.0671,-1.7465,-32.597,0.47891,21.559,-1.205,-21.473
40.8,0.013723,0.0093974,-0.0066772,-1.0141,-0.0033174,0.0060668,-0.0015115,-0.01713,-4.6897,0.05074,-31.999,0.73227,16.486,-0.60457,-18.025,-0.02028,0.0022472,0.0081283,-1.0052,-0.014462,0.0038589,-0.005159,0.068889,-5.2041,0.14715,-33.578,1.1761,21.134,0.74844,-22.203
40.9,0.0053822,-0.0073639,0.013529,-0.9958,-0.0059859,0.0087913,0.0033417,1.1642,-3.5071,1.2916,-29.299,0.094431,17.016,-0.956,-17.342,-0.022231,0.010637,-0.0043365,-0.99176,-0.01254,0.015776,0.00032641,0.0069624,-4.2606,0.97893,-34.964,-1.5421,22.25,2.5891,-20.739
41,-0.0061,0.00031739,-0.0013397,-0.98759,-0.0079562,0.0038714,-0.0079289,-0.25031,-4.5781,-0.098915,-32.161,-2.013,16.539,-2.1259,-19.953,-0.0034703,-0.0048033,-0.0038135,-1.0044,-0.012192,0.0032852,-0.0065328,-1.1569,-5.7562,0.44522,-33.294,1.5,22.538,2.0246,-19.864
41.1,-0.0039172,0.0068432,-0.0047949,-0.99868,-0.0074761,0.0081775,-0.0029376,-0.76048,-4.1585,1.3363,-29.675,0.4192,18.321,0.54016,-20.688,-0.012969,-0.01256,-0.0028376,-0.99314,-0.011945,0.0059278,0.0013396,0.41171,-6.0138,0.87939,-33.077,0.71053,21.629,-0.92176,-23.037
41.2,0.0028982,-0.0041176,-0.020262,-0.99814,-0.00021102,0.0030287,0.0061246,-1.0046,-3.4811,-1.1828,-29.802,0.085694,17.846,0.0067834,-18.284,-0.018243,0.015074,-0.0085682,-1.0079,-0.0041693,0.0053806,-0.00069915,0.11109,-3.3326,1.901,-34.687,0.48654,21.682,-0.87432,-20.939
41.3,-0.0031791,0.0079789,0.011813,-0.9994,-0.0049335,0.0072991,-0.005224,0.95438,-5.5853,0.93567,-31.041,-0.2545,19.299,1.3364,-19.321,-0.011204,-0.0006952,-0.0081972,-0.99762,-0.005778,0.00097312,0.0022052,2.9985,-6.7761,-1.5387,-33.168,0.34339,22.431,-0.55977,-23.289
41.4,0.0076532,-0.0011886,-0.0062525,-1.023,0.0015722,0.0064475,-0.002867,0.51643,-5.1292,0.71924,-30.888,0.47498,17.734,-0.97334,-16.668,0.0020832,0.0085864,0.0010093,-0.98721,-0.0051992,0.0098386,0.0034686,-1.6437,-5.7978,-0.092255,-33.753,0.81039,21.41,2.8935,-22.545
41.5,0.0043914,0.011437,0.0052175,-1.0077,0.0013545,0.0082325,-0.0031136,1.0913,-5.0292,0.91199,-31.179,-1.0409,17.526,-1.2609,-17.425,0.0068664,0.0078146,-0.010801,-0.9947,0.0033562,-0.0045333,-0.0068993,-0.82259,-6.0693,-1.0249,-33.317,0.045718,22.142,-0.1735,-19.462
41.6,-0.017851,0.018302,-0.010763,-0.99746,0.0066516,0.0032737,-0.0045283,-0.66291,-3.8578,1.8339,-30.039,-0.14874,16.954,0.60895,-18.525,0.010415,0.012816,-0.013383,-0.99197,-0.0053554,-0.0095526,0.006814,-1.4656,-5.8551,0.60604,-35.054,0.20267,22.65,-0.93965,-23.63
41.7,-0.0036742,-0.0017382,0.03282,-0.99432,-0.0035423,0.0066973,-0.0030459,-1.4229,-4.9951,-1.1712,-33.191,1.2405,16.951,-0.50391,-18.058,-0.0033874,-0.0057985,0.004854,-1.0091,-0.0055403,0.0066708,-0.01171,2.3068,-5.6926,-0.19267,-33.213,1.5884,20.787,-0.24664,-22.978
41.8,0.00011742,0.0096833,0.010162,-0.99556,-0.0030899,-0.0016777,-0.00086301,-2.5958,-6.5502,-2.5352,-31.032,1.9926,17.056,-1.2702,-19.828,0.00052578,0.0079769,0.010418,-1.0018,-0.004104,-0.0034309,-0.0010723,-0.10733,-6.6189,0.69329,-33.107,-1.4316,21.849,-1.321,-24.168
41.9,-0.005168,-0.0081837,0.022414,-0.98061,-0.006358,0.0011475,-0.0040668,-2.2504,-6.2144,1.3071,-29.189,0.50051,17.053,0.062191,-17.655,0.011383,-0.016303,-0.0071778,-1.0125,-0.0025401,0.0058342,-0.0022629,-0.34499,-7.2638,-1.0915,-33.535,2.8232,19.007,-0.60388,-21.474
42,-0.025994,0.012364,0.0065356,-1.0164,-0.0038766,0.0092585,0.0022122,-0.11653,-4.5423,-0.51501,-30.865,-1.7653,18.28,0.33191,-16.256,-0.0043788,0.017479,0.0065385,-0.99887,-0.0097105,-0.0048727,-0.0028698,0.30571,-5.4452,-0.80868,-34.79,1.0748,21.661,1.4397,-22.575
42.1,-0.024591,0.01741,-0.0092658,-0.98477,0.0019413,0.0076682,0.006911,1.2662,-5.8787,1.2511,-31.302,0.23039,17.881,-1.1352,-18.492,-0.0052542,0.012714,-0.0077931,-0.98106,-0.0096879,-0.0037384,-0.0072909,0.54307,-6.9335,-2.343,-32.578,0.72659,22.298,-0.20163,-21.298
42.2,0.015295,0.0029259,0.0026097,-0.9946,-0.0017358,-0.0027262,-0.000542,0.5599,-5.5512,0.17075,-29.294,0.41786,18.56,1.1361,-16.172,-0.00046812,-0.01562,-0.0057042,-1.0101,0.0032598,0.0067248,-0.0014124,0.61382,-7.6867,0.11447,-32.939,-0.17591,19.035,-0.44088,-22.363
42.3,-0.0023136,-0.00042171,-0.00040325,-0.98098,0.0054206,0.0073425,-0.005322,-1.441,-6.2335,-0.50119,-30.26,1.8565,17.169,1.1428,-16.223,-0.014363,-0.010947,-0.0065572,-1.0146,-0.0068044,0.00040636,0.0015411,0.29765,-6.1231,-0.33004,-31.626,0.46675,20.677,-0.56537,-20.578
42.4,-0.0081773,-0.014331,-0.0002498,-0.99515,9.3281e-05,0.0029071,-0.00047418,0.5931,-5.0332,-0.71453,-31.425,0.018637,16.251,1.1495,-15.851,0.0038842,0.018731,0.01116,-1.0088,-0.0053243,0.0026855,0.00012841,-1.305,-6.3806,-0.64464,-34.755,-0.51131,22.291,-1.5773,-23.377
42.5,0.013985,-0.001033,0.0071218,-1.0096,-0.003639,0.0030326,-0.00076777,1.016,-2.9326,0.44746,-31.134,-2.7365,17.49,-1.5261,-18.712,2.0842e-05,-0.0035386,-0.0023523,-0.99008,-0.0075328,0.012876,-0.0070257,-1.5236,-6.7968,-2.4901,-32.429,1.8045,19.758,0.63798,-20.959
42.6,-0.0024884,0.0042649,-0.0023447,-0.9911,-0.0064252,-0.0040459,0.0072799,-2.2525,-3.8616,0.89045,-30.781,0.63776,20.264,0.21523,-16.435,-0.01102,0.011615,0.00096804,-0.99074,0.0095151,0.0013217,0.0016006,1.2412,-7.3674,0.98547,-32.816,-0.99016,20.273,0.61449,-21.519
42.7,0.0070974,0.010777,-0.0010675,-0.99403,-0.00020498,0.00086148,-0.00101,-0.56792,-7.2523,-0.7875,-28.96,-0.32029,17.015,0.8511,-17,0.0026748,0.007677,-0.0029903,-1.0162,0.0025331,-0.0032868,0.0002572,-0.81383,-6.1099,1.2859,-33.348,-0.54881,21.853,-0.75526,-23.372
42.8,0.0073935,0.010437,-0.0047224,-1.0034,0.0042257,0.0057016,-0.0080401,-0.89982,-4.7662,-1.4444,-31.835,-0.36423,18.346,0.87725,-17.332,-0.0065291,-0.0049703,0.010144,-1.0081,0.001947,-0.0037471,-0.0076802,0.38974,-6.1959,-0.14913,-34.322,0.18974,22.281,0.28261,-22.602
42.9,-0.0028769,0.0014457,-0.0049628,-0.98636,-0.0031327,-0.0039974,-0.0023157,1.5149,-3.7484,0.38556,-30.32,0.62438,18.413,-0.9604,-19.182,-0.0016781,-0.01257,-0.010475,-1.0074,-0.011031,-0.00095487,0.0070724,-1.3935,-6.0062,-1.1478,-34.357,1.1051,20.918,-0.3726,-21.559
43,-0.010067,0.0051911,-0.0098905,-0.99884,-0.0086218,0.0073404,-0.0038928,1.1873,-4.4496,0.72302,-31.023,-0.60434,17.653,-2.0341,-15.228,0.0053153,0.012609,0.0053954,-1.0032,-0.010584,0.0010595,0.0015001,-0.89687,-7.3586,-1.1502,-33.902,0.86415,22.549,-1.4882,-22.508
43.1,0.0095373,-0.0025954,0.0097866,-1.002,0.006434,0.0024938,-0.005304,-1.2731,-5.7063,0.95543,-31.824,0.97217,17.468,-1.2086,-17.997,0.002258,0.0028642,6.3246e-05,-1.0134,0.0031319,0.0078845,-0.0041322,-0.22035,-6.1924,-0.96544,-35.066,-0.70667,20.869,-0.69661,-22.094
43.2,0.010353,0.020985,0.012708,-0.98613,-0.012589,0.0015956,0.00056812,-1.347,-5.5546,-0.64325,-29.233,0.45154,16.306,0.80066,-17.032,-0.0033218,0.020748,-0.013243,-1.0053,-0.00059082,-0.0023184,-0.0077731,1.1573,-5.8293,0.46165,-33.015,-1.1861,21.825,-2.1252,-22.511
43.3,0.0064836,-0.022351,-0.00022494,-0.98297,-0.0040634,-0.0028873,-0.0013908,-1.5611,-4.0453,-1.6826,-31.311,-0.29721,16.267,1.9797,-17.272,0.00024219,-0.013283,-0.020621,-0.98429,-0.011111,0.0026505,0.00081866,0.30974,-5.4998,-1.2665,-33.375,0.4397,20.751,-0.44799,-21.854
43.4,-0.010496,0.0033817,-0.0066273,-1.0186,0.00087517,0.0026482,0.0019235,-0.30718,-4.4253,0.54806,-30.525,0.75726,17.4,-0.77768,-17.065,-0.012559,0.0029655,-0.0091146,-1.0068,0.00079615,0.0048657,-0.0033104,0.86335,-6.5414,-0.068199,-32.756,0.68134,21.362,0.34926,-21.707
43.5,0.0090547,0.0016024,0.0016772,-1.0023,0.0047282,0.0043646,0.0031068,2.2987,-5.164,-0.24645,-29.45,-1.3194,17.295,0.66576,-15.16,-0.011003,-0.0012548,0.012921,-1.0109,-0.0035283,0.00031759,-0.0011814,0.18134,-6.6106,-0.51402,-34.32,1.4484,19.803,1.3966,-22.129
43.6,0.0047682,-0.0087892,-0.018749,-1.0179,-0.0025198,-0.0029267,0.0053517,1.4455,-4.599,0.042179,-29.995,-0.45605,17.698,-1.4896,-17.241,-0.0080852,0.010075,0.001683,-1.0032,0.0030267,0.010974,0.0037367,-1.748,-7.0095,-1.9486,-33.287,1.5746,20.52,0.60308,-21.359
43.7,-0.010347,-0.011048,0.004803,-0.98501,-0.00070261,-0.0020814,0.0031575,-0.24561,-2.5508,-1.7384,-30.89,0.86391,16.74,0.46936,-15.627,0.0020751,-0.016522,-0.015665,-1.0071,0.0013181,0.00075729,-0.0013309,-0.63898,-7.5194,0.84065,-33.692,-1.3892,22.656,-1.6179,-20.522
43.8,-0.0067394,-0.0137,-0.015903,-1.0038,-0.013584,-0.013045,0.003098,-2.2674,-4.7391,-2.7513,-30.721,-0.85804,18.58,0.33428,-16.623,0.0082486,-0.005328,0.00085255,-0.99649,0.00035159,-0.00032536,-0.00020602,0.9655,-7.2281,0.15437,-34.795,0.040665,20.887,-1.1553,-20.157
43.9,-0.013532,-0.0057972,0.001805,-0.99379,0.0071359,0.00073766,-0.0026279,-1.8186,-5.6195,-3.4173,-30.56,0.30878,19.025,2.4817,-17.028,-0.021049,0.0070115,-0.0074901,-1.034,-0.00054404,0.01058,0.0011103,0.709,-8.2584,0.20564,-34.63,-0.78124,21.066,1.2293,-22.101
44,-0.009766,0.0032874,-0.0064891,-1.0263,-0.0022976,0.0018282,0.00017557,-1.0749,-4.4457,0.12358,-30.333,0.56955,18.747,0.67926,-16.413,0.0020736,0.0046244,-0.014563,-1.0066,-0.0092817,-0.0027496,-0.0010909,-0.12104,-6.3892,0.39515,-33.722,-0.9009,21.484,-0.29766,-21.472
44.1,-0.010385,0.0020237,0.0052369,-1.0088,-0.001639,-0.0029418,-0.00089522,-0.045605,-3.1072,0.35207,-31.179,-1.7034,16.862,-1.1177,-17.217,-0.0056213,0.0001426,-0.0037703,-1.0071,0.0024432,0.0023989,0.0073056,-0.83403,-5.8922,-1.065,-33.433,1.0468,18.639,0.77776,-21.588
44.2,0.0090693,0.013739,0.0095307,-0.99016,-0.002541,-0.0041256,0.00053506,0.46801,-3.6755,2.1277,-31.072,-1.0147,18.195,1.0967,-18.273,0.0039902,0.0084998,0.022016,-0.9989,-0.0018668,0.0025574,-0.00076445,-0.4384,-6.5711,-1.0976,-33.501,-0.31708,21.355,-0.53232,-22.878
44.3,-0.0050875,0.010055,0.0024546,-0.99712,0.0058706,0.00084266,0.0049245,-0.24751,-3.7776,-0.11175,-31.249,-0.2925,17.6,1.1639,-15.82,0.0073075,-0.0018078,-0.00038249,-0.99806,0.00061682,0.0016331,0.0090355,-0.69622,-4.4257,-0.17547,-33.3,1.4593,22.4,-1.9185,-22.45
44.4,-0.017656,0.010614,-0.0085841,-1.016,0.0014301,0.0025057,-0.0022934,-1.5993,-4.7097,-2.342,-28.593,-0.031188,18.027,1.2369,-17.83,0.019782,0.0033868,-0.0072737,-1.012,0.0083384,0.0026005,0.0028664,0.696,-7.6934,1.0907,-33.669,1.0599,20.302,0.11357,-22.363
44.5,0.020392,-0.006931,-0.01182,-1.0045,0.00036486,0.015244,-0.00716,1.9786,-4.7057,-0.70796,-32.28,-0.97884,17.78,-0.095588,-16.46,-0.018423,-0.0073721,0.0069014,-0.99525,0.0017361,-0.0087928,0.0011964,2.0635,-7.4223,-0.90882,-33.993,-0.25448,21.729,-0.70248,-23.541
44.6,0.0085605,0.0096554,0.016342,-1.0027,0.0012813,-0.0056513,-0.0057992,0.82771,-5.7283,0.9188,-30.799,-0.50327,17.581,-1.6858,-17.166,0.010284,0.00011637,0.0023066,-1.006,-0.0049099,-0.0042985,0.0012471,-0.47518,-8.2182,0.19934,-33.283,1.2554,21.112,-0.70968,-21.258
44.7,0.0046203,-0.00036446,-0.0075902,-0.97851,-0.0014699,0.0037897,0.0079254,2.3651,-6.0995,-1.2825,-31.171,0.5134,15.913,-0.36683,-16.967,0.0060466,-0.014523,0.0045701,-0.99375,-0.0050091,0.00065473,-0.00035672,-1.2075,-6.0721,0.74972,-33.343,-0.010335,22.221,-1.0376,-22.327
44.8,-0.011729,-0.00078037,-0.0020827,-0.99658,0.0010617,0.0055392,-0.0015002,0.021668,-4.1891,-1.2688,-31.041,1.6811,17.469,0.26396,-17.481,0.00063652,0.0019012,-0.0041334,-1.0095,0.0046841,0.0053343,-0.0035827,-1.9151,-6.4869,-1.4233,-33.361,2.2995,21.08,0.97441,-22.079
44.9,-0.0075505,-0.013738,-0.0048319,-1.0087,-0.0015121,-0.0047191,-0.006267,-1.9953,-3.8772,-0.78062,-30.566,0.60637,19.337,0.49378,-15.491,0.0037497,0.014262,0.019019,-1.0019,0.0049671,-0.0024763,0.0052131,-0.096846,-6.4298,0.4262,-35.001,1.6637,21.364,0.62683,-23.404
45,-0.0031738,-0.00056154,-0.0043492,-0.98144,0.00021303,-0.0046101,0.00033338,-0.83469,-5.5743,-2.133,-31.834,1.5658,17.618,-1.1225,-17.483,-0.0077158,0.01136,0.021487,-1.0051,-0.00093668,0.00091234,-0.0029797,2.0301,-6.0837,-1.5378,-33.931,-0.90955,21.906,-0.78466,-22.13
45.1,-0.018872,0.0080251,-0.0051445,-1.0112,0.002258,-9.6489e-05,0.00060627,1.0081,-3.6647,0.87889,-29.467,-1.3366,18.571,-2.1868,-17.08,0.0077493,0.00020688,0.020871,-1.0142,0.0049747,-0.0044553,-0.0051671,0.51808,-5.2164,1.908,-34.085,-0.87158,21.239,-1.6516,-21.523
45.2,0.0088977,0.0054879,0.010481,-0.98651,-0.0084076,-0.0097769,0.00015098,-0.33868,-4.3351,0.62627,-31.077,1.9083,18.838,-0.48627,-16.551,0.0077965,0.0028492,-0.011991,-1.0078,0.0021396,0.0013976,0.0049067,-0.11917,-7.5465,-0.80253,-32.968,-0.70995,22.836,0.60266,-23.686
45.3,0.0044529,0.0063792,0.01226,-1.0154,0.0042793,-0.0027728,-0.0017479,-2.0992,-3.4012,1.406,-30.543,-0.13141,17.203,1.465,-16.175,-0.0062426,0.0022991,-0.01282,-0.97416,-0.0017314,-0.00058255,0.0045448,-2.5101,-7.1789,-0.80167,-34.667,-1.2674,22.694,0.36768,-23.525
45.4,-0.0025284,-0.0074987,0.0020331,-1.0019,0.006066,0.0077253,-0.0053162,-1.0953,-5.9007,0.15129,-32.332,-0.085891,18.786,0.74164,-16.487,-0.00035028,-0.002026,0.015162,-1.0108,-0.0013318,-0.0044387,0.0029728,-1.4112,-6.993,0.086752,-33.249,-2.1915,22.415,2.0205,-21.999
45.5,-0.0064796,0.0046979,-0.018177,-1.0027,0.0033411,-0.0065766,0.014394,0.74894,-3.5019,1.2695,-31.805,0.40425,17.984,0.50678,-16.925,-0.001178,0.0039517,0.0020167,-0.99062,0.0064403,-0.00058025,-0.0087726,-0.29917,-8.2859,-0.32162,-34.672,-0.026488,23.559,0.34035,-19.388
45.6,-0.0073022,0.014939,-0.0049679,-1.0032,0.00022536,-0.0051979,-0.0059722,0.062824,-4.6315,0.070874,-31.937,1.1565,16.82,0.25808,-17.081,0.02019,-0.0044237,-0.00089995,-0.99522,0.0050816,-0.0030472,0.0066641,1.4633,-6.9495,1.6354,-35.265,0.44722,22.555,-1.3126,-21.847
45.7,-0.012385,-0.00030007,-0.014128,-0.99582,-0.0024294,-0.0035872,0.0024257,-2.1865,-5.3468,-0.52259,-30.252,0.90098,17.91,1.1492,-16.592,-0.0044134,0.0076699,0.00097918,-1.0116,-0.0014001,0.0032291,0.0056246,-1.8774,-7.548,-0.39697,-34.325,-0.88213,21.84,-2.3732,-23.334
45.8,0.0055381,-0.011551,-0.015072,-0.98982,0.0040229,0.0018044,-0.006958,-0.045199,-4.731,-0.4269,-31.08,0.51605,18.593,0.041506,-16.127,-0.0028517,-0.010102,-0.00025204,-0.99663,-0.00265,0.003958,-0.00058421,-0.61005,-7.426,-0.2196,-35.949,1.6678,21.403,1.3956,-21.198
45.9,0.004043,0.0051112,0.00098879,-1.0068,-0.0033248,-0.0025117,-0.0034995,0.83713,-6.038,0.41857,-30.922,0.58172,16.005,0.53014,-15.711,-0.0018398,0.018597,-0.0041036,-1.0098,3.9682e-05,-0.0012392,-0.0027579,-0.30116,-7.2083,-0.82403,-33.868,1.2142,21.843,0.83445,-24.455
46,-0.014928,0.0018486,0.0054231,-1.0044,3.4197e-05,-0.00507,0.0033009,-0.42209,-4.167,-1.1643,-31.038,-0.47041,18.846,-0.73662,-15.88,0.01227,0.0078576,-0.0016005,-1.0009,0.004655,-0.0050748,-0.0012881,-1.6331,-7.781,-0.50472,-33.468,1.9772,22.318,-0.67088,-22.836
46.1,0.0023553,0.025587,-0.00012623,-0.99555,-0.002058,-0.0039258,0.0029003,-0.37697,-6.9281,-1.2328,-31.224,-1.0588,17.812,-2.216,-16.611,0.0051413,-0.0083122,0.008744,-0.99506,-0.0067556,-0.0064544,0.0026086,-0.014434,-8.2255,-1.331,-34.177,0.69203,22.634,-2.309,-21.858
46.2,0.0054601,-0.00060476,0.0141,-1.0012,0.0032955,0.0036776,0.0070662,-1.1815,-4.4506,-2.1338,-32.825,0.53067,17.933,-0.54843,-16.079,-0.0086277,0.0043795,0.0013961,-1.0038,0.001956,0.010162,-0.0036841,-0.86178,-7.8394,0.77671,-36.089,-0.15525,22.08,0.51067,-24.079
46.3,-0.0050002,0.0014995,-1.106e-05,-0.99051,-0.0033656,0.0012978,-0.0010663,0.20398,-5.2426,1.3364,-32.274,-0.38125,17.149,0.82878,-16.787,0.012542,-0.009613,0.006746,-1.0194,-0.0015342,-0.0083202,0.0032643,0.69516,-8.0139,-0.2426,-34.447,-0.024417,22.227,-1.4798,-21.096
46.4,0.0088102,-0.01974,0.005413,-0.9761,0.0059364,0.003972,0.00056369,1.4425,-1.9238,0.67965,-30.209,-1.8001,17.672,0.17994,-15.68,-0.011966,-0.009986,-0.019981,-0.99304,-0.0089034,-0.0034031,-0.002071,-1.2799,-8.8125,-0.13904,-33.953,-0.88859,22.037,1.0521,-24.515
46.5,-0.016158,-0.0099695,0.0029431,-1.001,0.0011615,-0.004768,0.0071857,-0.20689,-4.5303,0.21831,-29.98,-1.8688,15.306,-0.34598,-16.138,-0.0063955,-0.0044798,-0.003694,-0.98617,0.00054818,0.0030491,0.001225,-1.0397,-6.8776,-0.097676,-34.778,2.1139,20.033,-2.1052,-24.532
46.6,0.014755,0.011571,0.0047763,-1.0036,0.0051046,-9.7217e-05,0.0032329,1.6793,-3.2719,-1.2506,-31.591,-1.0167,17.593,-0.93522,-16.032,0.0090175,-0.0010537,0.0084857,-1.0025,0.00058901,-0.0017711,0.0012745,-0.16413,-7.5629,0.21225,-34.723,1.6007,22.838,-0.9686,-24.671
46.7,-0.015801,0.0006265,0.0027251,-1.0082,-0.0052223,0.0026296,-0.0017389,-1.3217,-3.6422,0.41976,-31.064,-0.082856,17.371,-0.63022,-16.129,-0.01047,-0.013596,-0.00085966,-1.0042,-0.00034602,0.0024254,0.00096102,0.60191,-7.7453,0.93818,-35.551,0.81312,21.889,-0.17135,-24.294
46.8,-0.0055244,0.0048175,-0.0036774,-1.0055,-0.00068998,0.0032304,-0.0051101,-0.67546,-7.0176,-1.0913,-31.305,-0.097265,17.653,-0.64027,-15.307,-0.01831,-0.0013206,0.01774,-0.9978,-0.0066254,-0.0018704,-0.0044336,1.0808,-6.4014,-0.621,-35.689,-0.8102,23.881,0.57348,-21.067
46.9,-0.00040844,-0.0011854,0.0040866,-0.99571,0.0043223,-0.00040601,-0.0022073,-1.4178,-6.4939,1.2999,-31.152,-0.64564,18.749,0.20992,-14.781,0.0060918,-0.0059044,0.00052705,-1.0157,-0.0026619,-0.0053537,0.0039326,-0.27247,-7.1468,-1.9804,-34.94,0.85786,21.309,-0.0067128,-22.616
47,0.00036817,-0.009442,-0.0038065,-1.0074,0.0062441,0.0013942,-0.0029084,2.206,-5.1248,1.3409,-31.429,-0.50075,16.86,0.3665,-15.896,0.0029367,-0.0010021,0.0064254,-1.0069,0.0054758,0.0089609,0.0037887,-0.76447,-8.3387,0.5001,-35.28,2.0731,21.309,-0.60998,-23.291
47.1,0.01672,-0.0037602,0.0078258,-1.021,-0.0015405,0.00056398,0.0027924,1.8064,-3.9264,0.96915,-30.678,1.0787,16.94,-0.40696,-14.386,-0.0053909,-0.00537,0.013302,-0.99984,0.0097533,-0.0026938,-0.0037224,1.8782,-8.0867,-1.1501,-35.728,1.2211,23.233,0.66168,-21.177
47.2,0.010493,-0.0015758,-0.0085999,-0.99818,0.0085014,-0.0072224,0.0066755,-0.41277,-3.8789,1.237,-30.608,1.646,16.54,-0.48843,-15.772,-0.015863,-0.0076928,0.0020983,-0.98622,0.0037354,0.0053691,0.0021621,-0.2655,-8.4962,-0.76064,-34.804,-0.20809,23.046,-0.24683,-24.438
47.3,-0.010324,-0.004979,0.0040463,-1.0218,5.1975e-05,-0.0061863,-0.00048384,-1.1635,-2.9196,-1.2117,-30.32,1.2955,20.144,1.2184,-16.589,-0.01031,-0.0015102,0.001486,-1.0034,-0.0037574,-0.0086764,-0.0030537,1.2358,-9.6277,-0.26731,-34.792,-1.2201,23.196,-1.4092,-22.57
47.4,0.015112,0.0081322,-0.010327,-1.0103,0.011142,0.0039431,-0.00039158,-0.42584,-4.7204,-2.3153,-32.396,0.78203,17.333,1.2338,-16.156,0.0030144,-0.0021654,-0.0078915,-1.0143,-0.007271,-0.007315,-1.975e-05,-1.1768,-7.5704,-0.011031,-36.576,0.8518,20.832,-0.13577,-23.571
47.5,-0.0026748,-0.012999,0.0024032,-1.0035,0.0051991,-0.0045023,0.0021497,-1.2302,-5.9056,1.0829,-32.668,0.37073,17.695,-0.65051,-14.945,-0.009443,-0.0043106,-0.016208,-0.99846,-0.0033322,-0.00010377,0.0059982,-1.8623,-7.4168,0.5011,-34.172,-0.17895,21.15,-0.03288,-21.66
47.6,-0.012187,0.00074769,0.005172,-1.0235,-0.0044047,0.004535,-0.0020659,-0.322,-4.428,-1.2036,-31.759,0.04277,17.093,-0.36494,-17.374,0.00089693,-0.0019378,0.009689,-0.99937,0.0078139,-0.0050507,0.0037702,-1.3612,-8.2372,-1.9052,-34.938,-0.41195,22.908,1.5275,-21.726
47.7,-0.0041157,-0.010433,-0.011487,-1.0169,-0.0015175,-0.0013744,0.00056427,-1.0064,-3.4654,-1.2449,-31.955,0.2719,19.151,0.65784,-16.348,0.0076054,-0.0064568,0.0070484,-0.97708,0.0056897,-0.0042323,-0.0040174,-0.59363,-7.2504,-0.38602,-34.654,-1.0767,22.384,0.012025,-22.579
47.8,-0.0083791,-0.0068414,0.0032287,-0.99186,0.0039869,-0.0028359,0.0022817,-1.509,-2.222,-1.9808,-31.062,2.3828,17.69,0.6575,-16.68,0.0073417,-0.0043456,-0.0059472,-1.0055,0.0054085,0.0056604,-0.011302,-0.82418,-7.2265,1.5594,-33.208,1.2088,22.214,1.3205,-21.784
47.9,-0.003148,0.0024435,0.00041967,-1.0038,0.0074395,-0.0028652,-0.00059695,-0.74313,-4.9164,0.40871,-31.597,1.6959,17.694,-0.52764,-16.547,-0.0025978,-0.0020697,0.0023956,-0.99266,-0.0025587,0.0058482,-0.0025785,-0.66849,-8.0097,2.1766,-34.429,-1.5745,22.438,0.99113,-23.644
48,-0.0074822,0.0020063,-0.014064,-0.99532,0.003934,0.00011839,0.00051126,1.9883,-4.8283,1.6838,-32.756,-1.5081,17.885,-2.5156,-15.743,-0.00048428,0.0049818,-0.0031754,-1.0065,0.0021983,-0.0016169,-0.0089665,0.29402,-7.2829,0.23325,-35.001,-0.85396,20.041,0.68361,-20.526
48.1,0.0014615,-0.0074211,-0.010856,-1.0123,0.0053091,0.0043826,0.0039567,-0.40088,-3.0494,-1.0201,-30.677,1.0634,18.344,0.30124,-16.79,0.0070248,-0.022209,0.0067334,-0.99921,0.0014532,-0.0036254,-0.0017827,0.40661,-10.156,-1.043,-34.067,-0.11733,21.746,1.3511,-22.539
48.2,-0.011782,-0.009847,-0.0065447,-0.98991,-0.00097327,0.0047769,-0.0070279,-0.16041,-3.1706,-0.46056,-30.52,0.95794,18.01,0.32538,-18.609,0.0015564,-0.0096872,0.00061481,-0.99824,-0.00033162,0.0027628,-0.00030677,1.0652,-7.0371,-0.052428,-34.123,0.37557,23.051,0.21142,-22.378
48.3,0.019102,0.0076729,-0.0043161,-1.0144,-0.0072487,-0.00041089,-0.010232,-0.71859,-3.0997,-1.0561,-31.388,0.38463,17.657,-0.70754,-17.625,-0.0047181,0.0014475,-0.01576,-1.0005,0.00034189,0.011261,-0.010849,-0.49955,-5.1156,1.1803,-33.137,-1.0788,21.45,-0.82304,-22.856
48.4,0.0089716,0.015151,-0.004563,-0.98669,0.0031206,-0.0015777,-0.0050589,1.6875,-3.1375,1.3771,-31.921,-0.11872,19.277,-2.0152,-17.499,-0.013809,0.0070498,-0.011437,-0.98498,-0.0014873,-0.0034881,-0.0012669,0.95001,-7.019,-1.2755,-35.215,0.35603,21.856,-0.99555,-22.517
48.5,0.0015845,-0.011288,0.010906,-0.97846,0.0016826,-0.0039421,-0.0035036,-0.61269,-4.1822,-0.57227,-33.237,0.012382,18.049,2.0291,-16.754,-0.00033113,-0.0077506,0.0051138,-1.0024,0.0069745,-0.0016196,0.0017213,-0.43113,-7.0428,-0.06863,-33.92,0.76041,21.877,0.53877,-21.616
48.6,0.0056668,0.0029951,0.011768,-1.0098,0.002777,0.004882,0.0045694,0.38579,-5.2678,-2.0911,-32.392,0.12238,18.582,-0.64126,-17.482,-0.0015433,-0.012106,0.0038298,-0.99302,0.0020065,-0.0033923,-0.0036735,2.4105,-5.7121,-2.5578,-35.094,0.7249,22.327,0.17519,-22.199
48.7,0.0026434,0.01233,-0.0061278,-1.0026,0.0022122,-0.0025528,0.0059154,1.7585,-4.7959,1.504,-32.555,-0.42506,18.934,0.085074,-16.741,0.0046516,0.00036785,-0.018123,-0.98987,0.0061529,0.0006753,0.0050356,0.88787,-8.3177,1.1686,-33.602,-0.50277,20.821,0.0096154,-21.406
48.8,0.0092213,-0.016355,0.0012788,-0.99259,0.0036374,-0.0009352,-0.0019013,-0.6809,-5.3537,1.2091,-32.427,1.0095,18.335,2.1645,-16.516,-0.022472,0.012894,0.021457,-0.97816,-0.0053139,0.00072563,-0.001523,-0.76443,-7.1816,-0.16682,-36.755,-0.63935,24.015,-0.14175,-21.024
48.9,0.004774,-0.024162,-0.001828,-1.0018,-0.012811,-0.00046978,0.0018565,0.048187,-3.9078,3.3022,-31.495,-1.0384,18.836,-0.88829,-16.831,-0.0093972,-0.0033614,0.010029,-1.0137,0.0022091,-0.00055414,-0.0028007,-0.27033,-7.5849,0.51131,-33.633,0.78767,22.428,-0.17049,-23.212
49,6.3744e-05,0.022453,-0.0043026,-1.0115,-0.0070037,0.00063134,-0.0046441,0.21099,-3.7424,-0.20388,-31.738,1.6672,17.242,-1.115,-18.155,-0.0041687,-0.0059617,0.0041964,-1.0091,-0.001173,0.0036183,-0.0056606,-0.61873,-5.9408,0.81385,-33.103,0.16367,22.713,0.60868,-22.742
49.1,-0.007089,-0.0055428,0.00258,-1.0027,-0.011413,0.0043287,0.0038984,-1.4975,-3.3931,-0.48941,-32.226,1.3966,17.75,1.2995,-17.39,-0.019971,0.0048758,-0.015485,-0.98973,0.0084442,-0.0093597,0.0014479,-0.99694,-8.7396,-0.11357,-34.844,1.1658,23.953,1.3052,-21.398
49.2,0.022919,0.0032475,-0.0042121,-1.0051,-0.0040587,0.0044569,-0.00013572,-0.43468,-4.3987,-0.95996,-32.669,0.55458,18.448,-0.06185,-14.843,0.001681,-0.023911,-0.00079516,-0.99464,-0.003227,0.0077098,0.0068333,0.3776,-7.1091,1.3039,-35.304,1.8333,21.75,-0.25555,-21.685
49.3,0.0098785,-0.0015197,-0.0035355,-1.006,0.00084495,0.0013611,-0.0095943,-0.43239,-5.3935,0.82212,-34.05,1.1231,19.553,-0.13094,-15.904,-0.00077279,-0.0056848,0.0093295,-0.99915,-0.0060026,0.0036833,0.0091011,0.31507,-6.8387,-0.017265,-35.02,-0.0041209,22.633,-1.3601,-23.76
49.4,0.021164,-0.0050991,-0.020032,-1.0008,0.001702,0.0050931,0.0055914,0.81584,-5.6865,2.6058,-33.257,-0.51894,18.339,-2.7311,-17.847,-0.0078103,0.024804,-0.0067021,-1.0106,-0.0015957,-0.0014914,-0.0041282,-1.3597,-6.8233,-1.6299,-32.565,1.5159,21.815,-0.75164,-21.504
49.5,-0.0085861,-0.0046737,-0.0021659,-0.99427,0.011437,0.0033495,0.0069382,0.91783,-5.3504,0.82439,-31.539,0.37933,18.99,-1.1461,-18.648,-0.00073291,-0.0022138,-0.011289,-0.98206,-0.0016061,-0.0099055,-0.0010843,-0.70483,-6.053,-2.2445,-35.439,1.1148,21.785,1.7076,-22.585
49.6,-0.0042103,-0.0027723,0.029733,-0.99972,-0.00019241,-0.0030802,0.00098335,0.57725,-3.0529,-0.003483,-31.325,-0.169,17.969,0.5509,-15.972,-0.0074475,0.00020129,0.0043086,-1.0248,-0.0056247,-0.003768,-0.0063342,-0.91653,-7.5675,-1.9914,-36.097,0.23105,21.48,-0.71666,-21.358
49.7,-0.0058827,0.01279,0.0098546,-1.0056,-0.0119,-0.0005481,-0.0074324,1.2277,-4.6232,0.070734,-31.416,1.2347,18.824,-0.25628,-17.437,0.00032492,-0.0041597,0.013213,-0.99374,0.0058531,-0.0058571,-0.0010389,-2.6819,-7.4082,-1.2299,-37.257,-1.5027,22.12,0.87414,-22.211
49.8,-0.011874,0.0006457,-0.00064642,-0.98332,0.0028492,-0.0017584,0.00099618,0.62945,-4.8864,-0.31429,-33.55,-0.60591,20.251,0.6079,-16.331,-0.0013632,0.014614,-0.009721,-1.0104,0.0026893,-0.00074782,0.001174,1.064,-7.414,-0.11491,-36.09,-1.4181,20.477,-1.2384,-23.794
49.9,0.0092765,0.0087639,-0.00973,-1.0062,-0.0082462,-0.0013577,0.0029924,0.91009,-3.9793,-0.0058903,-33.559,-0.25626,17.075,-1.2487,-18.251,0.0032201,-0.010789,0.001588,-1.0023,0.0034945,-0.0049128,0.0058233,-0.28966,-4.7543,0.68509,-35.355,1.1549,20.305,0.24162,-21.393
50,-0.010119,0.014827,-0.0038918,-0.98379,-0.003402,-0.002967,-0.002827,-0.94647,-4.4141,0.98599,-31.581,-1.9022,16.706,-1.2611,-14.795,-0.0036345,0.013507,0.0057545,-1.0002,0.015029,0.0047889,0.0055008,-0.053504,-7.9769,-2.1639,-35.85,0.34933,22.084,0.96367,-21.297
50.1,-5.2397e-06,0.0018341,0.0014224,-1.0031,-0.012533,-0.00026449,0.0045981,-0.46555,-5.2974,-2.845,-32.062,-0.99668,18.157,-0.7204,-14.579,0.0022525,-0.0018714,0.0023045,-1.0037,0.00089427,0.0058905,-0.0062236,-1.524,-5.6713,-2.0635,-34.762,1.0304,21.13,-2.2405,-22.976
50.2,-0.0022107,-0.032658,-0.003361,-1.0045,0.0028213,-0.003913,0.0041696,-0.7549,-4.9619,0.74196,-32.97,0.48634,19.101,-0.24082,-17.513,-0.0035037,-0.0094263,0.0057136,-0.99838,-0.0017039,0.00013618,0.001601,1.0044,-6.9732,-0.057082,-36.068,0.29178,19.157,-0.81692,-22.01
50.3,-0.0015371,0.011101,0.019561,-1.0071,0.0075118,0.0025309,-0.0047523,-0.051942,-5.3792,0.20722,-33.025,0.078332,19.307,-0.4985,-15.537,-0.0013277,0.0091223,-0.0090215,-0.99789,-0.00080842,0.0065921,-0.00049196,0.50329,-7.7202,0.91973,-36.879,-1.7775,20.416,-1.1508,-21.649
50.4,-0.011304,-0.011797,0.00068932,-0.99543,0.0040813,0.0014828,-0.0022047,0.49733,-4.8982,0.96594,-32.747,-1.1906,16.291,-0.6006,-18.042,0.0034174,0.0010037,-0.0093142,-0.99866,0.0039865,-0.0079498,-0.0052252,0.46444,-4.8306,-1.0044,-36.786,0.6177,23.108,-0.30771,-19.612
50.5,-0.0031221,0.0095235,-0.00090721,-0.99927,-0.0014899,-0.005983,6.0724e-05,-0.35,-3.9466,0.026402,-34.687,0.041178,18.349,0.16302,-15.938,0.010073,-0.01022,-0.017296,-0.9976,-0.00018365,-0.0042769,-0.0013147,-1.4475,-6.857,0.41908,-34.327,-0.6408,21.624,0.75386,-19.773
50.6,-0.015135,-0.0015245,0.003172,-0.99912,0.0027108,-0.0044717,0.0012562,-1.6858,-5.9012,-0.93023,-33.837,0.53247,16.803,1.8863,-17.765,-0.004276,-0.009642,-0.0082158,-1.0154,0.00033541,-0.00020029,-0.0025981,1.8273,-8.0235,-1.1275,-36.13,-0.73965,21.641,0.51893,-22.705
50.7,-0.0071632,-0.00013215,0.0026144,-0.98652,-0.0041888,0.0039769,-0.00046298,-0.4168,-2.0434,-1.3035,-31.006,0.67323,18.977,1.3526,-15.783,-0.011035,0.0067868,-0.0020627,-1.0097,0.0088407,-0.00054112,0.0011662,0.30105,-7.3802,2.0287,-36.897,-0.82825,22.045,0.1371,-22.01
50.8,-0.0098595,-0.006979,-0.0017391,-1.0006,0.0035618,-0.0022445,-0.0048241,-1.2151,-3.5544,-0.29225,-33.108,0.92575,18.131,-0.2121,-16.508,0.0018321,-0.004039,0.0012991,-1.0002,0.0035412,-0.0050438,0.0047456,0.43776,-6.9123,-1.1516,-34.42,-1.5787,19.283,0.93656,-21.119
50.9,0.0054348,0.0050301,-0.0077227,-1.0008,-0.0043186,-0.0062829,0.00093242,1.2309,-4.2655,-0.62901,-33.316,-2.1627,18.734,-2.0622,-15.699,-0.00072136,-0.011861,0.0051366,-0.99916,0.0020137,0.0050713,0.0010719,2.132,-6.9451,-1.641,-36.212,-0.37573,22.232,-1.2118,-20.815
51,0.013144,-0.00044783,0.015402,-1.0067,-0.0085172,-0.0024019,0.0041564,0.3757,-4.284,2.2242,-32.84,2.2172,17.127,-3.1927,-17.398,0.015718,-0.014261,-0.0012172,-0.99508,-0.011318,-0.013576,0.00091062,0.64544,-6.8521,-0.71876,-36.707,0.4571,22.898,1.3408,-19.887
51.1,3.8139e-05,0.014251,-0.0030566,-1.0234,-0.0031262,0.00062306,0.00014415,-0.75972,-2.7302,-0.87033,-32.926,2.7457,16.779,1.6451,-17.536,-0.012233,0.0025307,0.0076408,-1.0036,0.010837,-0.0016648,-0.00084284,-1.5282,-7.4472,-0.30098,-36.072,1.6737,22.05,-0.34489,-21.011
51.2,0.012419,-0.0061672,-0.013333,-0.98467,0.0019114,0.0082266,-0.00045342,-1.7983,-5.568,-1.454,-32.816,1.9423,17.913,0.79008,-16.705,-0.001271,0.0010729,0.0010897,-1.0118,-0.0017215,0.0041603,-0.0050433,1.1699,-5.7716,0.92416,-36.219,0.37192,22.528,-0.55027,-21.085
51.3,0.012169,-0.012868,0.00060769,-1.0093,-0.00021429,-0.0034122,-0.00076245,-0.9769,-2.6756,-0.45861,-34.825,-0.56791,17.687,1.1944,-16.929,-0.018325,0.024579,-0.0049454,-1.0022,0.0011688,-0.00063402,0.0016736,-0.67171,-4.3369,-0.34316,-36.907,-1.3606,23.003,-0.27758,-21.448
51.4,0.00014319,0.0174,-0.0088328,-0.98899,0.010857,0.001708,-0.0021009,-0.25965,-4.4204,-0.85244,-34.478,0.85455,18.615,0.99934,-15.792,-0.00042167,0.0029174,0.011085,-0.99178,-0.0018735,-0.0066073,-0.0019978,1.3722,-4.7461,1.181,-35.445,-0.99052,22.852,0.36634,-22.517
51.5,0.0064252,-0.013424,0.010461,-1.0005,-0.0039248,0.00026834,0.0070093,-0.23593,-4.2765,0.13518,-31.589,0.054854,18.057,-0.043748,-19.594,-0.0045408,0.0016423,0.020423,-1.0102,0.0058551,-0.0046233,-0.0042411,-0.62851,-7.1099,-2.2747,-35.914,1.7313,22.764,1.4938,-21.576
51.6,-0.01595,0.017554,-0.015821,-1.011,-0.0019093,-0.0028343,0.001956,1.7955,-3.7161,1.4896,-32.362,0.90868,18.007,0.0091133,-16.957,-0.004213,-0.0020551,-0.0069576,-1.013,0.0044294,0.004103,-0.0042442,-0.028734,-7.6357,0.19237,-37.03,1.6655,22.436,2.6883,-21.212
51.7,-0.0049263,-0.00040762,0.014931,-0.99848,-0.0063196,0.0094232,0.0069035,1.7893,-2.9507,-1.9531,-32.749,0.084609,15.992,-0.61735,-16.09,0.0021687,0.004436,0.011049,-0.9791,0.00032029,0.0098226,0.0058731,-1.4752,-6.7875,0.018147,-37.194,-1.6621,21.351,-1.7191,-21.245
51.8,0.006771,-0.0045054,0.01087,-0.99068,-0.0096412,0.0066653,-0.0027162,-2.5684,-4.8794,-1.1683,-32.216,0.51463,17.306,1.1722,-18.477,-0.017347,-0.012383,0.013053,-1.015,-0.00038433,0.0011233,-0.0039931,1.1748,-6.4826,0.66235,-36.062,-0.57445,22.733,-0.94864,-22.651
51.9,0.0045091,-0.02462,-0.0029393,-1.0087,-0.0089969,0.0039678,-0.0016222,0.46282,-5.4282,-1.8839,-33.289,-0.433,18.34,0.82601,-17.076,-0.0023036,-0.0052608,0.0077912,-0.99997,-0.0030322,8.0169e-05,-0.00016673,1.4298,-6.9702,0.41541,-35.204,0.93577,22.344,-1.1012,-20.586
52,-0.014525,0.0047677,-0.00021039,-1.0143,0.0026725,-0.0057427,-0.0020409,-0.18803,-5.4051,-0.14082,-34.242,-1.0252,18.015,-0.078768,-16.878,0.014597,0.011433,-0.0075316,-1.0022,0.0038401,-0.0048043,0.00067616,-1.2331,-7.9007,-0.77701,-36.156,1.0638,20.621,-0.31052,-21.572
52.1,0.016692,-0.006634,0.014168,-1.0112,0.0018366,0.00017596,0.0059141,1.3903,-4.0521,-0.29231,-33.357,-1.5462,18.454,-0.96752,-18.079,-0.0058087,0.0055502,-0.0037741,-0.99678,0.001598,-0.001012,-0.0057992,0.64331,-5.8014,-1.8696,-36.987,2.154,20.794,0.57006,-22.043
52.2,-0.001742,-0.0022537,-0.012793,-0.99514,-0.0013658,0.0029444,0.016273,0.81628,-4.8924,0.16528,-31.825,0.3293,17.364,-0.91583,-16.824,0.001634,0.012573,-0.0031474,-1.0073,-0.0055865,0.008623,-0.0015914,-0.31025,-5.7561,-0.39622,-36.365,-2.7592,23.613,-1.0579,-19.998
52.3,0.0015258,-0.017715,-0.0024596,-0.99065,-0.0018105,-0.0025958,-0.0059465,0.20816,-5.8812,-0.21424,-33.667,1.2852,19.506,0.84729,-17.233,0.0060606,0.010715,-0.0030266,-0.99209,-0.00056498,-0.0061316,0.0033417,-1.2038,-6.2771,-0.049918,-34.588,0.15746,20.586,-0.34604,-22.584
52.4,3.3034e-05,0.0078342,-0.0034155,-0.99302,-0.0039772,0.0028165,0.003053,0.0065458,-3.653,-2.0641,-31.652,-0.14517,17.4,0.12039,-15.899,-0.0084014,-0.0016414,0.00070569,-1.0054,-0.008741,0.00069979,0.0017312,-1.6362,-7.6269,-0.07108,-35.77,0.22241,19.972,-1.7554,-20.939
52.5,-0.0049503,0.00094433,-0.01337,-0.99759,0.0062066,-0.005449,-0.0022019,-0.8904,-4.7382,-1.4229,-32.896,1.8414,21.164,1.2731,-17.772,0.00163,0.0039317,0.015587,-1.0058,-0.0018042,-0.0034552,0.00016145,-0.10716,-5.8098,0.19983,-35.945,-1.2393,21.788,1.5589,-22.334
52.6,0.013105,0.013901,0.0012588,-1.0034,6.3072e-05,0.0020137,-0.0050038,0.57647,-5.5523,0.18995,-33.635,-1.5359,18.692,-0.89378,-16.905,-0.0059131,0.0041737,-0.013569,-1.0018,-0.0019054,0.00063268,-0.0091921,1.2703,-7.278,0.22545,-35.085,0.59107,19.382,0.84237,-21.766
52.7,-0.0011263,-0.013239,0.023025,-1.0133,0.0010152,-0.00074991,0.0024312,0.68586,-4.5014,-0.1383,-36.164,-1.2065,20.738,-1.1194,-16.922,0.0049886,0.0075334,-0.0026942,-1.0157,4.8205e-05,0.0023758,-0.0075409,0.58889,-6.3021,1.3837,-35.027,-0.8443,20.8,-1.9545,-20.301
52.8,0.0068634,0.017687,0.0074296,-1.0035,-0.0081831,0.0026619,0.0064637,-1.0914,-3.7165,0.51673,-33.191,-0.24845,17.465,-1.8498,-18.124,-0.01716,0.0012252,-0.0029425,-0.99004,-0.0011695,0.007453,-0.0051275,0.513,-5.7545,1.0595,-35.226,-1.9414,21.289,-1.2649,-19.339
52.9,0.0090302,-0.0033639,0.004566,-1.0052,0.0025954,0.00040014,-0.0011509,0.17259,-3.9112,0.43958,-32.524,1.0667,17.997,0.43383,-19.945,0.012276,-0.020112,-0.008311,-1.0109,-0.0012069,-0.0017748,0.0029321,-1.3811,-6.6785,-1.2285,-34.213,1.9924,20.481,0.09859,-21.367
53,-0.008147,0.0069125,0.018749,-1.0068,-0.0072738,-0.0010734,-0.0040544,-0.87613,-4.2733,-0.22365,-33.943,1.4474,18.337,1.7845,-19.611,-0.0007471,0.017175,-0.0080947,-0.98911,0.0040004,0.0019962,0.0020125,-1.656,-6.3848,-1.6644,-36.72,0.8743,22.581,0.93825,-22.206
53.1,-0.0082572,0.0063072,0.0014776,-1.0083,0.0095102,0.0044675,0.00028572,1.5775,-2.6772,-2.0908,-33.536,1.4753,17.99,0.6719,-17.497,0.0085169,-0.0013486,-0.011814,-1.007,-0.0076591,0.0026001,0.0021052,-0.15017,-6.5615,-0.70488,-35.415,1.1451,21.535,1.038,-22.063
53.2,0.0037768,-0.01004,0.0081242,-0.98929,0.00032906,0.0049779,0.005331,2.7527,-5.3226,0.27688,-36.197,-0.086569,18.98,0.607,-17.173,-0.0085839,0.0043666,0.0090011,-0.99885,-0.0058186,-0.00026614,-0.0028209,-1.6712,-7.0514,1.4759,-34.314,-0.10782,22.461,-0.59048,-19.938
53.3,-0.0010235,0.010393,0.0037967,-0.98817,0.00011314,-0.0024692,0.0085294,1.8588,-2.7495,-0.95141,-34.212,-2.5424,19.601,-1.7695,-16.592,-0.0094039,0.0081467,0.0080976,-0.99453,0.002213,-0.0019369,-0.002441,0.94989,-5.1568,0.5882,-35.871,-1.4035,22.082,-0.74047,-21.232
53.4,0.011658,0.015609,-0.0091777,-0.99892,0.005281,-0.0035639,-0.00026705,-0.4521,-3.0775,0.87177,-32.69,3.4582,19.47,-1.0668,-16.791,-0.0062566,0.015012,0.0013626,-1.0089,0.0076472,-0.0059345,0.0046291,-0.22376,-5.8985,0.90755,-34.012,2.8285,22.409,1.9147,-21.93
53.5,-0.00046998,0.010573,-0.0013005,-1.0095,-0.0073747,-0.00031073,-0.0038113,-0.89764,-4.5767,0.25465,-33.576,1.0987,18.349,-1.1323,-16.597,0.020534,-0.015533,-0.012642,-0.97895,-0.0061175,0.0011457,0.0056231,0.11294,-7.3076,-1.1275,-34.086,-0.98318,21.982,0.25396,-21.984
53.6,-0.015557,0.0072404,-0.0045619,-1.007,-0.003405,-0.0046793,0.0035061,-3.7965,-4.1635,0.17913,-33.876,0.51165,18.986,1.5593,-16.251,-0.010807,0.015938,0.00092418,-1.0174,-0.004877,0.0002801,0.00019324,-1.4077,-5.604,-0.052922,-37.08,1.3474,22.052,1.4106,-20.867
53.7,0.012832,-0.010841,-0.027061,-1,0.0021101,-0.0060462,-0.00084475,0.65324,-3.3333,-0.074773,-33.462,-1.9457,18.333,-0.95877,-17.938,-0.00084102,-0.0086168,0.016603,-0.9994,0.0061792,0.0013697,0.0058282,-0.83575,-6.674,-0.025084,-36.339,0.29324,21.514,-0.59426,-20.341
53.8,-0.0094289,-0.0068736,0.012493,-0.98504,0.0049114,-0.00047472,-0.011038,1.284,-5.3818,0.38889,-33.924,-0.68326,16.513,-1.7315,-16.95,0.010035,0.0090233,0.013815,-0.99068,-0.00076572,-0.00057884,0.002627,1.2123,-6.6976,-1.0951,-36.245,0.65208,21.611,-0.96121,-22.495
53.9,-0.0067523,0.0040143,-0.0078988,-1.0139,-0.0008715,0.00077901,0.0014221,1.0399,-5.71,-0.85802,-33.8,1.5144,17.563,1.6279,-17.126,-0.0088686,0.0078979,0.0081574,-0.99104,0.01351,-0.0037955,-0.0044753,2.381,-5.211,1.4774,-35.489,-0.57995,22.076,0.67162,-20.714
54,-0.0063306,0.014838,0.010134,-0.98876,-0.004582,0.0036373,-0.00030528,-1.089,-3.7268,-1.1339,-33.14,1.0899,18.803,-0.55201,-16.337,0.0057952,-0.0074394,0.019996,-1.0106,-0.0068389,-0.0015676,-0.0070748,-1.8651,-6.634,-1.2239,-34.119,0.77013,20.654,-0.28889,-23.102
54.1,0.015054,0.009544,-0.013302,-1.0296,0.0016097,-0.0032334,0.0055947,0.86567,-4.6127,-1.3237,-35.649,1.8404,18.766,-1.0385,-16.114,-0.011705,0.0072701,0.0079833,-1.009,0.0015712,-0.001512,-0.0062607,0.64406,-6.8105,-0.949,-35.672,-0.50185,21.855,1.2657,-21.398
54.2,0.017382,-0.0023194,-0.0070223,-1.0089,-0.0038667,-0.0025642,0.0013405,0.26963,-5.8457,0.75864,-32.224,0.81105,18.971,-0.056502,-17.74,-0.0057886,-0.01711,0.0081834,-0.99554,-0.0070466,0.004774,0.0011529,-0.31934,-6.6218,0.22882,-36.501,0.96284,22.835,-1.5155,-19.018
54.3,-0.0096266,-0.0019609,-0.0079804,-0.98956,-0.0039769,-0.002043,-0.0042683,-1.7974,-5.6277,1.5032,-34.219,1.2022,17.958,-1.2704,-18.99,0.0028577,0.0090095,0.0024162,-1.0055,-0.0011358,-0.00026366,0.0011699,-0.68595,-5.8351,-1.6536,-35.532,-1.3728,21.752,-0.84846,-21.617
54.4,-0.0010149,0.0020468,0.0027371,-1.0008,0.0017805,0.0025326,-0.0015346,-0.85291,-4.3035,-0.3743,-33.938,0.55242,20.298,0.22835,-19.307,-0.017139,-0.0022473,0.0061396,-1.0031,-0.0012875,0.0049294,-0.0095689,2.2416,-6.4636,1.2413,-33.905,-0.51582,20.724,-0.26586,-21.917
54.5,-0.0069267,-0.010743,0.0015501,-0.99557,0.0049569,-0.0028436,-0.0018017,0.10485,-4.3799,-2.2757,-32.494,0.33072,17.384,1.1252,-15.56,-0.016256,0.0076506,-0.010886,-1.0117,-0.0030845,0.0015383,-0.0019269,-0.46558,-4.3624,0.11968,-36.123,2.203,21.079,-0.5081,-21.711
54.6,0.026541,0.014752,-0.0097654,-1.0096,0.0012952,-0.006487,-0.0077848,-1.9149,-4.9742,-2.7996,-34.879,-0.23094,18.337,0.31783,-18.468,-0.0034377,0.013313,0.0022306,-0.99368,-0.0045339,0.0053613,-0.0056331,-2.5304,-6.2294,-0.65571,-37.075,0.26413,20.932,2.2328,-21.434
54.7,0.0038154,0.0023948,0.015196,-0.9987,0.0079737,-0.0023084,0.0047079,-1.4848,-3.4673,0.74944,-34.333,-1.3232,20.23,0.49816,-16.34,-0.019071,0.0063452,-0.0084768,-1.0154,0.0019041,0.00093968,0.0053628,-1.62,-5.3736,-0.20675,-38.786,-0.40791,21.859,0.28218,-20.561
54.8,-0.0020525,-0.0029212,0.0043171,-0.99078,-0.0076617,0.007874,0.0028074,-0.24021,-3.5117,-0.47096,-34.636,-0.92359,18.74,-3.4535,-18.002,0.0069334,-0.0034276,-0.0077647,-1.0038,0.0087263,0.00025846,0.0020812,-0.81778,-6.3121,-0.6312,-38.047,0.47647,23.208,-0.23736,-20.398
54.9,0.025601,0.0037524,0.018859,-1.0104,-0.00069486,0.00084625,0.0015498,0.14897,-5.2234,0.97152,-35.126,0.21256,18.713,-0.39282,-18.563,0.010654,-0.01411,-0.0098112,-0.99343,0.0033226,0.0049047,0.0012739,2.1395,-7.0198,0.046692,-37.258,-2.0961,19.617,-1.4658,-21.093
55,-0.01683,0.0012223,0.01495,-0.98997,-0.0059205,-0.0075278,0.0050952,-0.94847,-2.3516,0.070463,-34.085,2.8812,19.948,-0.63669,-16.839,-0.0050933,0.0050441,0.0040157,-0.99628,-0.0010593,-0.0082987,-0.0015162,1.2237,-5.703,-0.20591,-36.631,-0.81528,22.105,-1.5335,-22.727
55.1,0.016987,0.001073,-0.0046707,-0.99087,-0.003545,-0.00014951,0.0054675,-1.6914,-5.7662,-1.4928,-35.019,0.5194,17.793,-0.43097,-17.357,-0.002164,0.025146,-0.004928,-0.98297,0.0023082,-0.0061255,0.0043788,-0.19156,-5.5312,-1.5714,-33.962,1.8054,25.345,1.7947,-20.795
55.2,0.013025,0.00015478,-0.017765,-0.99877,-0.00016924,-0.0099296,0.0042065,0.16356,-4.5717,0.30255,-35.819,-0.3834,19.685,-1.0734,-17.696,-0.0095052,0.011647,-0.0065273,-1.0007,0.0017062,-0.0043874,-0.0014015,0.38925,-6.2082,-1.3295,-39.386,0.77848,21.954,-0.039552,-21.648
55.3,-0.00079985,-0.0069659,-0.02093,-1.0073,0.0051108,0.012075,0.0049957,-0.3712,-4.0367,1.2877,-35.081,-0.0068288,19.121,1.2354,-16.143,0.0015747,-0.0047583,-0.0064137,-0.9955,-0.0081926,-0.0050598,-0.0058424,-0.31484,-6.5257,-1.0391,-36.726,1.8005,21.63,0.036466,-21.669
55.4,0.0027598,0.011092,-0.0029369,-1.0001,-0.0064964,-0.014186,0.0010424,2.9388,-5.2006,1.2788,-34.026,2.4668,18.647,-0.41102,-19.871,-0.0046434,-0.006224,-0.0063178,-0.9928,-0.003546,-0.0042488,0.0028485,-0.78139,-6.0293,-0.60178,-37.851,0.22305,22.059,-0.19515,-20.572
55.5,0.012729,-0.012591,-0.0021851,-0.99819,-0.0051894,0.0028071,-0.00010215,0.3566,-4.3088,1.7827,-34.481,1.0077,18.456,0.82769,-17.644,0.0038839,0.01017,0.0036709,-0.99552,-0.00015344,0.0056307,0.0093179,1.8191,-6.1561,-0.46796,-37.134,-1.1663,22.163,-0.17373,-20.771
55.6,-0.012819,-0.00083794,-0.0086126,-1.0027,-0.0085757,0.0045911,-0.0022054,-0.57019,-1.8039,-1.0698,-34.279,1.1441,20.243,0.7277,-20.085,-0.019613,0.00057567,-0.014388,-1.0128,0.00060502,0.00058544,-0.0089442,1.3712,-5.8168,0.35193,-38.235,0.52775,24.173,-0.90891,-21.87
55.7,0.018128,0.0025496,0.0046366,-0.98057,0.0052388,0.00027276,-0.0040772,0.86016,-4.9871,-1.1197,-34.985,-0.47002,21.172,-1.0652,-16.189,-0.0090678,-0.001457,0.00065942,-0.99084,0.0063864,0.0038032,0.0038348,-2.2499,-5.4665,-0.50787,-37.589,0.62409,20.747,-0.88697,-21.742
55.8,0.0094933,-0.0018329,0.0037507,-1.0001,-0.0032291,-0.0057611,-0.00803,0.85543,-6.317,-1.8844,-33.845,-1.1789,19.244,-1.0864,-18.268,-0.0036,-0.0022185,0.011107,-1.0123,0.0058598,-0.0039976,-0.0047932,0.91953,-5.3193,-0.4834,-36.385,0.23399,22.802,1.6414,-21.998
55.9,-0.0087258,0.0024832,-0.0038917,-1.0113,-0.00039695,-0.00027641,0.0010725,-1.2677,-3.018,-1.3318,-35.635,-1.4714,17.462,-0.042054,-18.876,-0.0076325,0.00038957,-0.00023285,-1.0089,-0.0030176,-0.0032412,-0.00087215,-0.67453,-7.8693,-0.31714,-34.759,0.70609,17.926,-0.069231,-21.257
56,0.0062657,0.00050666,-0.010132,-1.0176,-0.0023229,-0.0018818,0.0018123,0.58092,-4.156,0.072996,-35.907,0.86789,19.077,0.30983,-16.557,0.0038792,0.0035111,-0.009834,-0.98785,0.0034397,-0.0078154,0.0060048,-0.76773,-4.7641,0.26018,-36.77,0.51404,21.001,-1.6754,-21.672
56.1,0.0050361,0.0044671,0.015019,-1.0051,0.0012764,-0.0024507,-0.0053036,-0.66802,-2.1293,-1.2223,-36.053,-0.069081,16.944,0.53225,-17.12,-0.0099495,-0.0019121,-0.00076046,-1.009,0.0022418,0.0016428,-0.0093788,-0.55303,-7.3233,-0.54389,-37.113,0.84777,21.094,-0.37477,-20.24
56.2,0.0073619,0.0047168,-0.0077073,-0.98681,0.0001108,0.0023958,-0.0041825,-0.92904,-3.0878,-2.4197,-34.985,0.063224,19.198,-0.66181,-18.032,0.0010421,0.0010875,0.011826,-1.0047,0.00030295,0.0017567,-0.0078031,-0.83616,-6.5079,0.17886,-37.218,1.5337,22.547,0.67625,-21.747
56.3,-0.0045019,-0.017285,0.013106,-0.99843,0.0023097,0.0020292,0.00015399,1.2964,-4.8186,-0.054791,-35.465,0.99354,19.134,-0.32549,-17.571,-0.0030152,-0.0039905,-0.0077712,-1.0058,-0.0032553,-0.00050888,0.0049353,-0.87863,-6.0424,-1.4201,-37.388,1.0197,20.077,0.57727,-20.862
56.4,0.0040873,-0.0069472,0.003878,-1.0146,0.0063311,-0.0058328,0.0063457,1.8256,-3.5373,-0.42863,-34.421,-1.2042,19.225,-2.5068,-17.752,0.0018611,-0.0021469,0.0067016,-0.99547,-0.0092018,-0.0026919,-0.010547,-1.1129,-7.1862,0.33887,-36.345,0.7109,21.006,-0.76507,-21.183
56.5,0.0071412,0.01661,-0.00023994,-1.007,-0.012722,-0.0043089,0.0080701,-1.2585,-2.6717,0.61404,-34.102,1.0295,20.837,0.50808,-16.736,-5.7159e-05,0.012103,-0.00092435,-1.0145,-0.010136,0.0035781,0.0057334,0.24403,-6.5987,1.0876,-38.063,-1.5272,22.239,-0.68333,-20.483
56.6,0.0089687,-0.0017822,0.010465,-1.0003,0.00077665,0.005752,-0.0042745,-0.37129,-4.4469,0.38376,-34.264,0.66593,20.426,1.1688,-14.821,-0.017278,-0.019729,0.0052376,-0.99221,0.00018367,0.0041956,-0.005704,-0.50619,-3.5763,1.7301,-36.016,-1.0868,22.952,-1.2496,-22.011
56.7,-0.0073728,0.0030774,0.014779,-0.9987,0.0044182,-0.0015387,-0.0029533,-0.025361,-3.6047,0.34213,-35.96,-0.77053,19.429,-0.91183,-16.91,0.0070162,0.0015559,-0.0020834,-0.98629,-0.0032905,-0.0029112,-0.0051945,-0.95409,-6.0875,-1.0041,-37.888,1.0563,20.956,0.79931,-21.657
56.8,-0.0086458,-0.0080797,-0.0046408,-1.0012,0.0046376,-0.0060521,0.011969,1.0738,-3.4313,-1.901,-34.578,1.1591,18.394,-1.755,-17.556,0.0039642,-0.0015445,0.0046734,-0.98998,-0.0068788,-0.0051351,0.002032,-1.021,-5.2559,-1.6006,-37.213,0.63486,23.97,-0.8275,-18.71
56.9,0.0070087,-0.0095948,-0.0071835,-0.99333,0.0032081,2.8849e-06,-0.0015457,0.12249,-4.0924,-0.36194,-35.711,-0.16136,18.651,0.85931,-16.095,-0.009281,-0.003709,-0.0067948,-0.99351,0.0017663,-0.0050222,0.00029004,-0.58379,-5.8988,-0.80314,-38.484,-1.7348,20.793,-1.0646,-20.286
57,-0.0043799,0.026367,0.0016988,-1.003,0.0027036,0.0017841,-0.0011248,-2.3441,-2.4929,-1.436,-36.538,2.1808,20.771,0.77273,-18.389,-0.010482,0.0030916,0.0010678,-1.0008,0.0039068,0.0031931,-0.0040663,0.54779,-6.7223,1.9539,-38.678,-2.3055,23.028,-1.4116,-21.601
57.1,0.009676,0.00040149,-0.015684,-1.0042,7.6195e-05,0.0022553,0.0033471,0.29087,-2.3782,-0.088848,-36.238,1.4974,19.966,-1.1403,-15.92,-0.0012932,0.0018859,0.017253,-1.0125,-0.002833,0.0030119,-0.0059323,0.67157,-5.3807,0.99771,-38.344,1.0868,21.712,1.0805,-20.935
57.2,0.0053473,-0.00056604,-0.00031038,-1.0052,-0.00094956,-0.002407,0.0037955,-0.33874,-5.297,1.5908,-35.974,-1.8577,18.796,0.046311,-17.176,0.0045983,-0.0030858,0.00061317,-0.998,-0.0017202,-0.0026946,0.0024558,1.0322,-6.642,-0.99622,-37.822,0.76286,20.729,0.1258,-21.739
57.3,-0.0015227,-0.019547,-0.0045395,-1.0056,-0.0029821,-0.0028759,0.0047398,0.84911,-4.2008,0.38407,-33.635,-0.57541,18.425,-1.3616,-18.401,0.0031468,-0.0080971,-0.011602,-0.9833,-0.00045486,0.001059,-0.005203,-1.0044,-5.6786,-0.44125,-39.032,-1.445,21.752,2.1627,-20.813
57.4,-0.0038574,-0.011357,-0.0021359,-0.99373,0.0094396,0.0080912,0.0031623,0.63565,-4.7506,0.43271,-36.066,2.4928,18.287,-0.82041,-16.526,-0.0098722,0.011155,-0.0018182,-1.0055,0.0037481,0.004336,0.007528,-0.74643,-6.6692,0.50628,-37.023,1.1347,21.751,-0.11973,-20.182
57.5,0.0021422,0.012795,-0.010277,-0.99279,0.0077751,-0.0074461,0.0087308,-0.82777,-2.2796,-2.2943,-35.251,1.1212,19.234,1.2005,-17.034,0.0086309,0.0013478,0.0086545,-1.0139,0.0061851,-0.0032337,0.0079539,1.7807,-5.0747,-1.4965,-38.367,0.4152,22.456,-0.59438,-20.674
57.6,0.01908,-0.017501,-0.0011346,-0.9822,0.00093198,0.0038489,0.0067434,-0.0082367,-4.8158,-2.3524,-35.687,1.2329,19.802,0.13974,-17.739,0.0028814,-0.0095036,-0.0095247,-1.0123,-0.0011988,0.00084599,0.00036378,0.93645,-5.3904,-1.4393,-36.177,1.5281,21.934,-0.51936,-20.091
57.7,-0.02348,-0.0099498,0.0031962,-0.9985,0.0074012,0.0075887,0.0018239,0.6323,-3.1134,0.95299,-35.946,0.35332,19.847,-0.045187,-15.96,0.014284,0.017128,-0.01189,-0.99654,-0.0066811,-0.0064079,0.0088743,-0.12041,-4.5809,-0.58589,-38.723,1.8446,20.37,0.90626,-20.851
57.8,-0.0092148,0.0025413,0.0064862,-1.0085,-0.001971,0.0018663,-0.010227,-1.8519,-1.3212,0.93516,-35.358,1.155,18.951,-0.097811,-18.879,-0.004717,-0.0046943,-0.010715,-0.98135,0.0022212,0.011347,0.0069929,0.82627,-6.0824,1.1741,-39.655,0.61437,20.856,-1.487,-20.794
57.9,0.0051069,0.0040065,0.0024974,-0.98638,0.0011982,-0.01018,0.0062366,-1.2329,-2.2838,-0.073022,-35.298,-0.49394,18.468,-2.2233,-17.578,-0.00091053,0.0097198,0.0039363,-0.99194,0.003395,-0.0022355,0.0031755,0.85129,-5.2312,2.1092,-39.341,2.1236,20.867,-0.10478,-20.311
58,0.0051959,0.008963,0.0089002,-1.007,-0.00021267,0.00063928,0.0016768,0.21215,-2.239,-1.3214,-36.153,0.03809,19.368,1.4324,-16.865,-0.0043175,-0.0041278,-0.002232,-0.99638,0.005003,-0.0076332,0.0021585,0.60049,-4.9711,1.2124,-38.669,-1.5188,20.979,0.10058,-20.815
58.1,0.00099465,0.0076657,-0.014261,-0.99744,-0.0023708,0.0011155,0.001882,1.3138,-4.0867,-0.54632,-34.822,0.058415,19.168,-0.5847,-15.758,-0.0010382,-0.012826,0.020676,-0.98863,-0.0013565,-0.0091645,-0.0036826,-0.6796,-5.4115,0.55284,-37.452,0.12948,23.428,2.3099,-20.841
58.2,0.0006761,0.010657,0.0070804,-1.0165,0.0012484,0.0076443,0.0043687,0.75619,-3.6952,4.7039,-35.583,0.13563,19.743,-0.48201,-13.988,-0.026026,-0.00071707,0.0080975,-1.0019,0.0013325,-0.0062407,-0.0025432,-2.0082,-7.7233,0.11222,-37.516,1.7055,21.615,1.8516,-19.912
58.3,0.0087097,-0.0053411,-0.021369,-0.98955,-0.0053146,0.0030894,0.0065252,2.2676,-3.7342,-0.49814,-35.084,-0.77797,20.821,-1.7621,-19.054,0.0049969,0.0015458,0.0047665,-1.0143,-0.0022486,-0.0073934,-5.1511e-05,0.11701,-4.0488,-0.11733,-38.171,-0.50014,22.454,1.6884,-18.677
58.4,0.0063628,0.0029629,-2.9429e-05,-1.0174,-0.0041582,0.0010331,-0.0054927,0.36348,-3.8524,2.3864,-35.357,-0.72199,19.13,-0.54233,-19.021,0.0021295,-0.015326,0.0052481,-1.0111,-0.0033123,0.010314,-0.0035865,-0.21829,-7.2485,0.57391,-37.181,-0.19334,21.306,-1.4169,-20.876
58.5,-0.0043794,0.010016,-0.0058804,-1.0042,-0.0024188,0.001059,0.0038955,0.19765,-4.1198,-1.0112,-35.637,-0.54277,20.158,-0.39069,-17.42,0.0086011,0.023737,-0.0053142,-0.97341,-0.0076282,0.0022523,0.0047328,1.1396,-4.9232,0.80731,-38.701,-0.38055,19.091,1.6516,-19.573
58.6,0.0094494,-0.0097428,-0.0034819,-0.98942,-0.0051978,0.0033817,0.0016812,0.094963,-6.1042,0.3944,-36.287,1.2468,18.365,-0.56191,-16.184,0.020212,-0.00036001,-0.01869,-1.0023,-0.010821,-0.0093388,0.00091364,0.41373,-5.6414,0.22723,-37.812,-0.080144,22.328,-1.3572,-21.079
58.7,-0.0085818,-0.0015538,0.010055,-1.0223,-0.001673,-0.0023047,0.0018942,-0.79695,-4.0896,0.62149,-36.614,-0.28538,19.682,-0.28055,-18.091,-0.0090827,0.0026159,-0.0061279,-0.99172,-0.0062383,-0.0011644,0.0012501,-0.29044,-4.909,0.075983,-38.374,0.42947,21.168,0.18448,-23.079
58.8,-0.015428,0.030668,-0.00020073,-1.002,0.00045321,-0.0034102,-0.0027887,-0.60665,-2.0836,1.2901,-35.88,-0.70602,19.764,-0.15606,-15.304,-0.0042677,-0.00047213,0.0095483,-0.99841,-0.0062289,-0.0019378,0.00087039,-2.4724,-5.2319,-1.4085,-38.277,0.094604,22.111,0.17693,-21.864
58.9,-0.0087466,-0.0030656,-0.0012389,-1.0208,-0.0039861,-0.00085479,0.0047822,-0.082642,-2.4662,0.16514,-36.78,0.57326,18.756,-1.1216,-16.742,-0.0079284,-0.0099187,-0.014602,-1.0076,-0.0061356,-0.0011873,-0.0019928,-0.82183,-3.1295,-1.7047,-38.132,0.044812,22.893,0.23674,-19.694
59,0.016399,0.011214,0.0075011,-1.007,-0.0067807,-0.0040341,0.0044498,-0.94085,-4.258,0.58256,-37.612,-0.46299,17.622,0.86014,-15.663,0.0051422,0.0017819,-0.0042083,-0.99987,0.0071133,-0.0021563,0.0012202,-0.9096,-5.764,0.59138,-38.561,-0.54871,22.55,-0.72095,-19.716
59.1,0.014613,-0.00023181,0.016169,-0.97514,-0.003967,-0.0042142,0.0041013,1.005,-3.1565,-2.3676,-35.407,2.3092,21.144,1.4658,-16.005,-0.0026912,0.0052808,-0.02064,-1.0192,-0.0029687,-0.012138,0.005353,1.2612,-7.9759,-1.0156,-39.256,-0.29173,23.508,1.8393,-19.263
59.2,0.013122,0.011304,-0.0060519,-0.99484,-0.0047284,-0.0065019,0.0010578,-0.87358,-3.8037,0.82758,-36.05,0.51123,19.78,-0.86572,-18.183,-0.031499,-0.00066082,0.0047806,-1.0106,0.0082781,0.0067585,-0.0045435,1.6146,-5.949,-0.55122,-37.091,-0.13695,21.555,0.65175,-21.462
59.3,0.0017343,-0.014194,-0.004057,-0.99333,0.0058339,-0.0066282,-0.0021778,0.68302,-1.3662,0.96069,-35.912,-0.10394,19.176,-1.193,-16.974,0.0018823,-0.010996,0.014905,-0.99353,-0.00019962,-0.004813,-0.0044797,0.45809,-6.5546,0.061553,-38.967,-0.60638,20.053,0.80937,-20.625
59.4,0.0025956,0.0032974,0.014362,-0.98419,0.0050096,0.003212,-0.0048853,-1.7621,-2.7326,0.60589,-35.358,-0.3554,19.887,0.18193,-17.138,-0.0092578,0.0091826,0.0040337,-1.0281,-0.00482,0.00017996,-0.0013938,-2.107,-4.7981,-0.69997,-38.236,0.93614,20.978,0.11373,-19.961
59.5,0.013557,-0.0027942,-0.015029,-0.99859,0.0080624,0.001134,0.00079653,-1.6014,-3.7091,-0.36625,-36.52,0.74809,18.719,3.1113,-15.939,0.012922,-0.011643,-0.011463,-0.98507,-0.0094052,0.00092113,0.010759,-0.7332,-7.1887,-0.70221,-37.993,0.85974,21.464,-0.99731,-21.062
59.6,-0.0022678,0.0063872,-0.0011967,-0.99633,0.0067238,-0.0061015,-0.0050197,1.6965,-5.1827,1.4546,-36.824,0.91746,19.435,2.1247,-17.402,-0.00061206,0.000873,-0.0017868,-0.98847,0.002725,0.0099405,0.010684,0.74781,-6.9744,-1.9391,-39.795,0.96913,21.881,-0.84782,-21.517
59.7,0.013487,0.01274,0.0045714,-1.0038,0.0022107,-0.0026996,-0.0018117,-1.179,-2.8656,-0.27467,-36.714,1.5047,18.869,-0.49796,-16.145,-0.00042715,-0.00099433,-0.016128,-0.98704,-0.0005082,0.0056045,-0.0043664,1.2476,-5.0886,2.2715,-38.788,0.72313,21.544,-1.2688,-21.269
59.8,0.0098105,0.0015017,-0.0067447,-0.99077,0.0040041,0.0030905,-0.0064326,-0.93092,-3.5818,-0.93862,-36.306,-0.61173,20.04,-2.3946,-15.313,-0.003568,0.0035171,-0.0022874,-1.0031,-0.010517,-0.0034848,-0.0063972,1.0623,-6.6108,-0.72517,-37.256,-0.072896,22.824,-0.40102,-22.507
59.9,-0.0050196,-0.010462,0.0082146,-1.0104,-0.010215,-0.010332,-0.0040656,0.95869,-3.4923,-1.38,-36.457,0.029463,18.329,-0.13725,-17.041,-0.0015719,0.0010581,-0.0023553,-1.025,0.0046973,-0.0064808,-0.0011524,0.78421,-5.8038,-1.3032,-38.982,1.3665,22.367,0.23737,-21.839
60,0.001143,0.0019583,-0.00066366,-0.99931,-0.0014735,0.0025603,-0.0024225,-1.1505,-1.1606,-0.75799,-35.584,1.595,19.365,0.65316,-17.302,0.015292,-0.011867,0.0015403,-0.98799,-0.00083759,-0.010167,0.00054631,0.4784,-5.4839,-0.80407,-38.965,1.3721,22.721,1.0166,-21.012
